869	0.12894625545
5157	0.0881950357859
2745	0.0843344467212
22929	0.081282052331
13258	0.0685091567101
893	0.0588750727691
41016	0.0560058403548
4430	0.0557998726907
25738	0.0545778014746
41031	0.0517603369089
40974	0.0487169156048
41010	0.0461087983658
18701	0.0450707793165
48572	0.0449542066237
5100	0.044241164843
50327	0.0423552853103
6427	0.0315129982459
4655	0.0309725405546
26805	0.0299001207165
7312	0.0296848820088
1497	0.0291565900442
38203	0.0290910553285
1503	0.0290287290059
5204	0.0284754076092
5112	0.0283458154539
22383	0.028174109024
5432	0.0281632898433
22743	0.0275322560563
76	0.027464734358
2333	0.0271082673458
34367	0.0270868727985
3733	0.0269411425134
11	0.0267742452674
2898	0.0264129569661
10943	0.0263658711757
34224	0.0263486062519
30980	0.0261896604235
14750	0.0261488842193
27890	0.0261260440295
2381	0.0256849525165
41018	0.0256798153799
2419	0.0256124055244
7419	0.0255277971119
38492	0.0254739633438
20542	0.0251342450994
23150	0.0250625764505
18456	0.0248773834726
4121	0.024864716896
13955	0.0245886838532
29863	0.0245886838532
13056	0.024513019234
40980	0.0244851344448
37426	0.0244145319646
11769	0.0243353543572
3527	0.0241643826578
9647	0.0241491528976
3729	0.02405649584
37961	0.0237135550312
40988	0.0236878579051
45223	0.0236446471009
16447	0.0236272269862
23666	0.0236009491297
29861	0.0235833310584
4173	0.0233372998037
41092	0.0232516921006
10987	0.0230442659248
35514	0.022993198401
19547	0.0229414490476
14207	0.0229205542854
16420	0.0228784237729
38822	0.0228465226134
28830	0.0227927635132
34897	0.0226606154072
50957	0.0226493969652
18301	0.0225699453313
2030	0.0224888309123
28810	0.0224888309123
29686	0.0224535411178
4868	0.022357833317
1655	0.0223457019488
32453	0.0223457019488
2409	0.0221462511842
50901	0.0221334380519
37225	0.0221334380519
11481	0.0221205824215
30625	0.0220556567997
6444	0.02196289414
3445	0.0218678568641
3022	0.0218402697797
18414	0.0217136388406
29394	0.0216122058262
7062	0.0216122058262
41326	0.0215530295776
19288	0.0215380932624
29372	0.0215380932624
28673	0.0215230991664
40970	0.0212909358269
30805	0.0210609379983
20779	0.0210609379983
34356	0.021043975306
1632	0.0208701359023
40981	0.0207802021927
2787	0.0207802021927
21845	0.0206694526871
39366	0.0205166853672
41223	0.0203778890389
37194	0.0202339373065
34073	0.0200625958627
1231	0.0199515289799
27723	0.0198139061564
40482	0.0195730852994
30762	0.0195730852994
18340	0.0195481593679
8210	0.0195230721024
59661	0.0194724051196
36364	0.0192628422464
11196	0.0192358319002
27642	0.0190126929397
35535	0.0189255888472
11798	0.0187759189398
16340	0.0187143943306
57496	0.0186832618822
21734	0.0186832618822
43354	0.0186832618822
32809	0.0185561695457
3492	0.0185561695457
11297	0.0185237344694
8246	0.018458038507
51313	0.0184247681826
33830	0.0183232085997
46619	0.0182887553151
1324	0.0182887553151
3565	0.018147795454
5221	0.0180386060084
33552	0.0180386060084
27925	0.0180386060084
31895	0.0178880640188
6330	0.0178494968449
51011	0.0178494968449
11748	0.0176096696987
23831	0.0175682150898
47448	0.0175682150898
11760	0.0175263123142
2247	0.0173540186608
22396	0.0173540186608
5697	0.017264912001
377	0.017264912001
31298	0.0170803071599
53065	0.0170327486615
45033	0.0167344500525
12831	0.0166824228419
43391	0.0166824228419
35275	0.0165762252675
14757	0.0163546810278
41428	0.0162972582147
859	0.0161797956198
4561	0.0160586617302
29746	0.0159336196286
39320	0.0156707413482
59578	0.0156707413482
46039	0.0154611784751
29554	0.015314898134
3798	0.015162879866
24046	0.0150845747989
27643	0.0150845747989
59908	0.0149230527198
53407	0.0149230527198
51861	0.0145782950221
5881	0.0144870915437
38527	0.014393690181
42349	0.014393690181
2516	0.0142979823803
40862	0.0141998513416
53277	0.013995805863
26909	0.013995805863
59608	0.0138896082886
18959	0.013780418843
21790	0.013780418843
29656	0.013780418843
41495	0.0136680640489
7731	0.0136680640489
41680	0.0136680640489
31471	0.0136680640489
51262	0.0136680640489
53253	0.0135523548894
41788	0.0135523548894
60221	0.0135523548894
52377	0.0133100279244
45205	0.0133100279244
31854	0.0131829355878
43287	0.0130515342248
32029	0.0130515342248
29742	0.0129155213573
20541	0.0126282811551
20340	0.0126282811551
42379	0.0126282811551
20338	0.0123180381021
19324	0.0123180381021
21257	0.0123180381021
5159	0.0121530783563
46064	0.0121530783563
41256	0.0119807847029
50609	0.0116113654014
41937	0.0116113654014
60065	0.0114125541828
51999	0.0114125541828
18767	0.0112029913097
11758	0.0112029913097
51850	0.0107464679157
60571	0.0107464679157
9472	0.0107464679157
28983	0.0104963186089
43254	0.0102289043784
14927	0.00994166417621
10718	0.00994166417621
26573	0.00994166417621
47986	0.00994166417621
20419	0.00929416772403
41706	0.00929416772403
12056	0.00929416772403
25646	0.00892474842246
43998	0.00892474842246
51763	0.0069448041443
2398	0.0069448041443
7542	0.0069448041443
36614	0.00623813144355
30604	0.00623813144355
21980	0.00623813144355
7423	0.00537323395783
34657	0.00537323395783
25642	0.00425818716538
60371	0.00425818716538
60195	0.00268661697892
