4578	0.158457211818
40962	0.147585512996
2333	0.147240694215
14140	0.121829418555
27171	0.118171118029
17946	0.112267764068
10463	0.0919883758412
869	0.0875477208054
7293	0.0823583790615
7312	0.0806178900872
1503	0.0788359166687
4430	0.0757703534434
5519	0.0741752345039
3933	0.073542804836
2898	0.0717320304977
5000	0.0715572675052
1680	0.069948325995
2733	0.0697549236765
26584	0.0688529473601
2613	0.068746080292
900	0.0679328947254
13339	0.067732068619
25098	0.0665344030975
17566	0.0664584004873
5218	0.0664010362266
11201	0.066362618973
37426	0.0663047289144
40971	0.0657892130766
3499	0.0639025024002
5553	0.0635061707559
51096	0.0628285006316
23481	0.0624446861838
7442	0.062132982457
41132	0.0617522953363
40982	0.0606531724505
41039	0.0600748448922
8681	0.059898520572
42424	0.0597553031819
25414	0.0589307574633
5599	0.0588131437728
38080	0.0583702888894
26508	0.0582045167108
34929	0.0561846113654
28290	0.0556659687443
18972	0.0552318323387
30982	0.0546040611142
51213	0.0539989338414
13660	0.0537467944622
14862	0.0533568863393
2934	0.0530886854414
12511	0.0526022344608
3698	0.0516344713521
41536	0.0503065630855
41411	0.0497619770392
40030	0.0487866209289
53856	0.0484754756419
27859	0.0483696826331
52521	0.0481548524054
52362	0.0468878662765
41142	0.0453059483496
39336	0.0444158705809
2816	0.0436119444884
38661	0.0436119444884
27419	0.0429214467781
2354	0.0425584343984
40139	0.0411791895309
16378	0.0407494843254
41528	0.0403014883842
45135	0.0403014883842
5649	0.039833575094
15843	0.0390902322812
34971	0.0382903806288
11429	0.0377212519838
13560	0.0377212519838
2338	0.0346930196422
171	0.0320476046077
11840	0.0309940945176
31416	0.0285057915906
52028	0.0269994669207
12545	0.0252410028716
5762	0.0231286797615
42798	0.0218888583335
40299	0.0218888583335
48090	0.0218888583335
50206	0.0204832647269
28554	0.0188606259919
