4518	0.0822265497264
35136	0.0669118677754
869	0.0589860530248
6427	0.0576620818967
4655	0.0566731593127
5157	0.0537927168625
38793	0.0528291922166
13111	0.0527419664201
5112	0.051866811256
22383	0.0515526250226
40962	0.0497185238816
4916	0.0496412940958
18307	0.0477630614182
41018	0.0469885983547
4121	0.0454971415544
4489	0.0448153766932
33678	0.0426504620996
3689	0.0422031386708
11664	0.0420914481959
12017	0.0419970100684
16420	0.0418626477546
30799	0.0416262192421
3239	0.0411283166983
33621	0.040843274992
10727	0.0380896314052
41102	0.0370620331469
19897	0.0361692654456
51025	0.0359049293122
40482	0.0358145816117
18641	0.0333367401829
6601	0.0318343004946
46493	0.0316731072245
34168	0.0315081649396
35563	0.0276499690551
893	0.0269322141391
5231	0.0267976970639
19598	0.0260013092409
8709	0.0259073050804
5432	0.0257664141119
2745	0.0257190156669
868	0.0254122906884
40965	0.0252065395026
5519	0.0249881109144
2840	0.0249132564349
4563	0.024735510381
11727	0.0246888066109
5503	0.0246516743418
3733	0.0246482793207
9200	0.0242837066474
7340	0.024245861045
28742	0.0242420541747
2898	0.024165045735
3273	0.024086327757
39447	0.0238348429106
3720	0.0235083803313
14352	0.0234707056153
3133	0.0234517170865
38492	0.0233059664635
2037	0.0232307813299
37392	0.0232002551791
50863	0.0231848929921
1984	0.0228571624801
12610	0.0227543697961
13455	0.0225393888677
5218	0.0223691434096
9647	0.0220939058425
3729	0.0220091344919
34169	0.0219876211845
29309	0.021825737922
41058	0.021741937906
4951	0.0214361890569
11778	0.021427776006
41010	0.0210923226567
24522	0.0209506487169
35809	0.0209409994612
50933	0.0208923553611
38932	0.0208231127286
34897	0.0207320523938
33850	0.0207217887129
47611	0.0206908182165
25554	0.0206804343166
18301	0.0206490989202
48572	0.0205641583491
259	0.0205317736557
41032	0.0204328063219
35728	0.0203079707361
38987	0.0203079707361
37225	0.0202497411964
41039	0.0202379796622
42424	0.0201303326322
41106	0.0200690858715
28055	0.020056708549
2401	0.0200442878733
18278	0.0200193152399
19090	0.0199941654941
1020	0.0199304995238
52018	0.0199176280059
5460	0.0199176280059
41368	0.0199176280059
3747	0.0199176280059
41061	0.0198656695776
7390	0.0198656695776
31138	0.019718729188
17939	0.0196637498031
17790	0.0196637498031
26416	0.0196498707275
13318	0.0195938047487
4005	0.0195224522551
27358	0.019493504345
41353	0.0192685177431
30805	0.0192685177431
50851	0.0190448157026
41146	0.0190282837412
1361	0.0189782203315
1739	0.018823644317
5056	0.0187705844848
11782	0.0187167186498
9625	0.0186985799949
7974	0.0185500305562
31307	0.0184343866357
41157	0.0184343866357
24889	0.0183751189727
8229	0.0182740836684
42378	0.0182740836684
1537	0.0179299496644
4743	0.0178844862302
51117	0.0176723639068
51784	0.0176234514169
17152	0.0175987398236
4337	0.0175738548142
14833	0.0175487939375
5164	0.0174725307984
51246	0.0174207620062
51415	0.0172879337702
43178	0.0172057810777
2850	0.0170644835297
5618	0.0170063494525
100	0.0169769210737
10112	0.0169769210737
2171	0.0169472464295
3865	0.0169472464295
22479	0.0169173213634
48902	0.016732265501
33577	0.016732265501
888	0.0166683700915
19313	0.016503405497
8729	0.0164694712736
11871	0.0164352091781
51429	0.0162587499244
29583	0.0161856318846
52024	0.0161109744052
47448	0.0160730478481
13943	0.0159171502473
22170	0.0159171502473
39727	0.0159171502473
34443	0.0158365536122
36894	0.0156696475454
42810	0.0155391015414
51242	0.0154944959307
4149	0.0152626421745
2424	0.0150655859647
29005	0.015014562073
1877	0.0149627932808
18366	0.0148569317093
51822	0.0147478123523
51105	0.0147478123523
38661	0.0146919671149
30209	0.0146352283158
49889	0.0146352283158
22681	0.0145775668942
51053	0.014459352638
29010	0.014459352638
1342	0.01439873408
41848	0.01439873408
9201	0.0143370612335
17668	0.0142104013661
16281	0.0142104013661
3979	0.0141453334985
4194	0.0140790493388
42097	0.0140115025482
4195	0.013800781199
41281	0.013800781199
36934	0.0137276631592
18492	0.0136530056798
34901	0.0136530056798
784	0.0136530056798
16943	0.0135767425407
28436	0.0134988031552
6075	0.0134988031552
18703	0.013168695272
35972	0.0128992417012
9207	0.0127075139662
51958	0.0126076172393
36833	0.0125048245554
19444	0.0122898436269
6383	0.0121772595904
12609	0.0121772595904
34211	0.0121772595904
1307	0.0120609836229
14748	0.0120609836229
51392	0.0119407653546
50354	0.0118163280503
24647	0.0116873647731
29913	0.0116873647731
41335	0.0114144532797
49406	0.0112696944339
20834	0.0111187738154
31139	0.0109611434516
43323	0.0109611434516
8744	0.0107961788572
59962	0.0107961788572
10435	0.0107961788572
51868	0.0106231640906
32103	0.0106231640906
56753	0.0106231640906
4192	0.0104412729758
29330	0.0104412729758
30533	0.0102495452408
17394	0.0102495452408
41057	0.01004685583
38451	0.00983187490156
6396	0.00983187490156
43877	0.00983187490156
61013	0.00983187490156
23314	0.00935835932488
59568	0.00850317472624
51360	0.00816519536523
57387	0.00779157651538
42166	0.00779157651538
7461	0.00779157651538
6807	0.00737390617617
42761	0.00737390617617
27668	0.00690039059949
37944	0.00690039059949
32910	0.00690039059949
41979	0.00690039059949
6535	0.00635375698308
9980	0.00635375698308
4197	0.00570722663984
40192	0.00491593745078
42333	0.00491593745078
59781	0.00491593745078
53346	0.00245796872539
11710	0.00245796872539
51068	0.00245796872539
49133	0.00245796872539
