869	0.126494805726
50330	0.0528676310446
36686	0.0495198303502
6427	0.046370837723
4655	0.0455755634777
1118	0.0418937158199
5432	0.0414417991229
22743	0.0405132437026
2344	0.0393058511239
992	0.0369496747654
4121	0.0365880054705
16447	0.034767060242
9601	0.0329333333862
25431	0.0304422323937
11749	0.0294894524432
26805	0.0293316773568
5231	0.0287336523651
4578	0.0286186979519
632	0.0280607277138
5204	0.0279340500501
5112	0.0278069216239
22383	0.0276384795749
2745	0.0275770434146
40965	0.0270275442575
76	0.0269425911193
25738	0.026770100343
38794	0.0266927403358
28742	0.0259933812824
13891	0.0259123276555
9642	0.0253977155355
1628	0.0253977155355
38492	0.0249896674627
2186	0.0248377729742
23150	0.0245861016131
34169	0.0235760805097
33678	0.0228658370952
41129	0.0225661376259
879	0.022338139661
41000	0.0220034120964
4868	0.0219327794517
1655	0.0219208787178
35021	0.0211724125618
2811	0.0210545029164
47628	0.0207588802819
27255	0.0204733652577
40887	0.0195500515456
8466	0.0194372159253
9586	0.019391127102
48859	0.0184972447629
30923	0.0178725489194
13428	0.0175854479592
14233	0.0173549360892
24164	0.0168922101007
40104	0.0167555864915
9588	0.0166138701615
17556	0.0164163046142
37163	0.015813243663
38072	0.0154389468082
35563	0.0148237476683
4518	0.0146944784683
1196	0.0143885537411
1497	0.0143011411243
1503	0.0142384260143
19598	0.0139398654105
19601	0.0137199800128
31440	0.013472885807
12969	0.0134098587969
55950	0.0134082149225
5519	0.0133966678286
40962	0.0133275891013
22929	0.0132894610276
4563	0.0132612432081
1048	0.013218115294
39785	0.0131345147896
2	0.0130903225666
1902	0.0130688184324
4937	0.0130609380452
253	0.0129574904754
4654	0.0129512264148
34224	0.0129238410893
3273	0.0129132023336
14750	0.0128258785714
27890	0.0128146755886
36249	0.0128034061977
18960	0.0127668885672
1119	0.0126964678986
30899	0.0126820652488
1680	0.0126332527937
3720	0.0126033521928
40995	0.0126008391182
1422	0.0125983227172
41018	0.012595802981
3059	0.0125290894452
7419	0.0125212388876
2613	0.012416117163
4764	0.0124077849041
9656	0.0123994159661
5643	0.0123077769893
38584	0.0122692490473
7261	0.0121391528498
37737	0.0120336899344
35178	0.0119856441111
35136	0.0119576341652
32612	0.0119363525174
28821	0.011889408387
5593	0.0117608528971
27865	0.0117133219044
3531	0.0117052832426
50105	0.0116563241245
5693	0.0116397201702
31536	0.0114282645901
2515	0.0114142339679
28969	0.0113906170097
10281	0.011385858207
11664	0.011283068813
12017	0.0112577536495
16420	0.0112217363753
27949	0.0112165348927
16917	0.0111955854721
41050	0.0111850235523
41374	0.0111850235523
28830	0.0111797205065
4644	0.0111203893155
41048	0.0111149026142
47611	0.0110927960781
11307	0.0110704294591
7349	0.0110477965646
3943	0.0110306432992
2030	0.0110306432992
3239	0.0110248909781
40972	0.010990006684
511	0.0109841298921
32453	0.0109604393589
41015	0.0109424756912
26893	0.0109364498837
16927	0.0109121538254
17715	0.0109121538254
40979	0.0108875432464
27128	0.010881340498
118	0.010875117446
41098	0.0108500195147
684	0.0108373451966
41042	0.0107988072415
1928	0.010785785679
6444	0.010772674312
5205	0.010772674312
1020	0.0106851727485
3139	0.0106292528147
25405	0.0106078513802
39602	0.0105862062809
3116	0.0105789361356
33142	0.0105716380818
38790	0.0105569573858
4005	0.0104664097641
33895	0.0104586657995
18205	0.0103550140146
51173	0.010346801731
23742	0.0103302699687
30805	0.0103302699687
34519	0.0103219498649
41329	0.0102883004788
37052	0.0102797942423
29852	0.0102014753137
5918	0.0101565289961
38795	0.0101474107979
20529	0.010129042146
27051	0.0101011520514
29399	0.0100823287225
4695	0.0100537396021
4706	0.0100537396021
12182	0.0100441135527
41223	0.00999523834986
7198	0.00991432653537
50980	0.00988307420392
44456	0.00984058884519
33879	0.00982981748106
11776	0.00974137638669
28700	0.00973002625934
51120	0.00969556355099
51485	0.00968393574298
17948	0.00966046457221
29532	0.00963670000422
22018	0.00963670000422
51168	0.00963670000422
25384	0.00961263461093
107	0.00960048670579
13642	0.00960048670579
22104	0.00960048670579
12501	0.00951320590484
4413	0.00951320590484
38758	0.00951320590484
10844	0.00950040356229
41672	0.00944831425775
18967	0.00943506583699
23299	0.00943506583699
41073	0.00938112915044
41066	0.00938112915044
4513	0.0093256174495
40847	0.00928289338894
27063	0.00923918708053
16228	0.00919445229458
4582	0.00917930368308
36037	0.00917930368308
42270	0.00917930368308
2104	0.0091331198569
15782	0.00911747252014
1169	0.00910169532848
51496	0.00908578610857
19792	0.00906974263206
1167	0.00905356261368
15288	0.009020783514
3826	0.009020783514
9184	0.00900417955968
22351	0.00898742931314
392	0.00897053017356
6904	0.00890139016563
45093	0.00888370500848
10397	0.00888370500848
41328	0.00888370500848
25416	0.00888370500848
33510	0.00886585379108
29855	0.00884783336532
18973	0.00882964049266
10054	0.00879272397962
27649	0.00873596929683
41084	0.00869716916065
28711	0.00867746804461
33572	0.00865756063042
34933	0.00863744255184
17886	0.00863744255184
9651	0.00859655623013
42555	0.00859655623013
19922	0.0085757785295
51563	0.00853352922002
25092	0.00853352922002
51901	0.00853352922002
42931	0.00853352922002
14303	0.00849031961721
913	0.0084683408674
41271	0.00840083765741
10343	0.00835446607352
6353	0.00835446607352
51193	0.00828271640055
218	0.00825818521265
5352	0.00825818521265
48676	0.00825818521265
41081	0.00823333334655
763	0.0082081523071
3187	0.0082081523071
16145	0.00818263325704
6693	0.0081305439525
20629	0.00810395413886
33934	0.00810395413886
31634	0.00810395413886
34190	0.00810395413886
12597	0.00810395413886
41548	0.00807698715218
7311	0.00807698715218
51937	0.00804963213801
53338	0.00799371220416
42029	0.00799371220416
32822	0.0079651230837
44335	0.00793609747128
51051	0.00790662183148
51102	0.00790662183148
18295	0.00787668198933
48246	0.00784626308944
52841	0.00784626308944
18503	0.00781534955166
13971	0.00781534955166
15870	0.00775197232681
51053	0.00775197232681
53286	0.00765275986832
19416	0.00765275986832
42390	0.00765275986832
35961	0.00761850415443
35953	0.00758361986039
846	0.00754808348584
26608	0.00751187018741
17932	0.00747495367438
12394	0.00739889790515
31680	0.00739889790515
34901	0.00731967224659
39458	0.00731967224659
37795	0.00731967224659
41033	0.00727878592488
30864	0.00727878592488
18741	0.00727878592488
42075	0.00727878592488
21806	0.00727878592488
38778	0.00727878592488
52359	0.00719427687056
24980	0.0071058357762
12819	0.0071058357762
29291	0.0071058357762
23887	0.0071058357762
53197	0.0071058357762
53237	0.0071058357762
23046	0.0070600229405
4712	0.0070600229405
7415	0.0070600229405
18679	0.0070130788101
59935	0.0070130788101
16397	0.0069649460953
41449	0.0069649460953
12057	0.0069649460953
53240	0.0069649460953
38757	0.0069155630413
18291	0.0069155630413
60429	0.00686486295179
60352	0.00686486295179
10747	0.00681277364725
5386	0.00681277364725
46442	0.00681277364725
31107	0.00675921684694
9235	0.00675921684694
4122	0.00670410746125
59785	0.00670410746125
40096	0.00670410746125
60149	0.00664735277845
20157	0.00664735277845
51762	0.00658885152623
19444	0.00658885152623
40109	0.00658885152623
21933	0.00658885152623
22010	0.00652849278419
30058	0.00646615471799
51106	0.00646615471799
59966	0.00640170309883
56072	0.00640170309883
60283	0.00640170309883
27918	0.00640170309883
7546	0.00640170309883
59521	0.00633498956307
41221	0.00633498956307
42616	0.00633498956307
35052	0.00626584955514
51646	0.00619409988217
39853	0.00619409988217
42441	0.00619409988217
9652	0.00611953578872
42526	0.00611953578872
50896	0.00611953578872
24538	0.00611953578872
43231	0.00604192743412
51405	0.00596101561964
17992	0.00596101561964
41929	0.00587650656532
37942	0.00587650656532
41986	0.00578806547096
7407	0.00578806547096
30758	0.00569530850485
52169	0.00569530850485
10028	0.00569530850485
60326	0.00559779273606
981	0.00559779273606
48880	0.00559779273606
40886	0.00559779273606
10573	0.00549500334201
1727	0.005386337156
20074	0.005386337156
44662	0.005386337156
59560	0.00527108122099
12801	0.00527108122099
41520	0.00527108122099
28028	0.00527108122099
38360	0.00527108122099
9370	0.00514838441274
43254	0.00501721925782
13247	0.00501721925782
25817	0.00501721925782
4958	0.00487632957692
12163	0.00487632957692
51642	0.00472415712887
25591	0.00472415712887
38813	0.00472415712887
23670	0.00455873626007
61119	0.00455873626007
40990	0.00437753819961
581	0.00437753819961
13255	0.00437753819961
32350	0.00437753819961
54926	0.00437753819961
28857	0.00417723303676
6730	0.00417723303676
60505	0.00417723303676
44317	0.00417723303676
24233	0.00417723303676
51198	0.00417723303676
24593	0.00395331091574
59559	0.00395331091574
43544	0.00395331091574
31791	0.00395331091574
59596	0.00369944895258
43600	0.00369944895258
28504	0.00369944895258
35033	0.00340638682363
50026	0.00340638682363
26132	0.00340638682363
6620	0.00305976789436
45787	0.00305976789436
9115	0.00305976789436
5949	0.00305976789436
20599	0.00263554061049
6642	0.00263554061049
33276	0.00263554061049
47649	0.00263554061049
25502	0.00263554061049
7150	0.00263554061049
23657	0.00263554061049
5336	0.00263554061049
34209	0.00263554061049
59723	0.00208861651838
25118	0.00208861651838
47822	0.00208861651838
5401	0.00208861651838
15657	0.00208861651838
41722	0.00131777030525
21387	0.00131777030525
9172	0.00131777030525
58203	0.00131777030525
33873	0.00131777030525
23883	0.00131777030525
22266	0.00131777030525
6023	0.00131777030525
