50105	0.0906092584656
48910	0.0875399262361
32594	0.0750025686983
5157	0.0747268283509
5204	0.0723808390461
38794	0.069164440476
50863	0.0644151706775
4764	0.0643004419662
5643	0.0637821743483
20416	0.0632190372661
41044	0.0603847311336
16447	0.0600573848516
3288	0.0515905612102
51120	0.0502449894367
869	0.0409706082585
6427	0.0400510026967
4655	0.0393641155817
35563	0.0384103018401
4518	0.0380753481493
26805	0.0380011386445
7312	0.0377275840308
38203	0.0369728683484
1118	0.0361840632533
22383	0.0358074883162
26602	0.0353434695066
868	0.0353018028282
4846	0.035194124041
40965	0.0350159809839
18777	0.0348017686098
5519	0.0347125481667
22929	0.0344347610861
4563	0.0343616449628
3733	0.0342404668396
1902	0.0338630467756
18311	0.0336229558436
253	0.0335745812319
14750	0.0332335572836
1119	0.032898237018
30899	0.0328609178367
50631	0.0328296010855
3720	0.0326569618396
2381	0.0326439297992
14352	0.0326046255345
2613	0.032171810974
1135	0.0319214017829
17596	0.0318986833335
12610	0.031609518633
4121	0.031601462853
38925	0.0313872504789
37534	0.0313108751758
41074	0.0312506425326
35136	0.0309838205463
40999	0.0308729091061
17586	0.030721032464
3827	0.0299391243514
1380	0.0295269035828
31483	0.0293391003422
3689	0.0293135101112
23642	0.0292877862493
23481	0.0292228826968
12017	0.0291703370426
16917	0.0290092510262
28830	0.0289681427901
11359	0.0289405454722
28047	0.0285818639181
14140	0.028506883652
38262	0.0283221329355
41403	0.0281626980365
41067	0.0281138436687
1676	0.0275784332955
29739	0.0274863538226
38232	0.0274114305779
41326	0.0273925203498
44184	0.0273353501719
50944	0.0272775087045
31312	0.0271398440228
40970	0.027059415977
20779	0.0267671034658
1632	0.0265246062206
20529	0.0262456954127
28610	0.0260753932252
3515	0.0260256341317
7974	0.0257690079648
27218	0.025031548596
33780	0.0247481799056
36364	0.0244818389141
35100	0.0244818389141
52802	0.0243781275388
4625	0.0240157503606
56100	0.0236651282992
1904	0.0235837031664
1087	0.0235009094801
53114	0.0233310268394
9184	0.0233310268394
1362	0.0233310268394
46619	0.0232438368044
4775	0.0232438368044
34521	0.0231550756935
41894	0.0228787729022
30880	0.0227831173068
39002	0.022636058375
39039	0.022636058375
20636	0.0225860466929
36366	0.0221665501001
23990	0.0221665501001
11886	0.0218266837381
41201	0.0217676877231
43391	0.0212022910995
4334	0.0212022910995
57798	0.021135268183
21575	0.0209285479904
38307	0.0207127715241
5124	0.020487108785
322	0.020487108785
50935	0.0204095306719
41180	0.0202506101683
30222	0.0201691850356
26529	0.0200863913493
42460	0.0200021823179
13099	0.0197405575627
11550	0.0197405575627
41298	0.0197405575627
5535	0.0197405575627
34524	0.019650167717
2444	0.019650167717
34670	0.0195580882441
29617	0.0195580882441
42097	0.0194642547713
45715	0.0194642547713
5538	0.0194642547713
52230	0.019368599176
11766	0.019368599176
50894	0.0190699557187
3538	0.0190699557187
5144	0.0187520319693
16397	0.0180471017051
22858	0.0177877729687
75	0.0176528026525
26590	0.0175140298595
43755	0.0173712341114
9331	0.0169161931255
42700	0.0169161931255
50173	0.0167546669047
9273	0.0165876641871
2287	0.0164148005427
23071	0.0162356495862
10421	0.0162356495862
7440	0.0162356495862
39233	0.0162356495862
42433	0.0160497366405
4351	0.0156554375879
15818	0.0156554375879
1608	0.0152268101151
835	0.0152268101151
6010	0.0149976474765
53510	0.0149976474765
51072	0.0149976474765
41104	0.0147573018402
17615	0.0145046255131
8039	0.0145046255131
60326	0.0145046255131
3938	0.0142382845216
42850	0.0142382845216
3644	0.0136580725233
29306	0.0136580725233
59665	0.0136580725233
716	0.0130002824119
32623	0.0130002824119
59652	0.0126352185097
46746	0.0118122919842
47621	0.0113427837093
19225	0.0113427837093
15585	0.0108237663908
38969	0.0108237663908
7822	0.0102435543925
56196	0.0102435543925
55889	0.00958576428105
54009	0.00958576428105
15537	0.00882640132624
55967	0.00792826557849
35127	0.00792826557849
58601	0.0054118831954
17797	0.0054118831954
