5157	0.134243771285
5112	0.129437528975
1497	0.0998548703283
4655	0.070716066045
38203	0.0664202856171
1503	0.0662779830399
5432	0.0643020245978
44111	0.0629265143625
12969	0.06242111263
2333	0.0618932121701
1628	0.0591114972198
38584	0.0571117256539
1984	0.0570417683131
49394	0.0540641379005
497	0.0536205592529
1380	0.0530439064363
28810	0.051346180313
50901	0.0505347523661
6564	0.0497059389174
27358	0.0486475064185
40970	0.0486111632154
40942	0.0444591196535
377	0.0394190026217
869	0.0368010330818
6427	0.0359750156966
3328	0.0347949171037
893	0.0336056831293
5231	0.0334378343894
38793	0.0329598057635
2290	0.0329443254721
1237	0.0328634696168
19598	0.0324441115306
8709	0.0323268143039
41016	0.0319679354237
4430	0.0318503698102
18613	0.0317567202031
26602	0.0317465677426
25738	0.0311528158859
2840	0.0310864527196
40962	0.0310190790589
4916	0.0309708958739
4563	0.0308646633958
3733	0.0307558175595
36398	0.0306442265359
11	0.030565288845
1902	0.030416807502
4937	0.0303984664239
9200	0.0303009082946
253	0.0301576990711
3273	0.0300546213605
3365	0.0297461495347
40995	0.0293276167087
2419	0.0292389408199
7419	0.0291423524551
29854	0.0291117310266
38492	0.0290808962066
2037	0.0289870811285
2186	0.0289041340364
23150	0.0286112598417
35049	0.0283781369786
14253	0.028312366967
37737	0.0280076146262
949	0.027999720282
35178	0.0278957911611
12998	0.0278223830096
8732	0.0277644337223
34751	0.0276032063055
17586	0.0275945557089
3527	0.0275858881669
41058	0.0271293207499
50105	0.0271293207499
12423	0.0271196911949
41332	0.0270418908827
51569	0.02694267644
25586	0.0267056700554
35809	0.0261299196816
9135	0.026117846608
34830	0.0259578232608
41132	0.0259578232608
25324	0.0258819680529
41048	0.0258691981197
29591	0.0256997455309
3535	0.0256462732335
39546	0.0256192927916
12467	0.025439791973
27906	0.0254256778342
41039	0.0252527002865
52225	0.0252232016522
18278	0.0249798535294
25405	0.0246890700265
41208	0.0245706176324
28633	0.0240814942943
23742	0.0240430177148
10920	0.0240236532255
19201	0.0239453365126
12756	0.0238251993929
41555	0.0234217027643
41085	0.0231700971807
50913	0.0228782477656
39265	0.0228530352828
18183	0.0228276783151
1231	0.0227765242337
24970	0.0226986668802
36710	0.022511488209
32594	0.0224565213063
3598	0.0223727690502
51838	0.0223727690502
18815	0.0223444956073
13642	0.0223444956073
10844	0.0221115587335
13063	0.0219903243344
18967	0.0219594895144
24429	0.0219594895144
30793	0.0214344561348
57496	0.0213286794938
32809	0.0211835917822
11297	0.0211465641288
51496	0.0211465641288
13098	0.0209952749043
46619	0.0208783135898
20738	0.0208386292093
3565	0.0207173948103
59611	0.0206762337808
5221	0.0205927449122
43088	0.0205504022086
31895	0.0204208872427
6330	0.02037685923
35551	0.0202420839757
26162	0.0201962309357
43219	0.0201030742578
6305	0.0200079140577
29707	0.0199106622581
59562	0.0198612228749
42931	0.0198612228749
2247	0.0198112248428
37588	0.0196577489225
41385	0.0195523920699
22881	0.018670388076
49465	0.018670388076
53149	0.018402137537
27874	0.018261656571
51825	0.0181165688594
51401	0.0178896073798
40923	0.0178896073798
4289	0.0177315627665
28721	0.0176503718874
29628	0.0174833792858
16943	0.0169408911349
32210	0.0169408911349
31479	0.0168436393353
12819	0.0165383611428
37897	0.0165383611428
31909	0.0164317348084
4959	0.0164317348084
3566	0.0160955139811
6368	0.0159775128878
1947	0.0158562784887
9824	0.0157316285907
42315	0.0157316285907
7712	0.0156033651532
41337	0.0154712723959
60999	0.0154712723959
32799	0.0148995390707
59236	0.0148995390707
28789	0.0148995390707
7524	0.0145833489646
20891	0.0142428133844
4009	0.0136771789972
38024	0.01347133822
42823	0.0125363422303
14086	0.0122680916913
21684	0.0116772448213
30219	0.0116772448213
34098	0.0113493334401
10058	0.0113493334401
18395	0.0113493334401
20445	0.0113493334401
39613	0.0109951621672
61224	0.0106101560743
49006	0.0106101560743
10314	0.010188429615
35026	0.00972223264308
43044	0.00712140669218
27881	0.00712140669218
37385	0.00613404584566
12866	0.00613404584566
21524	0.00486111632154
33393	0.00486111632154
9391	0.00486111632154
58781	0.00486111632154
32367	0.00306702292283
