869	0.375204517737
32418	0.157646526769
18307	0.0759540412777
4518	0.05811500507
5157	0.0570283690046
5112	0.0549866194518
13131	0.0540878632961
18613	0.0539625471121
25738	0.0529363638362
1902	0.0516857029733
18311	0.0513192483929
27890	0.0506805966888
41090	0.0502508341787
3720	0.049844836492
13339	0.0483800490134
38925	0.0479068559942
34369	0.0469046964289
5593	0.0465128467962
867	0.044583377018
3943	0.0436249501908
50995	0.0418384993032
52697	0.0403104674113
40541	0.0394513088132
27619	0.0360585755309
6427	0.0305652389001
24058	0.030398881713
4655	0.0300410355755
35563	0.0293131250885
26805	0.0290008689656
4578	0.0282959306818
1497	0.028279700118
1503	0.0281556845245
2290	0.0279902915665
4396	0.0276286873106
22383	0.0273267673992
2745	0.027266024128
28051	0.0268139005701
31440	0.0266418719342
22744	0.0264251412186
34367	0.0262722300075
4563	0.0262233606295
7340	0.0257042587018
28742	0.0257002228469
4654	0.0256103199029
1628	0.0251112751347
35345	0.0249025008564
20506	0.0248115432301
29854	0.0247340271128
33634	0.0246920222233
2613	0.0245521715328
4708	0.0245521715328
5120	0.024406916673
27535	0.0243783279535
1135	0.0243610697817
25113	0.0243029635477
1984	0.0242320293962
1064	0.024226057356
27809	0.0241779363982
4121	0.0241169058615
2326	0.0241045799538
1743	0.0239534279971
29863	0.0238491745644
35178	0.0237009353474
11201	0.0237009353474
11769	0.0236034640006
51041	0.0235964040953
4173	0.0226354261254
1380	0.0225336895763
51133	0.0224387502255
42156	0.0223610337939
10987	0.0223512052955
41129	0.0223116323144
27949	0.022180065239
11307	0.021891149983
39546	0.0217667675598
41000	0.0217552533134
41434	0.0217552533134
5774	0.021743703693
17049	0.0217321184804
33636	0.0217321184804
32453	0.0216736507623
16927	0.0215781688428
1918	0.0214427912581
6360	0.0214176446861
2448	0.0212367452562
3991	0.0212234845776
38807	0.0211293265628
3747	0.0211156808183
41705	0.0210327495474
2313	0.0209048181617
29992	0.0208611882891
51178	0.0208465317462
33895	0.0206814218441
2787	0.0201552337057
34999	0.0199558935992
28290	0.0198807031229
10166	0.0198616681531
27529	0.0198425363129
11776	0.019263022479
9586	0.0191724301798
52525	0.0186573106401
4418	0.0186043604901
16379	0.0185506538839
6781	0.0185235100946
4035	0.018269971445
11490	0.0181515554034
5552	0.0179349046033
53114	0.0178052573248
36494	0.0175670256935
13071	0.017350077131
31306	0.0173126698721
36105	0.0172367198446
18403	0.0171592037273
4620	0.0170800555724
51573	0.0170800555724
563	0.0170398477186
6305	0.0169992051769
20010	0.0169581184455
3488	0.0167891282656
51892	0.0167456665273
32509	0.016701696453
41269	0.0166572060107
49425	0.0165204855439
3947	0.016426495686
41249	0.0162809524071
41272	0.0161295467712
51978	0.0160251123197
32927	0.0159717866242
5528	0.0156931852252
4047	0.0156931852252
16302	0.0156348988096
42556	0.0155756944601
2690	0.0155155428009
1000	0.0154544130232
15870	0.015329088135
52444	0.0152648233479
43543	0.0149961806262
1490	0.0149961806262
52132	0.0149259094494
17932	0.0147812993711
5781	0.0146309033764
3925	0.0146309033764
4630	0.014553387259
41541	0.014553387259
31428	0.0143933887086
3722	0.0142262768192
19773	0.0142262768192
2542	0.014139850059
28971	0.0140513895424
4048	0.0139607972432
29212	0.0138679678726
30484	0.0136751359388
52511	0.0135748793708
4022	0.0135748793708
12570	0.0134718757085
25974	0.0134718757085
45965	0.0134718757085
21790	0.013365970156
26764	0.0131447652687
39422	0.0131447652687
42716	0.0130290823414
3998	0.0130290823414
8735	0.0126590068796
2598	0.0126590068796
18149	0.0126590068796
18354	0.0126590068796
18771	0.0125270846247
39934	0.0125270846247
10421	0.0123903641579
3516	0.0123903641579
38665	0.0123903641579
41451	0.0123903641579
38458	0.0122484832256
23822	0.0122484832256
5122	0.0119475707908
43145	0.0117875722403
32897	0.011620460351
25259	0.0114455730741
41837	0.0114455730741
43768	0.0112621514043
19087	0.0110693194705
15533	0.0110693194705
41234	0.0108660592402
21391	0.0108660592402
53085	0.0106511779852
15732	0.0106511779852
28028	0.0104232658731
20816	0.0101806398538
36622	0.00964266675737
32255	0.00964266675737
994	0.00934175432251
11530	0.0090146438827
32053	0.00865633493607
53318	0.00865633493607
4386	0.00826024277194
14613	0.00781744940481
5913	0.00781744940481
43353	0.00781744940481
42639	0.00781744940481
27803	0.00731545168818
28113	0.00673593785424
19934	0.00673593785424
33461	0.0060505184678
13090	0.00521163293654
32468	0.00521163293654
12666	0.00521163293654
58799	0.00413012138597
997	0.00413012138597
60647	0.00260581646827
47852	0.00260581646827
11531	0.00260581646827
35719	0.00260581646827
