869	0.13634481109
26805	0.126462805654
1497	0.12331803658
2745	0.118897744559
18777	0.115815721767
40962	0.114923145366
2333	0.114654638938
22929	0.114594368861
3933	0.114533876384
1628	0.109501625998
1422	0.108634717201
3059	0.108037722102
26584	0.107229999987
50863	0.107182620062
37111	0.104592172736
41583	0.103560076832
40999	0.102740992599
34751	0.102267616804
17586	0.102235567053
37961	0.100296675378
3827	0.0996334793995
1380	0.098261662743
51096	0.0978476649181
10987	0.0974659116168
23265	0.0962642260573
9251	0.0962179821828
18301	0.0954597687787
38262	0.0942523440316
51156	0.0936677509103
21772	0.0927211772268
32832	0.0921970082984
39602	0.0912843361275
38080	0.0909045482704
15306	0.0865264698237
38787	0.0856679782579
3204	0.0851304401788
3598	0.0828892754978
25942	0.0828892754978
16368	0.0815857990563
34109	0.0810105315184
32651	0.079795646729
995	0.0780684251609
41127	0.07629443197
17110	0.073398964172
34103	0.0681784112028
14823	0.0679202414165
28755	0.0647744871901
28500	0.0647744871901
12819	0.0612732724311
52736	0.0600583876416
41187	0.0578091889283
32415	0.056815342669
13735	0.0552015709836
7656	0.0552015709836
47334	0.0534114186563
6010	0.0499102038973
56695	0.0464461203945
36910	0.044394265592
11291	0.0432632349119
42765	0.0340892056014
49962	0.0319001663781
