7214	0.107524566079
869	0.105278904766
37660	0.101885620539
4655	0.101150828647
1497	0.0952202560935
5204	0.0929956349769
4846	0.0904355339281
38794	0.0888631735229
47633	0.0868616008579
49394	0.0773322478831
41461	0.0746549170772
47247	0.0717269201027
33305	0.0675066087626
20591	0.0629966296509
6427	0.0514579338445
26805	0.0488242477522
5231	0.0478288010887
38793	0.0471450386237
19601	0.0456753764982
22743	0.0449577345729
31440	0.0448527717374
2333	0.0442653985774
34367	0.0442304631772
41068	0.0439803621665
36398	0.0438328809944
39785	0.0437262960716
2344	0.0436178854244
2	0.0435791751268
253	0.0431369619625
5000	0.0430249393226
30980	0.0427653948687
38191	0.0426839189007
3365	0.0425482898409
30899	0.0422200400053
14352	0.0418907530602
3059	0.0417107661278
7419	0.0416846307269
37392	0.041408050383
2613	0.0413346685299
9656	0.0412790683428
20542	0.0410419951622
900	0.0408457278411
16209	0.0405915123871
7261	0.0404126227785
41583	0.0399820549794
2312	0.0399820549794
35178	0.0399015746989
12998	0.0397965731656
41985	0.03958119501
19599	0.0388600288116
29861	0.0385094899562
31830	0.0383488809847
7100	0.0379679529237
1380	0.0379364647298
35514	0.0375458556168
1438	0.0374272342129
18301	0.0368547208575
29686	0.036664643091
17987	0.0366064884958
511	0.0365674197672
18361	0.0364885512834
27906	0.0363683746237
41972	0.0363074196043
24958	0.0360362793595
23011	0.0358415220262
41106	0.0358195076947
2401	0.0357752479764
42912	0.0357752479764
51006	0.0357306765674
4335	0.0354564482334
13952	0.0354330503734
4399	0.0352908171085
50864	0.0352184835906
15207	0.0349205879523
1921	0.0347662116667
49392	0.0344730213397
37104	0.0344182234742
39483	0.0343906455921
18759	0.0341655867185
41171	0.0334700444981
27529	0.0334057889825
2595	0.0333081657526
26195	0.0332752871647
39265	0.0326885188223
24970	0.0324677133856
20527	0.0322389253216
41593	0.0320816721659
34967	0.0318794468507
39323	0.0305589477044
41398	0.0305589477044
15782	0.030353104719
27048	0.030353104719
41536	0.030247617045
41426	0.0287550302675
41934	0.0282652412573
876	0.0281920714953
1755	0.0280431442965
13006	0.027967345619
41382	0.027967345619
59133	0.027967345619
26172	0.0266119786037
28042	0.0266119786037
51589	0.026222371686
37592	0.0258071990121
24460	0.0258071990121
38572	0.0255889320749
8279	0.025362868261
38452	0.0247596392749
33051	0.0245012722209
31105	0.0240928005682
31035	0.0233473383172
5880	0.0231870990261
42431	0.0225022029208
40792	0.0219350373595
27268	0.0217340962309
3425	0.0217340962309
22498	0.0217340962309
17239	0.021311998924
35376	0.0210899019631
56078	0.0192691293527
19182	0.0189603308453
27436	0.0182934921386
41441	0.0179317300257
43944	0.0179317300257
24808	0.0167028944912
25847	0.0157272572771
29442	0.0157272572771
48796	0.0139064846667
27211	0.0131610224157
46983	0.0113402498052
30084	0.0101863159015
38358	0.0101863159015
38133	0.0087740149438
31541	0.0087740149438
15196	0.0087740149438
31106	0.0087740149438
26315	0.00695324233334
