7419	0.135100957023
869	0.127954361177
10792	0.105470021672
38492	0.101112039118
2789	0.0995288259265
44951	0.0845718188506
6427	0.083388241512
90	0.0809644644446
3842	0.0795459076159
1232	0.0725922903275
7261	0.065489173323
21906	0.0598741584324
23011	0.0580816459501
50864	0.0570720041776
38790	0.0569534316402
47637	0.05646493883
2588	0.0519887610484
25487	0.0519240516207
51026	0.049923430261
35551	0.0469201126
6339	0.0435743101748
3406	0.0432770021043
35563	0.0399861090952
1503	0.0384072414539
22383	0.037276513478
19601	0.0370087665985
4430	0.0369137619339
26602	0.0367934579992
22743	0.0364272926284
2840	0.0360284016136
5809	0.0359131561989
921	0.0358851076051
34367	0.035838016318
4563	0.0357713534742
2463	0.0356156464807
9200	0.0351179757671
5000	0.0348612328871
34224	0.0348612328871
30980	0.0346509353295
14750	0.0345969852748
1119	0.0342479082803
1680	0.0340773895872
3720	0.033996734633
14352	0.0339422511976
26584	0.0335437435856
50863	0.0335289221732
23150	0.0331597165346
32188	0.0329313962452
38925	0.0326749325499
34858	0.0319106475286
41109	0.031787070341
5593	0.0317241467893
50105	0.0314421871256
3280	0.0313408581513
3499	0.0311319883488
20173	0.0308270111508
41010	0.0305027435343
41129	0.0304353548494
36999	0.030339497757
37993	0.0302558838646
11359	0.0301278499018
51989	0.0301278499018
3553	0.0300699034646
25078	0.0299221063439
41403	0.0293180907765
30625	0.029181330535
25444	0.0289690986573
10251	0.0284965541626
18607	0.0280413340571
49392	0.0279319865214
41353	0.0278652410439
4390	0.0278427980972
50875	0.0275417334776
29852	0.0275178257181
51341	0.0273224418913
7533	0.027014657226
36686	0.0267153136043
32483	0.026544357603
13660	0.0261843357636
51168	0.0259943805242
13642	0.0258966974731
456	0.0257971175456
4508	0.0257296401888
37114	0.0256955656108
712	0.0256612631074
26059	0.0255569570344
32895	0.0255217114996
16368	0.0255217114996
5206	0.0254504852834
10010	0.0252306714145
15638	0.0251171271793
7095	0.0248822064817
12325	0.0244650493563
21742	0.0244650493563
41443	0.0244650493563
39771	0.0244214047939
52188	0.0241514369298
25416	0.0239632247921
3481	0.0238173892264
2639	0.0235126537368
50250	0.0234600563
34943	0.0233532148287
9651	0.0231886593695
6305	0.0231886593695
16408	0.0230759470274
41913	0.0229020929162
22398	0.0225985602424
50898	0.0224074248845
42339	0.0224074248845
25400	0.0222088889246
32927	0.0217871550875
41409	0.0216385010522
53338	0.0215625262533
59906	0.0211647917182
11550	0.020550426591
34932	0.0200616564381
28938	0.0198523128765
25439	0.0192882057215
41905	0.019167536504
60613	0.0190439593165
51694	0.0189173305339
2480	0.0187874956212
14390	0.0185175277572
13254	0.0185175277572
17286	0.0183770201972
51042	0.0183770201972
9358	0.0182325541615
25799	0.0179308080075
60220	0.0176101907922
51893	0.0176101907922
4124	0.0172681837435
46783	0.016901727518
8907	0.016901727518
21341	0.0167081873745
4869	0.0165070555122
61153	0.0160794575176
20401	0.0158514997608
37514	0.0156129355781
41089	0.015362729608
42751	0.0150996870727
44638	0.0148224192713
22411	0.0148224192713
52553	0.0145292992003
41035	0.0142184037038
9889	0.0142184037038
6768	0.0135336273314
23314	0.0135336273314
42434	0.0131535864485
26300	0.0122968988349
28958	0.0122968988349
36500	0.011808128682
36151	0.011808128682
19716	0.0112678183453
44626	0.0106638027779
41387	0.00997902640542
53353	0.00918851009861
9065	0.0071092018519
59338	0.0071092018519
43981	0.0071092018519
36375	0.00563390917266
27659	0.00563390917266
