9200	0.108698496422
11169	0.0972865112707
22383	0.0865347634312
869	0.0660082021944
6427	0.0645266154558
4518	0.0613436164628
7312	0.0607833298275
2840	0.0557582405924
2344	0.0546954436274
1135	0.0514289250947
4489	0.0501505405853
22971	0.0478243331256
25554	0.0462847815658
32453	0.0457554849427
24958	0.045188350308
17771	0.0443134627681
17939	0.0440093447975
21229	0.0439152315967
59814	0.0408808000535
9720	0.0403286060713
13621	0.03898932449
3866	0.0338307926749
2632	0.032882021638
4655	0.0317099819964
35563	0.0309416320379
30119	0.029850794569
4396	0.0291636143834
5204	0.0291533935046
4846	0.0283508221441
76	0.0281186566046
9538	0.0280041150067
34367	0.0277317983412
41068	0.0275749889774
1902	0.0272785654581
7340	0.0271322730741
39447	0.0266723242095
9642	0.0265063459755
41031	0.0264963629414
35345	0.0262859731262
2419	0.0262222247035
33634	0.0260638012357
37392	0.0259621903194
9656	0.0258813206276
5120	0.0257628564882
1064	0.0255719494313
13339	0.0255339147571
27809	0.025521155087
17355	0.0254890752521
12610	0.0254632233433
16209	0.025450233957
51212	0.0251461338537
17566	0.0250537620884
37426	0.0249958303446
28821	0.0248167809983
41109	0.0245971377638
5593	0.0245484469202
60332	0.0245320829632
50105	0.0243302638471
12423	0.0243216278177
11675	0.0240348571953
4951	0.0239881163255
25586	0.0239503231449
33678	0.0238639490319
35514	0.0235406555057
9135	0.0234231481484
38822	0.0233904874375
15373	0.0233354483587
30471	0.0233354483587
7317	0.0232796351465
33850	0.0231886683215
25078	0.0231540108613
3239	0.0230122724383
40982	0.022865283265
27128	0.0227126392934
41098	0.0226472629553
1928	0.0225131875681
29145	0.0224995274721
59739	0.0224858201909
50879	0.0223885201227
3022	0.022360276203
53040	0.0223460784993
41208	0.0220355539084
26416	0.0219891410522
4005	0.021846553714
33895	0.0218303897244
35847	0.0218141596242
51173	0.0215968956767
37104	0.0215796797973
210	0.021562388903
20779	0.021562388903
33377	0.021348799022
23388	0.0210448607462
41942	0.0209650941616
2089	0.0209246014229
10653	0.0208836912258
2084	0.0208630768731
36686	0.0206725640986
23373	0.0205626331361
1231	0.0204265653842
41204	0.0204265653842
37776	0.0204034268115
27218	0.0201643030356
48076	0.0201643030356
14343	0.0201395786319
32594	0.0201395786319
40489	0.0201146992151
38800	0.0199620552436
41250	0.0198834733893
12511	0.0198302074356
51117	0.0197762167528
23440	0.0196938278978
16784	0.0196096921532
22830	0.0195812457664
39874	0.0194061473342
30828	0.0193460211238
51026	0.0193156128986
30917	0.0191281014508
84	0.0190309148635
26173	0.0189979831063
25570	0.0189979831063
17986	0.0189647757663
27207	0.0188634531393
7357	0.0188290957475
22319	0.0188290957475
22941	0.0188290957475
1362	0.0187944382873
30324	0.0187594754711
11489	0.0187594754711
43787	0.0185429715653
49408	0.0184301226156
52368	0.0183530667194
57862	0.0182346025799
22813	0.0182346025799
6634	0.0182346025799
11397	0.0180289475487
43824	0.0179865059252
33639	0.0179436054645
59133	0.017535081777
4301	0.0174382902963
51967	0.0172373231026
43920	0.017025632703
56496	0.0169153963374
20629	0.0169153963374
52613	0.0169153963374
26567	0.0169153963374
17027	0.0168591081034
14757	0.0167440781951
4007	0.016503504299
22681	0.0163129915245
28458	0.0161807041425
2739	0.0160438542374
4486	0.0158293017721
42291	0.0156024826695
3798	0.0155239008152
11401	0.0154437313417
39848	0.0154437313417
53206	0.0152783634988
21806	0.0151930214146
3398	0.0151058035308
53348	0.0149253972845
31478	0.0149253972845
37856	0.0149253972845
35860	0.0148320222948
51386	0.0148320222948
31705	0.0148320222948
22949	0.0146384105322
19320	0.0145379430402
27811	0.0143290393359
2150	0.0141085240535
36548	0.0141085240535
53253	0.0138750300058
51390	0.0137529202492
36064	0.0137529202492
29416	0.0137529202492
29343	0.0136269333511
23456	0.0136269333511
14748	0.0134968150066
20728	0.0134968150066
3589	0.0133622850396
19511	0.0132230337705
15125	0.0132230337705
42502	0.0130787177222
42441	0.0129289545159
32125	0.0127733167653
33722	0.0124424373648
21528	0.0122660414816
8127	0.0120814382449
41466	0.0120814382449
60121	0.0118878264823
25101	0.0116842816633
41744	0.0112429100954
9110	0.0112429100954
42231	0.0112429100954
22544	0.0110023361994
3263	0.0110023361994
43510	0.0110023361994
59821	0.0104724497207
32554	0.0101783704661
30156	0.00986074067375
52806	0.00986074067375
51301	0.00986074067375
2792	0.00951545743173
60187	0.00913724243251
21799	0.00871914514815
8668	0.00871914514815
3073	0.00825175214951
42734	0.00825175214951
58911	0.00772186567085
41772	0.00711015662391
24973	0.00711015662391
27167	0.00638665838267
14566	0.00638665838267
44041	0.00550116809968
61064	0.00550116809968
36025	0.00435957257408
9150	0.00435957257408
61467	0.00275058404984
