869	0.174483219786
4937	0.0720634973265
5112	0.0511414013083
19601	0.0504664999071
4430	0.0503369480916
40962	0.0490231599113
4654	0.0476387768824
28405	0.0472431393146
1628	0.0467104838171
40995	0.0463499396936
17355	0.0449178109338
49394	0.0427220110683
27525	0.0420880644371
56706	0.0419212460279
2448	0.0395033163508
17068	0.0379058391558
27218	0.0355342962586
41224	0.0349926315101
6427	0.0284278096064
35563	0.0272632562012
893	0.0265555398154
5157	0.026520185586
5231	0.0264229040979
1497	0.0263020987111
38203	0.0262429799816
2290	0.0260329285199
13111	0.02600215827
1118	0.0256830938476
8709	0.0255449651492
20641	0.0252511742143
868	0.0250568740354
39136	0.0250379227505
4846	0.0249804446864
18777	0.0247019546426
22744	0.0245772292453
5809	0.0244862428629
4563	0.0243895591869
3733	0.0243035481414
2344	0.0240965940456
2	0.0240752086365
2007	0.0237884799217
51392	0.0235475232866
18307	0.0235475232866
29277	0.0235056985834
18584	0.0234118843254
3720	0.0231795917952
1422	0.0231703417806
35345	0.02316106723
34204	0.0230478102518
4708	0.0228352364606
27535	0.0226735497749
27809	0.0224871716151
2326	0.022418944992
7175	0.022413198888
26863	0.0223901195732
1743	0.0222783631022
38925	0.0222783631022
29863	0.0221814001193
4489	0.022094294104
30269	0.0219132886312
9826	0.0218866484757
36394	0.0215204828462
23782	0.0215204828462
4137	0.0214073175158
41332	0.0213687669213
21545	0.0213532268802
28832	0.0212664996866
3827	0.0212504973543
11675	0.0211775664798
25586	0.0211030819319
932	0.0209051949822
31483	0.0208246061869
867	0.0207328291727
38822	0.0206098001198
9251	0.0205220171788
25453	0.0205121260732
41034	0.020391197473
23786	0.0203499403159
3260	0.0203081905244
41434	0.0202339069278
18185	0.0202123899154
42912	0.0197639481827
53040	0.0196895516847
38293	0.0196643968748
52018	0.019639059782
41368	0.019639059782
22654	0.0196135377454
41364	0.0196007065255
35021	0.0194697360271
28128	0.0194294687472
38790	0.0194159426046
17790	0.0193887323233
50944	0.0193613086259
20875	0.0192208679206
10287	0.0191484739578
34519	0.0189837259753
21523	0.0188429081462
52258	0.0187784546438
21845	0.0186458699065
14369	0.0186289376531
41012	0.0185776432833
41942	0.0184727403103
52029	0.0184370613936
3198	0.0183645924057
32738	0.0183277867659
9292	0.0182149865484
26599	0.0181765630464
34073	0.0180984256384
51038	0.0180984256384
37238	0.0179982324364
33692	0.0179573371925
41088	0.0179159579699
8466	0.0178740831761
22070	0.0178529562024
33862	0.0178529562024
13660	0.0178529562024
44599	0.0178317007966
9488	0.0178103153874
51485	0.0178103153874
48076	0.0177671481293
22018	0.0177234412665
50987	0.0177013812343
1537	0.0176791811376
37409	0.0176791811376
10443	0.0176791811376
38663	0.0175660158071
18283	0.0175429364923
24606	0.0175197038255
41940	0.0175197038255
12511	0.017472770188
18967	0.0173526036023
17483	0.0172784700091
22534	0.0172534053606
17301	0.0172534053606
13119	0.0171771149851
34350	0.0171771149851
6928	0.0169651407829
34143	0.0167102220039
995	0.016650957814
42977	0.0165906717775
41245	0.0162725886369
19126	0.0161712336129
53200	0.0161367850239
6330	0.0161019936573
51139	0.0160668526228
41004	0.0160313548205
28711	0.0159592594107
29583	0.0159592594107
43824	0.015848249976
51337	0.0157336002459
49350	0.0157336002459
51901	0.0156945327613
34443	0.0156150633519
52645	0.0156150633519
3861	0.015574640896
766	0.0154923664295
10013	0.0154081092562
41525	0.0153652068345
39651	0.0153652068345
3542	0.0152777896939
29933	0.0151881308456
4515	0.0149044750945
51940	0.0148548784687
41348	0.0148548784687
41096	0.0148045681979
16920	0.0145957596849
1922	0.0145957596849
2387	0.0145415492425
51820	0.0144305398078
33947	0.0144305398078
14860	0.0141973531837
42191	0.0141365428945
4567	0.0140116544938
17735	0.0140116544938
41616	0.0139474966663
43890	0.0138821395579
11502	0.0137476420724
39420	0.0137476420724
3798	0.0136784021169
60486	0.0135356678703
1976	0.0135356678703
52934	0.0134620545514
36379	0.0133868580297
43238	0.0133868580297
3427	0.0133100087055
4438	0.0133100087055
14276	0.0131510493556
4221	0.0128096561053
21703	0.0128096561053
37587	0.0127188327263
18269	0.0126255871071
17286	0.0125297864981
20644	0.0125297864981
43265	0.0124312869283
31107	0.0124312869283
41323	0.0123299319042
44176	0.0122255509142
41049	0.0120069482674
35240	0.0118922985373
30287	0.0117737616433
4395	0.0117737616433
41383	0.0116510647209
36805	0.0116510647209
9759	0.0115239051259
12964	0.0115239051259
52518	0.0111120763299
14135	0.0111120763299
17992	0.0109632664893
17228	0.0109632664893
12737	0.0109632664893
28387	0.010807840746
51244	0.010807840746
51063	0.010807840746
21528	0.010807840746
49284	0.0104745883691
37623	0.0104745883691
45032	0.0104745883691
43236	0.0102952411859
47487	0.0102952411859
26037	0.0102952411859
43005	0.0102952411859
8963	0.0101061949577
22683	0.0101061949577
41944	0.00990634036382
21674	0.00969436616167
11777	0.00946870699685
18875	0.00922747318046
7790	0.00896835439671
8791	0.00868848478946
30885	0.00868848478946
39375	0.00868848478946
49619	0.00868848478946
45235	0.00838424920558
22226	0.00838424920558
36010	0.00838424920558
42542	0.00838424920558
53270	0.00805099682864
10234	0.00805099682864
11454	0.00768260341725
27259	0.00727077462125
6275	0.00727077462125
41622	0.00727077462125
43288	0.00727077462125
17305	0.00680388164005
25694	0.00626489324904
29397	0.00626489324904
40153	0.00626489324904
12592	0.00626489324904
5035	0.00626489324904
27902	0.00626489324904
22065	0.00562740528823
44059	0.00562740528823
28434	0.00484718308083
59059	0.00384130170863
40138	0.00384130170863
40753	0.00384130170863
