13071	0.207421146824
38793	0.167391373091
9200	0.15388775898
34621	0.0948203978693
869	0.0934498143428
19775	0.0927445929225
893	0.0853357796318
1503	0.0841506975677
868	0.0805198424061
9538	0.0792925503563
38794	0.0788785472845
4563	0.0783754373873
3733	0.0780990423422
1902	0.0772381853423
1680	0.0746639434777
2381	0.0744575028007
50863	0.073462245211
38584	0.0725126404371
11655	0.0714946977927
949	0.0711004133005
34751	0.0700935351129
17938	0.0694151024052
29309	0.0691557089217
12423	0.0688657326974
22971	0.0677063592566
27525	0.0676246428596
7100	0.067403781595
9251	0.0659471563275
30799	0.0659471563275
3260	0.0652600279774
11746	0.0632720424925
41188	0.0621284167137
31170	0.0613436574624
30805	0.0610530562198
27051	0.0596989435848
7303	0.059531655804
27579	0.059531655804
36686	0.0585335522792
50913	0.0580953257871
18183	0.0579669134744
41088	0.0575726289822
35162	0.0573018699757
39360	0.0572331483238
22838	0.0567399551377
13063	0.0558405988717
32318	0.0544290683873
41890	0.0543402461456
21734	0.0541604670294
22941	0.053313844139
21719	0.0519659866662
13891	0.0510482559807
3488	0.0501787429063
32700	0.0495136994076
6693	0.0480524283036
49401	0.0478952795174
32735	0.0475742303888
15264	0.0467290234086
19521	0.0465520755775
1714	0.0463722964613
1612	0.0452286706825
4486	0.0448200454671
12394	0.0437283179564
38595	0.0432600854126
1356	0.0432600854126
37897	0.041996287846
31705	0.041996287846
19683	0.039947731028
59618	0.039947731028
40792	0.0389408528405
25637	0.03660782627
37977	0.0361671440997
15465	0.035708470004
12737	0.0352302720892
39248	0.0352302720892
16790	0.0347308140827
20808	0.0330835840356
5646	0.0318338577984
26919	0.0304275303495
51376	0.0296523295463
49052	0.025871742618
42608	0.025871742618
13354	0.0246879165993
