34471	0.235164722291
3419	0.12440343521
3133	0.100711434797
40987	0.0998060924468
24522	0.0899708061648
2333	0.0710043956878
29854	0.0667944285486
20416	0.0651444901781
59093	0.0608270512396
2030	0.0589047550802
38293	0.0570966244285
3282	0.0440158135719
32123	0.0422221632827
869	0.0422184440431
41908	0.0401141494274
4518	0.0392350034229
26805	0.0391585337302
7312	0.0388766475039
893	0.0385527126255
38203	0.038098945557
1118	0.0372861159412
5112	0.0371229461274
25525	0.0369298087283
12753	0.0369298087283
2745	0.0368160528835
32569	0.0365161716669
18777	0.0358617209533
5519	0.0357697831363
38794	0.035635485829
3933	0.0354648043625
41068	0.035273589961
39785	0.0350698212148
1569	0.0348628142589
7340	0.034707273171
28742	0.0347018237425
3273	0.0344789057232
29277	0.0341250243394
41031	0.0338938246764
1680	0.0337314262411
2733	0.0336381611637
26551	0.0334602727512
26584	0.0332031979654
27809	0.0326463506697
16209	0.0325556292242
26863	0.0325054527814
25098	0.0320851182449
17586	0.0316566984274
41355	0.0314229208419
33938	0.0313811416586
35703	0.0311119300003
20173	0.0305140465706
14207	0.0300177817545
35809	0.0299764560815
16420	0.0299626057533
41050	0.0298645806522
23265	0.0298077045151
41132	0.0297790256697
50939	0.0296479271948
44577	0.0296331494779
44585	0.0293438757148
18361	0.0292649294558
35728	0.029070293135
41067	0.0289701028667
46587	0.0287635872494
7214	0.028745992285
6954	0.0287283361206
15207	0.028007375109
40968	0.0278626280516
50845	0.0277136320515
210	0.0275823451957
37115	0.0275378173476
27255	0.0273324622477
1309	0.0269455213066
4706	0.0268439950797
896	0.0264992681476
37776	0.0260998150076
6417	0.0259491765906
20675	0.0258876468417
5715	0.0252974955417
19034	0.0252974955417
30015	0.0252274786782
35691	0.0252274786782
22830	0.0250480910311
26486	0.0246690984993
51225	0.02454965435
5884	0.02454965435
24688	0.0243858936281
3793	0.0243441144447
50881	0.0241298994472
28285	0.0239517709203
59505	0.0238139486408
40030	0.0235265430875
2889	0.0233764984061
10369	0.023376498406
4611	0.0232739465922
4156	0.0230624100623
32784	0.0230081192546
47448	0.0230081192546
43337	0.0228977639925
7124	0.0224306629837
10013	0.0223691332348
3947	0.0221799383374
41778	0.0221799383374
14573	0.021983417971
36409	0.0214188208385
50929	0.0214188208385
53004	0.0210311407431
10601	0.0209499207363
31327	0.0206113858403
37186	0.0206113858403
7330	0.0202486499826
35722	0.0201537660586
24087	0.0196507665528
43034	0.0196507665528
27872	0.0193231598466
15963	0.0190923863741
45884	0.018596759625
43003	0.0183295325515
31266	0.0181904514643
51933	0.0179003072316
55962	0.0175925680345
59	0.0174314071294
52104	0.0174314071294
60020	0.0170928722334
42878	0.0154544286179
41266	0.0152067628099
22218	0.0149463907572
5646	0.0143817936247
9110	0.0143817936247
56873	0.0140740544277
51148	0.0140740544276
16222	0.0137464477213
50976	0.0133962300996
43420	0.0133962300996
4786	0.0121720572223
23662	0.0121720572223
51781	0.011688249203
10034	0.011688249203
60397	0.011688249203
36895	0.0105555408207
11248	0.00987771649267
53011	0.00909522573212
51848	0.00816973559611
9324	0.00816973559611
13733	0.00816973559611
23888	0.00703702721381
39282	0.00703702721381
39056	0.00557671212522
61082	0.0035185136069
35757	0.0035185136069
