19601	0.136809658516
5204	0.104454812747
24684	0.0850078544774
869	0.0788344405355
4518	0.0732634661072
26805	0.0731206743587
26602	0.0680068654961
2037	0.0620955481995
37392	0.0620139522323
20542	0.0614657368307
1984	0.0610968703259
33887	0.0597578085538
12998	0.0596005550726
30269	0.0594047445359
36392	0.0584797225828
40193	0.0553339378877
22654	0.0531703487695
31138	0.0527078827584
29992	0.0525978775819
955	0.0482819924247
51246	0.0465654491539
55841	0.0429630283711
6427	0.0385324812674
35563	0.0369539870784
7312	0.0362971543046
893	0.0359947127356
5157	0.035946791837
4578	0.0356716472102
38793	0.0353029199173
22383	0.0344498584275
5432	0.034436629287
2745	0.0343732816021
18777	0.0334822702739
25738	0.0333674710437
22744	0.0333132112045
921	0.0331639620046
4563	0.0330588337794
11727	0.0329964145226
36398	0.0328227260526
45616	0.0327381766777
2	0.0326327472513
2007	0.032244100747
30980	0.0320233762524
41031	0.031644945314
41018	0.0313999638294
20506	0.0312790071053
4764	0.0309312552586
16209	0.0303955400814
2326	0.0303877643019
7175	0.0303799757439
1931	0.0299647641703
5593	0.0293185242839
25051	0.0292398612914
15228	0.0290269355019
40988	0.0289643001872
41467	0.0284661287185
2515	0.0284544410763
867	0.0281023182151
27651	0.027762716372
22579	0.0275267416587
40964	0.0274838514429
29686	0.027455040798
14140	0.0274260539401
51027	0.0269845125062
52018	0.0266197682354
18414	0.0265503261653
13952	0.0265328054929
17605	0.026497568628
1117	0.0263356780175
41208	0.0263173440044
2152	0.026298938791
41095	0.026298938791
2110	0.0261869807542
34519	0.0257314958718
2127	0.0256476116202
14749	0.0256051060752
50937	0.0255406243119
4523	0.025475253117
41308	0.025038880231
26760	0.0250147614181
2089	0.0249905192349
24173	0.0244776586442
7460	0.0244504990484
51151	0.0244231829123
38763	0.0242558948456
22401	0.0239933413887
3297	0.0239632502623
51029	0.023932966859
23415	0.023932966859
18340	0.0239024887058
51680	0.0237470867019
12432	0.023453838343
13119	0.0232827245769
4280	0.0230688836514
4035	0.0230322862766
35044	0.0228449363299
26173	0.022689534326
1954	0.0226498743749
13149	0.0226098797368
22690	0.0226098797368
22479	0.0226098797368
41338	0.0219193024326
6330	0.0218254511184
1975	0.0214302776163
16408	0.0213261121817
42931	0.0212731581504
41913	0.0211654413206
41934	0.0211654413206
49210	0.0210552192251
30185	0.0210552192251
24067	0.0209991317481
42704	0.0209991317481
51905	0.0205248025606
34531	0.020398412764
41030	0.0203339310007
38201	0.0199274531725
29756	0.0197838259237
51589	0.0196357096037
36395	0.0194828145221
51571	0.0190774961646
3981	0.0189921004039
26060	0.0189921004039
60297	0.0185403933907
51693	0.0185403933907
39847	0.0184446459626
38826	0.0184446459626
38573	0.0181452198886
36429	0.0177140740203
48452	0.0177140740203
3666	0.0174828410148
15021	0.0172397448328
25974	0.016983502078
19683	0.0168499908127
42431	0.0168499908127
40677	0.0167126091214
49495	0.0167126091214
37780	0.0167126091214
42095	0.0164252886389
44923	0.0164252886389
26539	0.0164252886389
4155	0.0161194188704
50343	0.0161194188704
52396	0.0161194188704
28808	0.0161194188704
924	0.0161194188704
27862	0.0152553356629
23405	0.0152553356629
28651	0.0152553356629
8766	0.0150618664945
27047	0.0146494903003
59470	0.0144290162925
49115	0.014197783287
20486	0.0139546871051
50790	0.0131402309111
29367	0.0131402309111
18892	0.0131402309111
37410	0.0125073807091
19917	0.0125073807091
24247	0.0121561580922
12350	0.0113644325725
6288	0.0113644325725
13747	0.0104133866224
8374	0.00985517318331
50570	0.00985517318331
43584	0.0092223229813
36722	0.0092223229813
26537	0.0092223229813
36318	0.0092223229813
35718	0.00849175103899
52399	0.00762766783144
9943	0.00762766783144
4927	0.00762766783144
53472	0.00520669331122
53549	0.00520669331122
48963	0.00520669331122
54649	0.00520669331122
7107	0.00328505772777
56764	0.00328505772777
11713	0.00328505772777
