869	0.208577642044
45223	0.114739541418
37686	0.081206672982
23265	0.073631571028
7312	0.0720253876953
36398	0.0651309893145
19034	0.0624903651626
3531	0.0579026236889
40289	0.0568272680283
14207	0.0556128809307
4655	0.0500997834677
15306	0.0496374419363
90	0.0494923842217
19598	0.0459709668083
2789	0.0456303786575
2745	0.04547186469
868	0.044929567236
4846	0.0447925215067
25738	0.0441412939826
38794	0.0440137348484
4916	0.0438835264421
921	0.0438720751284
2344	0.0432076858749
28742	0.0428605597322
38191	0.0422825027355
18960	0.0421027171557
35045	0.0378400089814
25444	0.0354167663835
12608	0.0346916563083
51151	0.03230903821
6417	0.0320500801778
20675	0.031974084187
21989	0.0314562999173
57496	0.0302212010383
30923	0.0294700963373
30925	0.0293550547155
3565	0.0293550547155
5221	0.0291784347972
2247	0.0280710772068
61015	0.0276906487069
32762	0.026636333806
893	0.0238084150069
5157	0.0237767181116
38203	0.023528188949
1503	0.023477780826
38793	0.0233508341772
2290	0.0233398669489
4396	0.023038341143
5112	0.0229254557589
4430	0.0225648387997
39136	0.0224477928108
6812	0.0222700441786
22743	0.0222674672806
31440	0.0222154794185
76	0.022212857255
18777	0.0221465800244
12969	0.0221115540037
59583	0.0221088434145
40962	0.0219758992705
22929	0.0219130297821
3933	0.0219014622552
4563	0.02186650134
11727	0.0218252146215
5503	0.0217923892301
41068	0.0217833768724
60731	0.0217287517417
1902	0.0215492115845
4937	0.0215362175918
9200	0.0214671011742
7340	0.0214336451871
14750	0.0211486273623
1680	0.020831006174
3720	0.0207817029888
14352	0.0207483980674
7419	0.020646306128
4764	0.0204592315347
992	0.0203088076558
5643	0.0202943282017
32188	0.0201304773285
4121	0.0201100218156
11655	0.0199467965628
37737	0.0198423852837
41985	0.0196044790331
21797	0.0195251128639
41003	0.0192405236805
41332	0.019158204826
5553	0.0189124959931
1380	0.0187898477345
23642	0.0186376821586
867	0.018588053741
35809	0.0185121061067
11359	0.018416710755
7317	0.0183901819966
41048	0.0183273942792
37198	0.0182261145198
4485	0.0182167429247
28810	0.018188458857
2030	0.018188458857
40982	0.0180628569993
35728	0.0179525007761
41126	0.0179422730468
2409	0.017911388105
684	0.0178697290702
23011	0.0177522272104
3022	0.0176639172513
3747	0.017607432908
35021	0.0174556254036
44184	0.0173952228366
41001	0.0173707321165
47637	0.0172580925891
44117	0.01718068628
25930	0.0171412543609
50845	0.0171146881321
30849	0.0171013201108
37169	0.0170061129074
15794	0.0169783711668
37052	0.0169503817287
5918	0.0167471293165
21845	0.0167169868127
3859	0.0166403376094
10166	0.0165617671747
21321	0.0164974614072
3781	0.0164483513234
21337	0.0164151785668
25891	0.0162613975104
3842	0.0162084137775
25376	0.0161363463223
50760	0.0160996816208
775	0.0160996816208
16935	0.0160438677505
33727	0.015967868968
34121	0.0158702038653
41391	0.0158702038653
3554	0.0156225912906
3156	0.0155793520363
28156	0.0154001720556
36594	0.015377036923
9178	0.015377036923
41011	0.0153302480508
38907	0.0152827502294
51026	0.0152587286848
51568	0.0152101262192
41468	0.015185539456
51281	0.0150078111059
106	0.0148743953867
2090	0.0148470170796
1232	0.0147915325119
15720	0.0147350481686
15986	0.0145892173986
26403	0.0145289309976
25432	0.0142423033927
9636	0.0142087758406
9651	0.0141748858214
913	0.0139634711481
52564	0.0139268064467
42704	0.0138897078333
18214	0.0137757026792
36606	0.013657394441
763	0.013534445497
1618	0.0134064768621
6693	0.0134064768621
4510	0.0131808546062
51509	0.0130858535106
2816	0.0129878831548
30614	0.012937725345
32770	0.0128349359317
35148	0.0128349359317
51319	0.0127822490404
31327	0.012728661475
53048	0.012728661475
30679	0.0126741419054
2786	0.0126186573377
15357	0.0125046521836
4668	0.0123863439454
4524	0.0123254722029
52180	0.0123254722029
3798	0.0122633950013
5611	0.0122633950013
40177	0.0120694282185
28349	0.0119331112532
27872	0.0119331112532
51526	0.0119331112532
5649	0.0118626634292
23648	0.0118626634292
41556	0.0117905959739
42701	0.0117168326592
40211	0.0116412917451
37695	0.0116412917451
41956	0.0115638854361
25525	0.0114030914098
51749	0.0113194918892
54253	0.011233601688
32398	0.0112336016879
43484	0.0112336016879
41215	0.0111452917288
37780	0.0110544217072
15300	0.0109608387507
41105	0.0107648501708
33807	0.0106620607575
18149	0.0105557863009
11569	0.0105557863009
59522	0.0104457821635
36750	0.0104457821635
51860	0.0102134687712
9258	0.0100905198272
42846	0.0099625511923
49406	0.0099625511923
59928	0.00982913547312
24433	0.00968978825503
22620	0.00954395748501
25393	0.00954395748501
20924	0.00954395748501
21691	0.00939101026191
984	0.00939101026191
2113	0.00906072651377
52223	0.00888154653308
21275	0.00888154653308
10232	0.00888154653308
60423	0.00869150069666
27198	0.00869150069666
52414	0.00869150069666
26761	0.00848918558338
29093	0.00848918558338
15793	0.00848918558338
57825	0.00848918558338
23292	0.00827290698938
27196	0.00827290698938
2356	0.00804059359705
42746	0.00778967601813
56335	0.00751691308086
28679	0.00721813508775
31337	0.00721813508775
10135	0.00721813508775
5155	0.0065186255225
41785	0.0065186255225
43673	0.00610003181521
59850	0.00610003181521
16850	0.00610003181521
61465	0.00504525991358
43147	0.00504525991358
59946	0.00504525991358
882	0.00434575034833
57227	0.00434575034833
59673	0.0034439256698
37756	0.0034439256698
36396	0.00217287517417
53058	0.00217287517417
