22929	0.165124169303
39288	0.144408424525
7312	0.120609441863
9538	0.111134440657
13955	0.0999036288841
48899	0.0986075733046
37961	0.096347987371
47611	0.091886783261
41061	0.0882223436361
1921	0.0865049046197
34121	0.0797259060321
33780	0.0791162286749
36078	0.0784819940428
22941	0.0747233406043
37190	0.0718794990784
59944	0.0673490727406
4655	0.0629205941976
26805	0.0607419775185
5157	0.0597226226584
1497	0.0592314978849
2290	0.0586253350921
19601	0.0568244841473
2840	0.0553191993279
2333	0.0550703383876
3733	0.0547308249484
34224	0.0535270898659
3273	0.0534830269879
18584	0.0527228261186
5420	0.0526248893367
14352	0.0521160549883
4764	0.0513897233037
9656	0.0513550614029
20542	0.0510601199656
13339	0.0506657206204
28407	0.0499240890057
17711	0.048742640991
28832	0.0478914874833
1380	0.0471965466717
24684	0.0470778406685
23688	0.0467730019899
38932	0.0462371479486
9252	0.0461029285213
25324	0.0460576754326
50939	0.0459893043888
35237	0.045067599228
27128	0.045067599228
41093	0.0448853824676
5512	0.0448059799553
5599	0.0439940839244
17771	0.0439645378644
19288	0.0437545516669
40978	0.0424336356678
18172	0.0422148989426
11314	0.0411898316288
24173	0.0406676060939
28700	0.0402991638773
16912	0.0395061404474
40989	0.0394011520153
11196	0.0390775167737
9762	0.0388541254577
17318	0.0386823219349
2130	0.0378912153966
15825	0.0376967853762
33680	0.0371535344196
9753	0.037082914971
19429	0.037082914971
22919	0.0370116564236
10803	0.0368671750167
25091	0.0365700070798
31306	0.0362611825668
29707	0.0354315722073
35679	0.0332244701195
51196	0.0332244701195
30866	0.0331078159007
7084	0.0323690855447
20345	0.0321065940465
60092	0.0311121552644
4195	0.0306442543158
22247	0.0304818977237
22982	0.0292407249347
33927	0.028432424509
6800	0.0277666183041
17591	0.0270392693266
51315	0.0267810817454
50343	0.0267810817454
37879	0.0267810817454
2975	0.0267810817454
10886	0.0265141403936
20748	0.0262378307888
51441	0.0259514713859
41178	0.025345478936
51759	0.025345478936
61010	0.025345478936
41901	0.0243389169556
503	0.0239726176199
32718	0.0227588327393
51714	0.0223087664886
44029	0.0218314072617
29857	0.0201964516336
53033	0.0188810651401
28563	0.0181305912834
60024	0.0153221271579
26734	0.0141083422774
52680	0.0141083422774
41674	0.012672739468
58555	0.00865049046195
55287	0.00545785181543
