26805	0.335401354124
1680	0.288916998674
39585	0.244679178856
13111	0.161665592723
2745	0.157668748219
22743	0.154420044838
76	0.154041336182
2344	0.149817954284
1422	0.144059081506
20542	0.14097033121
17596	0.14077027645
2326	0.139387353646
35136	0.136732947194
742	0.127284172222
23786	0.126523541964
40979	0.124496690165
41095	0.120632088802
17147	0.119503657072
50923	0.119144324421
4523	0.116853878428
50851	0.116753000612
29399	0.115289237132
2089	0.114630425186
3781	0.114065740699
36967	0.112401825979
60331	0.104256316209
11871	0.100754978005
4452	0.0955315033625
42811	0.0932708574163
11069	0.0923585922185
42460	0.0882705002293
11535	0.0850439783789
21750	0.0846047890894
44588	0.0817652199064
23090	0.0790779599941
20992	0.0784982154923
30231	0.0766600114048
57790	0.076011033945
51481	0.0699755614102
2909	0.06283416865
26156	0.0615915944361
51310	0.054019709778
50910	0.0500561976738
