25332	0.237309142173
41243	0.179368528506
869	0.12995364807
1497	0.117537503615
5204	0.114791486925
26602	0.112105067341
22743	0.110989407227
2463	0.108516422871
9200	0.107000082415
2186	0.102067723316
900	0.100837890608
38584	0.100837890608
32188	0.100337847934
41583	0.0987056982304
35136	0.0982768057955
34369	0.0974738222662
41109	0.0968512299452
1113	0.0937333837804
9251	0.0917077642677
47774	0.0913956996867
51006	0.0882101077757
41417	0.0877051266623
13952	0.0874753431093
11504	0.0871242047367
34920	0.0862102015073
40984	0.0859571595398
40318	0.0842754304118
13742	0.0833990324953
50868	0.0778688534642
15851	0.0778688534642
6928	0.0758129728737
19799	0.0755669047961
32809	0.074804558481
25834	0.0734450057155
694	0.070988980973
44819	0.0699583877262
27019	0.0692315124819
41197	0.0686632680418
18604	0.067667708442
42932	0.066382738157
10439	0.0654633553442
59646	0.0647364800999
17295	0.0642324041277
23079	0.0631726760599
30294	0.0628961201677
41717	0.0620358111493
3538	0.0604875157954
51474	0.0598225218201
1369	0.0580245635423
1584	0.0568372837457
50287	0.0555523134608
52291	0.0546329306479
52059	0.0526139973435
15754	0.0520656954715
41522	0.0482975383337
48223	0.0482975383337
39690	0.0423132843922
40865	0.0400773337103
40380	0.0388266664029
31638	0.0216608493925
25037	0.0108304246962
