869	0.122033222567
1503	0.0676244883387
9200	0.0618330047366
26602	0.0485872978093
37961	0.0483371110455
11727	0.0471483756045
6427	0.0458823563625
7312	0.0432206521347
33887	0.0426937842151
5204	0.0414596792504
22383	0.0410209939514
18613	0.0405023632388
4846	0.0403183249454
59506	0.0398972822243
1048	0.0392366176333
21558	0.0381346170327
44951	0.0372268728575
29863	0.0358006796508
13111	0.0335738928453
19598	0.0331032469794
2745	0.0327438483885
4430	0.032497442786
18777	0.0318950746176
34224	0.0306904759051
5693	0.0276410510588
4655	0.0270572758344
51133	0.0269467609932
1497	0.0254708811446
38203	0.0254136307271
41347	0.024927588794
9409	0.0247725276653
40965	0.0240685467485
4439	0.0236408215026
28592	0.0229144639421
27890	0.0228234289828
5643	0.0219206231253
900	0.0218520033822
41129	0.0200955785405
23481	0.0200866089868
30471	0.0199115112406
25453	0.0198638873259
9252	0.0198252999623
41156	0.0195631568506
511	0.0195631568506
38790	0.0188023462243
51178	0.0187759958617
492	0.0178019030655
896	0.0176761483919
35563	0.0176011089697
893	0.0171442085491
5157	0.0171213839224
51415	0.0165074401463
39136	0.0161644377126
31440	0.0159971510937
22744	0.0158670148175
2840	0.0158590029676
40962	0.0158246317547
5503	0.0156924879558
2463	0.015677316171
2007	0.0153577996786
30980	0.0152526690503
5420	0.0150865935571
29854	0.0148515828714
2186	0.0147456756032
20542	0.0146380027893
25113	0.0145927501212
1064	0.0145465716856
38925	0.014382870987
35178	0.014231261405
11201	0.014231261405
11769	0.0141727345918
34858	0.0140464475578
33841	0.0140419642666
41109	0.0139920512788
5768	0.0139828564134
40988	0.0137956373353
29218	0.0133487652498
16420	0.0133242287436
27949	0.0133180527169
28830	0.0132743408271
27651	0.0132233254052
10250	0.0131311764334
29591	0.0131109311287
32453	0.0130139754013
41015	0.0129926460804
35237	0.0129200566636
9138	0.0123144946171
17346	0.0120594452641
4695	0.0119373973605
11294	0.0119144800434
52029	0.0119029335408
27471	0.011879661826
60999	0.0118391903887
22524	0.011784098928
42450	0.0114563743008
51266	0.0109702311611
401	0.0108991280752
31340	0.0106309936824
8293	0.0106167975709
22895	0.0105481463532
8635	0.0104662837021
71	0.0103954180271
8839	0.0103727310387
37514	0.0103087667191
15052	0.0101825271028
4943	0.010157583906
6632	0.0101323620084
51505	0.0100549600367
1922	0.00942299609459
30952	0.00887545289556
2346	0.00883075170527
4518	0.00872381001617
26805	0.00870680716125
8611	0.0085421887899
4578	0.00849516654782
38793	0.00840735451756
2290	0.00840340582022
4396	0.00829484291719
1118	0.00829047950387
5112	0.00825419908251
18291	0.00821125543958
5432	0.00820104828394
19601	0.00814527030104
868	0.00808833631394
9538	0.00796505302676
5519	0.00795332649872
38794	0.00792346581075
921	0.00789796386343
41068	0.00784299912227
11	0.00779656352031
2344	0.0077783588003
1902	0.0077586890468
4937	0.00775401062281
28742	0.00771586825879
253	0.00769259592561
2898	0.00769135767187
4654	0.00768887708148
5000	0.00767261897629
3273	0.00766630296556
28405	0.00762502135666
29277	0.00758761827863
3365	0.00758761827863
4711	0.00756982205036
18584	0.00755733512085
41090	0.00754329677853
1680	0.0075001026744
3720	0.00748235130186
40995	0.00748085934108
2733	0.00747936540549
1422	0.00747936540549
41018	0.00747786948987
35345	0.00747637158896
14352	0.00747036002656
3133	0.00746431627358
20506	0.00744906376888
40987	0.00739721603165
2613	0.00737119371077
4708	0.00737119371077
15015	0.00735461972467
992	0.00731208763231
17596	0.00730861480442
6304	0.00729813174295
1984	0.00727507880293
42829	0.00726608538347
17612	0.00726608538347
27809	0.00725883869294
12610	0.00724236149269
7175	0.00723496036341
7261	0.00720676568737
11655	0.00718174729521
41074	0.00716013593018
949	0.00714214083944
2312	0.00712998271643
41583	0.00712998271643
5218	0.007119749934
21745	0.00711356543539
32612	0.00708636729591
30269	0.00707358978392
34751	0.00704099844814
9647	0.00703214610338
41355	0.0069868119705
5593	0.00698217677643
39549	0.00697050481955
27865	0.00695395860238
29309	0.00694679243118
36394	0.00694679243118
33762	0.00692257115464
35703	0.00691766389399
11169	0.00691766389399
15228	0.00691273520418
631	0.00689531329885
21545	0.00689280235638
20075	0.00687761825063
29861	0.00686738082741
3827	0.0068596413582
31830	0.00683873949841
8397	0.00682280509486
35045	0.00681205579293
22971	0.00680120313074
41027	0.00679299459877
41071	0.00679024510125
1113	0.00677080876068
41010	0.00671335777561
42156	0.00671335777561
10987	0.00671040700747
870	0.00669553632896
38822	0.00665282486939
41097	0.00663401329773
51989	0.00663084732603
50855	0.00660843332078
47774	0.00660194670424
25324	0.00660194670424
3788	0.00659214634016
29453	0.006585565166
25554	0.00658226013239
34147	0.00656558821668
2142	0.00656222407657
18701	0.00656222407657
28047	0.00654866633791
3239	0.00654525130302
29845	0.00654182590381
34683	0.0065383900772
41029	0.00653494375949
39546	0.00653494375949
41165	0.00653494375949
40982	0.00650344399864
12467	0.00648915686898
41972	0.00647468656602
40979	0.00646371077607
7299	0.00646002833179
41403	0.0064526272025
51156	0.00644890835838
41098	0.00644143370741
684	0.00643390922506
8681	0.00642252760083
1239	0.00642252760083
41042	0.00641103003276
18699	0.0064071713344
23011	0.00639160325073
7214	0.00639160325073
6954	0.00638767744444
42912	0.00637978462786
3991	0.0063718362276
11381	0.00634356756854
22654	0.00633123227449
41364	0.00632709036829
30794	0.00631036905251
3139	0.00631036905251
37775	0.00630191456974
3116	0.00628049707374
2313	0.00627616436911
30691	0.00627616436911
19288	0.00627181496807
41188	0.00624089061797
34199	0.00624089061797
4005	0.00621369247849
50923	0.00618582271259
25930	0.00617162544148
47628	0.00616206039972
51173	0.0061426836462
41041	0.0061377870304
22717	0.0061279296038
34356	0.0061279296038
51724	0.00611798532651
44281	0.00611798532651
24126	0.00611798532651
21648	0.00611298013794
11478	0.00611298013794
14360	0.00609273442611
38493	0.00609273442611
40318	0.00608761574082
41091	0.0060824737357
40411	0.0060721189092
50465	0.00606690565201
37660	0.00605640633751
29444	0.00602430934505
41370	0.00600239276959
21458	0.00599684647749
14716	0.00598004217445
41555	0.00597438467803
12182	0.00596298389249
21637	0.00595724002172
42988	0.00595724002172
37689	0.005939830913
35581	0.00591020537567
3288	0.00591020537567
44433	0.00590418579782
41102	0.00589813394326
20800	0.00589813394326
2169	0.00589204946398
22230	0.00589204946398
2216	0.00588593200634
9292	0.00587978121089
29902	0.00587978121089
25891	0.00585483725265
24889	0.00584851416513
33879	0.00583576071676
3842	0.00583576071676
25047	0.00582286151154
7460	0.00582286151154
18112	0.00582286151154
25376	0.00580981317926
25732	0.00578325505577
52383	0.00577651671832
40625	0.00575605691629
20527	0.00574915372553
3369	0.00574915372553
26890	0.00573521937358
4144	0.00570682370808
25942	0.00570682370808
30762	0.00569961174634
22838	0.00569961174634
18815	0.00569961174634
2934	0.00569235340511
11887	0.00569235340511
38663	0.0056702940416
26566	0.0056702940416
50870	0.00566284405962
50883	0.00566284405962
41940	0.00565534457574
34676	0.00564019443993
26059	0.0056248381735
24457	0.0056170809734
13036	0.00560927008983
618	0.00560140477457
34109	0.00557747451763
41073	0.00556938367172
36594	0.00553642751518
554	0.0055280358916
23337	0.00551106311806
18997	0.00548511558056
38820	0.00548511558056
35039	0.00547633212633
19799	0.00545855745707
13633	0.0054495640376
43785	0.00544049838106
51164	0.00544049838106
27320	0.00541285614628
38708	0.00540348955168
51118	0.00540348955168
13149	0.00538451989219
2094	0.0053554538695
15288	0.0053554538695
51340	0.0053356521656
1232	0.00532561949357
42262	0.00532561949357
34521	0.00530528257991
888	0.00530528257991
6394	0.00529497503639
14525	0.00526347527553
34724	0.00526347527553
29855	0.00525277691893
38818	0.00525277691893
3481	0.00524197618414
20111	0.00524197618414
41136	0.00522005960868
51854	0.00520893963527
41943	0.00520893963527
17764	0.00516333067552
18958	0.00515163452763
43749	0.00515163452763
48978	0.00515163452763
32626	0.00515163452763
41799	0.00513981590475
41426	0.00512787221476
32784	0.00511580078235
1132	0.00511580078235
23643	0.00510359884544
20785	0.00509126355138
42463	0.00509126355138
41103	0.00507879195298
15009	0.00507879195298
51228	0.00507879195298
25092	0.00506618100422
3182	0.00505342755586
51804	0.00504052835064
51869	0.00504052835064
15188	0.00501427907054
53168	0.00501427907054
95	0.00500092189487
766	0.00500092189487
41649	0.00498740474922
52416	0.00498740474922
43575	0.00498740474922
3205	0.00497372375539
41694	0.00495987489242
51092	0.00494585398948
51792	0.00493165671837
41629	0.00493165671837
51193	0.00491727858544
18756	0.00488796088069
26600	0.00485786127902
33709	0.00482693692892
12597	0.00481115110277
41773	0.00481115110277
52276	0.00481115110277
50949	0.00481115110277
50291	0.00479514135673
7311	0.00479514135673
32762	0.00479514135673
50992	0.00477890124673
13634	0.00477890124673
50890	0.00476242404648
4510	0.0047457027307
46558	0.0047457027307
7614	0.00472872995715
44335	0.0047114980473
38283	0.00469399896543
52629	0.00469399896543
46607	0.00469399896543
59906	0.00465816522015
52874	0.00465816522015
10046	0.00465816522015
57430	0.00463981248779
41180	0.00463981248779
17295	0.00463981248779
36120	0.00463981248779
42914	0.00463981248779
14649	0.00462115639078
11558	0.00462115639078
38713	0.00462115639078
52319	0.00462115639078
37592	0.00460218673128
37117	0.00460218673128
4075	0.00460218673128
60215	0.00458289278844
52666	0.00458289278844
42460	0.00458289278844
59578	0.00456326328199
287	0.00456326328199
19816	0.00456326328199
53286	0.00454328633267
5161	0.00454328633267
51571	0.00454328633267
43210	0.00452294941901
39239	0.00452294941901
398	0.00450223933022
23712	0.00450223933022
17956	0.00450223933022
52128	0.00448114211463
11511	0.00448114211463
4341	0.00445964302324
51497	0.00445964302324
12731	0.00445964302324
60092	0.00445964302324
42097	0.00445964302324
2093	0.00443772644778
42905	0.00443772644778
6711	0.00443772644778
11322	0.00443772644778
5865	0.00441537585264
50146	0.00441537585264
42959	0.00441537585264
41235	0.00439257369991
29328	0.00439257369991
41858	0.00439257369991
39848	0.00439257369991
42713	0.00439257369991
52843	0.00436930136672
22247	0.00436930136672
39458	0.00434553905386
53122	0.00432126568453
4438	0.00429645879208
9444	0.00429645879208
40126	0.00427109439495
56324	0.00424514685745
21656	0.00424514685745
30119	0.00424514685745
38685	0.00424514685745
4507	0.00421858873396
23210	0.00421858873396
3550	0.00421858873396
7482	0.00421858873396
40993	0.00416352082858
59798	0.00416352082858
41948	0.00416352082858
42350	0.00413494542453
52838	0.00413494542453
51391	0.00410562771979
43347	0.00410562771979
23090	0.00410562771979
53158	0.00410562771979
15447	0.00407552811812
60429	0.00407552811812
60456	0.00407552811812
33927	0.00407552811812
27811	0.00407552811812
41550	0.00398009088558
6752	0.00398009088558
51097	0.00398009088558
47456	0.00394639679625
31308	0.00394639679625
15300	0.00394639679625
60601	0.00394639679625
51398	0.00391166580452
51556	0.00391166580452
34794	0.00391166580452
50951	0.00387583205925
59563	0.00383882322988
60009	0.00383882322988
4124	0.00380055962753
8609	0.00380055962753
738	0.00380055962753
53034	0.00380055962753
42210	0.00376095317176
15648	0.00376095317176
32289	0.00371990616931
20858	0.00367730986233
41339	0.00367730986233
48574	0.00367730986233
40621	0.00367730986233
22490	0.00367730986233
10501	0.00363304269173
535	0.00363304269173
41611	0.00363304269173
7329	0.00363304269173
52915	0.00363304269173
22294	0.00363304269173
24577	0.00358696820582
30774	0.00358696820582
8909	0.00358696820582
53419	0.00353893252363
42927	0.00353893252363
3665	0.00353893252363
44826	0.00353893252363
4080	0.00353893252363
6630	0.00348876123405
51752	0.00348876123405
41522	0.00348876123405
19080	0.00348876123405
2988	0.00348876123405
32680	0.00348876123405
14696	0.00343625557306
31185	0.00343625557306
503	0.00343625557306
10746	0.00343625557306
52241	0.00343625557306
38417	0.00343625557306
52429	0.00343625557306
37883	0.00338118766768
3939	0.00338118766768
51436	0.00332329455889
25049	0.00332329455889
33351	0.00332329455889
41277	0.00326227060711
43599	0.00326227060711
58215	0.00326227060711
42045	0.00326227060711
19959	0.00326227060711
47104	0.00319775772468
52873	0.00319775772468
16513	0.00312933264362
50790	0.00312933264362
22525	0.00312933264362
31487	0.00305649006897
52861	0.00305649006897
30815	0.00297862001086
24737	0.00297862001086
14865	0.00297862001086
29787	0.00297862001086
39491	0.00297862001086
41562	0.00297862001086
19406	0.00297862001086
5442	0.00297862001086
34437	0.00297862001086
59530	0.00297862001086
30717	0.00297862001086
49344	0.00289497670143
48460	0.00289497670143
10851	0.00280463504491
56053	0.00280463504491
52505	0.00280463504491
35098	0.00270642807314
27035	0.00270642807314
29298	0.00270642807314
41960	0.00270642807314
54331	0.00270642807314
29003	0.00259885450677
8955	0.00259885450677
33733	0.00259885450677
15833	0.00259885450677
14728	0.00247993744621
15302	0.00247993744621
52303	0.00247993744621
26308	0.00247993744621
51411	0.00234699948271
27018	0.00234699948271
31129	0.00234699948271
35333	0.00234699948271
12995	0.00234699948271
56179	0.00234699948271
50406	0.00234699948271
61028	0.00234699948271
50469	0.00234699948271
50997	0.00234699948271
49955	0.00219628684995
14230	0.00219628684995
50239	0.00219628684995
6050	0.00219628684995
46720	0.00219628684995
48782	0.00219628684995
61113	0.00219628684995
59713	0.00202230188401
52000	0.00202230188401
54253	0.00202230188401
50233	0.00202230188401
48386	0.00202230188401
18379	0.00202230188401
29201	0.00181652134587
6490	0.00181652134587
26989	0.00181652134587
8738	0.00181652134587
29305	0.00181652134587
29704	0.00181652134587
48519	0.00181652134587
19895	0.00181652134587
18136	0.00181652134587
30633	0.00181652134587
43491	0.00156466632181
56125	0.00156466632181
21574	0.00156466632181
8244	0.0012399687231
33040	0.0012399687231
56095	0.0012399687231
35692	0.0012399687231
25774	0.0012399687231
54482	0.0012399687231
9433	0.0012399687231
59182	0.0012399687231
14229	0.0012399687231
39628	0.000782333160905
57667	0.000782333160905
31610	0.000782333160905
11139	0.000782333160905
