1497	0.0859702883589
869	0.0712888583699
54043	0.0618982903108
12969	0.0604593062331
295	0.0551807284264
40334	0.0476299548146
5157	0.0433415604435
10089	0.0427751364581
19034	0.0427166281861
36494	0.0400528185811
921	0.0399862627599
253	0.038946514229
2419	0.0377600035731
7734	0.0373432185145
652	0.0360402224519
3531	0.0351827370605
1742	0.034503014492
41010	0.0339887713668
31400	0.0321372428925
44951	0.0314123898588
25047	0.0294803159955
13063	0.0283989331405
51496	0.0273092771035
41099	0.027261054997
39288	0.0261998141639
24088	0.0258387918689
53338	0.024026814968
6427	0.0232295815641
1612	0.0230020096614
4655	0.0228311870374
4486	0.0227941945518
35563	0.0222779750673
14667	0.0222389731321
1356	0.0220008434384
893	0.0216996696777
5231	0.0215912873486
4578	0.0215049073181
3474	0.0214925720897
38203	0.0214442636421
38793	0.0212826174358
13111	0.0212474779006
1118	0.0209867566869
5112	0.0208949153917
22383	0.0207683432234
5432	0.0207603679416
2745	0.0207221783373
41016	0.0206421525879
40965	0.0203092689706
6812	0.0202975545514
9538	0.0201629628048
22744	0.0200831073261
2840	0.0200729666132
34367	0.0199668948057
1048	0.0198649389846
36398	0.0197874148489
2344	0.0196903597058
2	0.0196728847715
4937	0.0196287240337
7340	0.0195352366134
5000	0.0194226868942
3273	0.0194066983642
14750	0.0192754632245
18307	0.019241690457
1628	0.0190845691024
1119	0.0190809774704
2381	0.0189334792835
3059	0.0188294315663
33634	0.0187659368897
37392	0.01869277703
23150	0.0184746992121
32188	0.0183474921937
26863	0.0182959262798
13955	0.0181253726689
29863	0.0181253726689
51212	0.0181052163747
13056	0.0180695970354
37426	0.0179969978481
51041	0.0179332671124
32862	0.0179171098053
34751	0.017823784643
5673	0.0177787893373
41109	0.01770993919
36394	0.01758530884
37961	0.0174802777087
16447	0.0174166416069
22251	0.0173117805588
497	0.0173117805588
11675	0.0173050971806
35045	0.0172442326643
5553	0.0172373892051
41467	0.0171610090274
1380	0.017125604078
1157	0.0171184701346
51019	0.017111318334
31868	0.0169794267861
19547	0.0169111252979
18515	0.0168957228732
9135	0.0168646666668
50933	0.0168332691766
41050	0.0168094925385
51989	0.0167855163738
742	0.0167287769206
50939	0.0166875475925
10250	0.0166203175999
3535	0.0165601650022
29845	0.0165601650022
34683	0.0165514674525
41434	0.0165339925182
29434	0.0165164100451
38959	0.0164898317804
2409	0.0163249508729
3694	0.0161897905375
10524	0.0161897905375
5460	0.0160479174219
50995	0.0158986297352
29992	0.0158545030997
21103	0.0158433641271
41253	0.0157870083975
18607	0.0156230289747
10920	0.0155124160827
52404	0.0154745725777
31882	0.0154745725777
41274	0.0154233220043
51721	0.0153446800803
21845	0.0152363394093
53342	0.0151093343734
41942	0.0150948677964
27529	0.0150803275978
90	0.0150362576826
8159	0.0149612627509
13317	0.0149460246196
11314	0.0149460246196
7198	0.0148998164503
32483	0.0147889992359
16273	0.0147889992359
39510	0.0147071270766
33727	0.0145535720023
40992	0.0145359895292
48076	0.0145182981857
10157	0.0144464165867
7411	0.0144281600207
4508	0.014335085248
20591	0.014219239264
24429	0.0141795560864
46722	0.0141595058788
10096	0.0141595058788
12432	0.0141393139725
17483	0.0141189783503
41331	0.0140778676719
51415	0.0139291352091
34607	0.0138851782982
7413	0.0138629436112
30793	0.0138405345327
30585	0.0138179483056
1954	0.0136546385517
38330	0.0136305274985
106	0.0135569489382
42262	0.0134814253465
59505	0.0134038510921
43787	0.013350939527
11239	0.013350939527
27925	0.0132970295719
43088	0.0132696882832
10054	0.0132142080379
41322	0.0132142080379
31720	0.0132142080379
50936	0.0131576291028
4998	0.012980842235
32711	0.0127923908985
3861	0.0127267065607
913	0.0127267065607
4391	0.0126932893042
13006	0.0126252588794
26509	0.0125555690133
36632	0.0125200760991
51250	0.0124477395048
43150	0.0124477395048
9142	0.0123735238294
41030	0.0122584555461
12481	0.0122584555461
37073	0.0122190460543
34190	0.012179085363
19465	0.0121385578344
54577	0.0121385578344
51196	0.0120557363005
52458	0.0119268207711
1268	0.0118825230953
19469	0.0118825230953
25987	0.0118375277897
7526	0.0118375277897
7693	0.0117918125287
41430	0.0117453538976
57430	0.0117453538976
26940	0.0116981273206
51220	0.0116501069826
37592	0.0116501069826
17278	0.0116501069826
52309	0.0116012657444
26530	0.0115515750509
51498	0.0114495233864
41984	0.0113970972759
35971	0.0113970972759
43890	0.0113436911816
60092	0.0112892677674
6221	0.0112337875221
41656	0.0112337875221
42427	0.0112337875221
39420	0.0112337875221
41321	0.011119486566
41864	0.0110605743169
39751	0.0110004217192
51201	0.0109389754185
30864	0.0109389754185
51474	0.0109389754185
51857	0.0109389754185
4438	0.0108761785422
2925	0.0108119703826
40126	0.0108119703826
35130	0.0106790560522
13627	0.0105396555832
1801	0.0104673189889
20866	0.0104673189889
19404	0.0104673189889
52667	0.0104673189889
45428	0.0103931033135
25827	0.0102386255384
51482	0.0101581373185
36483	0.0101581373185
43358	0.0100753157846
20653	0.00999002160418
6910	0.00999002160418
51768	0.00999002160418
51671	0.00999002160418
15802	0.00990210257942
52417	0.00990210257942
24409	0.0098113920128
26829	0.00971770680474
35723	0.00971770680474
60252	0.00971770680474
51579	0.00952058431478
52503	0.00952058431478
4938	0.00952058431478
6395	0.00941667676
844	0.00930884725148
52608	0.00930884725148
50651	0.00930884725148
35340	0.00919678807104
36266	0.00908015380099
60506	0.00895855490265
41256	0.00883154986673
18765	0.00855923506729
29043	0.00825820502255
49422	0.00792168206353
6468	0.00792168206353
12294	0.00773728628886
7450	0.00773728628886
39277	0.00754016379889
30292	0.00754016379889
42882	0.00754016379889
11372	0.0073284267356
5136	0.0070997332851
44385	0.0070997332851
39485	0.00685112935085
52798	0.00685112935085
33509	0.00685112935085
48008	0.00685112935085
42553	0.0065788145514
23282	0.00627778450667
32301	0.00594126154765
31476	0.00594126154765
40193	0.00555974328301
36279	0.00555974328301
59835	0.00511931276922
11469	0.00511931276922
44315	0.00511931276922
37255	0.00511931276922
53861	0.00459839403552
12450	0.00459839403552
20151	0.00459839403552
20673	0.00459839403552
8171	0.00459839403552
53293	0.00313889225333
19853	0.00313889225333
15750	0.00313889225333
6058	0.00313889225333
18347	0.00313889225333
19740	0.00313889225333
32267	0.00198042051588
19121	0.00198042051588
