6427	0.225843154095
893	0.210969010756
13111	0.206572701812
26602	0.199297897496
4846	0.198455755009
22744	0.195252432338
2333	0.194275915979
2344	0.191434052696
3273	0.188676234097
41018	0.184038676889
27809	0.178648085609
41583	0.175476796854
17938	0.171609558724
12423	0.170251394724
30799	0.163036025365
40972	0.160576208772
26893	0.159793684412
40979	0.1590791041
35847	0.152699117369
7472	0.142985957689
60331	0.133216404044
33680	0.131069413092
59879	0.126496580322
51044	0.124053003296
9205	0.116797017205
38332	0.111314810701
25230	0.105740624716
45412	0.104477780992
48682	0.102468873725
41974	0.0925612363938
39182	0.0845700677146
42708	0.0690251847164
31927	0.0666082020222
60166	0.0639606970277
60775	0.0577622650467
11275	0.0447066086788
