172	0.25577960023
6427	0.213956672301
4655	0.210287249029
893	0.199865378611
5519	0.185438086259
22744	0.18497598853
2	0.181197622896
34224	0.178893168763
33841	0.163699741319
7100	0.15786675163
29591	0.152845855
3535	0.152527835547
1364	0.1510471819
41098	0.15018711223
23011	0.149025275793
39602	0.146535381678
1489	0.139429404383
14716	0.139429404383
42328	0.139031677072
11314	0.137660753075
39265	0.135915420366
18183	0.135764613137
32009	0.132033679916
3486	0.132033679916
23628	0.131505586152
51337	0.118416043956
33921	0.0995839377348
24981	0.0964095170035
3278	0.0927989611742
11012	0.0886130481576
34777	0.0847072585492
53450	0.0729628611116
55824	0.0653922802576
34642	0.0653922802576
2400	0.0631025071789
5187	0.0423536292746
34558	0.0364814305558
