869	0.177904459391
15306	0.0846756362445
1497	0.0804534784107
38203	0.0802726446498
5503	0.055762878324
37686	0.0461763434604
5157	0.0405602838375
38793	0.0398337759495
8709	0.0390687702283
18613	0.0383797794969
76	0.0378925211998
22744	0.0375887035516
40962	0.0374882987557
1422	0.0354369933115
41044	0.0327756695725
15228	0.0327523175984
631	0.0326697731699
22251	0.0324017283186
41403	0.0305723406492
30625	0.0304297297023
21558	0.0301134319884
3116	0.0297567936221
40334	0.029715658084
18556	0.0296949710424
33656	0.0279738428709
7411	0.0270045775789
42810	0.0234332975116
36606	0.0232979081641
6427	0.0217389132284
4655	0.0213660841259
35563	0.0208483723891
4518	0.0206665659741
7312	0.0204778063055
893	0.0203071775059
1503	0.0200251659987
2290	0.019907533574
20085	0.0198586741535
5204	0.0196434630031
19598	0.0196052652565
2745	0.0193924128825
4430	0.0192464801527
26602	0.0191837548391
868	0.0191611389682
39136	0.0191466468092
40965	0.0190060003736
22743	0.0189928397393
25738	0.0188249636102
2840	0.0187848618038
38794	0.0187705633912
4563	0.0186508393782
2	0.0184104536632
4937	0.0183691267695
51591	0.0183635679384
28742	0.018278768121
253	0.0182236363371
2898	0.0182207029338
29277	0.0179749459755
39447	0.0179717264727
4711	0.0179327869962
3720	0.0177255701963
40995	0.0177220357652
3133	0.0176828455037
33634	0.0175617056455
5237	0.0175200745642
2037	0.0175162575803
4764	0.0174505210149
5643	0.017309868172
900	0.0172556818152
32188	0.0171701130155
16209	0.0171482859817
38925	0.0170363953134
13955	0.01696224715
1931	0.0169052546522
33887	0.0168568149797
51041	0.0167824692228
3527	0.0166695473949
33841	0.0166325940377
29309	0.0164568398235
23782	0.0164568398235
29861	0.0162687150082
562	0.0162008641593
497	0.0162008641593
22971	0.0161119411065
41010	0.0159038368694
23688	0.0158828108361
14207	0.0158115053626
41374	0.0157308085253
30471	0.015723350231
11359	0.0157083709381
38932	0.0157008497045
23265	0.0157008497045
41048	0.0156321892381
41034	0.0155932686558
41609	0.0155055953328
34683	0.0154893411989
41165	0.0154811769275
41000	0.0154729876507
5774	0.0154647732148
1655	0.0154149494727
5616	0.0153641796538
16927	0.0153470398721
40979	0.0153124271326
41067	0.0152596531143
23999	0.0152507552798
41093	0.0152418277363
41307	0.015223882724
24958	0.015223882724
41154	0.0151693135486
23011	0.0151416055618
862	0.0150278098014
24017	0.0149491630495
29394	0.0149089548212
7062	0.0149089548212
31138	0.0148681327032
2152	0.0148371018312
2110	0.0147739383399
4339	0.0146541147683
41164	0.0146429506736
51724	0.0144934090889
33495	0.0144934090889
4057	0.0144815518775
41329	0.0144696418499
32811	0.014433590111
41091	0.0144092827
40411	0.0143847522822
51099	0.0143224231943
41370	0.014219572176
41366	0.0141932291374
14716	0.0141666239747
4695	0.0141397514189
10166	0.0141262131784
17306	0.014098929301
3781	0.0140294761288
17066	0.0139725846891
50980	0.0138997246825
48489	0.0138248235161
42378	0.0137788545307
20675	0.0136360064915
52738	0.013467787707
13212	0.0133795355774
42335	0.0133251513949
24457	0.0133067747123
18967	0.0132696380488
57861	0.0131937805698
51676	0.0131937805698
5164	0.013174475094
27952	0.0131550292134
51246	0.0131354408709
13067	0.0131157079637
51568	0.0129733429516
30793	0.0129523718889
39324	0.0129523718889
53134	0.0128668030892
13149	0.0127558412419
22408	0.0127558412419
7427	0.0126869843004
7420	0.0126400743816
41411	0.0126400743816
15325	0.0126400743816
41056	0.0126163071425
48902	0.0126163071425
21696	0.0125923267415
5804	0.0125190674522
59611	0.0124941947445
31720	0.0123662374687
10054	0.0123662374687
41338	0.0123662374687
41519	0.0123662374687
2361	0.0122864167116
48978	0.0122041395494
29583	0.0122041395494
11774	0.0121478470114
2681	0.0121192499817
42799	0.0120903437889
36366	0.0120315766586
32711	0.0119714888087
33751	0.0119714888087
22426	0.0118787466751
34168	0.0118787466751
18974	0.0117826717841
23619	0.0117498640499
18214	0.0117498640499
3385	0.0116830156483
3542	0.0116830156483
16145	0.0115081954364
30913	0.0114718166875
59507	0.0114349361471
50992	0.0113211403866
50929	0.0112821061636
1877	0.0112821061636
42029	0.0112424936347
41143	0.0112424936347
1922	0.0111614632885
8089	0.0111614632885
840	0.0111200082443
35940	0.0110351186766
21582	0.010991641348
26777	0.0109474453535
52239	0.0108102975076
42191	0.0108102975076
51745	0.0107629724351
2748	0.0107147946129
5484	0.0107147946129
4635	0.0106657327448
42377	0.0106657327448
37845	0.0106657327448
41616	0.0106657327448
36145	0.0106157537795
41381	0.0106157537795
36676	0.0105648227769
42942	0.0105129027613
52265	0.01045995456
51805	0.01045995456
28074	0.01045995456
50146	0.01045995456
34792	0.01045995456
35387	0.0104059366259
18495	0.010294512304
43723	0.010294512304
32720	0.0102370090815
3398	0.0101782419512
5458	0.0101782419512
51526	0.0101782419512
27113	0.0101782419512
51258	0.0101181541014
39658	0.0101181541014
17331	0.0101181541014
51299	0.0100566848013
36847	0.0100566848013
32493	0.00999376903283
18304	0.00999376903283
31866	0.00992933707674
778	0.00986331404842
12608	0.00986331404842
4425	0.00979561937466
2656	0.00972616620246
33927	0.00965486072898
41135	0.00965486072898
19661	0.00942877145618
45481	0.00942877145618
37055	0.00934895069909
5624	0.00934895069909
60432	0.00926667353688
18562	0.00926667353688
35180	0.00926667353688
18441	0.0091817839692
12199	0.0091817839692
31854	0.00909411064614
52469	0.00909411064614
17361	0.00900346478605
43287	0.00900346478605
11858	0.00890963772773
51536	0.00881239803743
21341	0.00871148806956
4322	0.00871148806956
2548	0.00871148806956
21709	0.00860661985258
27280	0.00849747013461
14135	0.00849747013461
17992	0.00838367437413
18345	0.00838367437413
98	0.00826481939399
2988	0.00826481939399
51161	0.00826481939399
16836	0.00814043432545
51789	0.00800997934104
26549	0.00800997934104
38731	0.00800997934104
1493	0.00787283149509
18186	0.00787283149509
26640	0.00772826673233
18683	0.00772826673233
41234	0.00772826673233
10184	0.00772826673233
24354	0.0075754367488
41767	0.0075754367488
18306	0.0075754367488
39063	0.00741333882951
31027	0.00741333882951
51510	0.00741333882951
6478	0.00741333882951
51609	0.00724077593877
52655	0.00724077593877
4694	0.00705630302035
16564	0.00705630302035
4282	0.00705630302035
43546	0.00685815336219
31960	0.00685815336219
19509	0.00664413542723
53107	0.00641148468662
33191	0.00641148468662
5922	0.00615664463367
3144	0.00587493202495
42788	0.00587493202495
51017	0.00587493202495
906	0.00587493202495
24504	0.00587493202495
7142	0.00587493202495
55836	0.00556000412213
5155	0.00556000412213
41259	0.00556000412213
18305	0.00556000412213
29334	0.00520296831297
42143	0.00520296831297
187	0.00520296831297
55110	0.00520296831297
29037	0.00520296831297
24712	0.00479080071985
49869	0.00430330992629
44934	0.00430330992629
15332	0.00430330992629
60045	0.00370666941475
49886	0.00370666941475
37095	0.00370666941475
42772	0.00370666941475
47119	0.00293746601248
23581	0.00293746601248
12851	0.00293746601248
58452	0.00293746601248
20771	0.00293746601248
54961	0.00293746601248
60173	0.00293746601248
17235	0.00293746601248
41997	0.00185333470738
3337	0.00185333470738
5006	0.00185333470738
49012	0.00185333470738
