2017	0.142857142857
4267	0.142857142857
19560	0.142857142857
27141	0.142857142857
33204	0.142857142857
35558	0.142857142857
40352	0.142857142857
42596	0.142857142857
44219	0.142857142857
46707	0.142857142857
48083	0.142857142857
54779	0.142857142857
58881	0.142857142857
61107	0.142857142857
5690	0.125
9011	0.125
9302	0.125
12589	0.125
13342	0.125
18665	0.125
23458	0.125
31082	0.125
35375	0.125
36511	0.125
39097	0.125
44198	0.125
45021	0.125
45374	0.125
50169	0.125
54935	0.125
56065	0.125
56679	0.125
60184	0.125
59652	0.117647058824
3815	0.111111111111
8897	0.111111111111
11208	0.111111111111
14123	0.111111111111
16358	0.111111111111
20757	0.111111111111
20904	0.111111111111
22512	0.111111111111
24080	0.111111111111
24352	0.111111111111
24734	0.111111111111
25991	0.111111111111
29526	0.111111111111
29561	0.111111111111
30921	0.111111111111
41151	0.111111111111
42091	0.111111111111
44620	0.111111111111
48455	0.111111111111
50753	0.111111111111
51162	0.111111111111
52076	0.111111111111
56559	0.111111111111
59070	0.111111111111
2839	0.1
4927	0.1
6585	0.1
9793	0.1
13973	0.1
28876	0.1
31989	0.1
35629	0.1
40396	0.1
43458	0.1
45745	0.1
48772	0.1
49031	0.1
49325	0.1
50712	0.1
52524	0.1
53170	0.1
1907	0.0952380952381
10037	0.0909090909091
10693	0.0909090909091
11311	0.0909090909091
31678	0.0909090909091
33458	0.0909090909091
36098	0.0909090909091
40947	0.0909090909091
42169	0.0909090909091
49964	0.0909090909091
52339	0.0909090909091
57995	0.0909090909091
59858	0.0909090909091
60441	0.0909090909091
484	0.0833333333333
500	0.0833333333333
6992	0.0833333333333
14394	0.0833333333333
19296	0.0833333333333
22608	0.0833333333333
22616	0.0833333333333
27924	0.0833333333333
34653	0.0833333333333
35150	0.0833333333333
35801	0.0833333333333
39338	0.0833333333333
41387	0.0833333333333
43674	0.0833333333333
45476	0.0833333333333
48468	0.0833333333333
53588	0.0833333333333
58157	0.0833333333333
58812	0.0833333333333
60357	0.0833333333333
4154	0.0769230769231
6807	0.0769230769231
10350	0.0769230769231
19860	0.0769230769231
20472	0.0769230769231
23021	0.0769230769231
23525	0.0769230769231
23587	0.0769230769231
24919	0.0769230769231
30127	0.0769230769231
32893	0.0769230769231
38208	0.0769230769231
41021	0.0769230769231
41959	0.0769230769231
48138	0.0769230769231
52636	0.0769230769231
55999	0.0769230769231
56196	0.0769230769231
5250	0.0714285714286
11756	0.0714285714286
15347	0.0714285714286
19945	0.0714285714286
24399	0.0714285714286
26296	0.0714285714286
28354	0.0714285714286
35596	0.0714285714286
42967	0.0714285714286
44899	0.0714285714286
50778	0.0714285714286
53316	0.0714285714286
5602	0.0666666666667
5955	0.0666666666667
6129	0.0666666666667
6547	0.0666666666667
12549	0.0666666666667
12696	0.0666666666667
17391	0.0666666666667
25765	0.0666666666667
31946	0.0666666666667
41641	0.0666666666667
51921	0.0666666666667
59616	0.0666666666667
2166	0.0625
6937	0.0625
10331	0.0625
11518	0.0625
11575	0.0625
14334	0.0625
15739	0.0625
18454	0.0625
25116	0.0625
30440	0.0625
36647	0.0625
36904	0.0625
37467	0.0625
38056	0.0625
43068	0.0625
43140	0.0625
45609	0.0625
51544	0.0625
57681	0.0625
4345	0.0588235294118
8796	0.0588235294118
12859	0.0588235294118
23391	0.0588235294118
24596	0.0588235294118
28993	0.0588235294118
37554	0.0588235294118
38030	0.0588235294118
38785	0.0588235294118
45746	0.0588235294118
45948	0.0588235294118
47379	0.0588235294118
47811	0.0588235294118
52479	0.0588235294118
55824	0.0588235294118
61430	0.0588235294118
9856	0.0555555555556
9918	0.0555555555556
18088	0.0555555555556
18529	0.0555555555556
23937	0.0555555555556
44440	0.0555555555556
51067	0.0555555555556
51595	0.0555555555556
52412	0.0555555555556
52467	0.0555555555556
52490	0.0555555555556
52653	0.0555555555556
3313	0.0526315789474
8923	0.0526315789474
10724	0.0526315789474
20884	0.0526315789474
27196	0.0526315789474
33752	0.0526315789474
36252	0.0526315789474
42130	0.0526315789474
42209	0.0526315789474
51475	0.0526315789474
57855	0.0526315789474
202	0.05
1345	0.05
2602	0.05
12294	0.05
42515	0.05
43099	0.05
51002	0.05
51440	0.05
51770	0.05
53038	0.05
53960	0.05
220	0.047619047619
25964	0.047619047619
28514	0.047619047619
31179	0.047619047619
33078	0.047619047619
33985	0.047619047619
34449	0.047619047619
52411	0.047619047619
59689	0.047619047619
60571	0.047619047619
1187	0.0454545454545
21798	0.0454545454545
23500	0.0454545454545
34122	0.0454545454545
35064	0.0454545454545
41946	0.0454545454545
44483	0.0454545454545
47104	0.0454545454545
51189	0.0454545454545
29379	0.0444444444444
1136	0.0434782608696
10573	0.0434782608696
17710	0.0434782608696
18261	0.0434782608696
19460	0.0434782608696
26640	0.0434782608696
41966	0.0434782608696
43756	0.0434782608696
47886	0.0434782608696
33004	0.0425531914894
5263	0.0416666666667
10894	0.0416666666667
11536	0.0416666666667
25151	0.0416666666667
46726	0.0416666666667
47487	0.0416666666667
51399	0.0416666666667
51999	0.0416666666667
33826	0.0408163265306
3032	0.04
3292	0.04
5188	0.04
9633	0.04
10893	0.04
12175	0.04
12584	0.04
14599	0.04
24263	0.04
30758	0.04
34889	0.04
38257	0.04
38731	0.04
39466	0.04
41211	0.04
41853	0.04
44913	0.04
50623	0.04
51839	0.04
52387	0.04
55055	0.04
10431	0.0384615384615
15834	0.0384615384615
18590	0.0384615384615
25634	0.0384615384615
30252	0.0384615384615
36684	0.0384615384615
45639	0.0384615384615
51569	0.0384615384615
53510	0.0384615384615
98	0.037037037037
5183	0.037037037037
8045	0.037037037037
14452	0.037037037037
21116	0.037037037037
37124	0.037037037037
39082	0.037037037037
46495	0.037037037037
213	0.0357142857143
3568	0.0357142857143
5159	0.0357142857143
5404	0.0357142857143
6747	0.0357142857143
7334	0.0357142857143
31018	0.0357142857143
37740	0.0357142857143
39835	0.0357142857143
47075	0.0357142857143
458	0.0344827586207
883	0.0344827586207
14422	0.0344827586207
16409	0.0344827586207
17696	0.0344827586207
27314	0.0344827586207
38721	0.0344827586207
39260	0.0344827586207
47575	0.0344827586207
51817	0.0344827586207
52401	0.0344827586207
59581	0.0344827586207
17275	0.0338983050847
15025	0.0333333333333
17612	0.0333333333333
23626	0.0333333333333
29230	0.0333333333333
1181	0.0322580645161
8742	0.0322580645161
10086	0.0322580645161
26399	0.0322580645161
32688	0.0322580645161
36617	0.0322580645161
46201	0.0322580645161
50533	0.0322580645161
51710	0.0322580645161
4774	0.03125
5581	0.03125
8914	0.03125
17679	0.03125
19662	0.03125
28951	0.03125
35052	0.03125
2437	0.030303030303
3126	0.030303030303
27856	0.030303030303
29742	0.030303030303
30552	0.030303030303
31408	0.030303030303
33817	0.030303030303
41647	0.030303030303
46882	0.030303030303
52841	0.030303030303
9273	0.0294117647059
26012	0.0294117647059
27232	0.0294117647059
40440	0.0294117647059
42597	0.0294117647059
51439	0.0294117647059
60315	0.0294117647059
3388	0.0285714285714
3742	0.0285714285714
15717	0.0285714285714
27634	0.0285714285714
35059	0.0285714285714
37589	0.0285714285714
51607	0.0285714285714
59566	0.0285714285714
60338	0.0285714285714
59	0.0277777777778
10295	0.0277777777778
14003	0.0277777777778
51115	0.0277777777778
59720	0.0277777777778
7437	0.027027027027
23281	0.027027027027
23341	0.027027027027
38315	0.027027027027
41791	0.027027027027
42678	0.027027027027
51762	0.027027027027
53991	0.027027027027
58641	0.027027027027
59514	0.027027027027
59909	0.027027027027
11223	0.0266666666667
21298	0.0266666666667
29645	0.0263157894737
29654	0.0263157894737
32184	0.0263157894737
34207	0.0263157894737
1908	0.025641025641
13298	0.025641025641
16909	0.025641025641
17073	0.025641025641
18334	0.025641025641
19096	0.025641025641
40096	0.025641025641
51097	0.025641025641
3216	0.025
5563	0.025
10694	0.025
21412	0.025
21586	0.025
26779	0.025
29626	0.025
36483	0.025
42482	0.025
51482	0.025
60638	0.025
849	0.0243902439024
7325	0.0243902439024
38019	0.0243902439024
43517	0.0243902439024
46442	0.0243902439024
49597	0.0243902439024
6368	0.0238095238095
43780	0.0238095238095
52465	0.0238095238095
10979	0.0232558139535
22510	0.0232558139535
23409	0.0232558139535
27593	0.0232558139535
38757	0.0232558139535
41386	0.0232558139535
41951	0.0232558139535
52273	0.0232558139535
2480	0.0227272727273
13770	0.0227272727273
19320	0.0227272727273
24031	0.0227272727273
32006	0.0227272727273
41051	0.0227272727273
48996	0.0227272727273
55722	0.0227272727273
1814	0.0222222222222
4702	0.0222222222222
13271	0.0222222222222
13332	0.0222222222222
19321	0.0222222222222
20490	0.0222222222222
25266	0.0222222222222
31035	0.0222222222222
41431	0.0222222222222
49136	0.0222222222222
60641	0.0222222222222
22396	0.0217391304348
36621	0.0217391304348
41455	0.0217391304348
52513	0.0217391304348
4507	0.0212765957447
32406	0.0212765957447
32892	0.0212765957447
37897	0.0212765957447
51813	0.0212765957447
52642	0.0212765957447
15596	0.0208333333333
24380	0.0208333333333
24691	0.0208333333333
27587	0.0208333333333
32213	0.0208333333333
41556	0.0208333333333
41851	0.0208333333333
42799	0.0208333333333
46121	0.0208333333333
4378	0.0204081632653
4556	0.0204081632653
12050	0.0204081632653
19696	0.0204081632653
53239	0.0204081632653
41935	0.020202020202
779	0.02
9444	0.02
9653	0.02
38688	0.02
39884	0.02
41866	0.02
42132	0.02
41084	0.019801980198
1	0.0196078431373
10315	0.0196078431373
14684	0.0196078431373
40657	0.0196078431373
42099	0.0196078431373
5704	0.0192307692308
33781	0.0192307692308
53206	0.0192307692308
6259	0.0188679245283
11404	0.0188679245283
13383	0.0188679245283
42454	0.0188679245283
43086	0.0188679245283
60486	0.0188679245283
6517	0.0185185185185
32725	0.0185185185185
49408	0.0185185185185
51488	0.0185185185185
14695	0.0181818181818
18425	0.0181818181818
32084	0.0181818181818
32689	0.0181818181818
35030	0.0181818181818
2093	0.0178571428571
17969	0.0178571428571
25383	0.0178571428571
60482	0.0178571428571
1269	0.0175438596491
5658	0.0175438596491
16433	0.0175438596491
23983	0.0175438596491
28500	0.0175438596491
29822	0.0175438596491
38701	0.0175438596491
42714	0.0175438596491
52573	0.0175438596491
846	0.0172413793103
2062	0.0172413793103
4194	0.0172413793103
17691	0.0172413793103
29053	0.0172413793103
36145	0.0172413793103
36635	0.0172413793103
42352	0.0172413793103
51656	0.0172413793103
41013	0.0171428571429
289	0.0169491525424
20376	0.0169491525424
2415	0.0166666666667
3981	0.0166666666667
25810	0.0166666666667
29567	0.0166666666667
44787	0.0166666666667
47136	0.0166666666667
2786	0.016393442623
5161	0.016393442623
8739	0.016393442623
23240	0.016393442623
41169	0.016393442623
41994	0.016393442623
43298	0.016393442623
287	0.0161290322581
1097	0.0161290322581
14126	0.0161290322581
18387	0.0161290322581
42790	0.0161290322581
35920	0.016
31327	0.015873015873
37186	0.015873015873
41063	0.015873015873
52309	0.015873015873
52581	0.015873015873
52666	0.015873015873
2937	0.015625
15870	0.015625
36193	0.015625
51053	0.015625
52962	0.015625
2618	0.0153846153846
30222	0.0153846153846
36418	0.0153846153846
5145	0.0151515151515
7084	0.0151515151515
7295	0.0151515151515
31393	0.0151515151515
18836	0.015037593985
2460	0.0149253731343
32728	0.0149253731343
35022	0.0149253731343
40307	0.0149253731343
52874	0.0149253731343
1489	0.0147783251232
1386	0.0147058823529
42056	0.0147058823529
23230	0.0144927536232
25442	0.0144927536232
37208	0.0144927536232
36594	0.0143884892086
13119	0.0142857142857
27731	0.0142857142857
30069	0.0142857142857
41754	0.0142857142857
15354	0.0140845070423
18366	0.0140845070423
28545	0.0140845070423
33720	0.0140845070423
37349	0.0140845070423
40974	0.0140845070423
52227	0.0140845070423
9205	0.0138888888889
33124	0.0138888888889
41428	0.0138888888889
41596	0.0138888888889
53282	0.0138888888889
3406	0.013698630137
4337	0.013698630137
14353	0.013698630137
20080	0.013698630137
41313	0.013698630137
41689	0.013698630137
49024	0.013698630137
41672	0.0135135135135
16368	0.0134228187919
2424	0.0133333333333
10326	0.0133333333333
19034	0.0133333333333
29582	0.0133333333333
34149	0.0133333333333
41548	0.0133333333333
50291	0.0133333333333
51940	0.0133333333333
52693	0.0133333333333
59617	0.0133333333333
283	0.0131578947368
10844	0.0131578947368
15233	0.0131578947368
38748	0.0131578947368
41775	0.0131578947368
52613	0.0131578947368
16170	0.012987012987
50959	0.012987012987
27387	0.0128205128205
39426	0.0128205128205
40202	0.0128205128205
12831	0.0126582278481
16145	0.0126582278481
16448	0.0126582278481
35229	0.0126582278481
11887	0.0125786163522
2720	0.0125
17556	0.0125
22843	0.0125
30762	0.0125
1740	0.0123456790123
14505	0.0123456790123
18604	0.0123456790123
18756	0.0123456790123
41024	0.0123456790123
4661	0.0121951219512
9609	0.0121951219512
11888	0.0121951219512
38287	0.0121951219512
1788	0.0120481927711
17686	0.0120481927711
26572	0.0120481927711
28793	0.0120481927711
51114	0.0120481927711
14361	0.0119760479042
51120	0.0119047619048
7739	0.0117647058824
42810	0.0117647058824
6353	0.0116279069767
10343	0.0116279069767
52576	0.0116279069767
1638	0.0114942528736
22398	0.0114942528736
23248	0.0114942528736
32700	0.0114942528736
13258	0.0113636363636
40641	0.0113636363636
41382	0.0113636363636
45076	0.0113636363636
8229	0.0112994350282
766	0.0112359550562
8767	0.0112359550562
9502	0.0112359550562
24067	0.0112359550562
42704	0.0112359550562
39265	0.0111731843575
4391	0.0111111111111
20752	0.0111111111111
32509	0.0111111111111
41083	0.0111111111111
41228	0.0111111111111
39343	0.0110497237569
44456	0.0110497237569
377	0.010989010989
51209	0.010989010989
51892	0.010989010989
52089	0.010989010989
30938	0.0109289617486
31962	0.0108695652174
52016	0.0108695652174
41227	0.0108108108108
21666	0.010752688172
33751	0.010752688172
36686	0.0106951871658
6632	0.0106382978723
9288	0.0106382978723
12484	0.0106382978723
25092	0.0106382978723
42931	0.0106382978723
49448	0.0106382978723
19090	0.0105633802817
4943	0.0105263157895
5350	0.0105263157895
10890	0.0105263157895
28486	0.0105263157895
51079	0.0105263157895
51228	0.0105263157895
3288	0.0104166666667
14839	0.0104166666667
20785	0.0104166666667
41082	0.0104166666667
42463	0.0104166666667
42514	0.0104166666667
4836	0.0103092783505
6375	0.0103092783505
11760	0.0103092783505
28805	0.0103092783505
1853	0.0102564102564
4929	0.0102040816327
14381	0.0102040816327
26195	0.0102040816327
59508	0.0102040816327
90	0.010152284264
21321	0.010152284264
694	0.010101010101
1753	0.010101010101
4998	0.010101010101
17886	0.010101010101
36275	0.010101010101
7115	0.01
7513	0.01
33572	0.01
41257	0.01
41308	0.00995024875622
14233	0.00990099009901
25918	0.00990099009901
26162	0.00990099009901
32074	0.00990099009901
41025	0.00990099009901
20669	0.00980392156863
17690	0.00970873786408
20636	0.00970873786408
23789	0.00970873786408
39288	0.00970873786408
41715	0.00970873786408
43828	0.00970873786408
28812	0.00966183574879
2361	0.00961538461538
17188	0.00961538461538
20511	0.00961538461538
27649	0.00961538461538
71	0.00952380952381
10340	0.00943396226415
41172	0.00943396226415
12503	0.00934579439252
19126	0.00934579439252
31720	0.00934579439252
41338	0.00934579439252
25091	0.00917431192661
41179	0.00917431192661
42973	0.00917431192661
38818	0.00909090909091
49689	0.00909090909091
33510	0.00900900900901
14646	0.00892857142857
25416	0.00892857142857
29780	0.00892857142857
36494	0.00892857142857
40318	0.00892857142857
45093	0.00892857142857
7349	0.00890207715134
5804	0.00884955752212
6904	0.00884955752212
14749	0.00884955752212
24803	0.00884955752212
30925	0.00884955752212
35245	0.00884955752212
61083	0.00884955752212
9104	0.00877192982456
37599	0.00877192982456
34521	0.00869565217391
41421	0.00869565217391
44486	0.00862068965517
39483	0.00858369098712
18276	0.00854700854701
21377	0.00854700854701
33680	0.00854700854701
21252	0.00847457627119
7317	0.00842696629213
41054	0.00840336134454
13098	0.00833333333333
15288	0.00833333333333
42019	0.00833333333333
50969	0.00833333333333
4658	0.00826446280992
51313	0.00826446280992
16917	0.00824175824176
14502	0.00819672131148
38822	0.00819672131148
32246	0.00813008130081
41443	0.00813008130081
41793	0.00813008130081
21657	0.00806451612903
41819	0.00806451612903
1169	0.008
28559	0.008
51281	0.008
3793	0.00793650793651
5618	0.00793650793651
14277	0.00793650793651
15782	0.00793650793651
128	0.00787401574803
11087	0.0078125
41079	0.0078125
22621	0.0077519379845
43785	0.0077519379845
51709	0.0077519379845
4582	0.00769230769231
7451	0.00769230769231
25440	0.00769230769231
28820	0.00769230769231
39323	0.00769230769231
16194	0.00763358778626
16228	0.00763358778626
51225	0.00763358778626
31864	0.00757575757576
40344	0.00757575757576
2789	0.00751879699248
172	0.00746268656716
27063	0.00746268656716
52555	0.00746268656716
9245	0.00740740740741
51026	0.00740740740741
27910	0.00729927007299
37800	0.00729927007299
2028	0.00724637681159
37201	0.00724637681159
36897	0.00719424460432
41368	0.00716845878136
9178	0.00714285714286
14459	0.00714285714286
35045	0.00712589073634
14013	0.00709219858156
17318	0.00709219858156
28286	0.00706713780919
3022	0.00704225352113
27952	0.00704225352113
39085	0.00704225352113
50915	0.00704225352113
28407	0.00702987697715
6781	0.00699300699301
41331	0.00699300699301
3991	0.00696864111498
22830	0.00694444444444
41066	0.00694444444444
22684	0.00689655172414
51179	0.00689655172414
6954	0.00687285223368
5089	0.00684931506849
5206	0.00675675675676
23440	0.00675675675676
51575	0.00675675675676
3156	0.00671140939597
35100	0.00671140939597
37557	0.00671140939597
51784	0.00671140939597
8681	0.00666666666667
17979	0.00666666666667
18129	0.00666666666667
7161	0.00662251655629
41246	0.00662251655629
19314	0.00657894736842
11481	0.00655737704918
13212	0.00649350649351
50105	0.00647948164147
118	0.00647249190939
35237	0.00645161290323
38861	0.00645161290323
2403	0.00641025641026
33405	0.00641025641026
50870	0.00641025641026
50883	0.00641025641026
28737	0.00636942675159
33780	0.00636942675159
42531	0.00636942675159
27906	0.00630914826498
2574	0.0062893081761
52738	0.0062893081761
33621	0.00623052959502
23415	0.00621118012422
1537	0.00617283950617
4144	0.00617283950617
10443	0.00617283950617
17461	0.00617283950617
25384	0.00617283950617
37409	0.00617283950617
18835	0.00613496932515
25332	0.00613496932515
25487	0.00613496932515
34121	0.00613496932515
41391	0.00613496932515
51025	0.00613496932515
2588	0.00609756097561
6679	0.00609756097561
22018	0.00609756097561
29532	0.00609756097561
41593	0.00609756097561
42954	0.00609756097561
14343	0.00606060606061
32594	0.00606060606061
34241	0.00606060606061
41165	0.00604229607251
1390	0.00602409638554
29845	0.00600600600601
3214	0.0059880239521
12149	0.0059880239521
14206	0.0059880239521
23211	0.0059880239521
28810	0.00597014925373
26085	0.00595238095238
39360	0.00595238095238
51485	0.00595238095238
20675	0.00591715976331
23001	0.00591715976331
32087	0.00591715976331
50897	0.00591715976331
18701	0.00589970501475
6194	0.00588235294118
40975	0.00588235294118
28712	0.00584795321637
1456	0.00581395348837
41278	0.00581395348837
29453	0.00578034682081
41040	0.00578034682081
26584	0.00575539568345
51197	0.00574712643678
775	0.00571428571429
41048	0.00571428571429
8724	0.00568181818182
10792	0.00568181818182
11300	0.00568181818182
25376	0.00564971751412
41546	0.00564971751412
38659	0.00561797752809
41404	0.00561797752809
51151	0.00561797752809
32612	0.00559701492537
18183	0.00558659217877
25047	0.00558659217877
41097	0.00554016620499
3842	0.00552486187845
11749	0.00552486187845
30812	0.00552486187845
33879	0.00552486187845
48489	0.00552486187845
41374	0.00550964187328
32483	0.00549450549451
24889	0.00546448087432
16420	0.00540540540541
35809	0.00539083557951
26599	0.00537634408602
41157	0.00537634408602
14207	0.00534759358289
36999	0.00533333333333
23080	0.00529100529101
23481	0.00524934383202
38787	0.00523560209424
11314	0.00520833333333
41070	0.00520833333333
4439	0.00518134715026
29360	0.00518134715026
29705	0.00515463917526
32418	0.00515463917526
18972	0.00512820512821
31483	0.00512820512821
40541	0.00512820512821
2084	0.00507614213198
47787	0.00507614213198
5419	0.00505050505051
10653	0.00505050505051
24684	0.00501253132832
9625	0.005
15306	0.00497512437811
51019	0.00496277915633
12182	0.0049504950495
4706	0.00492610837438
23388	0.00485436893204
13339	0.00479233226837
11165	0.00478468899522
41037	0.0047619047619
20529	0.00473933649289
17946	0.00471698113208
17346	0.00467289719626
53069	0.0046511627907
562	0.00462962962963
1361	0.00462962962963
40981	0.0045871559633
52697	0.0045871559633
41146	0.00456621004566
50875	0.00454545454545
52258	0.00454545454545
33377	0.0045045045045
1632	0.00448430493274
12756	0.00448430493274
35400	0.00448430493274
40977	0.00446428571429
14360	0.00442477876106
631	0.00440528634361
13960	0.00440528634361
49394	0.00440528634361
9656	0.00439238653001
2127	0.00436681222707
2785	0.00436681222707
2186	0.00434782608696
4057	0.00434782608696
15794	0.00434782608696
1062	0.004329004329
4876	0.004329004329
4900	0.004329004329
51724	0.004329004329
41444	0.00431034482759
37392	0.00430416068867
4390	0.00429184549356
34519	0.00429184549356
52471	0.00429184549356
210	0.0042735042735
4327	0.0042735042735
41353	0.0042735042735
41041	0.00425531914894
41499	0.00425531914894
51173	0.00423728813559
49392	0.0042194092827
27404	0.00418410041841
27865	0.00418410041841
30849	0.00418410041841
31170	0.00416666666667
47628	0.00416666666667
25051	0.00414937759336
29854	0.00414937759336
50327	0.00414937759336
18607	0.00413223140496
25930	0.00413223140496
34145	0.00413223140496
17938	0.00411522633745
10287	0.00409836065574
41164	0.00409836065574
4339	0.00408163265306
50923	0.00408163265306
512	0.00404858299595
40970	0.00403225806452
17147	0.00401606425703
33895	0.004
37427	0.004
47637	0.00398406374502
31312	0.00396825396825
41018	0.00396301188904
21797	0.00391389432485
13318	0.00390625
39136	0.00387897595035
41001	0.00384615384615
17790	0.00383141762452
31877	0.00383141762452
29909	0.00381679389313
29992	0.00381679389313
38790	0.00380228136882
28128	0.00378787878788
29372	0.00378787878788
2313	0.00377358490566
33142	0.00377358490566
41326	0.00377358490566
30269	0.00376647834275
40999	0.00376647834275
3116	0.00375939849624
9642	0.00375469336671
8732	0.00373831775701
7062	0.00371747211896
29394	0.00371747211896
25405	0.0037037037037
28443	0.0037037037037
18584	0.00369458128079
13935	0.00369003690037
37775	0.00369003690037
5599	0.00367647058824
27489	0.00367647058824
2333	0.003663003663
3139	0.003663003663
37426	0.0036496350365
27094	0.0036231884058
4242	0.00361010830325
2312	0.00358422939068
4489	0.00357781753131
25098	0.00357142857143
52018	0.00357142857143
13056	0.00355871886121
38293	0.00354609929078
37737	0.00353982300885
893	0.00352289884248
21558	0.00352112676056
51212	0.00351493848858
29863	0.00349040139616
3445	0.00348432055749
22383	0.00348189415042
2448	0.00346020761246
25444	0.00346020761246
9538	0.00343938091144
41106	0.00342465753425
18777	0.00341296928328
23011	0.00341296928328
6444	0.00340136054422
29145	0.00338983050847
1928	0.00337837837838
8709	0.00335570469799
41042	0.00335570469799
34548	0.00333333333333
1239	0.00332225913621
5512	0.00332225913621
7444	0.00332225913621
35958	0.00331125827815
41307	0.00331125827815
684	0.00328947368421
253	0.00327868852459
41039	0.00326797385621
41067	0.00326797385621
35049	0.00325732899023
2409	0.00324675324675
12610	0.00324675324675
51156	0.00324675324675
18456	0.0032414910859
12121	0.00322580645161
7299	0.0032154340836
28742	0.00321199143469
17715	0.00316455696203
41243	0.00316455696203
4846	0.00315208825847
12467	0.00313479623824
900	0.00312989045383
38584	0.00312989045383
41015	0.00311526479751
41032	0.0030959752322
23150	0.00309119010819
1655	0.00308641975309
4868	0.00307692307692
2	0.00305810397554
5157	0.0030487804878
41156	0.0030487804878
40972	0.00303951367781
259	0.00301204819277
39546	0.00301204819277
41029	0.00301204819277
29686	0.003003003003
34683	0.003003003003
40964	0.00298507462687
48572	0.00298507462687
2030	0.00297619047619
28047	0.00297619047619
37198	0.00294117647059
10250	0.00293255131965
34147	0.00293255131965
2290	0.00291885580852
1700	0.00291545189504
18301	0.00291545189504
4764	0.00291120815138
4708	0.00289855072464
25554	0.0028901734104
41034	0.0028901734104
21906	0.00287356321839
3733	0.00286532951289
3788	0.00286532951289
5503	0.00286259541985
34897	0.002849002849
4644	0.00284090909091
7312	0.00283152430392
742	0.00282485875706
9252	0.00282485875706
216	0.00280112044818
25453	0.00279329608939
5622	0.00278551532033
9251	0.00278551532033
30799	0.00278551532033
51989	0.00277008310249
38203	0.00274876305662
20506	0.00270635994587
27949	0.0027027027027
40962	0.002700270027
9135	0.00269541778976
2419	0.00268456375839
26805	0.00267857142857
3133	0.00267022696929
1438	0.00266666666667
29218	0.00266666666667
2733	0.00263504611331
867	0.00262467191601
19598	0.00261267145656
11664	0.00261096605744
41129	0.00261096605744
31868	0.00259067357513
1680	0.0025873221216
23642	0.00258397932817
1118	0.00257898130239
42156	0.00257731958763
3689	0.0025706940874
20818	0.00252525252525
51133	0.00252525252525
30899	0.00252206809584
1119	0.00250312891114
1628	0.0025
5420	0.00249066002491
41090	0.00249066002491
1380	0.00246305418719
22743	0.00246103363413
7100	0.00245098039216
41467	0.00243309002433
20173	0.00242130750605
41071	0.00240963855422
41027	0.00240384615385
4173	0.00239808153477
39447	0.00239808153477
5553	0.00236966824645
18307	0.00236686390533
38191	0.00234466588511
4951	0.00234192037471
8397	0.00234192037471
30980	0.00231481481481
868	0.00231124807396
31830	0.00230946882217
689	0.00226757369615
3827	0.00226757369615
28832	0.00225733634312
23666	0.00224215246637
1399	0.00223713646532
3273	0.00223463687151
20075	0.00223214285714
16447	0.0022271714922
34224	0.00222222222222
4654	0.00219058050383
2898	0.00218579234973
37961	0.00217864923747
5693	0.00216919739696
15228	0.0021645021645
1497	0.00216099405727
11169	0.00215517241379
12423	0.00215517241379
41044	0.00215517241379
4578	0.00215169445939
23782	0.00210084033613
29309	0.00210084033613
5432	0.00209205020921
1902	0.00205973223481
39549	0.00205761316872
5593	0.0020366598778
4655	0.00203114421124
5768	0.0020202020202
41109	0.00201207243461
34169	0.00200803212851
39785	0.00199004975124
34858	0.00196463654224
3527	0.00194174757282
17586	0.00193798449612
34751	0.00193423597679
5204	0.0019305019305
4396	0.00192554557125
40971	0.0019120458891
41068	0.0019120458891
28821	0.00190476190476
9826	0.00189393939394
11727	0.00188679245283
51041	0.00186219739292
11769	0.00185873605948
3933	0.00184162062615
34367	0.00183823529412
35136	0.00183823529412
4916	0.00181818181818
21745	0.00181488203267
11201	0.0018115942029
33887	0.0018115942029
35178	0.0018115942029
39915	0.0018115942029
1931	0.0017793594306
949	0.00176991150442
13111	0.00176470588235
4518	0.00175746924429
38793	0.00174317257408
41074	0.00174216027875
12969	0.00172265288544
869	0.00171065493646
11655	0.0017094017094
41116	0.0017094017094
1743	0.00169491525424
38925	0.00169491525424
7261	0.00167224080268
76	0.00166805671393
31440	0.00166666666667
26863	0.00164203612479
6812	0.001638001638
2326	0.00162866449511
16209	0.00162601626016
4121	0.00162337662338
32188	0.00161290322581
17355	0.00161030595813
1064	0.00157728706625
1984	0.00157480314961
25113	0.0015455950541
6304	0.00154320987654
5643	0.00153139356815
17596	0.00152905198777
27535	0.00151515151515
5120	0.0015037593985
4430	0.00149142431022
19601	0.00146412884334
2613	0.00144717800289
2037	0.00141843971631
5237	0.0014164305949
40987	0.001414427157
2745	0.00141242937853
33634	0.00139470013947
38492	0.00138888888889
7419	0.0013698630137
14352	0.00132625994695
1422	0.00131578947368
2381	0.00131578947368
40995	0.00131406044678
3720	0.00131233595801
35563	0.00123102174805
4711	0.00121506682868
18960	0.00120481927711
3365	0.0011961722488
6427	0.00117716303708
28405	0.00115740740741
5000	0.00110987791343
2007	0.00110375275938
18311	0.00107991360691
9200	0.00105596620908
5231	0.00104275286757
2344	0.0010111223458
11	0.000995024875622
36398	0.000977517106549
2463	0.000958772770853
4563	0.00093023255814
22929	0.000916590284143
921	0.00090991810737
38794	0.000889679715302
2840	0.000884955752212
25738	0.000871839581517
5519	0.000866551126516
40965	0.00081499592502
28051	0.00079554494829
26602	0.000762776506484
18613	0.00076103500761
41016	0.000725689404935
1503	0.000557413600892
