224	0.2
11847	0.2
13652	0.2
15978	0.2
22504	0.2
23351	0.2
35799	0.2
50865	0.2
53694	0.2
61263	0.2
2462	0.166666666667
12368	0.166666666667
15315	0.166666666667
27100	0.166666666667
30744	0.166666666667
37213	0.166666666667
42582	0.166666666667
43405	0.166666666667
44487	0.166666666667
56197	0.166666666667
61027	0.166666666667
3871	0.153846153846
9398	0.142857142857
22482	0.142857142857
23377	0.142857142857
24883	0.142857142857
35010	0.142857142857
41930	0.142857142857
52158	0.142857142857
11084	0.125
16480	0.125
19617	0.125
21748	0.125
24556	0.125
52110	0.125
52968	0.125
53129	0.125
57559	0.125
60606	0.125
5141	0.111111111111
5272	0.111111111111
9133	0.111111111111
13262	0.111111111111
22692	0.111111111111
51737	0.111111111111
53441	0.111111111111
60441	0.111111111111
19791	0.1
33925	0.1
33979	0.1
38482	0.1
41862	0.1
46684	0.1
49949	0.1
52646	0.1
6807	0.0909090909091
9197	0.0909090909091
9995	0.0909090909091
13010	0.0909090909091
16179	0.0909090909091
16354	0.0909090909091
23276	0.0909090909091
24586	0.0909090909091
28648	0.0909090909091
33854	0.0909090909091
41462	0.0909090909091
43456	0.0909090909091
43677	0.0909090909091
50126	0.0909090909091
52438	0.0909090909091
3158	0.0833333333333
4308	0.0833333333333
10245	0.0833333333333
12046	0.0833333333333
22871	0.0833333333333
24363	0.0833333333333
28713	0.0833333333333
42804	0.0833333333333
43352	0.0833333333333
44736	0.0833333333333
50759	0.0833333333333
3244	0.0769230769231
10135	0.0769230769231
11456	0.0769230769231
13031	0.0769230769231
13683	0.0769230769231
15758	0.0769230769231
17720	0.0769230769231
51237	0.0769230769231
4786	0.0714285714286
18197	0.0714285714286
18616	0.0714285714286
23159	0.0714285714286
29605	0.0714285714286
42330	0.0714285714286
42718	0.0714285714286
48849	0.0714285714286
59571	0.0714285714286
59897	0.0714285714286
1176	0.0666666666667
6390	0.0666666666667
19623	0.0666666666667
27039	0.0666666666667
28716	0.0666666666667
31749	0.0666666666667
39375	0.0666666666667
43022	0.0666666666667
50357	0.0666666666667
59755	0.0666666666667
36249	0.0645161290323
13923	0.0625
34937	0.0625
40280	0.0625
43096	0.0625
51595	0.0625
53264	0.0625
59693	0.0625
8451	0.0588235294118
13138	0.0588235294118
15813	0.0588235294118
18064	0.0588235294118
25817	0.0588235294118
31320	0.0588235294118
33087	0.0588235294118
42835	0.0588235294118
43060	0.0588235294118
52069	0.0588235294118
52603	0.0588235294118
56789	0.0588235294118
138	0.0555555555556
9286	0.0555555555556
20603	0.0555555555556
26232	0.0555555555556
29592	0.0555555555556
32309	0.0555555555556
37743	0.0555555555556
42342	0.0555555555556
42784	0.0555555555556
43425	0.0555555555556
49172	0.0555555555556
10145	0.0526315789474
10341	0.0526315789474
32737	0.0526315789474
51715	0.0526315789474
52306	0.0526315789474
7886	0.05
47870	0.05
51660	0.05
52285	0.05
26640	0.047619047619
31177	0.047619047619
53260	0.047619047619
53335	0.047619047619
10426	0.0454545454545
17317	0.0454545454545
2643	0.0434782608696
19182	0.0434782608696
25066	0.0434782608696
45273	0.0434782608696
51789	0.0434782608696
6010	0.0416666666667
25348	0.0416666666667
51970	0.0416666666667
4837	0.04
6600	0.04
10683	0.04
10868	0.04
10976	0.04
27047	0.04
29276	0.04
29844	0.04
39332	0.04
43239	0.04
43323	0.04
48414	0.04
51161	0.04
51653	0.04
5076	0.0384615384615
37706	0.0384615384615
41630	0.0384615384615
44030	0.0384615384615
15788	0.037037037037
32096	0.037037037037
37534	0.037037037037
37786	0.037037037037
41301	0.037037037037
44424	0.037037037037
59700	0.037037037037
11096	0.0357142857143
17696	0.0357142857143
22009	0.0357142857143
36416	0.0357142857143
37770	0.0357142857143
41725	0.0357142857143
52922	0.0357142857143
26060	0.0350877192982
10595	0.0344827586207
17272	0.0344827586207
34505	0.0344827586207
2467	0.0333333333333
12401	0.0333333333333
19662	0.0333333333333
28245	0.0333333333333
32869	0.0333333333333
58638	0.0333333333333
60207	0.0333333333333
293	0.0322580645161
1060	0.0322580645161
11858	0.0322580645161
20640	0.0322580645161
50631	0.0322580645161
3589	0.03125
40307	0.03125
42995	0.03125
51207	0.03125
61147	0.03125
1307	0.030303030303
3966	0.030303030303
9971	0.030303030303
28808	0.030303030303
48552	0.030303030303
51253	0.030303030303
52469	0.030303030303
52760	0.030303030303
59	0.0294117647059
6383	0.0294117647059
23456	0.0294117647059
30453	0.0294117647059
39207	0.0294117647059
41049	0.0294117647059
41454	0.0294117647059
59554	0.0294117647059
13920	0.0285714285714
25096	0.0285714285714
26526	0.0285714285714
31860	0.0285714285714
34794	0.0285714285714
38029	0.0285714285714
49719	0.0285714285714
2878	0.0277777777778
31907	0.0277777777778
44145	0.0277777777778
1972	0.027027027027
4122	0.027027027027
22000	0.027027027027
21715	0.0266666666667
9052	0.0263157894737
25006	0.0263157894737
29626	0.0263157894737
43805	0.0263157894737
44111	0.0263157894737
52771	0.0263157894737
18755	0.025641025641
30131	0.025641025641
33815	0.025641025641
50344	0.025641025641
52421	0.025641025641
52953	0.025641025641
22858	0.025
26909	0.025
43780	0.025
53277	0.025
4527	0.0243902439024
11159	0.0243902439024
42568	0.0243902439024
50792	0.0243902439024
9822	0.0238095238095
10750	0.0238095238095
16397	0.0238095238095
21349	0.0238095238095
28536	0.0238095238095
38051	0.0238095238095
41311	0.0238095238095
52667	0.0238095238095
3749	0.0232558139535
5498	0.0232558139535
18679	0.0232558139535
25623	0.0232558139535
42044	0.0232558139535
59935	0.0232558139535
46658	0.0227272727273
41934	0.0224719101124
1973	0.0222222222222
5330	0.0222222222222
10680	0.0222222222222
15687	0.0222222222222
31705	0.0222222222222
43679	0.0222222222222
51023	0.0222222222222
51368	0.0222222222222
8211	0.0217391304348
15963	0.0217391304348
17644	0.0217391304348
22663	0.0217391304348
34192	0.0217391304348
51299	0.0217391304348
6136	0.0212765957447
18506	0.0212765957447
29538	0.0212765957447
40966	0.0212765957447
9444	0.0208333333333
20363	0.0208333333333
43202	0.0208333333333
59533	0.0208333333333
14684	0.0204081632653
27684	0.0204081632653
35926	0.0204081632653
22553	0.02
24862	0.02
1976	0.0196078431373
6259	0.0196078431373
7468	0.0196078431373
22247	0.0196078431373
29786	0.0196078431373
50894	0.0196078431373
26741	0.0194174757282
6505	0.0192307692308
11401	0.0192307692308
17734	0.0192307692308
27643	0.0192307692308
51488	0.0192307692308
52542	0.0192307692308
59527	0.0192307692308
47430	0.0190476190476
18108	0.0188679245283
30983	0.0188679245283
41158	0.0188679245283
41179	0.0188679245283
42309	0.0188679245283
51673	0.0188679245283
51693	0.0188679245283
881	0.0185185185185
2093	0.0185185185185
14354	0.0185185185185
39420	0.0185185185185
9309	0.0181818181818
28755	0.0181818181818
29628	0.0181818181818
41908	0.0181818181818
42396	0.0181818181818
48998	0.0178571428571
51453	0.0178571428571
61046	0.0178571428571
289	0.0175438596491
1555	0.0175438596491
3858	0.0175438596491
20676	0.0175438596491
28721	0.0175438596491
35953	0.0175438596491
45793	0.0175438596491
5535	0.0172413793103
13451	0.0172413793103
41075	0.0172413793103
44787	0.0172413793103
46742	0.0172413793103
33301	0.0169491525424
38569	0.0169491525424
41169	0.0169491525424
1646	0.0166666666667
14126	0.0166666666667
42191	0.0166666666667
830	0.016393442623
6036	0.016393442623
45206	0.016393442623
36193	0.0161290322581
3178	0.015873015873
42270	0.0157480314961
25472	0.015625
52857	0.015625
6222	0.015503875969
7693	0.0153846153846
19572	0.0153846153846
30973	0.0153846153846
50934	0.0153846153846
7526	0.0151515151515
15917	0.0151515151515
38272	0.0151515151515
42295	0.0151515151515
50935	0.0151515151515
51292	0.0151515151515
51353	0.0151515151515
53004	0.0151515151515
52476	0.0149253731343
22332	0.0147058823529
26830	0.0147058823529
38099	0.0147058823529
16919	0.0144927536232
40974	0.0144927536232
42813	0.0144927536232
14527	0.0142857142857
41122	0.0142857142857
41241	0.0142857142857
35047	0.0140845070423
45459	0.0140845070423
51307	0.0140845070423
51470	0.0140845070423
13634	0.0138888888889
52884	0.0138888888889
11196	0.0137931034483
43522	0.013698630137
3866	0.0135135135135
1553	0.0133333333333
16145	0.012987012987
16448	0.012987012987
20089	0.012987012987
30619	0.012987012987
6381	0.0128205128205
16028	0.0128205128205
31170	0.0127118644068
1740	0.0126582278481
14573	0.0126582278481
5352	0.0125
11888	0.0125
18317	0.0125
28134	0.0125
1788	0.0123456790123
36606	0.0123456790123
41621	0.0123456790123
51114	0.0123456790123
51193	0.0123456790123
9588	0.0121951219512
51795	0.0121951219512
819	0.0120481927711
27537	0.0120481927711
29816	0.0120481927711
6353	0.0119047619048
23619	0.0119047619048
41197	0.0119047619048
41694	0.0119047619048
27687	0.0117647058824
7124	0.0116279069767
13258	0.0116279069767
52065	0.0116279069767
766	0.0114942528736
27019	0.0114942528736
15188	0.0113636363636
39286	0.0113636363636
48910	0.0113636363636
377	0.0112359550562
33879	0.0112359550562
36967	0.0112359550562
52741	0.0112359550562
38585	0.0111111111111
41086	0.0111111111111
41913	0.0111111111111
46493	0.0111111111111
25891	0.0110497237569
4733	0.010989010989
27045	0.010989010989
13927	0.0108695652174
25092	0.0108695652174
5350	0.010752688172
41167	0.0106382978723
42514	0.0106382978723
2544	0.0104166666667
14381	0.0104166666667
59508	0.0104166666667
694	0.0103092783505
11748	0.0103092783505
34933	0.0103092783505
41137	0.0103092783505
52024	0.0103092783505
6428	0.010101010101
26162	0.010101010101
28141	0.010101010101
17764	0.01
26251	0.01
41025	0.01
41606	0.01
52521	0.01
41555	0.00995024875622
39039	0.00980392156863
10369	0.00970873786408
12343	0.00970873786408
10054	0.00952380952381
28298	0.00952380952381
41303	0.00952380952381
14275	0.00934579439252
41894	0.00934579439252
15986	0.00925925925926
36537	0.00925925925926
40036	0.00925925925926
3316	0.00917431192661
39209	0.00913242009132
21523	0.00904977375566
41140	0.00900900900901
6218	0.00892857142857
26674	0.00892857142857
51232	0.00892857142857
37184	0.00884955752212
44351	0.00877192982456
1324	0.00869565217391
18276	0.00869565217391
46619	0.00869565217391
48902	0.00869565217391
30324	0.00862068965517
49397	0.00862068965517
53361	0.00862068965517
2094	0.00847457627119
29567	0.00840336134454
42302	0.00833333333333
41099	0.00826446280992
41793	0.00826446280992
50923	0.00826446280992
1954	0.00819672131148
21657	0.00819672131148
41108	0.00819672131148
41819	0.00819672131148
42545	0.00819672131148
40970	0.00816326530612
1169	0.00813008130081
28559	0.00813008130081
32809	0.00813008130081
38708	0.00813008130081
4070	0.00806451612903
29543	0.00806451612903
49749	0.008
15207	0.00796812749004
2850	0.00793650793651
11087	0.00793650793651
50952	0.00793650793651
53134	0.00793650793651
30917	0.00787401574803
57496	0.00787401574803
11798	0.00769230769231
12393	0.00769230769231
40334	0.00766283524904
28750	0.00763358778626
33142	0.00763358778626
51568	0.00763358778626
51266	0.00757575757576
4977	0.00746268656716
27226	0.00740740740741
27910	0.00740740740741
37201	0.00735294117647
38657	0.00735294117647
2829	0.00729927007299
3698	0.00724637681159
4513	0.00724637681159
3436	0.00719424460432
13621	0.00719424460432
28156	0.00719424460432
632	0.00714285714286
37747	0.00714285714286
28286	0.00711743772242
3022	0.00709219858156
5164	0.00709219858156
6781	0.00709219858156
13121	0.00709219858156
2776	0.00704225352113
41073	0.00704225352113
16784	0.00699300699301
41596	0.00699300699301
14833	0.00694444444444
10096	0.00689655172414
11172	0.00689655172414
618	0.00684931506849
51575	0.00684931506849
36364	0.00680272108844
42145	0.00680272108844
41042	0.00677966101695
32895	0.00675675675676
49398	0.00675675675676
16447	0.00674157303371
4464	0.00671140939597
35019	0.00666666666667
13212	0.00657894736842
38758	0.00657894736842
3533	0.00653594771242
21204	0.00653594771242
41940	0.00653594771242
118	0.00651465798046
4508	0.00649350649351
50870	0.00649350649351
40942	0.00645161290323
8210	0.00636942675159
40482	0.0062893081761
51029	0.0062893081761
17461	0.00625
50652	0.00625
3946	0.00621118012422
18835	0.00621118012422
51025	0.00621118012422
2588	0.00617283950617
6679	0.00617283950617
10852	0.00617283950617
22018	0.00617283950617
41593	0.00617283950617
42954	0.00617283950617
32594	0.00613496932515
17948	0.00609756097561
48076	0.00609756097561
5230	0.00606060606061
14361	0.00602409638554
39360	0.00602409638554
20675	0.0059880239521
40625	0.0059880239521
40975	0.00595238095238
38763	0.00588235294118
52383	0.00588235294118
41088	0.00584795321637
40976	0.00581395348837
51197	0.00581395348837
23121	0.00578034682081
30901	0.00578034682081
33692	0.00578034682081
34897	0.00574712643678
7472	0.00571428571429
37238	0.00571428571429
41013	0.00571428571429
41968	0.00571428571429
18374	0.00568181818182
5367	0.00564971751412
24173	0.00561797752809
41050	0.00554016620499
24889	0.00552486187845
3204	0.00546448087432
22524	0.00531914893617
28407	0.00528169014085
3288	0.00523560209424
41085	0.00523560209424
41010	0.00519480519481
3781	0.00518134715026
51697	0.00518134715026
9761	0.00512820512821
38925	0.00511945392491
27529	0.00502512562814
10166	0.005
41308	0.005
42328	0.005
28610	0.0049504950495
3859	0.00487804878049
41366	0.00487804878049
21458	0.00485436893204
11165	0.0048309178744
51341	0.00478468899522
21845	0.0047619047619
7300	0.00475059382423
13742	0.00473933649289
11778	0.00472813238771
11230	0.00471698113208
41146	0.00460829493088
992	0.00460122699387
50851	0.0045871559633
3827	0.00456621004566
2848	0.00454545454545
1632	0.00452488687783
1399	0.0045045045045
29492	0.0045045045045
40978	0.0045045045045
18759	0.00446428571429
45223	0.00446428571429
2127	0.00440528634361
21648	0.00438596491228
31882	0.00438596491228
2613	0.00436681222707
4876	0.00436681222707
33495	0.00436681222707
37169	0.00434782608696
27927	0.004329004329
50105	0.004329004329
210	0.00431034482759
39483	0.00431034482759
18205	0.00425531914894
37762	0.00425531914894
49392	0.00425531914894
3531	0.0042194092827
47628	0.00420168067227
25051	0.00416666666667
34169	0.0040404040404
35345	0.00397877984085
34920	0.00396825396825
6789	0.00395256916996
34199	0.00392156862745
38080	0.003861003861
2152	0.00384615384615
29909	0.00384615384615
29992	0.00384615384615
28673	0.00383141762452
3116	0.00378787878788
38232	0.00378787878788
7062	0.00374531835206
11504	0.00374531835206
25405	0.00373134328358
28443	0.00373134328358
29739	0.00373134328358
17771	0.00371747211896
7390	0.0036496350365
27094	0.0036496350365
35178	0.00364298724954
4242	0.00363636363636
41364	0.00363636363636
27171	0.00361010830325
3747	0.00359712230216
5460	0.00359712230216
13056	0.00357142857143
38293	0.00357142857143
25937	0.00355871886121
37737	0.00355239786856
51212	0.00352733686067
19090	0.00352112676056
3445	0.00350877192982
40969	0.00350877192982
13955	0.00350262697023
18278	0.0034965034965
28055	0.00346020761246
6954	0.00344827586207
6444	0.00342465753425
1743	0.00340715502555
34637	0.003367003367
1239	0.00334448160535
7444	0.00334448160535
6360	0.00332225913621
684	0.00331125827815
52225	0.00331125827815
5100	0.00328947368421
41067	0.00328947368421
37225	0.00327868852459
51156	0.00326797385621
12610	0.00325732899023
27128	0.00323624595469
17715	0.0031847133758
1064	0.00316957210777
26893	0.00314465408805
41015	0.00313479623824
511	0.00306748466258
41156	0.00306748466258
17987	0.0030487804878
41029	0.0030303030303
48572	0.003003003003
3943	0.00299401197605
28810	0.00299401197605
29591	0.00297619047619
4485	0.00296735905045
7349	0.00296735905045
37198	0.00295857988166
11307	0.00293255131965
4708	0.00290697674419
41034	0.00290697674419
25078	0.00289855072464
50939	0.0028818443804
41068	0.00287631831256
50957	0.00287356321839
41048	0.00286532951289
4644	0.00285714285714
25324	0.00285714285714
47774	0.00285714285714
34830	0.00280898876404
41132	0.00280898876404
9251	0.00280112044818
30799	0.00280112044818
5432	0.00279524807827
23265	0.00279329608939
38932	0.00279329608939
22383	0.00278745644599
51989	0.00278551532033
30471	0.00277008310249
7419	0.00275103163686
16917	0.00274725274725
3059	0.0027397260274
37993	0.00271739130435
16420	0.00271002710027
35809	0.0027027027027
24522	0.00269541778976
18515	0.00268096514745
29218	0.00268096514745
38794	0.00267857142857
3133	0.00267737617135
36999	0.00267379679144
12017	0.00265957446809
1422	0.00264200792602
2381	0.00264200792602
870	0.00263157894737
35514	0.00263157894737
41129	0.00262467191601
10987	0.0025974025974
23642	0.0025974025974
1680	0.00259403372244
3689	0.00258397932817
9538	0.0025817555938
51096	0.00253807106599
39709	0.00251256281407
76	0.00250836120401
10281	0.00248756218905
1380	0.00247524752475
6812	0.00246305418719
2515	0.00245098039216
33678	0.00242718446602
41027	0.0024154589372
22971	0.00239808153477
12388	0.00237529691211
40289	0.00235849056604
31830	0.00232018561485
29861	0.00226244343891
23666	0.00225225225225
49394	0.00220750551876
3280	0.00220264317181
253	0.00218818380744
4137	0.00217864923747
15228	0.00217391304348
18311	0.00216684723727
12423	0.0021645021645
41044	0.0021645021645
41003	0.00214592274678
29309	0.00210970464135
27865	0.0020964360587
36392	0.002079002079
39549	0.00206611570248
41109	0.0020202020202
8709	0.00201342281879
34858	0.00197238658777
3527	0.00194931773879
17586	0.00194552529183
28821	0.0019120458891
5503	0.00191021967526
11727	0.00189035916824
7312	0.00188768286928
30269	0.00188679245283
12998	0.00184842883549
27489	0.00184162062615
37426	0.0018281535649
4916	0.00182149362477
21745	0.00182149362477
11201	0.00181818181818
33887	0.00181818181818
5809	0.00181488203267
5218	0.0018115942029
2312	0.00179533213645
1931	0.00178571428571
26805	0.00178571428571
949	0.00177619893428
2840	0.00177462289264
41074	0.00174825174825
38793	0.00174520069808
5519	0.00173761946134
11655	0.00171526586621
41116	0.00171526586621
18777	0.00170648464164
4655	0.00169319336268
37111	0.00168634064081
7261	0.00167785234899
14253	0.00165562913907
26863	0.00164744645799
22743	0.00164203612479
7175	0.00163666121113
16209	0.00163132137031
4121	0.00162866449511
4846	0.00157604412924
900	0.00156739811912
5231	0.00156657963446
25113	0.0015503875969
6304	0.0015479876161
23150	0.0015479876161
26602	0.00152905198777
1135	0.00152671755725
5157	0.00152361604876
27535	0.00151975683891
893	0.00150829562594
6427	0.00147275405007
4764	0.00145772594752
2037	0.00142247510669
40987	0.00141843971631
33634	0.0013986013986
29854	0.00138312586445
20506	0.00135501355014
14352	0.00132978723404
2733	0.00131926121372
40995	0.00131752305665
3720	0.00131578947368
4396	0.00128452151574
30899	0.00126262626263
1628	0.00125156445557
35563	0.00123203285421
869	0.00122189638319
14750	0.00117096018735
2290	0.00116686114352
28405	0.00116009280742
30980	0.00115874855156
3273	0.00111856823266
1503	0.00111669458403
5000	0.00111234705228
2007	0.00110619469027
2898	0.00109409190372
1902	0.00103092783505
2	0.00101936799185
39785	0.000996015936255
36398	0.000979431929481
1048	0.00095328884652
22929	0.000918273645546
2333	0.000914913083257
4518	0.000878734622144
25738	0.000873362445415
40965	0.000816326530612
28051	0.000796812749004
868	0.000770416024653
18613	0.000762195121951
4430	0.000746268656716
19601	0.000732600732601
2745	0.000706713780919
5112	0.000665335994677
19598	0.00065274151436
1118	0.000644329896907
5204	0.000643500643501
13111	0.000588235294118
38203	0.00054914881933
1497	0.000539956803456
