5425	0.2
5900	0.2
20195	0.2
20262	0.2
25256	0.2
34842	0.2
35443	0.2
44573	0.2
44625	0.2
48282	0.2
53487	0.2
56000	0.2
58385	0.2
59740	0.2
61162	0.2
3882	0.166666666667
6279	0.166666666667
6524	0.166666666667
7431	0.166666666667
7821	0.166666666667
8479	0.166666666667
9999	0.166666666667
11457	0.166666666667
13459	0.166666666667
14598	0.166666666667
20651	0.166666666667
21626	0.166666666667
22064	0.166666666667
22758	0.166666666667
25079	0.166666666667
30474	0.166666666667
31658	0.166666666667
33416	0.166666666667
36316	0.166666666667
37819	0.166666666667
39244	0.166666666667
39627	0.166666666667
41756	0.166666666667
43629	0.166666666667
43836	0.166666666667
45437	0.166666666667
45491	0.166666666667
49665	0.166666666667
50437	0.166666666667
59809	0.166666666667
60218	0.166666666667
35	0.142857142857
4597	0.142857142857
5336	0.142857142857
6574	0.142857142857
9437	0.142857142857
12032	0.142857142857
12955	0.142857142857
14711	0.142857142857
18453	0.142857142857
29087	0.142857142857
33702	0.142857142857
35055	0.142857142857
36505	0.142857142857
37657	0.142857142857
39887	0.142857142857
49486	0.142857142857
57064	0.142857142857
58101	0.142857142857
59777	0.142857142857
5	0.125
3340	0.125
10360	0.125
20854	0.125
23812	0.125
27210	0.125
33758	0.125
34283	0.125
42224	0.125
43009	0.125
46490	0.125
47231	0.125
47238	0.125
54831	0.125
60250	0.125
7970	0.111111111111
9946	0.111111111111
11080	0.111111111111
11335	0.111111111111
12317	0.111111111111
17810	0.111111111111
21039	0.111111111111
24407	0.111111111111
26337	0.111111111111
26698	0.111111111111
33458	0.111111111111
35700	0.111111111111
37946	0.111111111111
39181	0.111111111111
40787	0.111111111111
41989	0.111111111111
42832	0.111111111111
43247	0.111111111111
45165	0.111111111111
47255	0.111111111111
48665	0.111111111111
52381	0.111111111111
53059	0.111111111111
55067	0.111111111111
56782	0.111111111111
57267	0.111111111111
58896	0.111111111111
60552	0.111111111111
3491	0.1
19296	0.1
19713	0.1
36671	0.1
41538	0.1
49930	0.1
53283	0.1
54009	0.1
57315	0.1
10897	0.0909090909091
15205	0.0909090909091
17307	0.0909090909091
26912	0.0909090909091
27635	0.0909090909091
27658	0.0909090909091
29827	0.0909090909091
42473	0.0909090909091
43908	0.0909090909091
46790	0.0909090909091
47438	0.0909090909091
57911	0.0909090909091
60027	0.0909090909091
6485	0.0833333333333
10506	0.0833333333333
11091	0.0833333333333
14050	0.0833333333333
17362	0.0833333333333
17812	0.0833333333333
35744	0.0833333333333
49620	0.0833333333333
51400	0.0833333333333
53238	0.0833333333333
58607	0.0833333333333
61414	0.0833333333333
18380	0.0769230769231
20092	0.0769230769231
27817	0.0769230769231
28913	0.0769230769231
30160	0.0769230769231
32681	0.0769230769231
33500	0.0769230769231
34850	0.0769230769231
37797	0.0769230769231
38145	0.0769230769231
43102	0.0769230769231
52330	0.0769230769231
52739	0.0769230769231
59544	0.0769230769231
60522	0.0769230769231
84	0.0714285714286
2532	0.0714285714286
5939	0.0714285714286
9136	0.0714285714286
16474	0.0714285714286
31039	0.0714285714286
38056	0.0714285714286
42943	0.0714285714286
45101	0.0714285714286
56077	0.0714285714286
531	0.0666666666667
8812	0.0666666666667
10055	0.0666666666667
10117	0.0666666666667
14265	0.0666666666667
20090	0.0666666666667
20659	0.0666666666667
27357	0.0666666666667
35691	0.0666666666667
38785	0.0666666666667
39511	0.0666666666667
40127	0.0666666666667
42546	0.0666666666667
46838	0.0666666666667
52035	0.0666666666667
55824	0.0666666666667
60646	0.0666666666667
5983	0.0625
21394	0.0625
23144	0.0625
34731	0.0625
35382	0.0625
36241	0.0625
40865	0.0625
49205	0.0625
49330	0.0625
51005	0.0625
54128	0.0625
6599	0.0606060606061
382	0.0588235294118
12764	0.0588235294118
15880	0.0588235294118
31044	0.0588235294118
33893	0.0588235294118
34896	0.0588235294118
43450	0.0588235294118
43857	0.0588235294118
46188	0.0588235294118
46901	0.0588235294118
50643	0.0588235294118
51123	0.0588235294118
54902	0.0588235294118
56908	0.0588235294118
59529	0.0588235294118
2569	0.0555555555556
3378	0.0555555555556
7324	0.0555555555556
7887	0.0555555555556
23895	0.0555555555556
42681	0.0555555555556
46973	0.0555555555556
47059	0.0555555555556
49714	0.0555555555556
52061	0.0555555555556
3263	0.0526315789474
4236	0.0526315789474
10631	0.0526315789474
17573	0.0526315789474
29698	0.0526315789474
36414	0.0526315789474
50790	0.0526315789474
54944	0.0526315789474
1187	0.05
1715	0.05
4361	0.05
7886	0.05
34122	0.05
41441	0.05
43455	0.05
47458	0.05
47635	0.05
51829	0.05
51873	0.05
52036	0.05
3764	0.047619047619
4049	0.047619047619
11431	0.047619047619
13204	0.047619047619
15254	0.047619047619
24368	0.047619047619
32142	0.047619047619
37537	0.047619047619
39328	0.047619047619
39742	0.047619047619
41966	0.047619047619
51279	0.047619047619
51750	0.047619047619
59668	0.047619047619
466	0.0454545454545
11840	0.0454545454545
21008	0.0454545454545
22368	0.0454545454545
22670	0.0454545454545
28782	0.0454545454545
31484	0.0454545454545
31949	0.0454545454545
40121	0.0454545454545
40600	0.0454545454545
41446	0.0454545454545
45044	0.0454545454545
52087	0.0454545454545
53251	0.0454545454545
51299	0.0444444444444
4933	0.0434782608696
8158	0.0434782608696
8423	0.0434782608696
14647	0.0434782608696
17260	0.0434782608696
25716	0.0434782608696
34982	0.0434782608696
43582	0.0434782608696
49578	0.0434782608696
59093	0.0434782608696
11234	0.0416666666667
12485	0.0416666666667
25610	0.0416666666667
35051	0.0416666666667
41476	0.0416666666667
42471	0.0416666666667
42878	0.0416666666667
47731	0.0416666666667
48031	0.0416666666667
29515	0.0408163265306
835	0.04
1602	0.04
11706	0.04
14452	0.04
16488	0.04
17360	0.04
19080	0.04
22395	0.04
29033	0.04
32897	0.04
39082	0.04
41256	0.04
43259	0.04
43700	0.04
52526	0.04
52530	0.04
59576	0.04
60515	0.04
3925	0.0392156862745
1417	0.0384615384615
2404	0.0384615384615
2663	0.0384615384615
17228	0.0384615384615
21232	0.0384615384615
25125	0.0384615384615
28532	0.0384615384615
36601	0.0384615384615
37913	0.0384615384615
41591	0.0384615384615
50649	0.0384615384615
5214	0.037037037037
6196	0.037037037037
15153	0.037037037037
15788	0.037037037037
25701	0.037037037037
33382	0.037037037037
23321	0.0357142857143
28088	0.0357142857143
30698	0.0357142857143
31020	0.0357142857143
32422	0.0357142857143
34647	0.0357142857143
41835	0.0357142857143
49268	0.0357142857143
51481	0.0357142857143
52912	0.0357142857143
59605	0.0357142857143
3511	0.0344827586207
4322	0.0344827586207
10086	0.0344827586207
10344	0.0344827586207
11185	0.0344827586207
12434	0.0344827586207
39165	0.0344827586207
41539	0.0344827586207
42466	0.0344827586207
52608	0.0344827586207
59556	0.0344827586207
493	0.0333333333333
9759	0.0333333333333
24052	0.0333333333333
35052	0.0333333333333
46690	0.0333333333333
52690	0.0333333333333
58864	0.0333333333333
59237	0.0333333333333
2562	0.0322580645161
3721	0.0322580645161
29998	0.0322580645161
51579	0.0322580645161
777	0.03125
2416	0.03125
3817	0.03125
7476	0.03125
24964	0.03125
30261	0.03125
42715	0.03125
43287	0.03125
48162	0.03125
50964	0.03125
52580	0.03125
61147	0.03125
30085	0.0307692307692
22107	0.030303030303
23658	0.030303030303
42730	0.030303030303
52868	0.030303030303
58718	0.030303030303
1569	0.0294117647059
2901	0.0294117647059
11061	0.0294117647059
12199	0.0294117647059
41049	0.0294117647059
7884	0.0289855072464
7437	0.0285714285714
11252	0.0285714285714
23341	0.0285714285714
27685	0.0285714285714
34441	0.0285714285714
39419	0.0285714285714
41199	0.0285714285714
43959	0.0285714285714
2878	0.0277777777778
25180	0.0277777777778
34207	0.0277777777778
57790	0.0277777777778
34190	0.027397260274
597	0.027027027027
885	0.027027027027
20526	0.027027027027
36581	0.027027027027
41495	0.027027027027
41680	0.027027027027
42567	0.027027027027
48295	0.027027027027
55096	0.027027027027
55950	0.027027027027
5554	0.0263157894737
16283	0.0263157894737
39582	0.0263157894737
47861	0.0263157894737
51456	0.0263157894737
62	0.025641025641
327	0.025641025641
8399	0.025641025641
9207	0.025641025641
29027	0.025641025641
32398	0.025641025641
41163	0.025641025641
51042	0.025641025641
53191	0.025641025641
56215	0.025641025641
30792	0.025
41247	0.025
51749	0.025
6440	0.0243902439024
13005	0.0243902439024
16955	0.0243902439024
17602	0.0243902439024
22569	0.0243902439024
26817	0.0243902439024
28437	0.0243902439024
32200	0.0243902439024
32794	0.0243902439024
52273	0.0243902439024
2153	0.0238095238095
8873	0.0238095238095
12057	0.0238095238095
19320	0.0238095238095
21349	0.0238095238095
28323	0.0238095238095
42919	0.0238095238095
51370	0.0238095238095
51495	0.0238095238095
52736	0.0238095238095
3411	0.0232558139535
19657	0.0232558139535
41658	0.0232558139535
41948	0.0232558139535
4712	0.0227272727273
19606	0.0227272727273
20085	0.0227272727273
21583	0.0227272727273
29379	0.0227272727273
35508	0.0227272727273
41379	0.0227272727273
47467	0.0227272727273
515	0.0222222222222
6958	0.0222222222222
23210	0.0222222222222
43679	0.0222222222222
44528	0.0222222222222
51799	0.0222222222222
11661	0.0217391304348
26596	0.0217391304348
36356	0.0217391304348
36847	0.0217391304348
44588	0.0217391304348
51891	0.0217391304348
12552	0.0215053763441
2925	0.0212765957447
32041	0.0212765957447
41967	0.0212765957447
50884	0.0212765957447
2544	0.0210526315789
5458	0.0208333333333
26650	0.0208333333333
35747	0.0208333333333
41866	0.0208333333333
42368	0.0208333333333
6003	0.0204081632653
14663	0.0204081632653
14714	0.0204081632653
21806	0.0204081632653
34108	0.0204081632653
36489	0.0204081632653
41375	0.0204081632653
41883	0.0204081632653
42196	0.0204081632653
20070	0.02
21281	0.02
22553	0.02
27236	0.02
38564	0.02
45701	0.02
51775	0.02
27649	0.019801980198
4630	0.0196078431373
5302	0.0196078431373
24087	0.0196078431373
33975	0.0196078431373
36934	0.0196078431373
37380	0.0196078431373
50973	0.0196078431373
63	0.0192307692308
3050	0.0192307692308
4195	0.0192307692308
4967	0.0192307692308
9923	0.0192307692308
21719	0.0192307692308
24610	0.0192307692308
27508	0.0192307692308
41401	0.0192307692308
44120	0.0192307692308
12832	0.0188679245283
35030	0.0188679245283
40503	0.0188679245283
41894	0.0188679245283
20744	0.0185185185185
33166	0.0185185185185
33672	0.0185185185185
42427	0.0185185185185
45859	0.0185185185185
50907	0.0185185185185
5658	0.0181818181818
11556	0.0181818181818
22573	0.0181818181818
28452	0.0181818181818
28578	0.0181818181818
45715	0.0181818181818
51497	0.0181818181818
11511	0.0178571428571
35198	0.0178571428571
46148	0.0178571428571
52148	0.0178571428571
44486	0.0176991150442
15730	0.0175438596491
23284	0.0175438596491
26558	0.0175438596491
5677	0.0172413793103
11550	0.0172413793103
32432	0.0172413793103
41931	0.0172413793103
43017	0.0172413793103
52064	0.0172413793103
29401	0.0169491525424
59547	0.0169491525424
4656	0.0166666666667
4787	0.0166666666667
7197	0.0166666666667
8965	0.0166666666667
30679	0.0166666666667
3761	0.016393442623
6036	0.016393442623
27070	0.016393442623
28592	0.016393442623
41859	0.016393442623
42014	0.016393442623
48070	0.016393442623
26529	0.0161290322581
42399	0.0161290322581
51220	0.0161290322581
14649	0.015873015873
26940	0.015873015873
29530	0.015873015873
30222	0.015873015873
41736	0.015873015873
7084	0.015625
18022	0.015625
19843	0.015625
20315	0.015625
23944	0.015625
2460	0.0153846153846
33947	0.0153846153846
59906	0.0153846153846
4147	0.0151515151515
12182	0.0151515151515
12280	0.0151515151515
18119	0.0151515151515
20996	0.0151515151515
29804	0.0151515151515
51589	0.0151515151515
4977	0.015037593985
3684	0.0149253731343
19469	0.0149253731343
51746	0.0149253731343
38657	0.0148148148148
4047	0.0147058823529
10914	0.0147058823529
30069	0.0147058823529
48899	0.0147058823529
52458	0.0147058823529
3787	0.0144927536232
7614	0.0144927536232
42111	0.0144927536232
51087	0.0144927536232
12777	0.0143884892086
652	0.0142857142857
24833	0.0142857142857
26659	0.0142857142857
38547	0.0142857142857
22830	0.0141843971631
51676	0.0141843971631
3406	0.0140845070423
14757	0.0140845070423
40208	0.0140845070423
40569	0.0140845070423
41409	0.0140845070423
52231	0.0140845070423
17095	0.0138888888889
29005	0.0138888888889
43338	0.0138888888889
38530	0.013698630137
7346	0.0135135135135
8142	0.0135135135135
12597	0.0135135135135
18596	0.0135135135135
730	0.0133333333333
6466	0.0133333333333
8197	0.0133333333333
35275	0.0133333333333
37792	0.0133333333333
50335	0.0133333333333
50959	0.0133333333333
40989	0.0132450331126
10607	0.0131578947368
42642	0.0131578947368
57798	0.0131578947368
33405	0.0130718954248
50883	0.0130718954248
4149	0.012987012987
4334	0.012987012987
34531	0.012987012987
37806	0.012987012987
50642	0.012987012987
2679	0.0128205128205
8129	0.0128205128205
35431	0.0128205128205
14573	0.0126582278481
18604	0.0126582278481
19420	0.0126582278481
22121	0.0126582278481
41081	0.0126582278481
43276	0.0126582278481
59506	0.0126582278481
5702	0.0125
9609	0.0125
11775	0.0125
40752	0.0125
48676	0.0125
41593	0.0124223602484
3754	0.0123456790123
28793	0.0123456790123
2067	0.0121951219512
8890	0.0121951219512
9588	0.0121951219512
29024	0.0121951219512
29243	0.0121951219512
32778	0.0121951219512
35594	0.0121951219512
52415	0.0121951219512
819	0.0120481927711
19897	0.0120481927711
25221	0.0120481927711
29816	0.0120481927711
61042	0.0120481927711
6353	0.0119047619048
27691	0.0119047619048
41525	0.0119047619048
41694	0.0119047619048
49335	0.0119047619048
50984	0.0119047619048
52576	0.0119047619048
8519	0.0117647058824
18231	0.0117647058824
31995	0.0117647058824
41340	0.0117647058824
51655	0.0117647058824
3690	0.0116279069767
13006	0.0116279069767
41385	0.0116279069767
766	0.0114942528736
41404	0.0114285714286
17922	0.0113636363636
32509	0.0113636363636
39286	0.0113636363636
48662	0.0113636363636
52560	0.0113636363636
17383	0.0112359550562
38338	0.0112359550562
1252	0.0111111111111
2865	0.0111111111111
16802	0.0111111111111
18378	0.0111111111111
41086	0.0111111111111
41934	0.0111111111111
51044	0.0111111111111
22601	0.010989010989
3294	0.0108695652174
22170	0.0108695652174
41200	0.0108695652174
52357	0.0108695652174
6254	0.010752688172
23514	0.010752688172
41480	0.010752688172
51079	0.010752688172
51228	0.010752688172
51492	0.010752688172
25027	0.0106382978723
41102	0.0106382978723
5712	0.0105263157895
21312	0.0105263157895
24088	0.0105263157895
46277	0.0105263157895
47265	0.0104166666667
1753	0.0103092783505
11774	0.0103092783505
34933	0.0103092783505
36275	0.0103092783505
41426	0.0103092783505
18403	0.010101010101
26162	0.010101010101
28711	0.010101010101
32074	0.010101010101
3317	0.00990099009901
14716	0.00990099009901
39288	0.00990099009901
14730	0.00980392156863
41002	0.00980392156863
41366	0.00980392156863
43325	0.00980392156863
71	0.00970873786408
6330	0.00970873786408
16846	0.00970873786408
26828	0.00970873786408
29790	0.00970873786408
34373	0.00970873786408
1364	0.00961538461538
41704	0.00961538461538
21845	0.00956937799043
13428	0.00952380952381
39404	0.00943396226415
14275	0.00934579439252
18973	0.00934579439252
25091	0.00934579439252
33971	0.00934579439252
19313	0.00925925925926
38818	0.00925925925926
11383	0.00917431192661
17299	0.00917431192661
20205	0.00917431192661
32411	0.00917431192661
41111	0.00917431192661
47292	0.00917431192661
34683	0.00911854103343
1632	0.00909090909091
2367	0.00909090909091
14646	0.00909090909091
25416	0.00909090909091
12167	0.00900900900901
21915	0.00892857142857
59505	0.00892857142857
3006	0.00884955752212
15720	0.00884955752212
30923	0.00884955752212
14686	0.00877192982456
21696	0.00877192982456
44351	0.00877192982456
50812	0.00877192982456
51030	0.00862068965517
1028	0.00854700854701
1362	0.00854700854701
26711	0.00854700854701
34391	0.00854700854701
3826	0.00847457627119
7427	0.00847457627119
50969	0.00847457627119
31170	0.0084388185654
4658	0.00840336134454
18226	0.00840336134454
41055	0.00840336134454
53377	0.00840336134454
6352	0.00833333333333
2264	0.00826446280992
28379	0.00826446280992
32246	0.00826446280992
41099	0.00826446280992
41443	0.00826446280992
42545	0.00819672131148
50941	0.00819672131148
51496	0.00819672131148
1169	0.00813008130081
15825	0.00813008130081
23532	0.00813008130081
41194	0.00813008130081
53000	0.00813008130081
3793	0.00806451612903
37577	0.00806451612903
13076	0.008
5575	0.00793650793651
16956	0.00793650793651
50952	0.00793650793651
21734	0.00787401574803
35044	0.00787401574803
41152	0.00787401574803
49403	0.00787401574803
51164	0.00787401574803
7451	0.0078125
16340	0.0078125
25440	0.0078125
39323	0.0078125
41398	0.0078125
13058	0.0077519379845
16228	0.0077519379845
6222	0.00769230769231
40344	0.00769230769231
41208	0.00769230769231
2070	0.00763358778626
21801	0.00763358778626
35039	0.00763358778626
34607	0.00757575757576
51393	0.00751879699248
19965	0.00740740740741
40847	0.00740740740741
41181	0.00740740740741
9646	0.00735294117647
20573	0.00735294117647
37201	0.00735294117647
494	0.00724637681159
4513	0.00724637681159
27642	0.00724637681159
51254	0.00724637681159
1020	0.00719424460432
34350	0.00719424460432
38807	0.00719424460432
2610	0.00714285714286
37747	0.00714285714286
41038	0.00714285714286
50915	0.00714285714286
3022	0.00709219858156
8397	0.00709219858156
13121	0.00709219858156
2776	0.00704225352113
44847	0.00704225352113
17483	0.00699300699301
5089	0.00694444444444
28055	0.00694444444444
41106	0.00692041522491
4337	0.00689655172414
46722	0.00689655172414
618	0.00684931506849
23299	0.00684931506849
13036	0.00680272108844
16368	0.00675675675676
4464	0.00671140939597
7161	0.00671140939597
8681	0.00671140939597
42335	0.00671140939597
51117	0.00671140939597
4135	0.00666666666667
6213	0.00666666666667
35199	0.00666666666667
1918	0.00662251655629
12511	0.00662251655629
15233	0.00662251655629
23999	0.00662251655629
4739	0.00657894736842
12501	0.00657894736842
13212	0.00657894736842
20335	0.00657894736842
41059	0.00657894736842
254	0.00653594771242
38861	0.00653594771242
35728	0.00647249190939
34967	0.00636942675159
13064	0.00632911392405
17625	0.00632911392405
51159	0.00632911392405
30789	0.0062893081761
3297	0.00625
11128	0.00625
51145	0.00625
16723	0.00621118012422
34121	0.00621118012422
51025	0.00621118012422
6679	0.00617283950617
11000	0.00609756097561
17948	0.00609756097561
26890	0.00609756097561
3239	0.00602409638554
31850	0.00602409638554
28810	0.00600600600601
40625	0.0059880239521
50897	0.0059880239521
35144	0.00591715976331
1170	0.00588235294118
18301	0.00588235294118
19338	0.00588235294118
25732	0.00584795321637
24970	0.00581395348837
25078	0.00581395348837
5116	0.00578034682081
3548	0.00574712643678
4644	0.00573065902579
41013	0.00571428571429
6573	0.00568181818182
216	0.00564971751412
7460	0.00564971751412
6772	0.00561797752809
30799	0.00561797752809
39265	0.00561797752809
23265	0.00560224089636
11359	0.00558659217877
12188	0.00558659217877
6689	0.00557103064067
16273	0.00555555555556
44456	0.00555555555556
4675	0.00549450549451
25891	0.00549450549451
20506	0.00544217687075
16076	0.00537634408602
21507	0.00537634408602
26158	0.00537634408602
36686	0.00537634408602
7198	0.00534759358289
40983	0.00534759358289
22524	0.00531914893617
22572	0.00531914893617
37194	0.00531914893617
30874	0.00526315789474
4439	0.00523560209424
21337	0.00523560209424
35581	0.00523560209424
23642	0.00520833333333
29705	0.00520833333333
32418	0.00520833333333
41047	0.00518134715026
44978	0.00518134715026
51697	0.00518134715026
1853	0.00515463917526
3198	0.00515463917526
9761	0.00512820512821
47787	0.00512820512821
2595	0.00510204081633
5419	0.00510204081633
21321	0.00510204081633
7533	0.00507614213198
932	0.00503778337531
11782	0.00502512562814
15306	0.00502512562814
26760	0.00502512562814
21978	0.005
41308	0.005
41942	0.005
42328	0.005
51019	0.00498753117207
4706	0.00497512437811
41025	0.00497512437811
41171	0.00497512437811
39366	0.0049504950495
1113	0.00493827160494
1489	0.00492610837438
27579	0.00492610837438
23388	0.00490196078431
41370	0.0048309178744
41037	0.00480769230769
14369	0.00478468899522
51341	0.00478468899522
17946	0.0047619047619
25431	0.00473933649289
38795	0.00473933649289
1361	0.00467289719626
13095	0.00467289719626
25113	0.00466562986003
32823	0.0046511627907
41045	0.00462962962963
13933	0.00460829493088
992	0.00460122699387
2722	0.0045871559633
50851	0.0045871559633
51721	0.0045871559633
40978	0.0045045045045
41091	0.0045045045045
40318	0.00448430493274
14360	0.00446428571429
31879	0.00446428571429
38493	0.00446428571429
37052	0.00442477876106
2785	0.00440528634361
9656	0.00440528634361
19201	0.00440528634361
4900	0.00436681222707
5693	0.00436681222707
15228	0.00435729847495
38206	0.00434782608696
11169	0.00433839479393
35703	0.00433839479393
22717	0.004329004329
34356	0.004329004329
52471	0.004329004329
39483	0.00431034482759
9138	0.0042194092827
17952	0.00420168067227
45139	0.00420168067227
38492	0.00418994413408
25051	0.00416666666667
39027	0.00416666666667
29854	0.00416088765603
10287	0.00413223140496
50923	0.00411522633745
512	0.00408163265306
30445	0.00408163265306
41355	0.00408163265306
1921	0.00406504065041
5768	0.00406504065041
17147	0.00404858299595
20875	0.00404858299595
44951	0.00404858299595
34169	0.0040404040404
37427	0.00403225806452
4005	0.00401606425703
6789	0.00395256916996
36398	0.00392927308448
34199	0.00392156862745
34751	0.00389105058366
17939	0.003861003861
51178	0.003861003861
38790	0.00383141762452
41985	0.00383141762452
1048	0.0038240917782
10251	0.00381679389313
28128	0.00381679389313
33142	0.00380228136882
11727	0.00378787878788
38232	0.00378787878788
50995	0.00378787878788
35021	0.00377358490566
39602	0.00377358490566
32862	0.00376647834275
7062	0.00374531835206
35136	0.00369685767098
3139	0.00369003690037
17605	0.00369003690037
30794	0.00369003690037
41065	0.00367647058824
1676	0.003663003663
13952	0.003663003663
25414	0.003663003663
4335	0.0036496350365
18414	0.0036496350365
4242	0.00363636363636
41364	0.00363636363636
5218	0.00362976406534
17566	0.00361010830325
27171	0.00361010830325
5460	0.00359712230216
40980	0.00359712230216
862	0.00358422939068
38293	0.00357142857143
25937	0.00355871886121
11746	0.00354609929078
28286	0.00354609929078
22744	0.00354295837024
42609	0.00352112676056
7214	0.00343642611684
23011	0.00343642611684
38925	0.00340715502555
34637	0.003367003367
3273	0.00336322869955
5512	0.00334448160535
7444	0.00334448160535
41258	0.00333333333333
6360	0.00332225913621
26863	0.003300330033
41067	0.00328947368421
37225	0.00327868852459
50901	0.00327868852459
16209	0.00326797385621
35049	0.00326797385621
4121	0.00326264274062
118	0.00324675324675
27128	0.00323624595469
35237	0.00323624595469
28742	0.00321888412017
41972	0.00319488817891
16927	0.0031847133758
27527	0.0031847133758
1064	0.00316957210777
5616	0.00316455696203
27906	0.00316455696203
17008	0.00315457413249
26893	0.00314465408805
41015	0.00313479623824
1655	0.00310559006211
511	0.00306748466258
41156	0.00306748466258
5774	0.0030487804878
17987	0.0030487804878
41000	0.00303951367781
41165	0.0030303030303
29686	0.00302114803625
29845	0.00301204819277
40964	0.003003003003
41609	0.003003003003
4430	0.00299177262528
3260	0.00297619047619
37198	0.00295857988166
34147	0.00294985250737
1700	0.00293255131965
11307	0.00293255131965
4708	0.00290697674419
2186	0.00290275761974
29453	0.00289855072464
3788	0.0028818443804
50939	0.0028818443804
33850	0.00287356321839
50957	0.00287356321839
41048	0.00286532951289
25324	0.00285714285714
2037	0.002849002849
742	0.00284090909091
9252	0.00284090909091
40987	0.00284090909091
27651	0.0028328611898
3553	0.00281690140845
7317	0.00280898876404
25453	0.00280898876404
34830	0.00280898876404
5622	0.00280112044818
5432	0.00279524807827
29971	0.00277008310249
41050	0.00276243093923
22929	0.00275988960442
16917	0.00274725274725
921	0.0027397260274
3059	0.0027397260274
50933	0.0027397260274
4916	0.00273473108478
21323	0.00272479564033
37993	0.00271739130435
16420	0.00271002710027
4153	0.0027027027027
35809	0.0027027027027
24522	0.00269541778976
1438	0.00268096514745
18515	0.00268096514745
29218	0.00268096514745
36999	0.00267379679144
19547	0.00266666666667
14352	0.00266311584554
12017	0.00265957446809
2381	0.00264200792602
11664	0.00262467191601
41129	0.00262467191601
12969	0.00259067357513
41010	0.00259067357513
3689	0.00258397932817
5204	0.00257898130239
20818	0.00253807106599
41031	0.00251256281407
76	0.00250836120401
9642	0.00250626566416
10281	0.00248756218905
6812	0.00246305418719
7100	0.00246305418719
41092	0.00246305418719
2515	0.00245098039216
41467	0.00244498777506
20173	0.00243309002433
31536	0.00243309002433
12388	0.00237529691211
25586	0.00237529691211
4951	0.00235294117647
3499	0.00229357798165
3827	0.00227790432802
26805	0.00223313979455
5000	0.0022271714922
631	0.00220750551876
40988	0.00220264317181
41332	0.00220264317181
19601	0.002201027146
18311	0.00216684723727
12423	0.0021645021645
41044	0.0021645021645
41058	0.00215982721382
41003	0.00214592274678
9200	0.0021186440678
23782	0.00210970464135
29309	0.00210970464135
5231	0.00208986415883
36392	0.002079002079
4937	0.0020725388601
17938	0.0020618556701
2	0.00204081632653
17711	0.0020366598778
41109	0.0020202020202
3729	0.00200400801603
11	0.00199600798403
33841	0.00197628458498
34858	0.00197238658777
21797	0.00196078431373
17586	0.00194552529183
34369	0.00194174757282
4396	0.00192802056555
40971	0.00191938579655
3733	0.0019120458891
30269	0.00188679245283
8732	0.00187265917603
51041	0.0018691588785
4563	0.00186567164179
11769	0.00186567164179
32612	0.00186567164179
12998	0.00184842883549
27489	0.00184162062615
2333	0.0018315018315
21745	0.00182149362477
35178	0.00181818181818
39915	0.00181818181818
40962	0.0018018018018
2312	0.00179533213645
25098	0.00178890876565
1931	0.00178571428571
13056	0.0017825311943
949	0.00177619893428
37737	0.00177304964539
28407	0.00175438596491
13955	0.00174825174825
41074	0.00174825174825
5519	0.00173761946134
11655	0.00171526586621
41116	0.00171526586621
1743	0.00170068027211
7261	0.00167785234899
38203	0.00164925783397
35563	0.00164338537387
7175	0.00163666121113
2326	0.0016339869281
20416	0.00162601626016
18456	0.00162337662338
32188	0.00161812297735
17355	0.0016155088853
4578	0.0016146393972
27809	0.00160256410256
13339	0.00159744408946
28051	0.00159489633174
1984	0.00157977883096
38584	0.00156739811912
39136	0.0015503875969
6304	0.0015479876161
23150	0.0015479876161
868	0.00154202004626
18613	0.00152555301297
5157	0.00152361604876
20542	0.00151975683891
27535	0.00151975683891
893	0.00150829562594
5120	0.00150829562594
41016	0.00145454545455
2613	0.00145137880987
26584	0.0014367816092
5237	0.00142045454545
7312	0.00141509433962
2745	0.001414427157
33634	0.0013986013986
22383	0.00139178844816
4655	0.00135409614083
2419	0.00134408602151
8709	0.00134138162307
5112	0.00133155792277
35345	0.00132275132275
41018	0.00132100396301
1422	0.00131926121372
2733	0.00131926121372
4518	0.00131868131868
40995	0.00131752305665
19598	0.00130633572828
1118	0.00128949065119
30899	0.00126262626263
1628	0.00125156445557
5420	0.00124688279302
41090	0.00124688279302
869	0.00122189638319
39447	0.00120048019208
29277	0.00119904076739
18307	0.00118483412322
6427	0.00117785630153
27890	0.00117785630153
38191	0.00117370892019
14750	0.00117096018735
38793	0.00116279069767
28405	0.00116009280742
1503	0.00111669458403
34224	0.00111234705228
2007	0.00110619469027
1497	0.00108049702863
7340	0.00106951871658
1902	0.00103092783505
2344	0.00101317122594
39785	0.000996015936255
2463	0.000960614793468
41068	0.000956937799043
5503	0.000954198473282
3933	0.000921658986175
34367	0.000919963201472
5809	0.00090661831369
38794	0.000891265597148
25738	0.000873362445415
9538	0.00085910652921
18777	0.000852514919011
31440	0.000834028356964
40965	0.000816326530612
4846	0.000787401574803
26602	0.000763941940413
13111	0.000588235294118
2290	0.000583090379009
