39205	0.105263157895
3936	0.1
10092	0.1
14118	0.1
27381	0.1
30787	0.1
31426	0.1
33041	0.1
35056	0.1
35975	0.1
39222	0.1
39957	0.1
43027	0.1
45490	0.1
45532	0.1
45903	0.1
45909	0.1
46945	0.1
52340	0.1
53530	0.1
54906	0.1
55914	0.1
57260	0.1
59008	0.1
60391	0.1
61326	0.1
576	0.0909090909091
1172	0.0909090909091
1359	0.0909090909091
1418	0.0909090909091
3874	0.0909090909091
4184	0.0909090909091
12906	0.0909090909091
14973	0.0909090909091
15224	0.0909090909091
15456	0.0909090909091
17388	0.0909090909091
18024	0.0909090909091
18524	0.0909090909091
23623	0.0909090909091
26144	0.0909090909091
28048	0.0909090909091
29229	0.0909090909091
29870	0.0909090909091
31013	0.0909090909091
34133	0.0909090909091
39356	0.0909090909091
39775	0.0909090909091
46938	0.0909090909091
46971	0.0909090909091
47405	0.0909090909091
48917	0.0909090909091
53392	0.0909090909091
53689	0.0909090909091
54123	0.0909090909091
56161	0.0909090909091
56351	0.0909090909091
60839	0.0909090909091
1023	0.0833333333333
10457	0.0833333333333
11528	0.0833333333333
14094	0.0833333333333
17270	0.0833333333333
19633	0.0833333333333
19821	0.0833333333333
20588	0.0833333333333
21011	0.0833333333333
23487	0.0833333333333
25043	0.0833333333333
28103	0.0833333333333
33525	0.0833333333333
35470	0.0833333333333
36519	0.0833333333333
43067	0.0833333333333
43536	0.0833333333333
44710	0.0833333333333
45447	0.0833333333333
47133	0.0833333333333
49762	0.0833333333333
49823	0.0833333333333
55739	0.0833333333333
57974	0.0833333333333
234	0.0769230769231
490	0.0769230769231
14092	0.0769230769231
15694	0.0769230769231
15900	0.0769230769231
18136	0.0769230769231
18617	0.0769230769231
25344	0.0769230769231
26024	0.0769230769231
26648	0.0769230769231
29769	0.0769230769231
36680	0.0769230769231
41291	0.0769230769231
42224	0.0769230769231
42534	0.0769230769231
43451	0.0769230769231
47449	0.0769230769231
47514	0.0769230769231
49663	0.0769230769231
53794	0.0769230769231
59867	0.0769230769231
52835	0.0740740740741
3048	0.0731707317073
575	0.0714285714286
815	0.0714285714286
7178	0.0714285714286
8336	0.0714285714286
10353	0.0714285714286
12721	0.0714285714286
17759	0.0714285714286
19734	0.0714285714286
25990	0.0714285714286
30653	0.0714285714286
31744	0.0714285714286
34740	0.0714285714286
35002	0.0714285714286
45025	0.0714285714286
45980	0.0714285714286
46616	0.0714285714286
53972	0.0714285714286
1855	0.0666666666667
5841	0.0666666666667
6322	0.0666666666667
9899	0.0666666666667
16037	0.0666666666667
18402	0.0666666666667
22608	0.0666666666667
31276	0.0666666666667
36376	0.0666666666667
39168	0.0666666666667
39421	0.0666666666667
39691	0.0666666666667
43318	0.0666666666667
45867	0.0666666666667
46701	0.0666666666667
46806	0.0666666666667
46891	0.0666666666667
48782	0.0666666666667
51928	0.0666666666667
58244	0.0666666666667
58460	0.0666666666667
59658	0.0666666666667
17307	0.0625
19013	0.0625
23587	0.0625
27730	0.0625
33838	0.0625
38044	0.0625
39547	0.0625
42422	0.0625
43077	0.0625
43166	0.0625
45563	0.0625
45920	0.0625
48938	0.0625
50997	0.0625
57249	0.0625
58394	0.0625
58768	0.0625
61028	0.0625
493	0.0588235294118
678	0.0588235294118
875	0.0588235294118
5762	0.0588235294118
7448	0.0588235294118
9296	0.0588235294118
9904	0.0588235294118
12308	0.0588235294118
18228	0.0588235294118
21382	0.0588235294118
24282	0.0588235294118
24955	0.0588235294118
25721	0.0588235294118
31029	0.0588235294118
33253	0.0588235294118
34861	0.0588235294118
42778	0.0588235294118
43716	0.0588235294118
44984	0.0588235294118
52329	0.0588235294118
53412	0.0588235294118
58626	0.0588235294118
60112	0.0588235294118
4843	0.0555555555556
6757	0.0555555555556
7154	0.0555555555556
7189	0.0555555555556
10477	0.0555555555556
12573	0.0555555555556
21109	0.0555555555556
23469	0.0555555555556
27221	0.0555555555556
32939	0.0555555555556
36640	0.0555555555556
38658	0.0555555555556
43029	0.0555555555556
43293	0.0555555555556
43808	0.0555555555556
44396	0.0555555555556
51638	0.0555555555556
58224	0.0555555555556
60369	0.0555555555556
61006	0.0555555555556
37761	0.0540540540541
486	0.0526315789474
4989	0.0526315789474
6937	0.0526315789474
8015	0.0526315789474
10261	0.0526315789474
10359	0.0526315789474
11919	0.0526315789474
11997	0.0526315789474
13314	0.0526315789474
16474	0.0526315789474
18929	0.0526315789474
20751	0.0526315789474
20893	0.0526315789474
26627	0.0526315789474
28392	0.0526315789474
29443	0.0526315789474
31762	0.0526315789474
33344	0.0526315789474
41363	0.0526315789474
41960	0.0526315789474
43526	0.0526315789474
46437	0.0526315789474
47166	0.0526315789474
49020	0.0526315789474
52026	0.0526315789474
53388	0.0526315789474
54610	0.0526315789474
54984	0.0526315789474
44923	0.0512820512821
5186	0.05
11351	0.05
27029	0.05
30997	0.05
36996	0.05
39198	0.05
39856	0.05
40438	0.05
41600	0.05
43007	0.05
46101	0.05
50761	0.05
51807	0.05
52191	0.05
59964	0.05
51262	0.0487804878049
4958	0.047619047619
10904	0.047619047619
11473	0.047619047619
12266	0.047619047619
16655	0.047619047619
20319	0.047619047619
24520	0.047619047619
28022	0.047619047619
31520	0.047619047619
32992	0.047619047619
37655	0.047619047619
38980	0.047619047619
39667	0.047619047619
40542	0.047619047619
41971	0.047619047619
50754	0.047619047619
52126	0.047619047619
52467	0.047619047619
53190	0.047619047619
59803	0.047619047619
5339	0.0454545454545
13223	0.0454545454545
13240	0.0454545454545
15880	0.0454545454545
22242	0.0454545454545
30030	0.0454545454545
31615	0.0454545454545
33893	0.0454545454545
36495	0.0454545454545
42301	0.0454545454545
42689	0.0454545454545
43060	0.0454545454545
45583	0.0454545454545
48784	0.0454545454545
57759	0.0454545454545
59530	0.0454545454545
60508	0.0454545454545
60620	0.0454545454545
206	0.0434782608696
1061	0.0434782608696
9845	0.0434782608696
17309	0.0434782608696
37539	0.0434782608696
42527	0.0434782608696
42907	0.0434782608696
50919	0.0434782608696
50950	0.0434782608696
51647	0.0434782608696
53038	0.0434782608696
7307	0.0416666666667
20730	0.0416666666667
20990	0.0416666666667
25252	0.0416666666667
27392	0.0416666666667
31027	0.0416666666667
40663	0.0416666666667
47140	0.0416666666667
50741	0.0416666666667
51510	0.0416666666667
52023	0.0416666666667
6880	0.04
6924	0.04
8375	0.04
15340	0.04
15962	0.04
17935	0.04
21920	0.04
22660	0.04
22697	0.04
33114	0.04
33701	0.04
34352	0.04
39084	0.04
39845	0.04
50311	0.04
51574	0.04
2088	0.0384615384615
6662	0.0384615384615
9418	0.0384615384615
17919	0.0384615384615
21157	0.0384615384615
23300	0.0384615384615
25070	0.0384615384615
25230	0.0384615384615
30283	0.0384615384615
32142	0.0384615384615
32170	0.0384615384615
33318	0.0384615384615
38314	0.0384615384615
39161	0.0384615384615
39328	0.0384615384615
39742	0.0384615384615
43281	0.0384615384615
52563	0.0384615384615
52996	0.0384615384615
51857	0.0377358490566
109	0.037037037037
1936	0.037037037037
4192	0.037037037037
5704	0.037037037037
8740	0.037037037037
11011	0.037037037037
14374	0.037037037037
15533	0.037037037037
18203	0.037037037037
21718	0.037037037037
22553	0.037037037037
23575	0.037037037037
24721	0.037037037037
25278	0.037037037037
31484	0.037037037037
34415	0.037037037037
35574	0.037037037037
36942	0.037037037037
42604	0.037037037037
43132	0.037037037037
52335	0.037037037037
1976	0.0363636363636
586	0.0357142857143
22546	0.0357142857143
25081	0.0357142857143
28853	0.0357142857143
33501	0.0357142857143
33874	0.0357142857143
34132	0.0357142857143
35471	0.0357142857143
43174	0.0357142857143
45273	0.0357142857143
48885	0.0357142857143
51085	0.0357142857143
51789	0.0357142857143
19962	0.0350877192982
1016	0.0344827586207
6921	0.0344827586207
8162	0.0344827586207
13091	0.0344827586207
20477	0.0344827586207
20924	0.0344827586207
25348	0.0344827586207
25393	0.0344827586207
26269	0.0344827586207
31347	0.0344827586207
43180	0.0344827586207
45644	0.0344827586207
51167	0.0344827586207
51944	0.0344827586207
52398	0.0344827586207
1602	0.0333333333333
4645	0.0333333333333
7294	0.0333333333333
10868	0.0333333333333
14455	0.0333333333333
15733	0.0333333333333
28387	0.0333333333333
29445	0.0333333333333
30139	0.0333333333333
32386	0.0333333333333
32944	0.0333333333333
33999	0.0333333333333
35186	0.0333333333333
36440	0.0333333333333
39082	0.0333333333333
43239	0.0333333333333
50029	0.0333333333333
50644	0.0333333333333
51161	0.0333333333333
59518	0.0333333333333
665	0.0322580645161
4449	0.0322580645161
8137	0.0322580645161
11228	0.0322580645161
15113	0.0322580645161
18345	0.0322580645161
18930	0.0322580645161
21867	0.0322580645161
23550	0.0322580645161
28532	0.0322580645161
32749	0.0322580645161
38350	0.0322580645161
39885	0.0322580645161
43315	0.0322580645161
46489	0.0322580645161
47880	0.0322580645161
51473	0.0322580645161
52237	0.0322580645161
59928	0.0322580645161
28579	0.031746031746
42618	0.031746031746
3154	0.03125
21257	0.03125
27129	0.03125
40321	0.03125
48284	0.03125
51022	0.03125
51817	0.03125
52808	0.03125
175	0.030303030303
20891	0.030303030303
26745	0.030303030303
27862	0.030303030303
41531	0.030303030303
42672	0.030303030303
43518	0.030303030303
50993	0.030303030303
52912	0.030303030303
53215	0.030303030303
59605	0.030303030303
670	0.0294117647059
2275	0.0294117647059
2952	0.0294117647059
4336	0.0294117647059
11630	0.0294117647059
17707	0.0294117647059
20858	0.0294117647059
28242	0.0294117647059
30259	0.0294117647059
34660	0.0294117647059
36926	0.0294117647059
41594	0.0294117647059
43566	0.0294117647059
50533	0.0294117647059
51045	0.0294117647059
51669	0.0294117647059
52162	0.0294117647059
59556	0.0294117647059
2338	0.0285714285714
8914	0.0285714285714
10837	0.0285714285714
14004	0.0285714285714
15721	0.0285714285714
17998	0.0285714285714
20101	0.0285714285714
25507	0.0285714285714
25603	0.0285714285714
31544	0.0285714285714
37691	0.0285714285714
38665	0.0285714285714
41846	0.0285714285714
42065	0.0285714285714
50954	0.0285714285714
52461	0.0285714285714
52809	0.0285714285714
52856	0.0285714285714
60274	0.0285714285714
4647	0.0277777777778
8659	0.0277777777778
21664	0.0277777777778
47598	0.0277777777778
51186	0.0277777777778
51251	0.0277777777778
51652	0.0277777777778
60589	0.0277777777778
10187	0.027027027027
14445	0.027027027027
16394	0.027027027027
16431	0.027027027027
18505	0.027027027027
19620	0.027027027027
41410	0.027027027027
50097	0.027027027027
50964	0.027027027027
52095	0.027027027027
1120	0.0263157894737
1307	0.0263157894737
5239	0.0263157894737
15717	0.0263157894737
22107	0.0263157894737
24585	0.0263157894737
35723	0.0263157894737
37879	0.0263157894737
50518	0.0263157894737
51058	0.0263157894737
51333	0.0263157894737
52469	0.0263157894737
2424	0.025974025974
42932	0.025974025974
59	0.025641025641
1958	0.025641025641
3425	0.025641025641
6685	0.025641025641
7720	0.025641025641
10190	0.025641025641
11724	0.025641025641
11925	0.025641025641
13227	0.025641025641
19411	0.025641025641
20701	0.025641025641
27268	0.025641025641
31374	0.025641025641
35167	0.025641025641
39213	0.025641025641
48253	0.025641025641
51066	0.025641025641
51740	0.025641025641
53443	0.025641025641
59814	0.025641025641
60463	0.025641025641
2933	0.025
9801	0.025
37293	0.025
41497	0.025
41650	0.025
43262	0.025
52713	0.025
59587	0.025
41142	0.0246913580247
11299	0.0243902439024
24999	0.0243902439024
31663	0.0243902439024
34095	0.0243902439024
34207	0.0243902439024
35907	0.0243902439024
41413	0.0243902439024
44176	0.0243902439024
45675	0.0243902439024
47456	0.0243902439024
885	0.0238095238095
3025	0.0238095238095
11339	0.0238095238095
13922	0.0238095238095
17053	0.0238095238095
32923	0.0238095238095
33337	0.0238095238095
41162	0.0238095238095
41254	0.0238095238095
41323	0.0238095238095
48295	0.0238095238095
50483	0.0238095238095
53110	0.0238095238095
59785	0.0238095238095
61215	0.0238095238095
36606	0.0235294117647
7531	0.0232558139535
11135	0.0232558139535
11386	0.0232558139535
14407	0.0232558139535
19683	0.0232558139535
23050	0.0232558139535
25006	0.0232558139535
29626	0.0232558139535
41915	0.0232558139535
50287	0.0232558139535
59618	0.0232558139535
59882	0.0232558139535
59957	0.0232558139535
75	0.0227272727273
849	0.0227272727273
9528	0.0227272727273
24874	0.0227272727273
28667	0.0227272727273
39179	0.0227272727273
41795	0.0227272727273
45283	0.0227272727273
51248	0.0227272727273
17315	0.0225563909774
8774	0.0222222222222
10967	0.0222222222222
16445	0.0222222222222
17982	0.0222222222222
18992	0.0222222222222
20992	0.0222222222222
23227	0.0222222222222
28976	0.0222222222222
37215	0.0222222222222
52511	0.0222222222222
1505	0.0217391304348
3566	0.0217391304348
11132	0.0217391304348
14617	0.0217391304348
16774	0.0217391304348
16955	0.0217391304348
22569	0.0217391304348
23698	0.0217391304348
26652	0.0217391304348
42206	0.0217391304348
43347	0.0217391304348
461	0.0212765957447
2153	0.0212765957447
10468	0.0212765957447
11761	0.0212765957447
11854	0.0212765957447
18290	0.0212765957447
32006	0.0212765957447
35808	0.0212765957447
37381	0.0212765957447
38051	0.0212765957447
41192	0.0212765957447
42854	0.0212765957447
51195	0.0212765957447
53240	0.0212765957447
55722	0.0212765957447
5498	0.0208333333333
19321	0.0208333333333
20490	0.0208333333333
21229	0.0208333333333
41599	0.0208333333333
23054	0.020618556701
16784	0.0205479452055
12432	0.0204081632653
15843	0.0204081632653
18703	0.0204081632653
19606	0.0204081632653
31866	0.0204081632653
35508	0.0204081632653
42741	0.0204081632653
49304	0.0204081632653
60613	0.0204081632653
24088	0.020202020202
10248	0.0201342281879
18304	0.02
22946	0.02
23887	0.02
24980	0.02
26286	0.02
35130	0.02
38732	0.02
42819	0.02
43603	0.02
56368	0.02
4156	0.019801980198
6235	0.0196078431373
7393	0.0196078431373
8211	0.0196078431373
29608	0.0196078431373
47483	0.0196078431373
51299	0.0196078431373
51545	0.0196078431373
56324	0.0196078431373
57828	0.0196078431373
890	0.0192307692308
3114	0.0192307692308
3867	0.0192307692308
6473	0.0192307692308
14439	0.0192307692308
17064	0.0192307692308
41606	0.0192307692308
42319	0.0192307692308
51294	0.0192307692308
53239	0.0192307692308
3561	0.0188679245283
8839	0.0188679245283
10149	0.0188679245283
28436	0.0188679245283
52297	0.0188679245283
53214	0.0188679245283
8210	0.01875
12343	0.018691588785
1	0.0185185185185
2310	0.0185185185185
10729	0.0185185185185
14022	0.0185185185185
38575	0.0185185185185
39078	0.0185185185185
43835	0.0185185185185
47282	0.0185185185185
47431	0.0185185185185
50508	0.0185185185185
52368	0.0183486238532
887	0.0181818181818
1168	0.0181818181818
11353	0.0181818181818
17087	0.0181818181818
19835	0.0181818181818
25703	0.0181818181818
34165	0.0181818181818
34901	0.0181818181818
41914	0.0181818181818
44152	0.0181818181818
44999	0.0181818181818
51345	0.0181818181818
937	0.0178571428571
3538	0.0178571428571
6259	0.0178571428571
15986	0.0178571428571
21841	0.0178571428571
22247	0.0178571428571
27282	0.0178571428571
33051	0.0178571428571
33552	0.0178571428571
33975	0.0178571428571
38063	0.0178571428571
42405	0.0178571428571
50893	0.0178571428571
52843	0.0178571428571
59504	0.0178571428571
60486	0.0178571428571
21345	0.0175438596491
24810	0.0175438596491
29328	0.0175438596491
41321	0.0175438596491
12167	0.0173913043478
31875	0.0173913043478
18108	0.0172413793103
27517	0.0172413793103
34792	0.0172413793103
42309	0.0172413793103
30952	0.0169491525424
33672	0.0169491525424
36390	0.0169491525424
41461	0.0169491525424
43744	0.0169491525424
44351	0.0169491525424
53173	0.0169491525424
1228	0.0166666666667
1533	0.0166666666667
16433	0.0166666666667
22573	0.0166666666667
36676	0.0166666666667
41388	0.0166666666667
41976	0.0166666666667
42845	0.0166666666667
53361	0.0166666666667
59509	0.0166666666667
1028	0.0165289256198
2094	0.016393442623
3996	0.016393442623
15608	0.016393442623
19292	0.016393442623
21310	0.016393442623
32931	0.016393442623
34077	0.016393442623
35198	0.016393442623
3979	0.0161290322581
15850	0.0161290322581
20376	0.0161290322581
20676	0.0161290322581
30930	0.0161290322581
39771	0.0161290322581
41762	0.0161290322581
46039	0.0161290322581
51024	0.0161290322581
616	0.016
2734	0.015873015873
5106	0.015873015873
13338	0.015873015873
17735	0.015873015873
32803	0.015873015873
41145	0.015873015873
43179	0.015873015873
10112	0.0157480314961
8739	0.015625
20418	0.015625
21982	0.015625
38995	0.015625
41994	0.015625
53286	0.015625
1097	0.0153846153846
9201	0.0153846153846
23079	0.0153846153846
40923	0.0153846153846
41577	0.0153846153846
42204	0.0153846153846
43251	0.0153846153846
830	0.0151515151515
7421	0.0151515151515
14105	0.0151515151515
21425	0.0151515151515
22050	0.0151515151515
50240	0.0151515151515
2313	0.0150943396226
2087	0.0149253731343
4104	0.0149253731343
5219	0.0149253731343
6222	0.0149253731343
17278	0.0149253731343
29010	0.0149253731343
29573	0.0149253731343
32318	0.0149253731343
51319	0.0149253731343
2358	0.0147058823529
2618	0.0147058823529
3581	0.0147058823529
29530	0.0147058823529
38713	0.0147058823529
41716	0.0147058823529
30794	0.014652014652
18022	0.0144927536232
21582	0.0144927536232
23944	0.0144927536232
31393	0.0144927536232
8259	0.0142857142857
10046	0.0142857142857
19775	0.0142857142857
30209	0.0142857142857
30973	0.0142857142857
31008	0.0142857142857
50934	0.0142857142857
59906	0.0142857142857
1386	0.0140845070423
2816	0.0140845070423
18119	0.0140845070423
25987	0.0140845070423
30085	0.0140845070423
44323	0.0140845070423
50079	0.0140845070423
51292	0.0140845070423
51589	0.0140845070423
53004	0.0140845070423
840	0.0138888888889
20481	0.0138888888889
30651	0.0138888888889
41244	0.0138888888889
9762	0.013698630137
18145	0.013698630137
22332	0.013698630137
22534	0.013698630137
27707	0.013698630137
35480	0.013698630137
13040	0.0136054421769
7614	0.0135135135135
16919	0.0135135135135
18838	0.0135135135135
28545	0.0135135135135
33720	0.0135135135135
40973	0.0135135135135
42111	0.0135135135135
42813	0.0135135135135
46722	0.0134228187919
14511	0.0133333333333
15197	0.0133333333333
28042	0.0133333333333
38547	0.0133333333333
41241	0.0133333333333
53282	0.0133333333333
59731	0.0133333333333
40318	0.0132743362832
13063	0.0132450331126
40893	0.0132450331126
3582	0.0131578947368
16368	0.0131578947368
26762	0.0131578947368
27379	0.0131578947368
41380	0.0131578947368
50911	0.0131578947368
15851	0.0130718954248
42335	0.0130718954248
767	0.012987012987
6213	0.012987012987
17095	0.012987012987
23605	0.012987012987
41096	0.012987012987
41175	0.012987012987
50992	0.012987012987
1144	0.0128205128205
4227	0.0128205128205
10326	0.0128205128205
11069	0.0128205128205
25273	0.0128205128205
39024	0.0128205128205
41348	0.0128205128205
41433	0.0128205128205
50291	0.0128205128205
52693	0.0128205128205
38861	0.0127388535032
1365	0.0126582278481
10328	0.0126582278481
16770	0.0126582278481
16927	0.0126582278481
22241	0.0126582278481
30943	0.0126582278481
38748	0.0126582278481
41773	0.0126582278481
43813	0.0126582278481
46731	0.0126582278481
49401	0.0126582278481
33780	0.0125786163522
4468	0.0125
6693	0.0125
33709	0.0125
37792	0.0125
39548	0.0125
31313	0.0123456790123
40477	0.0123456790123
1146	0.0121951219512
12831	0.0121951219512
20089	0.0121951219512
37806	0.0121951219512
51043	0.0121951219512
34121	0.0121212121212
637	0.0120481927711
763	0.0120481927711
2720	0.0120481927711
5656	0.0120481927711
18673	0.0120481927711
19506	0.0120481927711
29067	0.0120481927711
37686	0.0120481927711
1528	0.0119047619048
7341	0.0119047619048
19420	0.0119047619048
35699	0.0119047619048
7280	0.0117647058824
8755	0.0117647058824
9609	0.0117647058824
18317	0.0117647058824
18326	0.0117647058824
34619	0.0117647058824
2110	0.011673151751
5371	0.0116279069767
34208	0.0116279069767
34486	0.0116279069767
42468	0.0116279069767
43834	0.0116279069767
50979	0.0116279069767
871	0.0114942528736
1456	0.0114942528736
8890	0.0114942528736
41629	0.0114942528736
42339	0.0114942528736
48252	0.0114942528736
50898	0.0114942528736
51242	0.0114942528736
52415	0.0114942528736
6440	0.0113636363636
25221	0.0113636363636
5116	0.0112994350282
30901	0.0112994350282
10343	0.0112359550562
26874	0.0112359550562
27691	0.0112359550562
49335	0.0112359550562
53060	0.0112359550562
53065	0.0112359550562
39510	0.0111731843575
18231	0.0111111111111
21379	0.0111111111111
31995	0.0111111111111
38659	0.0111111111111
41113	0.0111111111111
452	0.0110497237569
13258	0.010989010989
32042	0.010989010989
41222	0.010989010989
41271	0.010989010989
41382	0.010989010989
41649	0.010989010989
45076	0.010989010989
48221	0.010989010989
8767	0.0108695652174
10973	0.0108695652174
24067	0.0108695652174
23373	0.0108108108108
14406	0.010752688172
17922	0.010752688172
24164	0.010752688172
49210	0.010752688172
10266	0.0106951871658
377	0.0106382978723
6748	0.0106382978723
17383	0.0106382978723
33645	0.0106382978723
34715	0.0106382978723
42249	0.0106382978723
51892	0.0106382978723
52362	0.0106382978723
5637	0.0105263157895
14303	0.0105263157895
16076	0.0105263157895
16449	0.0105263157895
16802	0.0105263157895
27033	0.0105263157895
39358	0.0105263157895
41239	0.0105263157895
51869	0.0105263157895
3182	0.0104166666667
3194	0.0104166666667
33751	0.0104166666667
41634	0.0104166666667
20800	0.0103626943005
6632	0.0103092783505
25092	0.0103092783505
37302	0.0103092783505
51901	0.0103092783505
23990	0.0102040816327
41480	0.0102040816327
3575	0.010101010101
5455	0.010101010101
5728	0.010101010101
12552	0.010101010101
19922	0.010101010101
41082	0.010101010101
41167	0.010101010101
43542	0.010101010101
492	0.0100502512563
3664	0.01
5419	0.01
6375	0.01
10492	0.01
10653	0.01
11378	0.01
23643	0.01
28805	0.01
40819	0.01
2544	0.00990099009901
41206	0.00990099009901
50886	0.00990099009901
53039	0.00990099009901
34858	0.00984251968504
3515	0.00980392156863
10166	0.00980392156863
52350	0.00980392156863
11481	0.00977198697068
41039	0.00977198697068
33572	0.00970873786408
33775	0.00970873786408
41257	0.00970873786408
18403	0.00961538461538
26162	0.00961538461538
32074	0.00961538461538
42194	0.00961538461538
29596	0.00952380952381
51152	0.00952380952381
11165	0.00947867298578
3317	0.00943396226415
9722	0.00943396226415
16231	0.00943396226415
17690	0.00943396226415
20636	0.00943396226415
42135	0.00943396226415
40289	0.0093896713615
8732	0.00934579439252
17946	0.00934579439252
30949	0.00934579439252
41002	0.00934579439252
6330	0.00925925925926
10369	0.00925925925926
17346	0.00925925925926
31306	0.00925925925926
34373	0.00925925925926
41032	0.00925925925926
44035	0.00925925925926
52382	0.00925925925926
1272	0.00917431192661
5113	0.00917431192661
22238	0.00917431192661
26741	0.00917431192661
53200	0.00917431192661
10054	0.00909090909091
21719	0.00909090909091
28298	0.00909090909091
30880	0.00909090909091
31720	0.00909090909091
41023	0.00909090909091
37660	0.00904977375566
41146	0.00904977375566
42374	0.00904977375566
31011	0.00900900900901
50330	0.00900900900901
29686	0.00898203592814
8729	0.00892857142857
26279	0.00892857142857
31309	0.00892857142857
43088	0.00892857142857
35400	0.00888888888889
18134	0.00884955752212
19313	0.00884955752212
27925	0.00884955752212
49689	0.00884955752212
4604	0.00877192982456
33510	0.00877192982456
42753	0.00877192982456
47292	0.00877192982456
10045	0.00869565217391
26199	0.00869565217391
29564	0.00869565217391
39140	0.00869565217391
45093	0.00869565217391
2353	0.00862068965517
10803	0.00862068965517
47611	0.00862068965517
51549	0.00862068965517
28043	0.00858369098712
51724	0.00858369098712
3788	0.00857142857143
10789	0.00854700854701
17583	0.00854700854701
21915	0.00854700854701
51765	0.00854700854701
22717	0.00851063829787
34356	0.00851063829787
20779	0.00847457627119
34521	0.00847457627119
37104	0.0084388185654
19429	0.00840336134454
21696	0.00840336134454
18276	0.00833333333333
32146	0.00833333333333
33680	0.00833333333333
42262	0.00833333333333
51039	0.00833333333333
27404	0.00829875518672
51989	0.00828729281768
25051	0.00828157349896
11489	0.00826446280992
41411	0.00826446280992
41682	0.00819672131148
3826	0.00813008130081
7357	0.00813008130081
13098	0.00813008130081
33481	0.00813008130081
18226	0.00806451612903
41055	0.00806451612903
30445	0.00803212851406
1167	0.008
41279	0.008
44951	0.00796812749004
2264	0.00793650793651
19792	0.00793650793651
22690	0.00793650793651
32246	0.00793650793651
35420	0.00793650793651
39478	0.00793650793651
41693	0.00793650793651
41793	0.00793650793651
9818	0.00787401574803
11297	0.00787401574803
50941	0.00787401574803
100	0.0078125
10047	0.0078125
15207	0.0078125
15825	0.0078125
32809	0.0078125
4070	0.0077519379845
5618	0.0077519379845
13318	0.0077519379845
14277	0.0077519379845
27048	0.0077519379845
29543	0.0077519379845
37577	0.0077519379845
51054	0.0077519379845
128	0.00769230769231
2144	0.00769230769231
3426	0.00769230769231
3689	0.00769230769231
21550	0.00769230769231
32457	0.00769230769231
5575	0.00763358778626
5634	0.00763358778626
11087	0.00763358778626
12646	0.00763358778626
41079	0.00763358778626
50952	0.00763358778626
53134	0.00763358778626
2152	0.00757575757576
10162	0.00757575757576
39852	0.00757575757576
49403	0.00757575757576
51164	0.00757575757576
51811	0.00757575757576
4582	0.00751879699248
13633	0.00751879699248
19288	0.00751879699248
29818	0.00751879699248
32120	0.00751879699248
5884	0.00746268656716
13058	0.00746268656716
16228	0.00746268656716
19799	0.00746268656716
755	0.00740740740741
18130	0.00740740740741
31864	0.00740740740741
11504	0.00738007380074
7095	0.00735294117647
7413	0.00735294117647
35039	0.00735294117647
7100	0.00733496332518
41092	0.00733496332518
172	0.00729927007299
38820	0.00729927007299
51026	0.00724637681159
4335	0.00719424460432
4625	0.00719424460432
51415	0.00719424460432
41364	0.00716845878136
23337	0.00714285714286
35535	0.00714285714286
37800	0.00714285714286
41181	0.00714285714286
2028	0.00709219858156
15114	0.00709219858156
1020	0.00706713780919
554	0.00704225352113
14515	0.00704225352113
34254	0.00704225352113
494	0.00699300699301
4513	0.00699300699301
14459	0.00699300699301
21558	0.00699300699301
42609	0.00694444444444
632	0.00689655172414
17928	0.00689655172414
37747	0.00689655172414
41038	0.00689655172414
50915	0.00689655172414
2448	0.00687285223368
1990	0.00684931506849
9920	0.00684931506849
11519	0.00684931506849
41331	0.00684931506849
22830	0.00680272108844
57861	0.00680272108844
23011	0.00677966101695
35047	0.00675675675676
41596	0.00675675675676
4418	0.00671140939597
41154	0.00671140939597
41832	0.00671140939597
42424	0.0066889632107
20075	0.00668151447661
618	0.00662251655629
24429	0.00662251655629
27899	0.00662251655629
35100	0.00657894736842
36364	0.00657894736842
37557	0.00657894736842
41672	0.00657894736842
17979	0.00653594771242
18129	0.00653594771242
24457	0.00653594771242
32895	0.00653594771242
4464	0.00649350649351
19034	0.00649350649351
36078	0.00649350649351
41246	0.00649350649351
50868	0.00649350649351
18456	0.00647249190939
35019	0.00645161290323
118	0.00641025641026
15233	0.00641025641026
23628	0.00641025641026
384	0.00636942675159
40989	0.00636942675159
254	0.00632911392405
51680	0.00632911392405
46832	0.0062893081761
50883	0.0062893081761
5616	0.00625
39426	0.00625
42531	0.00625
41015	0.0061919504644
25113	0.00618238021638
2825	0.00617283950617
23150	0.00617283950617
34967	0.00617283950617
137	0.00613496932515
1655	0.00613496932515
15714	0.00613496932515
18340	0.00613496932515
51159	0.00613496932515
13642	0.00609756097561
18815	0.00609756097561
22104	0.00609756097561
30762	0.00609756097561
34217	0.00609756097561
40482	0.00609756097561
1135	0.00608828006088
511	0.00606060606061
10443	0.00606060606061
21662	0.00606060606061
50652	0.00606060606061
51155	0.00606060606061
51699	0.00606060606061
18835	0.00602409638554
22401	0.00602409638554
22805	0.00602409638554
41109	0.00602409638554
41391	0.00602409638554
50987	0.00602409638554
10852	0.0059880239521
40489	0.0059880239521
34241	0.00595238095238
26890	0.00591715976331
41062	0.00591715976331
41378	0.00591715976331
48076	0.00591715976331
3214	0.00588235294118
12149	0.00588235294118
29024	0.00588235294118
36710	0.00588235294118
40992	0.00588235294118
14361	0.00584795321637
20527	0.00584795321637
51394	0.00584795321637
51485	0.00584795321637
4764	0.00581395348837
23001	0.00581395348837
17586	0.00580270793037
2186	0.00578034682081
33862	0.00578034682081
40975	0.00578034682081
41034	0.00574712643678
51121	0.00574712643678
29453	0.00573065902579
37392	0.00572246065808
16935	0.00571428571429
41278	0.00571428571429
52383	0.00571428571429
50939	0.00569800569801
41040	0.00568181818182
16516	0.00564971751412
40976	0.00564971751412
51213	0.00564971751412
30269	0.00562851782364
775	0.00561797752809
50760	0.00561797752809
3273	0.00558659217877
3548	0.00558659217877
4479	0.00558659217877
11300	0.00558659217877
37776	0.00558659217877
40887	0.00558659217877
41177	0.00558659217877
3553	0.00557103064067
1231	0.00555555555556
7317	0.00555555555556
7472	0.00555555555556
34830	0.00555555555556
41204	0.00555555555556
41968	0.00555555555556
5622	0.00554016620499
30799	0.00554016620499
8229	0.00552486187845
7460	0.00549450549451
18183	0.00549450549451
25047	0.00549450549451
33887	0.00542495479204
50933	0.00542005420054
32483	0.00540540540541
39343	0.00540540540541
41610	0.00540540540541
17566	0.00537634408602
9135	0.00536193029491
2312	0.00535714285714
25891	0.00534759358289
25098	0.00533807829181
29218	0.0053050397878
31307	0.00529100529101
36999	0.00529100529101
50980	0.00529100529101
23080	0.00520833333333
40983	0.00520833333333
22572	0.00518134715026
37194	0.00518134715026
41530	0.00515463917526
10987	0.00514138817481
41070	0.00512820512821
3288	0.00510204081633
35581	0.00510204081633
29705	0.00507614213198
32418	0.00507614213198
7956	0.00505050505051
40541	0.00505050505051
41047	0.00505050505051
41031	0.00500625782228
1119	0.005
2084	0.005
47787	0.005
932	0.00497512437811
5420	0.00497512437811
27471	0.00497512437811
41090	0.00497512437811
15083	0.0049504950495
26863	0.00491803278689
1380	0.00490196078431
15306	0.00490196078431
27529	0.00490196078431
5432	0.00488485694348
12182	0.00487804878049
41942	0.00487804878049
2515	0.00485436893204
50885	0.00485436893204
5056	0.0048309178744
7303	0.00480769230769
3365	0.00478468899522
29277	0.00478468899522
29399	0.00478468899522
41366	0.0047619047619
27051	0.00473933649289
41012	0.00473933649289
11727	0.00471698113208
25586	0.00470588235294
35045	0.00470588235294
11778	0.00467289719626
25431	0.00462962962963
29444	0.00462962962963
5918	0.00460829493088
11230	0.00460829493088
11675	0.00460829493088
497	0.00459770114943
17596	0.00458015267176
1361	0.00456621004566
4916	0.00454545454545
32823	0.00454545454545
2787	0.00452488687783
41045	0.00452488687783
5120	0.0045045045045
13933	0.0045045045045
25413	0.0045045045045
29852	0.0045045045045
28832	0.00449438202247
2722	0.00448430493274
50851	0.00448430493274
50875	0.00448430493274
1399	0.00445434298441
5000	0.00443951165372
27255	0.00442477876106
21545	0.00438596491228
29780	0.00438596491228
41140	0.00438596491228
9656	0.00437317784257
18759	0.00436681222707
31879	0.00436681222707
38493	0.00436681222707
14604	0.00431034482759
19201	0.00431034482759
11169	0.00429184549356
15794	0.00429184549356
21648	0.00429184549356
26584	0.00429184549356
31882	0.00429184549356
41058	0.00428265524625
1062	0.0042735042735
6372	0.0042735042735
41003	0.00425531914894
5237	0.004243281471
4390	0.00423728813559
34519	0.00423728813559
52471	0.00423728813559
4327	0.0042194092827
23742	0.0042194092827
30805	0.0042194092827
41353	0.0042194092827
28633	0.00418410041841
51173	0.00418410041841
18205	0.00416666666667
31440	0.00416666666667
9138	0.00413223140496
9188	0.00413223140496
30849	0.00413223140496
13111	0.00412007062978
17952	0.00411522633745
45139	0.00411522633745
47628	0.00411522633745
50845	0.00411522633745
7419	0.00410396716826
39383	0.00409836065574
50327	0.00409836065574
3059	0.00408719346049
18607	0.00408163265306
25930	0.00408163265306
39027	0.00408163265306
52332	0.00406504065041
5593	0.00405679513185
41355	0.0040404040404
34169	0.004
1921	0.00398406374502
17147	0.00396825396825
23667	0.00396825396825
27358	0.00396825396825
33895	0.00395256916996
40984	0.00395256916996
3720	0.00393184796855
9647	0.00388349514563
6789	0.00387596899225
16956	0.00387596899225
3527	0.00386847195358
41253	0.003861003861
34369	0.00385356454721
26508	0.00384615384615
41188	0.00384615384615
13216	0.00380228136882
26416	0.00380228136882
17939	0.00378787878788
51178	0.00378787878788
29909	0.00377358490566
29992	0.00377358490566
30899	0.00377358490566
41095	0.00377358490566
44184	0.00377358490566
4578	0.00376546530393
18556	0.00375939849624
38790	0.00375939849624
41208	0.00375939849624
10251	0.00374531835206
29372	0.00374531835206
31138	0.00373134328358
41326	0.00373134328358
3116	0.00371747211896
38232	0.00371747211896
11769	0.0037037037037
32612	0.0037037037037
3933	0.00367985280589
7062	0.00367647058824
34367	0.00367309458219
13935	0.00366972477064
29739	0.003663003663
35136	0.003663003663
17605	0.0036231884058
5809	0.00361990950226
21745	0.00361663652803
11201	0.00361010830325
1676	0.00359712230216
5218	0.00359712230216
41061	0.00358422939068
4242	0.00357142857143
38794	0.00355871886121
1931	0.00354609929078
2840	0.00353982300885
862	0.00352112676056
27890	0.00352112676056
31400	0.00350877192982
32832	0.00350877192982
11746	0.00348432055749
29724	0.00347222222222
41074	0.00347222222222
28405	0.00346820809249
19090	0.00346020761246
3445	0.00344827586207
3991	0.00343642611684
18278	0.00343642611684
51006	0.00343642611684
25444	0.00342465753425
11655	0.00340715502555
1743	0.00337837837838
38925	0.00337837837838
29145	0.00335570469799
76	0.00333333333333
18699	0.00333333333333
5112	0.00332446808511
41042	0.00332225913621
14115	0.00331125827815
34637	0.00331125827815
2007	0.00330760749724
5512	0.00328947368421
7444	0.00328947368421
8681	0.00328947368421
4654	0.00327868852459
24958	0.00327868852459
41258	0.00327868852459
41307	0.00327868852459
51027	0.00327868852459
2898	0.00327153762268
6360	0.00326797385621
684	0.00325732899023
41093	0.00325732899023
7175	0.00325203252033
1918	0.00324675324675
2326	0.00324675324675
16209	0.0032414910859
35049	0.0032414910859
4121	0.00323624595469
18311	0.00323624595469
41098	0.00323624595469
37225	0.00322580645161
2409	0.0032154340836
32188	0.0032154340836
17355	0.00321027287319
12121	0.00319488817891
7299	0.0031847133758
27809	0.0031847133758
13339	0.0031746031746
38987	0.0031746031746
30020	0.00314465408805
41972	0.00314465408805
17715	0.00313479623824
27906	0.00311526479751
26893	0.0030959752322
868	0.00307692307692
33621	0.00307692307692
40982	0.00306748466258
18613	0.00304414003044
992	0.00303951367781
38959	0.00303951367781
41156	0.00302114803625
14140	0.00299401197605
41000	0.00299401197605
41029	0.00298507462687
11	0.00298210735586
34683	0.00297619047619
29845	0.00296735905045
3239	0.00295857988166
40964	0.00295857988166
28810	0.00294985250737
3260	0.00293255131965
22579	0.00293255131965
29591	0.00293255131965
4485	0.00292397660819
7349	0.00292397660819
18701	0.00291545189504
37198	0.00291545189504
2290	0.00291375291375
11307	0.0028901734104
18301	0.0028901734104
4708	0.002886002886
25554	0.00286532951289
3733	0.00285714285714
5503	0.00285442435775
33850	0.0028328611898
50957	0.0028328611898
7312	0.00282752120641
34897	0.00282485875706
41048	0.00282485875706
2745	0.00282286520819
47774	0.00281690140845
742	0.00280112044818
27651	0.00279329608939
33634	0.00278164116829
216	0.00277777777778
25453	0.00277008310249
41132	0.00277008310249
23265	0.00275482093664
38932	0.00275482093664
879	0.00274725274725
6689	0.0027397260274
2333	0.00273722627737
28830	0.00273224043716
30471	0.00273224043716
41050	0.00272479564033
41374	0.00272479564033
16917	0.00271002710027
20506	0.00269541778976
38822	0.00269541778976
27949	0.00268096514745
2419	0.00267379679144
4153	0.00266666666667
24522	0.00265957446809
1438	0.0026455026455
14207	0.0026455026455
18515	0.0026455026455
22744	0.00264317180617
19547	0.00263157894737
2733	0.00262467191601
12017	0.00262467191601
40995	0.00262123197903
19598	0.0026075619296
5231	0.00260688216893
870	0.0025974025974
35514	0.0025974025974
12969	0.00257953568358
23688	0.00257731958763
4396	0.0025641025641
23642	0.0025641025641
5157	0.0025354969574
20818	0.00250626566416
51096	0.00250626566416
51133	0.00250626566416
9642	0.00249066002491
24684	0.00248138957816
39709	0.00248138957816
41467	0.0024154589372
18960	0.00240384615385
20173	0.00240384615385
31536	0.00240384615385
33678	0.00239808153477
27525	0.00238663484487
41027	0.00238663484487
4173	0.00238095238095
22971	0.00236966824645
18307	0.00235849056604
7300	0.00234192037471
38191	0.00233644859813
7518	0.002331002331
4951	0.00232558139535
38793	0.00232153221126
39136	0.00231839258114
30980	0.00230680507497
26602	0.00228658536585
3499	0.00226757369615
29861	0.00223713646532
1503	0.00222965440357
26805	0.00222816399287
23666	0.0022271714922
45223	0.00220264317181
869	0.00219887612998
4518	0.00219490781387
38203	0.00219418540867
19601	0.00219298245614
631	0.00218340611354
49394	0.00218340611354
3280	0.00217864923747
40988	0.00217864923747
41332	0.00217864923747
253	0.00217627856366
37961	0.0021645021645
5693	0.00215517241379
15228	0.00215053763441
3419	0.00214592274678
35703	0.00214132762313
28742	0.00213219616205
33762	0.00213219616205
23782	0.00208768267223
29309	0.00208768267223
36394	0.00208768267223
3531	0.00208333333333
4937	0.0020618556701
6427	0.00206003531489
36392	0.00205761316872
35563	0.00205086136177
17938	0.00204081632653
4655	0.00202908353061
2344	0.00201816347124
5768	0.00200803212851
893	0.00200702458605
3729	0.00198412698413
39785	0.00198412698413
5673	0.001953125
36398	0.0019512195122
21797	0.00194174757282
1118	0.00192926045016
5204	0.0019267822736
34751	0.00192307692308
2463	0.00191387559809
40971	0.00190114068441
1048	0.00189933523267
28821	0.00189393939394
41985	0.00189393939394
9826	0.00188323917137
3312	0.00185873605948
4563	0.00185701021356
12998	0.0018315018315
22929	0.00182982616651
27489	0.00182481751825
37426	0.0018115942029
35178	0.0018018018018
40962	0.00179372197309
41583	0.0017793594306
949	0.00176056338028
37737	0.00175746924429
28407	0.00173913043478
13955	0.00173310225303
29863	0.00173310225303
5519	0.00173010380623
9538	0.00171232876712
41116	0.00170068027211
18777	0.0016992353441
7261	0.00166389351082
14253	0.00164203612479
22743	0.00163532297629
40965	0.00162733930024
1497	0.00161725067385
12610	0.00161290322581
28051	0.00158856235107
1064	0.00156985871272
1984	0.00156739811912
900	0.00155520995334
38584	0.00155520995334
6304	0.00153609831029
5643	0.0015243902439
20542	0.00150829562594
27535	0.00150829562594
4430	0.0014880952381
41016	0.00144927536232
2613	0.0014409221902
50863	0.00143061516452
2037	0.00141242937853
40987	0.00140845070423
22383	0.00138696255201
29854	0.00137362637363
8709	0.00133689839572
14352	0.00132100396301
35345	0.00131406044678
41018	0.00131233595801
1422	0.00131061598952
2381	0.00131061598952
1680	0.001287001287
1628	0.00124378109453
39447	0.00119331742243
14750	0.0011641443539
9200	0.00105263157895
1902	0.00102564102564
2	0.00101419878296
41068	0.000952380952381
921	0.000907441016334
25738	0.000869565217391
6812	0.000816326530612
4846	0.00078431372549
