46992	0.08
3723	0.0689655172414
34120	0.0689655172414
13114	0.0666666666667
44381	0.0666666666667
9719	0.0645161290323
43983	0.0625
21573	0.0606060606061
41554	0.0606060606061
46808	0.0606060606061
58449	0.0606060606061
35891	0.0588235294118
4583	0.0555555555556
6943	0.0555555555556
19917	0.0555555555556
41209	0.0555555555556
6800	0.0545454545455
28760	0.0540540540541
30944	0.0540540540541
32803	0.0533333333333
39063	0.0526315789474
59560	0.0526315789474
11026	0.0512820512821
27421	0.0512820512821
41969	0.0512820512821
41386	0.0508474576271
17576	0.05
32562	0.05
44841	0.05
61258	0.05
51273	0.0487804878049
1198	0.047619047619
40158	0.046511627907
9594	0.0454545454545
1417	0.0444444444444
41800	0.0444444444444
51593	0.0444444444444
52350	0.0442477876106
31931	0.0434782608696
37647	0.0434782608696
38063	0.0434782608696
1013	0.0425531914894
23321	0.0425531914894
24369	0.0425531914894
3328	0.0416666666667
7841	0.0416666666667
16510	0.0416666666667
11237	0.0408163265306
2001	0.04
5960	0.04
6808	0.04
10531	0.04
11024	0.04
13500	0.04
13534	0.04
14107	0.04
14724	0.04
16749	0.04
16939	0.04
17501	0.04
26143	0.04
26358	0.04
27126	0.04
27460	0.04
27639	0.04
28420	0.04
28914	0.04
30522	0.04
30563	0.04
30947	0.04
32788	0.04
34815	0.04
35122	0.04
36694	0.04
39150	0.04
39981	0.04
41484	0.04
42605	0.04
45349	0.04
46145	0.04
47433	0.04
49146	0.04
49671	0.04
50338	0.04
51425	0.04
54414	0.04
55252	0.04
55726	0.04
56202	0.04
57011	0.04
57499	0.04
57900	0.04
58697	0.04
58916	0.04
60225	0.04
11550	0.0394736842105
13451	0.0394736842105
10886	0.0392156862745
28190	0.0392156862745
40385	0.0392156862745
41410	0.0392156862745
797	0.0384615384615
2172	0.0384615384615
3051	0.0384615384615
3742	0.0384615384615
6012	0.0384615384615
7247	0.0384615384615
8968	0.0384615384615
9243	0.0384615384615
9849	0.0384615384615
10329	0.0384615384615
11688	0.0384615384615
11762	0.0384615384615
12090	0.0384615384615
12775	0.0384615384615
13815	0.0384615384615
13859	0.0384615384615
13893	0.0384615384615
14444	0.0384615384615
15315	0.0384615384615
18775	0.0384615384615
19124	0.0384615384615
20796	0.0384615384615
21890	0.0384615384615
22576	0.0384615384615
23018	0.0384615384615
23041	0.0384615384615
23327	0.0384615384615
25679	0.0384615384615
27877	0.0384615384615
28483	0.0384615384615
29223	0.0384615384615
29246	0.0384615384615
30959	0.0384615384615
31130	0.0384615384615
31464	0.0384615384615
34312	0.0384615384615
36121	0.0384615384615
36186	0.0384615384615
37080	0.0384615384615
38622	0.0384615384615
40283	0.0384615384615
41578	0.0384615384615
42386	0.0384615384615
44166	0.0384615384615
44955	0.0384615384615
45307	0.0384615384615
46547	0.0384615384615
46815	0.0384615384615
47367	0.0384615384615
47562	0.0384615384615
48174	0.0384615384615
48226	0.0384615384615
49041	0.0384615384615
49195	0.0384615384615
49434	0.0384615384615
51592	0.0384615384615
54396	0.0384615384615
55259	0.0384615384615
55443	0.0384615384615
57120	0.0384615384615
57145	0.0384615384615
57405	0.0384615384615
59760	0.0384615384615
10471	0.0377358490566
11925	0.0377358490566
34985	0.0375
341	0.037037037037
446	0.037037037037
3367	0.037037037037
7352	0.037037037037
7773	0.037037037037
8976	0.037037037037
10081	0.037037037037
11181	0.037037037037
11923	0.037037037037
14094	0.037037037037
15760	0.037037037037
17037	0.037037037037
17407	0.037037037037
17479	0.037037037037
19300	0.037037037037
20612	0.037037037037
20919	0.037037037037
21195	0.037037037037
21869	0.037037037037
24807	0.037037037037
26653	0.037037037037
27265	0.037037037037
27398	0.037037037037
28665	0.037037037037
29835	0.037037037037
30674	0.037037037037
30710	0.037037037037
32287	0.037037037037
32605	0.037037037037
33256	0.037037037037
34164	0.037037037037
35175	0.037037037037
37064	0.037037037037
37293	0.037037037037
41497	0.037037037037
42141	0.037037037037
43639	0.037037037037
44581	0.037037037037
44783	0.037037037037
44974	0.037037037037
45498	0.037037037037
46186	0.037037037037
46366	0.037037037037
47649	0.037037037037
48156	0.037037037037
49589	0.037037037037
50063	0.037037037037
53094	0.037037037037
54370	0.037037037037
54596	0.037037037037
54720	0.037037037037
55424	0.037037037037
55661	0.037037037037
57406	0.037037037037
58720	0.037037037037
59707	0.037037037037
59918	0.037037037037
61501	0.037037037037
51205	0.0363636363636
4770	0.036036036036
557	0.0357142857143
1439	0.0357142857143
1633	0.0357142857143
3712	0.0357142857143
3744	0.0357142857143
6452	0.0357142857143
7612	0.0357142857143
10278	0.0357142857143
11844	0.0357142857143
12789	0.0357142857143
15161	0.0357142857143
16976	0.0357142857143
18284	0.0357142857143
19297	0.0357142857143
19788	0.0357142857143
21980	0.0357142857143
22349	0.0357142857143
23743	0.0357142857143
24754	0.0357142857143
27269	0.0357142857143
27531	0.0357142857143
27621	0.0357142857143
30290	0.0357142857143
32727	0.0357142857143
34870	0.0357142857143
37290	0.0357142857143
37329	0.0357142857143
38066	0.0357142857143
41779	0.0357142857143
42024	0.0357142857143
42239	0.0357142857143
42375	0.0357142857143
43013	0.0357142857143
43286	0.0357142857143
45075	0.0357142857143
47388	0.0357142857143
48770	0.0357142857143
51014	0.0357142857143
51255	0.0357142857143
51648	0.0357142857143
51991	0.0357142857143
52939	0.0357142857143
53887	0.0357142857143
53993	0.0357142857143
54754	0.0357142857143
56062	0.0357142857143
56600	0.0357142857143
56685	0.0357142857143
57891	0.0357142857143
59699	0.0357142857143
59990	0.0357142857143
60498	0.0357142857143
61287	0.0357142857143
5547	0.0350877192982
18834	0.0350877192982
33068	0.0350877192982
44260	0.0350877192982
1551	0.0344827586207
3395	0.0344827586207
6894	0.0344827586207
10038	0.0344827586207
11067	0.0344827586207
11311	0.0344827586207
14128	0.0344827586207
14523	0.0344827586207
15349	0.0344827586207
15534	0.0344827586207
16841	0.0344827586207
17840	0.0344827586207
18169	0.0344827586207
19582	0.0344827586207
19688	0.0344827586207
20381	0.0344827586207
20661	0.0344827586207
20979	0.0344827586207
21074	0.0344827586207
21530	0.0344827586207
22072	0.0344827586207
22930	0.0344827586207
26217	0.0344827586207
26301	0.0344827586207
26679	0.0344827586207
27323	0.0344827586207
28342	0.0344827586207
28608	0.0344827586207
30097	0.0344827586207
30972	0.0344827586207
32635	0.0344827586207
32909	0.0344827586207
33222	0.0344827586207
35216	0.0344827586207
41436	0.0344827586207
42470	0.0344827586207
42831	0.0344827586207
43571	0.0344827586207
43713	0.0344827586207
43718	0.0344827586207
43762	0.0344827586207
44866	0.0344827586207
46810	0.0344827586207
47204	0.0344827586207
47997	0.0344827586207
48239	0.0344827586207
48440	0.0344827586207
49001	0.0344827586207
51224	0.0344827586207
51238	0.0344827586207
52118	0.0344827586207
52227	0.0344827586207
52792	0.0344827586207
53972	0.0344827586207
54380	0.0344827586207
55663	0.0344827586207
56194	0.0344827586207
59189	0.0344827586207
59818	0.0344827586207
60272	0.0344827586207
60907	0.0344827586207
52973	0.0338983050847
1107	0.0333333333333
2855	0.0333333333333
4935	0.0333333333333
5919	0.0333333333333
6050	0.0333333333333
6324	0.0333333333333
11650	0.0333333333333
12049	0.0333333333333
12874	0.0333333333333
14298	0.0333333333333
14565	0.0333333333333
14859	0.0333333333333
15849	0.0333333333333
17204	0.0333333333333
17209	0.0333333333333
18731	0.0333333333333
18933	0.0333333333333
19027	0.0333333333333
20940	0.0333333333333
22514	0.0333333333333
22530	0.0333333333333
22616	0.0333333333333
29973	0.0333333333333
30332	0.0333333333333
32414	0.0333333333333
32660	0.0333333333333
36376	0.0333333333333
37587	0.0333333333333
40363	0.0333333333333
42148	0.0333333333333
42206	0.0333333333333
44859	0.0333333333333
44989	0.0333333333333
48281	0.0333333333333
48503	0.0333333333333
48550	0.0333333333333
50496	0.0333333333333
51466	0.0333333333333
52008	0.0333333333333
52826	0.0333333333333
54261	0.0333333333333
56132	0.0333333333333
56213	0.0333333333333
56692	0.0333333333333
57614	0.0333333333333
57675	0.0333333333333
61466	0.0333333333333
3223	0.0327868852459
37381	0.0327868852459
48996	0.0327868852459
617	0.0322580645161
1330	0.0322580645161
1814	0.0322580645161
2095	0.0322580645161
4148	0.0322580645161
5217	0.0322580645161
6358	0.0322580645161
8224	0.0322580645161
9742	0.0322580645161
9969	0.0322580645161
12709	0.0322580645161
14238	0.0322580645161
14729	0.0322580645161
16152	0.0322580645161
19331	0.0322580645161
21279	0.0322580645161
21487	0.0322580645161
22447	0.0322580645161
23848	0.0322580645161
24367	0.0322580645161
25625	0.0322580645161
27228	0.0322580645161
28791	0.0322580645161
29023	0.0322580645161
29251	0.0322580645161
37758	0.0322580645161
39547	0.0322580645161
41505	0.0322580645161
45270	0.0322580645161
46045	0.0322580645161
48224	0.0322580645161
52515	0.0322580645161
53024	0.0322580645161
53365	0.0322580645161
53508	0.0322580645161
59315	0.0322580645161
60027	0.0322580645161
550	0.03125
2092	0.03125
3544	0.03125
4308	0.03125
4330	0.03125
8647	0.03125
9296	0.03125
10031	0.03125
11641	0.03125
11756	0.03125
12292	0.03125
12399	0.03125
18221	0.03125
19504	0.03125
20869	0.03125
21244	0.03125
21770	0.03125
22669	0.03125
22843	0.03125
23503	0.03125
23927	0.03125
27015	0.03125
27234	0.03125
28354	0.03125
29289	0.03125
29428	0.03125
30467	0.03125
30611	0.03125
32034	0.03125
38784	0.03125
38969	0.03125
41457	0.03125
42168	0.03125
42395	0.03125
42586	0.03125
43095	0.03125
43541	0.03125
43583	0.03125
44512	0.03125
45068	0.03125
46238	0.03125
46346	0.03125
46856	0.03125
47035	0.03125
47419	0.03125
47555	0.03125
48127	0.03125
48359	0.03125
51265	0.03125
51948	0.03125
52030	0.03125
52184	0.03125
52805	0.03125
54237	0.03125
59095	0.03125
60605	0.03125
61323	0.03125
11661	0.0307692307692
14274	0.0307692307692
42412	0.0307692307692
3776	0.030303030303
5602	0.030303030303
5922	0.030303030303
5952	0.030303030303
7400	0.030303030303
7665	0.030303030303
8545	0.030303030303
8580	0.030303030303
8834	0.030303030303
10100	0.030303030303
10875	0.030303030303
12588	0.030303030303
13133	0.030303030303
14019	0.030303030303
16285	0.030303030303
25824	0.030303030303
25868	0.030303030303
27069	0.030303030303
27637	0.030303030303
29743	0.030303030303
35589	0.030303030303
37258	0.030303030303
39779	0.030303030303
40085	0.030303030303
40296	0.030303030303
40642	0.030303030303
42877	0.030303030303
42929	0.030303030303
45305	0.030303030303
49052	0.030303030303
52512	0.030303030303
54495	0.030303030303
57114	0.030303030303
57130	0.030303030303
59284	0.030303030303
59945	0.030303030303
60375	0.030303030303
36948	0.0298507462687
33481	0.0296296296296
331	0.0294117647059
3283	0.0294117647059
5396	0.0294117647059
7487	0.0294117647059
7608	0.0294117647059
8491	0.0294117647059
14904	0.0294117647059
17587	0.0294117647059
18397	0.0294117647059
21283	0.0294117647059
22771	0.0294117647059
22785	0.0294117647059
23515	0.0294117647059
23662	0.0294117647059
24051	0.0294117647059
25030	0.0294117647059
25675	0.0294117647059
26627	0.0294117647059
27000	0.0294117647059
27548	0.0294117647059
28392	0.0294117647059
29443	0.0294117647059
30960	0.0294117647059
32768	0.0294117647059
38073	0.0294117647059
40883	0.0294117647059
41815	0.0294117647059
41883	0.0294117647059
42863	0.0294117647059
42993	0.0294117647059
48921	0.0294117647059
49045	0.0294117647059
49433	0.0294117647059
49668	0.0294117647059
50375	0.0294117647059
53388	0.0294117647059
54249	0.0294117647059
55020	0.0294117647059
55767	0.0294117647059
56706	0.0294117647059
57613	0.0294117647059
59344	0.0294117647059
60636	0.0294117647059
61049	0.0294117647059
5704	0.0289855072464
33781	0.0289855072464
35420	0.0289855072464
43723	0.0289855072464
789	0.0285714285714
4321	0.0285714285714
7688	0.0285714285714
8733	0.0285714285714
9673	0.0285714285714
9736	0.0285714285714
12747	0.0285714285714
13978	0.0285714285714
15055	0.0285714285714
16499	0.0285714285714
17636	0.0285714285714
18061	0.0285714285714
18124	0.0285714285714
18719	0.0285714285714
20215	0.0285714285714
20483	0.0285714285714
24935	0.0285714285714
25358	0.0285714285714
26975	0.0285714285714
27199	0.0285714285714
29824	0.0285714285714
32282	0.0285714285714
33125	0.0285714285714
34535	0.0285714285714
35932	0.0285714285714
39958	0.0285714285714
41189	0.0285714285714
45560	0.0285714285714
45734	0.0285714285714
46467	0.0285714285714
47379	0.0285714285714
49075	0.0285714285714
50259	0.0285714285714
52214	0.0285714285714
52961	0.0285714285714
57490	0.0285714285714
59755	0.0285714285714
41321	0.0281690140845
11095	0.027972027972
744	0.0277777777778
1289	0.0277777777778
2869	0.0277777777778
7436	0.0277777777778
9211	0.0277777777778
9918	0.0277777777778
10128	0.0277777777778
10578	0.0277777777778
16852	0.0277777777778
22709	0.0277777777778
23937	0.0277777777778
24123	0.0277777777778
27733	0.0277777777778
28074	0.0277777777778
29079	0.0277777777778
31495	0.0277777777778
32283	0.0277777777778
34074	0.0277777777778
34911	0.0277777777778
37440	0.0277777777778
41416	0.0277777777778
41876	0.0277777777778
42244	0.0277777777778
42314	0.0277777777778
43546	0.0277777777778
50947	0.0277777777778
51067	0.0277777777778
51100	0.0277777777778
51472	0.0277777777778
51673	0.0277777777778
55896	0.0277777777778
59337	0.0277777777778
59501	0.0277777777778
60028	0.0277777777778
61093	0.0277777777778
27045	0.0275229357798
22741	0.027397260274
28797	0.027397260274
41251	0.027397260274
211	0.027027027027
1674	0.027027027027
2061	0.027027027027
4779	0.027027027027
5339	0.027027027027
5343	0.027027027027
6768	0.027027027027
8131	0.027027027027
11340	0.027027027027
12254	0.027027027027
15128	0.027027027027
20008	0.027027027027
20378	0.027027027027
20731	0.027027027027
23093	0.027027027027
23157	0.027027027027
24463	0.027027027027
24779	0.027027027027
26744	0.027027027027
27044	0.027027027027
29449	0.027027027027
31396	0.027027027027
32713	0.027027027027
32976	0.027027027027
33591	0.027027027027
33752	0.027027027027
35153	0.027027027027
37235	0.027027027027
38963	0.027027027027
39277	0.027027027027
42591	0.027027027027
42882	0.027027027027
42923	0.027027027027
45170	0.027027027027
46215	0.027027027027
49046	0.027027027027
49546	0.027027027027
50476	0.027027027027
52488	0.027027027027
52972	0.027027027027
54884	0.027027027027
60492	0.027027027027
60990	0.027027027027
2411	0.0268456375839
846	0.0266666666667
41150	0.0266666666667
53164	0.0266666666667
208	0.0263157894737
1657	0.0263157894737
2664	0.0263157894737
3039	0.0263157894737
7330	0.0263157894737
9506	0.0263157894737
9671	0.0263157894737
10006	0.0263157894737
10393	0.0263157894737
11478	0.0263157894737
12378	0.0263157894737
12645	0.0263157894737
15793	0.0263157894737
16953	0.0263157894737
20372	0.0263157894737
21502	0.0263157894737
21706	0.0263157894737
22646	0.0263157894737
28983	0.0263157894737
29250	0.0263157894737
34824	0.0263157894737
38086	0.0263157894737
39776	0.0263157894737
40181	0.0263157894737
42232	0.0263157894737
46973	0.0263157894737
47308	0.0263157894737
49897	0.0263157894737
50919	0.0263157894737
51024	0.0263157894737
51090	0.0263157894737
51182	0.0263157894737
51609	0.0263157894737
51663	0.0263157894737
55414	0.0263157894737
58107	0.0263157894737
58834	0.0263157894737
60161	0.0263157894737
39874	0.0261437908497
1821	0.0260869565217
13338	0.025974025974
1147	0.025641025641
2958	0.025641025641
3038	0.025641025641
3842	0.025641025641
6342	0.025641025641
8207	0.025641025641
8739	0.025641025641
9472	0.025641025641
9889	0.025641025641
11505	0.025641025641
11792	0.025641025641
12045	0.025641025641
15380	0.025641025641
17054	0.025641025641
17352	0.025641025641
17573	0.025641025641
18892	0.025641025641
19340	0.025641025641
19808	0.025641025641
20730	0.025641025641
21705	0.025641025641
21737	0.025641025641
22525	0.025641025641
24492	0.025641025641
25864	0.025641025641
26908	0.025641025641
29137	0.025641025641
31288	0.025641025641
33122	0.025641025641
34127	0.025641025641
34449	0.025641025641
40663	0.025641025641
41130	0.025641025641
41884	0.025641025641
41994	0.025641025641
42944	0.025641025641
44106	0.025641025641
48900	0.025641025641
53654	0.025641025641
54944	0.025641025641
59416	0.025641025641
61013	0.025641025641
4656	0.0253164556962
12838	0.0253164556962
53329	0.0253164556962
311	0.025
830	0.025
1091	0.025
4700	0.025
5646	0.025
6382	0.025
8235	0.025
11742	0.025
12811	0.025
15686	0.025
17935	0.025
20645	0.025
21275	0.025
21493	0.025
22078	0.025
23436	0.025
23892	0.025
25607	0.025
26293	0.025
27462	0.025
28592	0.025
34820	0.025
38769	0.025
40188	0.025
40409	0.025
41502	0.025
42343	0.025
42486	0.025
45271	0.025
51361	0.025
52121	0.025
52223	0.025
52444	0.025
52721	0.025
55196	0.025
60587	0.025
33890	0.0246913580247
697	0.0243902439024
3938	0.0243902439024
4545	0.0243902439024
5313	0.0243902439024
6662	0.0243902439024
8963	0.0243902439024
14465	0.0243902439024
14649	0.0243902439024
15321	0.0243902439024
16303	0.0243902439024
18630	0.0243902439024
21587	0.0243902439024
21669	0.0243902439024
22411	0.0243902439024
23053	0.0243902439024
24368	0.0243902439024
25857	0.0243902439024
26640	0.0243902439024
27907	0.0243902439024
28939	0.0243902439024
32136	0.0243902439024
32770	0.0243902439024
33318	0.0243902439024
35148	0.0243902439024
36161	0.0243902439024
39374	0.0243902439024
41262	0.0243902439024
41844	0.0243902439024
42383	0.0243902439024
42573	0.0243902439024
43569	0.0243902439024
47886	0.0243902439024
48231	0.0243902439024
49279	0.0243902439024
51543	0.0243902439024
52630	0.0243902439024
53260	0.0243902439024
53437	0.0243902439024
58215	0.0243902439024
59843	0.0243902439024
60453	0.0243902439024
17295	0.0240963855422
21307	0.0240963855422
25472	0.0240963855422
57430	0.0240963855422
59543	0.0240963855422
10089	0.0239520958084
466	0.0238095238095
468	0.0238095238095
1493	0.0238095238095
2460	0.0238095238095
6728	0.0238095238095
6942	0.0238095238095
11272	0.0238095238095
17426	0.0238095238095
17959	0.0238095238095
19087	0.0238095238095
20268	0.0238095238095
22909	0.0238095238095
24132	0.0238095238095
28782	0.0238095238095
31182	0.0238095238095
34329	0.0238095238095
34952	0.0238095238095
36942	0.0238095238095
38200	0.0238095238095
40832	0.0238095238095
42246	0.0238095238095
46721	0.0238095238095
51917	0.0238095238095
52335	0.0238095238095
53144	0.0238095238095
59911	0.0238095238095
3507	0.0236220472441
22895	0.0234375
26199	0.0234375
465	0.0232558139535
1592	0.0232558139535
5353	0.0232558139535
7543	0.0232558139535
10028	0.0232558139535
12167	0.0232558139535
12894	0.0232558139535
13653	0.0232558139535
14521	0.0232558139535
20433	0.0232558139535
24803	0.0232558139535
25290	0.0232558139535
27377	0.0232558139535
29378	0.0232558139535
30195	0.0232558139535
31149	0.0232558139535
33583	0.0232558139535
34117	0.0232558139535
34276	0.0232558139535
34982	0.0232558139535
37208	0.0232558139535
37623	0.0232558139535
40088	0.0232558139535
41244	0.0232558139535
41344	0.0232558139535
42432	0.0232558139535
42531	0.0232558139535
43174	0.0232558139535
43768	0.0232558139535
44172	0.0232558139535
44913	0.0232558139535
46727	0.0232558139535
48885	0.0232558139535
49284	0.0232558139535
51210	0.0232558139535
52244	0.0232558139535
52853	0.0232558139535
55055	0.0232558139535
58547	0.0232558139535
59520	0.0232558139535
61411	0.0232558139535
5528	0.0229885057471
8089	0.0229885057471
22332	0.0229885057471
34788	0.0229885057471
1099	0.0227272727273
4917	0.0227272727273
5252	0.0227272727273
6921	0.0227272727273
8127	0.0227272727273
9657	0.0227272727273
10435	0.0227272727273
11180	0.0227272727273
11379	0.0227272727273
11662	0.0227272727273
13091	0.0227272727273
20648	0.0227272727273
20690	0.0227272727273
23984	0.0227272727273
24580	0.0227272727273
26289	0.0227272727273
31164	0.0227272727273
34166	0.0227272727273
34650	0.0227272727273
35423	0.0227272727273
38024	0.0227272727273
41909	0.0227272727273
45183	0.0227272727273
46611	0.0227272727273
51486	0.0227272727273
51535	0.0227272727273
51773	0.0227272727273
51944	0.0227272727273
52429	0.0227272727273
55202	0.0227272727273
59962	0.0227272727273
26172	0.0224719101124
27052	0.0224719101124
3432	0.0222222222222
4633	0.0222222222222
4837	0.0222222222222
8894	0.0222222222222
10828	0.0222222222222
11706	0.0222222222222
14455	0.0222222222222
17917	0.0222222222222
20908	0.0222222222222
21407	0.0222222222222
21744	0.0222222222222
22395	0.0222222222222
23187	0.0222222222222
24406	0.0222222222222
25143	0.0222222222222
25555	0.0222222222222
25844	0.0222222222222
27379	0.0222222222222
32386	0.0222222222222
32685	0.0222222222222
32944	0.0222222222222
33048	0.0222222222222
33764	0.0222222222222
35259	0.0222222222222
39121	0.0222222222222
40137	0.0222222222222
41114	0.0222222222222
41509	0.0222222222222
41839	0.0222222222222
42346	0.0222222222222
42540	0.0222222222222
43691	0.0222222222222
45875	0.0222222222222
47911	0.0222222222222
49024	0.0222222222222
49986	0.0222222222222
50911	0.0222222222222
51945	0.0222222222222
56123	0.0222222222222
56814	0.0222222222222
9032	0.021978021978
36710	0.021978021978
41096	0.021978021978
50494	0.021978021978
33727	0.0218579234973
995	0.0217391304348
2321	0.0217391304348
6747	0.0217391304348
7311	0.0217391304348
7512	0.0217391304348
8246	0.0217391304348
9117	0.0217391304348
10170	0.0217391304348
12737	0.0217391304348
13727	0.0217391304348
15113	0.0217391304348
19081	0.0217391304348
20253	0.0217391304348
22985	0.0217391304348
23550	0.0217391304348
28532	0.0217391304348
30705	0.0217391304348
33722	0.0217391304348
40772	0.0217391304348
41543	0.0217391304348
42537	0.0217391304348
42932	0.0217391304348
43272	0.0217391304348
43689	0.0217391304348
44826	0.0217391304348
47880	0.0217391304348
51119	0.0217391304348
52094	0.0217391304348
13149	0.0215827338129
51496	0.0214285714286
19338	0.0213903743316
100	0.0212765957447
3074	0.0212765957447
3737	0.0212765957447
12755	0.0212765957447
15788	0.0212765957447
15818	0.0212765957447
16409	0.0212765957447
17195	0.0212765957447
18954	0.0212765957447
19324	0.0212765957447
19659	0.0212765957447
20338	0.0212765957447
21257	0.0212765957447
21451	0.0212765957447
24592	0.0212765957447
26947	0.0212765957447
27129	0.0212765957447
29366	0.0212765957447
29403	0.0212765957447
34728	0.0212765957447
36255	0.0212765957447
37750	0.0212765957447
42840	0.0212765957447
43376	0.0212765957447
45060	0.0212765957447
47304	0.0212765957447
49960	0.0212765957447
51364	0.0212765957447
51934	0.0212765957447
52165	0.0212765957447
59507	0.0212765957447
26218	0.0210526315789
401	0.0208333333333
2676	0.0208333333333
6179	0.0208333333333
8268	0.0208333333333
11096	0.0208333333333
11380	0.0208333333333
14132	0.0208333333333
15458	0.0208333333333
16145	0.0208333333333
16232	0.0208333333333
16843	0.0208333333333
17449	0.0208333333333
17612	0.0208333333333
18713	0.0208333333333
20089	0.0208333333333
20881	0.0208333333333
21265	0.0208333333333
22264	0.0208333333333
27528	0.0208333333333
28088	0.0208333333333
29122	0.0208333333333
34777	0.0208333333333
35340	0.0208333333333
37977	0.0208333333333
38704	0.0208333333333
41094	0.0208333333333
41142	0.0208333333333
41667	0.0208333333333
42679	0.0208333333333
42829	0.0208333333333
43030	0.0208333333333
49268	0.0208333333333
49678	0.0208333333333
50598	0.0208333333333
51325	0.0208333333333
51816	0.0208333333333
51938	0.0208333333333
5698	0.020618556701
50958	0.020618556701
524	0.0204081632653
4336	0.0204081632653
5393	0.0204081632653
9979	0.0204081632653
14245	0.0204081632653
17258	0.0204081632653
17272	0.0204081632653
18603	0.0204081632653
20340	0.0204081632653
21341	0.0204081632653
26399	0.0204081632653
27240	0.0204081632653
28242	0.0204081632653
29177	0.0204081632653
30259	0.0204081632653
31491	0.0204081632653
32688	0.0204081632653
34668	0.0204081632653
36188	0.0204081632653
40651	0.0204081632653
42112	0.0204081632653
51646	0.0204081632653
52162	0.0204081632653
52608	0.0204081632653
53386	0.0204081632653
59784	0.0204081632653
23481	0.0203562340967
17315	0.0202702702703
16449	0.020202020202
390	0.02
626	0.02
733	0.02
1341	0.02
2338	0.02
4440	0.02
6565	0.02
7440	0.02
19290	0.02
20140	0.02
21516	0.02
24503	0.02
25507	0.02
26005	0.02
28517	0.02
28621	0.02
28951	0.02
31111	0.02
34861	0.02
37691	0.02
38665	0.02
39232	0.02
39233	0.02
41316	0.02
41533	0.02
46084	0.02
50967	0.02
51585	0.02
52690	0.02
52800	0.02
2067	0.019801980198
3385	0.019801980198
8890	0.019801980198
10463	0.019801980198
52952	0.019801980198
52240	0.0197368421053
330	0.0196078431373
845	0.0196078431373
1049	0.0196078431373
1778	0.0196078431373
2216	0.0196078431373
4647	0.0196078431373
4938	0.0196078431373
6506	0.0196078431373
12581	0.0196078431373
12604	0.0196078431373
12968	0.0196078431373
18771	0.0196078431373
19965	0.0196078431373
28461	0.0196078431373
34101	0.0196078431373
34191	0.0196078431373
35067	0.0196078431373
35698	0.0196078431373
37478	0.0196078431373
41008	0.0196078431373
41586	0.0196078431373
41879	0.0196078431373
41974	0.0196078431373
42038	0.0196078431373
50626	0.0196078431373
51874	0.0196078431373
52503	0.0196078431373
3852	0.0192307692308
5412	0.0192307692308
8609	0.0192307692308
11012	0.0192307692308
16926	0.0192307692308
18149	0.0192307692308
21373	0.0192307692308
24590	0.0192307692308
32029	0.0192307692308
34255	0.0192307692308
36249	0.0192307692308
40406	0.0192307692308
42597	0.0192307692308
46776	0.0192307692308
51233	0.0192307692308
56072	0.0192307692308
34136	0.0190476190476
924	0.0188679245283
2072	0.0188679245283
4155	0.0188679245283
4159	0.0188679245283
6488	0.0188679245283
10943	0.0188679245283
10973	0.0188679245283
18331	0.0188679245283
22107	0.0188679245283
24348	0.0188679245283
25325	0.0188679245283
25813	0.0188679245283
26829	0.0188679245283
29732	0.0188679245283
38291	0.0188679245283
40401	0.0188679245283
41921	0.0188679245283
41981	0.0188679245283
43529	0.0188679245283
43698	0.0188679245283
50343	0.0188679245283
51291	0.0188679245283
51315	0.0188679245283
51333	0.0188679245283
51521	0.0188679245283
52361	0.0188679245283
56812	0.0188679245283
57364	0.0188679245283
59563	0.0188679245283
59981	0.0188679245283
60338	0.0188679245283
22830	0.01875
41570	0.018691588785
55746	0.018691588785
1958	0.0185185185185
3786	0.0185185185185
5162	0.0185185185185
5225	0.0185185185185
7299	0.0185185185185
10427	0.0185185185185
12199	0.0185185185185
18535	0.0185185185185
22498	0.0185185185185
24409	0.0185185185185
25436	0.0185185185185
27090	0.0185185185185
30453	0.0185185185185
31010	0.0185185185185
34463	0.0185185185185
35027	0.0185185185185
39041	0.0185185185185
42030	0.0185185185185
43213	0.0185185185185
43242	0.0185185185185
51098	0.0185185185185
51209	0.0185185185185
52104	0.0185185185185
52903	0.0185185185185
53443	0.0185185185185
55861	0.0185185185185
59720	0.0185185185185
4337	0.0184049079755
31962	0.0183486238532
41025	0.0183486238532
41913	0.0183486238532
52645	0.0183486238532
523	0.0181818181818
3172	0.0181818181818
3182	0.0181818181818
3194	0.0181818181818
4174	0.0181818181818
17110	0.0181818181818
21386	0.0181818181818
21933	0.0181818181818
22396	0.0181818181818
23629	0.0181818181818
24888	0.0181818181818
29063	0.0181818181818
29416	0.0181818181818
31860	0.0181818181818
32711	0.0181818181818
36060	0.0181818181818
36364	0.0181818181818
37424	0.0181818181818
41566	0.0181818181818
41634	0.0181818181818
41743	0.0181818181818
42074	0.0181818181818
44923	0.0181818181818
49662	0.0181818181818
49719	0.0181818181818
50337	0.0181818181818
51316	0.0181818181818
52417	0.0181818181818
53243	0.0181818181818
59909	0.0181818181818
61148	0.0181818181818
1323	0.018018018018
3294	0.018018018018
6632	0.018018018018
13927	0.018018018018
37670	0.018018018018
39727	0.018018018018
1501	0.0178571428571
2808	0.0178571428571
6105	0.0178571428571
11904	0.0178571428571
14270	0.0178571428571
19602	0.0178571428571
21436	0.0178571428571
23990	0.0178571428571
26764	0.0178571428571
26875	0.0178571428571
29392	0.0178571428571
29645	0.0178571428571
31308	0.0178571428571
32184	0.0178571428571
34207	0.0178571428571
36726	0.0178571428571
37055	0.0178571428571
42117	0.0178571428571
42388	0.0178571428571
42949	0.0178571428571
45277	0.0178571428571
47807	0.0178571428571
51247	0.0178571428571
52334	0.0178571428571
53044	0.0178571428571
60601	0.0178571428571
20630	0.0178117048346
20529	0.0176991150442
41156	0.0175953079179
1972	0.0175438596491
4343	0.0175438596491
6305	0.0175438596491
7731	0.0175438596491
8621	0.0175438596491
11378	0.0175438596491
11784	0.0175438596491
15360	0.0175438596491
22205	0.0175438596491
26840	0.0175438596491
30231	0.0175438596491
35391	0.0175438596491
36731	0.0175438596491
38083	0.0175438596491
40490	0.0175438596491
40677	0.0175438596491
41495	0.0175438596491
42555	0.0175438596491
42688	0.0175438596491
51601	0.0175438596491
52842	0.0175438596491
59785	0.0175438596491
2544	0.0173913043478
32784	0.0173913043478
43824	0.0173913043478
37680	0.0173410404624
13095	0.017316017316
1171	0.0172413793103
1753	0.0172413793103
3239	0.0172413793103
4156	0.0172413793103
4335	0.0172413793103
9052	0.0172413793103
9604	0.0172413793103
14214	0.0172413793103
14407	0.0172413793103
16283	0.0172413793103
19970	0.0172413793103
20536	0.0172413793103
21586	0.0172413793103
23050	0.0172413793103
28692	0.0172413793103
31007	0.0172413793103
33954	0.0172413793103
34096	0.0172413793103
38983	0.0172413793103
41215	0.0172413793103
41426	0.0172413793103
42483	0.0172413793103
44375	0.0172413793103
46895	0.0172413793103
59882	0.0172413793103
19695	0.017094017094
37660	0.017094017094
40869	0.017094017094
51159	0.0170454545455
62	0.0169491525424
165	0.0169491525424
2712	0.0169491525424
4512	0.0169491525424
5445	0.0169491525424
6788	0.0169491525424
9528	0.0169491525424
13560	0.0169491525424
17286	0.0169491525424
18403	0.0169491525424
18755	0.0169491525424
25918	0.0169491525424
26954	0.0169491525424
27646	0.0169491525424
28667	0.0169491525424
28708	0.0169491525424
37923	0.0169491525424
41612	0.0169491525424
41878	0.0169491525424
48978	0.0169491525424
51248	0.0169491525424
53191	0.0169491525424
59584	0.0169491525424
59608	0.0169491525424
3297	0.0168539325843
17915	0.0168539325843
25942	0.0168539325843
21523	0.0167364016736
167	0.0166666666667
1903	0.0166666666667
7715	0.0166666666667
8582	0.0166666666667
10316	0.0166666666667
12928	0.0166666666667
15192	0.0166666666667
17690	0.0166666666667
18269	0.0166666666667
18992	0.0166666666667
19090	0.0166666666667
19534	0.0166666666667
21353	0.0166666666667
22922	0.0166666666667
24437	0.0166666666667
26038	0.0166666666667
27076	0.0166666666667
33788	0.0166666666667
39550	0.0166666666667
40633	0.0166666666667
41445	0.0166666666667
41807	0.0166666666667
42135	0.0166666666667
42866	0.0166666666667
14343	0.0165745856354
8839	0.0165289256198
2127	0.016393442623
3199	0.016393442623
4476	0.016393442623
10369	0.016393442623
11159	0.016393442623
12753	0.016393442623
12776	0.016393442623
15021	0.016393442623
16774	0.016393442623
17264	0.016393442623
18291	0.016393442623
23090	0.016393442623
23409	0.016393442623
31306	0.016393442623
37735	0.016393442623
37952	0.016393442623
37985	0.016393442623
43066	0.016393442623
45345	0.016393442623
46515	0.016393442623
47177	0.016393442623
52930	0.016393442623
21648	0.0163265306122
39360	0.0163043478261
1272	0.0162601626016
9586	0.0162162162162
19897	0.0162162162162
38206	0.0161943319838
4745	0.0161290322581
10750	0.0161290322581
11022	0.0161290322581
11761	0.0161290322581
14652	0.0161290322581
15211	0.0161290322581
18161	0.0161290322581
18290	0.0161290322581
19404	0.0161290322581
21349	0.0161290322581
21703	0.0161290322581
28323	0.0161290322581
34348	0.0161290322581
35155	0.0161290322581
38051	0.0161290322581
41359	0.0161290322581
46674	0.0161290322581
51495	0.0161290322581
53240	0.0161290322581
59701	0.0161290322581
35144	0.0160427807487
16935	0.0159574468085
34548	0.015923566879
3481	0.015873015873
3666	0.015873015873
9447	0.015873015873
13627	0.015873015873
14251	0.015873015873
19657	0.015873015873
20490	0.015873015873
25623	0.015873015873
32020	0.015873015873
37673	0.015873015873
39126	0.015873015873
41040	0.015873015873
41088	0.015873015873
41544	0.015873015873
41599	0.015873015873
41948	0.015873015873
42936	0.015873015873
48682	0.015873015873
48701	0.015873015873
51694	0.015873015873
59798	0.015873015873
27925	0.0157480314961
38818	0.0157480314961
44776	0.0157480314961
52494	0.0157068062827
1918	0.0156739811912
3000	0.015625
3189	0.015625
7911	0.015625
10843	0.015625
15843	0.015625
20085	0.015625
23046	0.015625
31866	0.015625
31909	0.015625
32710	0.015625
41111	0.015625
49431	0.015625
50252	0.015625
52260	0.015625
52491	0.015625
52963	0.015625
39510	0.0155440414508
36494	0.015503875969
45093	0.015503875969
38659	0.0154639175258
452	0.0153846153846
515	0.0153846153846
1103	0.0153846153846
1175	0.0153846153846
5280	0.0153846153846
10050	0.0153846153846
20098	0.0153846153846
22362	0.0153846153846
23531	0.0153846153846
23887	0.0153846153846
26286	0.0153846153846
35245	0.0153846153846
38732	0.0153846153846
39137	0.0153846153846
39341	0.0153846153846
42819	0.0153846153846
44034	0.0153846153846
44528	0.0153846153846
48189	0.0153846153846
50472	0.0153846153846
51020	0.0153846153846
52642	0.0153846153846
37599	0.0152671755725
59505	0.0152671755725
12188	0.0152284263959
40970	0.0152091254753
2542	0.0151515151515
3474	0.0151515151515
5390	0.0151515151515
10613	0.0151515151515
13870	0.0151515151515
21656	0.0151515151515
30119	0.0151515151515
30778	0.0151515151515
31478	0.0151515151515
36847	0.0151515151515
37856	0.0151515151515
41194	0.0151515151515
41442	0.0151515151515
41553	0.0151515151515
44500	0.0151515151515
46121	0.0151515151515
47483	0.0151515151515
51861	0.0151515151515
52472	0.0151515151515
57828	0.0151515151515
33895	0.0150943396226
19429	0.015037593985
20738	0.015037593985
182	0.0149253731343
1232	0.0149253731343
6473	0.0149253731343
7182	0.0149253731343
8611	0.0149253731343
12873	0.0149253731343
13125	0.0149253731343
13622	0.0149253731343
17462	0.0149253731343
18522	0.0149253731343
21377	0.0149253731343
33680	0.0149253731343
34158	0.0149253731343
39226	0.0149253731343
39658	0.0149253731343
40126	0.0149253731343
42319	0.0149253731343
44031	0.0149253731343
51258	0.0149253731343
51449	0.0149253731343
52359	0.0149253731343
15325	0.0148148148148
22877	0.0148148148148
30324	0.0148148148148
34155	0.0148148148148
51030	0.0148148148148
779	0.0147058823529
1362	0.0147058823529
1850	0.0147058823529
3398	0.0147058823529
3561	0.0147058823529
3915	0.0147058823529
4457	0.0147058823529
5055	0.0147058823529
6075	0.0147058823529
10149	0.0147058823529
10961	0.0147058823529
25012	0.0147058823529
26711	0.0147058823529
27872	0.0147058823529
28439	0.0147058823529
30784	0.0147058823529
38688	0.0147058823529
39884	0.0147058823529
51526	0.0147058823529
52297	0.0147058823529
60266	0.0147058823529
20818	0.0146699266504
22524	0.0145631067961
1	0.0144927536232
4658	0.0144927536232
7425	0.0144927536232
9685	0.0144927536232
10729	0.0144927536232
18741	0.0144927536232
27207	0.0144927536232
31428	0.0144927536232
36379	0.0144927536232
41528	0.0144927536232
43835	0.0144927536232
45135	0.0144927536232
51144	0.0144927536232
51983	0.0144927536232
53377	0.0144927536232
1167	0.0143884892086
2343	0.0142857142857
2611	0.0142857142857
12253	0.0142857142857
18495	0.0142857142857
18625	0.0142857142857
18985	0.0142857142857
19204	0.0142857142857
19835	0.0142857142857
20070	0.0142857142857
20187	0.0142857142857
24431	0.0142857142857
30681	0.0142857142857
34901	0.0142857142857
38725	0.0142857142857
38968	0.0142857142857
39751	0.0142857142857
41297	0.0142857142857
41693	0.0142857142857
43372	0.0142857142857
45701	0.0142857142857
51775	0.0142857142857
51949	0.0142857142857
52904	0.0142857142857
60086	0.0142857142857
44978	0.0142180094787
3260	0.0142045454545
1853	0.0141509433962
37392	0.0141242937853
3538	0.0140845070423
7722	0.0140845070423
10047	0.0140845070423
32631	0.0140845070423
35164	0.0140845070423
37380	0.0140845070423
42454	0.0140845070423
42474	0.0140845070423
43086	0.0140845070423
50893	0.0140845070423
50973	0.0140845070423
59504	0.0140845070423
2595	0.0140186915888
5419	0.0140186915888
21321	0.0140186915888
27525	0.013986013986
35920	0.013986013986
63	0.0138888888889
128	0.0138888888889
1898	0.0138888888889
2144	0.0138888888889
4195	0.0138888888889
14667	0.0138888888889
16913	0.0138888888889
27648	0.0138888888889
33614	0.0138888888889
33792	0.0138888888889
38587	0.0138888888889
38826	0.0138888888889
41235	0.0138888888889
48926	0.0138888888889
49749	0.0138888888889
52029	0.0138888888889
59734	0.0138888888889
25078	0.0138504155125
5634	0.0137931034483
50952	0.0137931034483
10166	0.0137614678899
12182	0.0137614678899
41942	0.0137614678899
101	0.013698630137
363	0.013698630137
1685	0.013698630137
5611	0.013698630137
11535	0.013698630137
33772	0.013698630137
34792	0.013698630137
34932	0.013698630137
41048	0.013698630137
42309	0.013698630137
42959	0.013698630137
49403	0.013698630137
51693	0.013698630137
52413	0.013698630137
52715	0.013698630137
3729	0.0136452241715
20802	0.0136363636364
27171	0.0136054421769
29818	0.0136054421769
41398	0.0136054421769
43414	0.0136054421769
7303	0.0135746606335
2093	0.0135135135135
11322	0.0135135135135
12153	0.0135135135135
17969	0.0135135135135
18427	0.0135135135135
20744	0.0135135135135
23388	0.0135135135135
26724	0.0135135135135
32917	0.0135135135135
39420	0.0135135135135
41656	0.0135135135135
45859	0.0135135135135
49044	0.0135135135135
50204	0.0135135135135
51225	0.0135135135135
60482	0.0135135135135
34999	0.0134529147982
32318	0.0134228187919
1228	0.0133333333333
4341	0.0133333333333
16433	0.0133333333333
22573	0.0133333333333
25002	0.0133333333333
28578	0.0133333333333
36676	0.0133333333333
41388	0.0133333333333
41908	0.0133333333333
41976	0.0133333333333
42396	0.0133333333333
42714	0.0133333333333
43178	0.0133333333333
51462	0.0133333333333
59509	0.0133333333333
30471	0.0132625994695
3827	0.0132158590308
3258	0.0131578947368
5513	0.0131578947368
19292	0.0131578947368
29778	0.0131578947368
33113	0.0131578947368
35722	0.0131578947368
41381	0.0131578947368
51421	0.0131578947368
52148	0.0131578947368
42912	0.0131147540984
37993	0.0130208333333
103	0.012987012987
3858	0.012987012987
7101	0.012987012987
7442	0.012987012987
9327	0.012987012987
16902	0.012987012987
17696	0.012987012987
22234	0.012987012987
27910	0.012987012987
28721	0.012987012987
30930	0.012987012987
32480	0.012987012987
35262	0.012987012987
41117	0.012987012987
42626	0.012987012987
43543	0.012987012987
52928	0.012987012987
9646	0.0129032258065
29145	0.0129032258065
38657	0.0129032258065
41287	0.0129032258065
32823	0.0128755364807
1928	0.0128617363344
53	0.0128205128205
1098	0.0128205128205
5106	0.0128205128205
5535	0.0128205128205
7073	0.0128205128205
13099	0.0128205128205
14515	0.0128205128205
15638	0.0128205128205
17735	0.0128205128205
25336	0.0128205128205
26601	0.0128205128205
33930	0.0128205128205
34672	0.0128205128205
38332	0.0128205128205
40689	0.0128205128205
41483	0.0128205128205
46742	0.0128205128205
51157	0.0128205128205
41042	0.0127795527157
42374	0.0127659574468
13067	0.0127388535032
867	0.0126582278481
1612	0.0126582278481
3964	0.0126582278481
4523	0.0126582278481
5693	0.0126582278481
13621	0.0126582278481
19416	0.0126582278481
29401	0.0126582278481
30294	0.0126582278481
34691	0.0126582278481
38569	0.0126582278481
38671	0.0126582278481
40212	0.0126582278481
42390	0.0126582278481
53286	0.0126582278481
59547	0.0126582278481
51027	0.01261829653
35703	0.0125786163522
12756	0.0125523012552
5164	0.0125
8965	0.0125
12585	0.0125
13121	0.0125
38572	0.0125
40923	0.0125
41273	0.0125
51401	0.0125
11481	0.01246105919
16379	0.0124223602484
37225	0.0124223602484
51821	0.0124223602484
1342	0.0123456790123
3761	0.0123456790123
6036	0.0123456790123
7421	0.0123456790123
14105	0.0123456790123
14860	0.0123456790123
27070	0.0123456790123
28719	0.0123456790123
42409	0.0123456790123
42460	0.0123456790123
45206	0.0123456790123
118	0.0123076923077
874	0.0122699386503
41832	0.0122699386503
3531	0.0122448979592
2937	0.0121951219512
5219	0.0121951219512
6315	0.0121951219512
17278	0.0121951219512
24468	0.0121951219512
27419	0.0121951219512
37117	0.0121951219512
37592	0.0121951219512
41349	0.0121951219512
41527	0.0121951219512
42399	0.0121951219512
51053	0.0121951219512
51220	0.0121951219512
4900	0.0121457489879
44281	0.0121457489879
15636	0.0121359223301
17152	0.0121212121212
18967	0.0121212121212
21311	0.0121212121212
23440	0.0121212121212
52525	0.0121212121212
2096	0.0120481927711
3178	0.0120481927711
3581	0.0120481927711
5810	0.0120481927711
13036	0.0120481927711
13063	0.0120481927711
26777	0.0120481927711
30222	0.0120481927711
34128	0.0120481927711
36411	0.0120481927711
38713	0.0120481927711
39851	0.0120481927711
41736	0.0120481927711
42145	0.0120481927711
42354	0.0120481927711
42576	0.0120481927711
50249	0.0120481927711
50900	0.0120481927711
52890	0.0120481927711
16368	0.0119760479042
17979	0.0119760479042
20591	0.0119760479042
32895	0.0119760479042
18	0.0119047619048
7084	0.0119047619048
7161	0.0119047619048
13971	0.0119047619048
15851	0.0119047619048
18503	0.0119047619048
22681	0.0119047619048
26059	0.0119047619048
36120	0.0119047619048
41180	0.0119047619048
41627	0.0119047619048
50391	0.0119047619048
50868	0.0119047619048
688	0.0117647058824
947	0.0117647058824
7693	0.0117647058824
8259	0.0117647058824
10046	0.0117647058824
10844	0.0117647058824
12511	0.0117647058824
15233	0.0117647058824
23275	0.0117647058824
23628	0.0117647058824
27031	0.0117647058824
27404	0.0117647058824
28824	0.0117647058824
30209	0.0117647058824
30976	0.0117647058824
34676	0.0117647058824
35022	0.0117647058824
35117	0.0117647058824
35940	0.0117647058824
41818	0.0117647058824
42103	0.0117647058824
49889	0.0117647058824
50934	0.0117647058824
52170	0.0117647058824
52255	0.0117647058824
52841	0.0117647058824
52863	0.0117647058824
52874	0.0117647058824
38959	0.0117302052786
45139	0.01171875
384	0.0116959064327
20335	0.0116959064327
41059	0.0116959064327
186	0.0116279069767
2632	0.0116279069767
3533	0.0116279069767
4147	0.0116279069767
4766	0.0116279069767
20996	0.0116279069767
25987	0.0116279069767
33868	0.0116279069767
37778	0.0116279069767
38272	0.0116279069767
38661	0.0116279069767
39965	0.0116279069767
41250	0.0116279069767
43872	0.0116279069767
44323	0.0116279069767
51049	0.0116279069767
2403	0.0115606936416
16912	0.0115606936416
10287	0.0115384615385
41164	0.0115384615385
41165	0.0115273775216
16302	0.0114942528736
16357	0.0114942528736
17442	0.0114942528736
18769	0.0114942528736
19469	0.0114942528736
20481	0.0114942528736
23222	0.0114942528736
23230	0.0114942528736
34103	0.0114942528736
38899	0.0114942528736
40645	0.0114942528736
41399	0.0114942528736
49141	0.0114942528736
52946	0.0114942528736
1680	0.0114795918367
1921	0.0113636363636
3860	0.0113636363636
4318	0.0113636363636
7518	0.0113636363636
14181	0.0113636363636
18773	0.0113636363636
26175	0.0113636363636
26830	0.0113636363636
29756	0.0113636363636
34115	0.0113636363636
35480	0.0113636363636
38099	0.0113636363636
39544	0.0113636363636
41350	0.0113636363636
43016	0.0113636363636
51852	0.0113636363636
20875	0.011320754717
18701	0.0112676056338
3787	0.0112359550562
6920	0.0112359550562
7411	0.0112359550562
7614	0.0112359550562
11727	0.0112359550562
30762	0.0112359550562
30789	0.0112359550562
39713	0.0112359550562
41708	0.0112359550562
42111	0.0112359550562
51154	0.0112359550562
23786	0.0112044817927
3598	0.0111731843575
17461	0.0111731843575
25384	0.0111731843575
3253	0.0111111111111
3843	0.0111111111111
4760	0.0111111111111
9924	0.0111111111111
14511	0.0111111111111
15197	0.0111111111111
18835	0.0111111111111
24833	0.0111111111111
28456	0.0111111111111
30834	0.0111111111111
41143	0.0111111111111
42029	0.0111111111111
46558	0.0111111111111
14862	0.0110497237569
50961	0.0110497237569
2917	0.010989010989
3582	0.010989010989
14757	0.010989010989
20290	0.010989010989
33704	0.010989010989
35630	0.010989010989
39336	0.010989010989
40208	0.010989010989
43327	0.010989010989
50890	0.010989010989
51422	0.010989010989
52231	0.010989010989
32862	0.0109689213894
28832	0.0109409190372
13120	0.0109289617486
41378	0.0109289617486
3214	0.0108695652174
5230	0.0108695652174
12149	0.0108695652174
13634	0.0108695652174
39722	0.0108695652174
41175	0.0108695652174
50992	0.0108695652174
51623	0.0108695652174
52884	0.0108695652174
52981	0.0108695652174
4916	0.0108303249097
2152	0.0107913669065
13935	0.0107913669065
2424	0.010752688172
12943	0.010752688172
21575	0.010752688172
24698	0.010752688172
32762	0.010752688172
38530	0.010752688172
41139	0.010752688172
41208	0.010752688172
41433	0.010752688172
41450	0.010752688172
44233	0.010752688172
49336	0.010752688172
50291	0.010752688172
51343	0.010752688172
59617	0.010752688172
30691	0.0106761565836
283	0.0106382978723
4515	0.0106382978723
6417	0.0106382978723
11223	0.0106382978723
12597	0.0106382978723
20629	0.0106382978723
34659	0.0106382978723
41773	0.0106382978723
41775	0.0106382978723
42398	0.0106382978723
43813	0.0106382978723
49401	0.0106382978723
35178	0.0106194690265
5218	0.010582010582
15373	0.010582010582
28830	0.010582010582
41278	0.010582010582
4468	0.0105263157895
5643	0.0105263157895
6466	0.0105263157895
6693	0.0105263157895
7062	0.0105263157895
8197	0.0105263157895
11504	0.0105263157895
16170	0.0105263157895
29394	0.0105263157895
33709	0.0105263157895
37073	0.0105263157895
50959	0.0105263157895
16516	0.0104712041885
24970	0.0104712041885
30802	0.0104712041885
25098	0.0104529616725
21715	0.0104166666667
26313	0.0104166666667
30913	0.0104166666667
40202	0.0104166666667
41272	0.0104166666667
41581	0.0104166666667
51290	0.0104166666667
3139	0.0103806228374
8724	0.0103626943005
37776	0.0103626943005
51211	0.0103626943005
35809	0.0103359173127
4149	0.0103092783505
12800	0.0103092783505
12831	0.0103092783505
16448	0.0103092783505
34225	0.0103092783505
34471	0.0103092783505
35229	0.0103092783505
35516	0.0103092783505
37806	0.0103092783505
48475	0.0103092783505
50871	0.0103092783505
51229	0.0103092783505
52079	0.0103092783505
52442	0.0103092783505
52733	0.0103092783505
8229	0.0102564102564
637	0.0102040816327
2679	0.0102040816327
3187	0.0102040816327
5367	0.0102040816327
5656	0.0102040816327
8129	0.0102040816327
18673	0.0102040816327
19506	0.0102040816327
29280	0.0102040816327
37686	0.0102040816327
45033	0.0102040816327
21557	0.010152284264
27865	0.0101419878296
52018	0.0101351351351
7341	0.010101010101
9601	0.010101010101
14505	0.010101010101
18756	0.010101010101
19420	0.010101010101
38807	0.010101010101
41081	0.010101010101
41249	0.010101010101
42414	0.010101010101
44456	0.0100502512563
25937	0.0100334448161
5352	0.01
18326	0.01
23373	0.01
28134	0.01
32923	0.01
34619	0.01
41191	0.01
48676	0.01
51967	0.01
52197	0.01
2613	0.0099573257468
4675	0.00995024875622
3204	0.00990099009901
4733	0.00990099009901
10082	0.00990099009901
16204	0.00990099009901
31220	0.00990099009901
34208	0.00990099009901
34486	0.00990099009901
42344	0.00990099009901
26602	0.00987091875475
31307	0.00985221674877
41157	0.00985221674877
41227	0.00985221674877
1950	0.00980392156863
24316	0.00980392156863
51000	0.00980392156863
51242	0.00980392156863
51795	0.00980392156863
16076	0.00975609756098
21507	0.00975609756098
36686	0.00975609756098
5237	0.00974930362117
6954	0.00974025974026
253	0.00970873786408
6440	0.00970873786408
7198	0.00970873786408
13394	0.00970873786408
22731	0.00970873786408
23080	0.00970873786408
27537	0.00970873786408
29816	0.00970873786408
36632	0.00970873786408
40985	0.00970873786408
41833	0.00970873786408
52991	0.00970873786408
61042	0.00970873786408
22572	0.00966183574879
41452	0.00966183574879
20800	0.00961538461538
21375	0.00961538461538
41197	0.00961538461538
41525	0.00961538461538
42825	0.00961538461538
52576	0.00961538461538
53065	0.00961538461538
30874	0.00956937799043
160	0.00952380952381
3205	0.00952380952381
8159	0.00952380952381
18231	0.00952380952381
39473	0.00952380952381
40104	0.00952380952381
41085	0.00952380952381
32738	0.00947867298578
5512	0.00946372239748
3733	0.00945179584121
29277	0.00944510035419
3781	0.00943396226415
11262	0.00943396226415
13258	0.00943396226415
14656	0.00943396226415
17570	0.00943396226415
36894	0.00943396226415
41201	0.00943396226415
41258	0.00943396226415
41649	0.00943396226415
45076	0.00943396226415
48221	0.00943396226415
59133	0.00943396226415
34369	0.00941619585687
95	0.00934579439252
8901	0.00934579439252
31536	0.00934579439252
41101	0.00934579439252
42704	0.00934579439252
90	0.0093023255814
27890	0.0092807424594
1984	0.00925925925926
2409	0.00925925925926
14406	0.00925925925926
15188	0.00925925925926
17922	0.00925925925926
22426	0.00925925925926
22589	0.00925925925926
32509	0.00925925925926
37588	0.00925925925926
41228	0.00925925925926
48910	0.00925925925926
52564	0.00925925925926
53168	0.00925925925926
59604	0.00925925925926
9625	0.00921658986175
3861	0.00917431192661
5697	0.00917431192661
27128	0.00917431192661
34715	0.00917431192661
35237	0.00917431192661
38338	0.00917431192661
45381	0.00917431192661
50873	0.00917431192661
52089	0.00917431192661
35728	0.00914634146341
38987	0.00914634146341
2745	0.00913562895292
29287	0.00913242009132
41308	0.00913242009132
42328	0.00913242009132
4705	0.00909090909091
16802	0.00909090909091
18378	0.00909090909091
22929	0.00909090909091
25113	0.00909090909091
35345	0.00909090909091
41086	0.00909090909091
41934	0.00909090909091
51804	0.00909090909091
51869	0.00909090909091
53342	0.00909090909091
41972	0.00906344410876
32612	0.00905797101449
5056	0.00904977375566
39366	0.00904977375566
27527	0.00903614457831
1489	0.00900900900901
31692	0.00900900900901
31891	0.00900900900901
53194	0.00900900900901
17008	0.0089552238806
11675	0.0089485458613
562	0.00892857142857
13943	0.00892857142857
22170	0.00892857142857
37302	0.00892857142857
41200	0.00892857142857
42931	0.00892857142857
49791	0.00892857142857
28812	0.00888888888889
41012	0.00888888888889
37426	0.0088809946714
11	0.00886699507389
4943	0.00884955752212
5350	0.00884955752212
11165	0.00884955752212
15009	0.00884955752212
16408	0.00884955752212
27580	0.00884955752212
30806	0.00884955752212
36366	0.00884955752212
41032	0.00884955752212
51228	0.00884955752212
51492	0.00884955752212
52092	0.00884955752212
11201	0.00883392226148
18361	0.00882352941176
2840	0.00877963125549
12856	0.00877192982456
25027	0.00877192982456
41167	0.00877192982456
43337	0.00877192982456
41583	0.0087260034904
511	0.00872093023256
3664	0.00869565217391
5712	0.00869565217391
6375	0.00869565217391
11760	0.00869565217391
21227	0.00869565217391
21312	0.00869565217391
23643	0.00869565217391
24088	0.00869565217391
25431	0.00869565217391
29356	0.00869565217391
29444	0.00869565217391
40819	0.00869565217391
52891	0.00869565217391
11230	0.00865800865801
14140	0.00864553314121
20075	0.00863930885529
1132	0.00862068965517
9636	0.00862068965517
14381	0.00862068965517
45717	0.00862068965517
47448	0.00862068965517
47553	0.00862068965517
50886	0.00862068965517
53039	0.00862068965517
53069	0.00862068965517
3535	0.00857142857143
11232	0.00857142857143
4541	0.00854700854701
11748	0.00854700854701
13313	0.00854700854701
13891	0.00854700854701
17886	0.00854700854701
21694	0.00854700854701
41137	0.00854700854701
41609	0.00854700854701
18311	0.008537886873
21545	0.00852878464819
2030	0.00852272727273
41068	0.0085146641438
18172	0.00851063829787
41045	0.00851063829787
49394	0.00851063829787
41074	0.00850340136054
41332	0.00849256900212
34943	0.00847457627119
41799	0.00847457627119
7349	0.00845070422535
10727	0.0084388185654
51721	0.0084388185654
2142	0.00842696629213
14233	0.00840336134454
18958	0.00840336134454
26162	0.00840336134454
28711	0.00840336134454
32074	0.00840336134454
32626	0.00840336134454
42194	0.00840336134454
47475	0.00840336134454
51359	0.00840336134454
15228	0.0083857442348
4711	0.00838323353293
12423	0.00835073068894
20669	0.00833333333333
27255	0.00833333333333
32684	0.00833333333333
41606	0.00833333333333
42053	0.00833333333333
47633	0.00833333333333
25554	0.00828729281768
3317	0.00826446280992
4611	0.00826446280992
9722	0.00826446280992
20636	0.00826446280992
22031	0.00826446280992
39288	0.00826446280992
41004	0.00826446280992
43828	0.00826446280992
3365	0.00825471698113
14360	0.0082304526749
41274	0.0082304526749
2361	0.00819672131148
6634	0.00819672131148
14749	0.00819672131148
30949	0.00819672131148
37156	0.00819672131148
41002	0.00819672131148
38492	0.00818553888131
37052	0.00816326530612
23782	0.0081466395112
71	0.00813008130081
14604	0.00813008130081
41182	0.00813008130081
52428	0.00813008130081
742	0.00810810810811
15794	0.0080971659919
31882	0.0080971659919
27651	0.00808625336927
3986	0.00806451612903
5113	0.00806451612903
5603	0.00806451612903
13124	0.00806451612903
14750	0.00806451612903
22238	0.00806451612903
51724	0.00806451612903
51854	0.00806451612903
53200	0.00806451612903
216	0.00804289544236
3553	0.00804289544236
37115	0.00803212851406
26863	0.00802568218299
41132	0.00802139037433
893	0.00801603206413
5622	0.008
9251	0.008
10054	0.008
30880	0.008
41136	0.008
41303	0.008
41322	0.008
41353	0.00796812749004
4044	0.00793650793651
26403	0.00793650793651
26868	0.00793650793651
39210	0.00793650793651
39404	0.00793650793651
47430	0.00793650793651
28633	0.00790513833992
14275	0.00787401574803
17711	0.00787401574803
18205	0.00787401574803
18973	0.00787401574803
26279	0.00787401574803
34210	0.00787401574803
35951	0.00787401574803
41179	0.00787401574803
41225	0.00787401574803
59890	0.00787401574803
5768	0.0078431372549
33552	0.0078125
38822	0.0078125
40036	0.0078125
41054	0.0078125
41245	0.0078125
13339	0.00778816199377
17952	0.00778210116732
31170	0.00778210116732
50845	0.00778210116732
2381	0.00776196636481
3316	0.0077519379845
14525	0.0077519379845
21690	0.0077519379845
34724	0.0077519379845
47292	0.0077519379845
50327	0.0077519379845
60005	0.0077519379845
25930	0.00772200772201
39027	0.00772200772201
24522	0.00771208226221
3273	0.00770925110132
2367	0.00769230769231
11239	0.00769230769231
13829	0.00769230769231
14646	0.00769230769231
31656	0.00769230769231
47675	0.00769230769231
59611	0.00769230769231
39136	0.00768049155146
12969	0.00767918088737
33841	0.00764818355641
900	0.00764525993884
868	0.00763941940413
2353	0.00763358778626
19547	0.00763358778626
25240	0.00763358778626
30925	0.00763358778626
61083	0.00763358778626
6394	0.00757575757576
9104	0.00757575757576
17583	0.00757575757576
18563	0.00757575757576
21915	0.00757575757576
36976	0.00757575757576
51765	0.00757575757576
6304	0.00755287009063
3527	0.00754716981132
2927	0.00751879699248
6404	0.00751879699248
11664	0.00751879699248
15720	0.00751879699248
23667	0.00751879699248
37184	0.00751879699248
40394	0.00751879699248
44951	0.00751879699248
37427	0.00749063670412
40984	0.00749063670412
17596	0.00748502994012
992	0.00746268656716
2215	0.00746268656716
9753	0.00746268656716
14686	0.00746268656716
31340	0.00746268656716
52188	0.00746268656716
392	0.00740740740741
1324	0.00740740740741
4006	0.00740740740741
28821	0.00740740740741
29990	0.00740740740741
33577	0.00740740740741
48902	0.00740740740741
28742	0.00738396624473
4563	0.0073664825046
41347	0.00735294117647
41425	0.00735294117647
51340	0.00735294117647
40999	0.0073126142596
9184	0.00729927007299
34199	0.00729927007299
41188	0.00729927007299
53114	0.00729927007299
51133	0.00728155339806
5112	0.00727032385988
1273	0.00724637681159
13098	0.00724637681159
19111	0.00724637681159
42019	0.00724637681159
50944	0.00724637681159
50969	0.00724637681159
26416	0.0072202166065
39709	0.00721153846154
13418	0.00719424460432
25810	0.00719424460432
27934	0.00719424460432
29567	0.00719424460432
31877	0.00719424460432
41055	0.00719424460432
50881	0.00719424460432
51666	0.00719424460432
39852	0.00716845878136
10281	0.00714285714286
39771	0.00714285714286
41279	0.00714285714286
42302	0.00714285714286
42308	0.00714285714286
4764	0.00712250712251
29372	0.00711743772242
40334	0.00711743772242
1380	0.00710900473934
28051	0.00710339384373
616	0.00709219858156
1087	0.00709219858156
2264	0.00709219858156
2313	0.00709219858156
4136	0.00709219858156
4708	0.00709219858156
21742	0.00709219858156
22408	0.00709219858156
31138	0.00709219858156
39478	0.00709219858156
41099	0.00709219858156
41443	0.00709219858156
2186	0.0070821529745
1113	0.00707547169811
21745	0.00706713780919
33887	0.00705467372134
1954	0.00704225352113
2171	0.00704225352113
3865	0.00704225352113
11297	0.00704225352113
35021	0.00704225352113
39602	0.00704225352113
42545	0.00704225352113
50941	0.00704225352113
41467	0.00702576112412
1169	0.00699300699301
2344	0.00699300699301
3492	0.00699300699301
4399	0.00699300699301
10112	0.00699300699301
17566	0.00699300699301
25570	0.00699300699301
26173	0.00699300699301
51118	0.00699300699301
1497	0.00698924731183
29739	0.00696864111498
51158	0.00696864111498
5618	0.00694444444444
15782	0.00694444444444
27048	0.00694444444444
29543	0.00694444444444
37577	0.00694444444444
37775	0.00694444444444
3426	0.00689655172414
17605	0.00689655172414
24688	0.00689655172414
41705	0.00687285223368
41079	0.00684931506849
51875	0.00684931506849
53134	0.00684931506849
25586	0.00683371298405
18414	0.00682593856655
28407	0.00681431005111
10162	0.00680272108844
14476	0.00680272108844
21734	0.00680272108844
30917	0.00680272108844
41152	0.00680272108844
51811	0.00680272108844
18613	0.00679758308157
13955	0.00679117147708
11778	0.00678733031674
7451	0.00675675675676
11004	0.00675675675676
13633	0.00675675675676
25440	0.00675675675676
36037	0.00675675675676
41417	0.00675675675676
41489	0.00675675675676
51274	0.00675675675676
7419	0.00672043010753
5884	0.00671140939597
11381	0.00671140939597
12830	0.00671140939597
16228	0.00671140939597
16831	0.00671140939597
30585	0.00671140939597
36418	0.00671140939597
31400	0.0066889632107
755	0.00666666666667
12393	0.00666666666667
18130	0.00666666666667
30793	0.00666666666667
31864	0.00666666666667
41198	0.00666666666667
4430	0.00665680473373
6928	0.00662251655629
7095	0.00662251655629
1743	0.00661157024793
38925	0.00661157024793
76	0.00660611065235
172	0.00657894736842
2419	0.00657894736842
3445	0.00657894736842
18836	0.00657894736842
18997	0.00657894736842
27063	0.00657894736842
30635	0.00657894736842
38820	0.00657894736842
51266	0.00657894736842
7312	0.00657585720996
5000	0.00656455142232
34224	0.00656455142232
3991	0.00655737704918
37111	0.00655737704918
51006	0.00655737704918
4280	0.00653594771242
25444	0.00653594771242
51393	0.00653594771242
29861	0.00652173913043
14352	0.00651041666667
1752	0.00649350649351
4347	0.00649350649351
28055	0.00649350649351
30828	0.00649350649351
38907	0.00649350649351
19598	0.00648088139987
41106	0.00647249190939
40965	0.0064620355412
23337	0.00645161290323
35535	0.00645161290323
40847	0.00645161290323
41181	0.00645161290323
3720	0.00644329896907
6444	0.0064308681672
15114	0.00641025641026
41154	0.00638977635783
4396	0.006373486297
631	0.00636942675159
7175	0.00636942675159
35049	0.00634920634921
494	0.00632911392405
12610	0.00632911392405
27642	0.00632911392405
1239	0.0062893081761
4137	0.0062893081761
7444	0.0062893081761
8681	0.0062893081761
14013	0.0062893081761
17318	0.0062893081761
30625	0.0062893081761
34350	0.0062893081761
51246	0.0062893081761
3419	0.0062630480167
632	0.00625
6360	0.00625
10010	0.00625
12777	0.00625
17928	0.00625
41038	0.00625
50915	0.00625
50105	0.00623700623701
11519	0.00621118012422
41067	0.0061919504644
30899	0.00618811881188
19599	0.00618556701031
6427	0.00617828773169
9762	0.00617283950617
17301	0.00617283950617
26318	0.00617283950617
44847	0.00617283950617
50901	0.00617283950617
51676	0.00617283950617
38794	0.00616197183099
1119	0.00614250614251
1628	0.00613496932515
16784	0.00613496932515
17483	0.00613496932515
34109	0.00613496932515
35047	0.00613496932515
41596	0.00613496932515
43473	0.00613496932515
51605	0.00613496932515
4937	0.00611620795107
41090	0.00611246943765
1503	0.00610432852386
4418	0.00609756097561
14833	0.00609756097561
36394	0.00609756097561
52802	0.00609756097561
4655	0.00608108108108
5157	0.00606060606061
10096	0.00606060606061
11172	0.00606060606061
46722	0.00606060606061
25738	0.0060396893874
18584	0.006038647343
23150	0.00603318250377
10248	0.00602409638554
24429	0.00602409638554
33922	0.00602409638554
25051	0.0060120240481
36392	0.0060120240481
1364	0.00600600600601
16927	0.00600600600601
37557	0.0059880239521
40893	0.0059880239521
41672	0.0059880239521
53344	0.0059880239521
5616	0.00597014925373
17637	0.00595238095238
18129	0.00595238095238
9538	0.00594227504244
27535	0.00592592592593
5593	0.00591715976331
19034	0.00591715976331
41246	0.00591715976331
33621	0.00589970501475
18777	0.00589721988206
4135	0.00588235294118
6213	0.00588235294118
19314	0.00588235294118
35019	0.00588235294118
1655	0.0058651026393
869	0.00586366967994
41109	0.00584795321637
13111	0.00584453535944
13212	0.00581395348837
2290	0.00579374275782
36398	0.00579150579151
254	0.00578034682081
1389	0.00578034682081
21204	0.00578034682081
37114	0.00578034682081
51680	0.00578034682081
26805	0.00577521101733
17987	0.00576368876081
5204	0.00574712643678
18283	0.00574712643678
21989	0.00574712643678
41434	0.00574712643678
46832	0.00574712643678
50883	0.00574712643678
259	0.00573065902579
41029	0.00573065902579
35563	0.00572831423895
9656	0.00571428571429
26566	0.00571428571429
33780	0.00571428571429
34858	0.00571428571429
40942	0.00571428571429
29845	0.00569800569801
30980	0.00568828213879
456	0.00568181818182
7509	0.00568181818182
38800	0.00568181818182
41060	0.00568181818182
28047	0.0056657223796
8210	0.00564971751412
35360	0.00564971751412
52738	0.00564971751412
1048	0.00563909774436
17586	0.00563909774436
50863	0.0056258790436
4485	0.00561797752809
11887	0.00561797752809
37198	0.00560224089636
15381	0.00558659217877
18815	0.00558659217877
22838	0.00558659217877
34217	0.00558659217877
40482	0.00558659217877
1537	0.00555555555556
1700	0.00555555555556
2037	0.00555555555556
10157	0.00555555555556
10443	0.00555555555556
11128	0.00555555555556
11307	0.00555555555556
12194	0.00555555555556
51145	0.00555555555556
41985	0.00554528650647
5432	0.00552868002764
22401	0.00552486187845
22805	0.00552486187845
50987	0.00552486187845
51025	0.00552486187845
9826	0.00551470588235
2588	0.00549450549451
10852	0.00549450549451
29532	0.00549450549451
51168	0.00549450549451
21906	0.00547945205479
30269	0.00547445255474
3788	0.00546448087432
32594	0.00546448087432
33634	0.00546448087432
34241	0.00546448087432
42450	0.00546448087432
38203	0.00545851528384
4846	0.00545171339564
50957	0.00544959128065
3312	0.005444646098
1390	0.0054347826087
8732	0.0054347826087
9720	0.0054347826087
17948	0.0054347826087
26890	0.0054347826087
41062	0.0054347826087
51041	0.00542495479204
4644	0.00542005420054
25324	0.00542005420054
47774	0.00542005420054
14206	0.00540540540541
26579	0.00540540540541
29854	0.00540540540541
40992	0.00540540540541
3369	0.00537634408602
9488	0.00537634408602
14361	0.00537634408602
26085	0.00537634408602
31850	0.00537634408602
51394	0.00537634408602
51485	0.00537634408602
5809	0.00536672629696
2660	0.00534759358289
3059	0.00534759358289
20675	0.00534759358289
27489	0.00534759358289
32087	0.00534759358289
50897	0.00534759358289
25453	0.00533333333333
34830	0.00533333333333
40962	0.00532859680284
6194	0.00531914893617
13660	0.00531914893617
30799	0.00531914893617
33862	0.00531914893617
23265	0.0053050397878
38932	0.0053050397878
39915	0.00528169014085
1456	0.00526315789474
38763	0.00526315789474
52383	0.00526315789474
41050	0.00524934383202
41374	0.00524934383202
11776	0.00523560209424
25732	0.00523560209424
51655	0.00523560209424
3133	0.00522875816993
2312	0.00521739130435
40976	0.00520833333333
51197	0.00520833333333
51213	0.00520833333333
9200	0.00520291363163
1931	0.00519031141869
775	0.00518134715026
5116	0.00518134715026
21323	0.00518134715026
23248	0.00518134715026
50760	0.00518134715026
52065	0.00518134715026
3548	0.00515463917526
4479	0.00515463917526
10792	0.00515463917526
7472	0.00512820512821
41546	0.00512820512821
41968	0.00512820512821
51212	0.00511945392491
1118	0.00511182108626
6573	0.00510204081633
14207	0.00510204081633
17277	0.00510204081633
18374	0.00510204081633
18515	0.00510204081633
18813	0.00510204081633
41404	0.00510204081633
42378	0.00510204081633
51151	0.00510204081633
7460	0.00507614213198
7505	0.00507614213198
18112	0.00507614213198
19601	0.00507614213198
25047	0.00507614213198
1902	0.00507099391481
18661	0.00505050505051
24173	0.00505050505051
32042	0.00505050505051
39265	0.00505050505051
41016	0.00503597122302
11749	0.00502512562814
30812	0.00502512562814
33879	0.00502512562814
36967	0.00502512562814
48489	0.00502512562814
2	0.00501504513541
32483	0.005
41129	0.005
41610	0.005
51038	0.005
41116	0.00499168053245
2865	0.00497512437811
23688	0.00497512437811
25891	0.0049504950495
30982	0.0049504950495
31440	0.00494233937397
41010	0.00493827160494
42156	0.00493827160494
10266	0.00492610837438
31483	0.00490196078431
39785	0.00490196078431
7261	0.00488599348534
29902	0.00485436893204
39358	0.00485436893204
14253	0.0048231511254
22383	0.00482093663912
4518	0.0048097944906
896	0.00480769230769
2169	0.00480769230769
4578	0.00480769230769
932	0.00479616306954
24684	0.00479616306954
17066	0.00478468899522
38787	0.00478468899522
41102	0.00478468899522
41530	0.00478468899522
2326	0.0047619047619
7974	0.0047619047619
11314	0.0047619047619
13317	0.0047619047619
33656	0.0047619047619
51146	0.0047619047619
16209	0.00475435816165
51019	0.00475059382423
4121	0.00474683544304
21337	0.00473933649289
29360	0.00473933649289
18960	0.00473372781065
29705	0.00471698113208
32418	0.00471698113208
17355	0.00470957613815
39447	0.00470588235294
5503	0.0046992481203
7956	0.00469483568075
40541	0.00469483568075
51697	0.00469483568075
2515	0.00468384074941
27809	0.00467289719626
5231	0.00466562986003
492	0.0046511627907
2084	0.0046511627907
9761	0.0046511627907
26195	0.0046511627907
41223	0.0046511627907
8709	0.00464807436919
10653	0.00462962962963
27471	0.00462962962963
37689	0.00462962962963
38793	0.00461361014994
7533	0.00460829493088
2089	0.0045871559633
11782	0.00456621004566
15306	0.00456621004566
26760	0.00456621004566
27529	0.00456621004566
21978	0.00454545454545
35045	0.00454545454545
28290	0.00452488687783
41171	0.00452488687783
50885	0.00452488687783
40289	0.00451467268623
28610	0.0045045045045
41555	0.0045045045045
27579	0.00448430493274
29399	0.00446428571429
1135	0.00445765230312
1739	0.00444444444444
22251	0.00444444444444
34525	0.00444444444444
41366	0.00444444444444
27051	0.00442477876106
689	0.00436681222707
17611	0.00436681222707
21845	0.00434782608696
38795	0.004329004329
23666	0.00431965442765
1399	0.00431034482759
5918	0.00431034482759
4654	0.0043057050592
2898	0.00429645542427
16447	0.00429184549356
5519	0.00428082191781
2787	0.00423728813559
40981	0.00423728813559
52697	0.00423728813559
3280	0.00422832980973
40988	0.00422832980973
13933	0.0042194092827
29852	0.0042194092827
41146	0.0042194092827
52258	0.00420168067227
33377	0.00416666666667
39209	0.00416666666667
1632	0.00414937759336
35400	0.00414937759336
33762	0.00414078674948
26934	0.00413223140496
29492	0.00413223140496
41003	0.00412371134021
40318	0.00411522633745
41134	0.00411522633745
41140	0.00411522633745
6816	0.00409836065574
18759	0.00409836065574
31879	0.00409836065574
38493	0.00409836065574
29309	0.00405679513185
22743	0.00404858299595
29055	0.00404858299595
41329	0.00404858299595
6812	0.00404530744337
4057	0.00403225806452
1062	0.00401606425703
4876	0.00401606425703
6372	0.00401606425703
17068	0.00401606425703
37169	0.004
41444	0.004
1144	0.00398406374502
4390	0.00398406374502
10920	0.00398406374502
27927	0.00398406374502
34356	0.00398406374502
41270	0.00398406374502
52471	0.00398406374502
39549	0.00397614314115
210	0.00396825396825
4327	0.00396825396825
20506	0.00396825396825
23742	0.00396825396825
39483	0.00396825396825
37104	0.00395256916996
51173	0.00393700787402
37762	0.00392156862745
49392	0.00392156862745
9138	0.00389105058366
30849	0.00389105058366
47628	0.00387596899225
41018	0.00387096774194
18607	0.00384615384615
34145	0.00384615384615
28155	0.00381679389313
30835	0.00381679389313
4339	0.00380228136882
512	0.00377358490566
9647	0.00377358490566
40968	0.00377358490566
17147	0.00374531835206
34751	0.00374531835206
35847	0.00374531835206
40971	0.0037037037037
41031	0.00368098159509
34920	0.00367647058824
9642	0.00367197062424
6789	0.003663003663
5420	0.00365853658537
41253	0.0036496350365
26508	0.00363636363636
3933	0.00362976406534
41001	0.00359712230216
17790	0.00358422939068
17939	0.00358422939068
38080	0.00358422939068
29909	0.00357142857143
29992	0.00357142857143
41095	0.00357142857143
44184	0.00357142857143
35136	0.00356506238859
18556	0.00355871886121
28673	0.00355871886121
10251	0.00354609929078
19288	0.00354609929078
28128	0.00354609929078
21801	0.00353356890459
33142	0.00353356890459
41326	0.00353356890459
3116	0.00352112676056
38232	0.00352112676056
50864	0.00352112676056
50995	0.00352112676056
22744	0.00348128807659
18307	0.00348027842227
25405	0.00347222222222
28443	0.00347222222222
40980	0.00347222222222
4489	0.00346620450607
17771	0.00346020761246
5599	0.00344827586207
13056	0.00344827586207
38191	0.00344827586207
30794	0.00343642611684
7390	0.00340136054422
41061	0.00340136054422
4242	0.00338983050847
29863	0.00338409475465
3747	0.00335570469799
6564	0.00335570469799
41368	0.00335570469799
862	0.00334448160535
1020	0.00334448160535
32832	0.00333333333333
38293	0.00333333333333
11655	0.00332225913621
39585	0.00332225913621
11746	0.00331125827815
21558	0.00331125827815
28286	0.00331125827815
53040	0.00331125827815
29724	0.003300330033
42609	0.00328947368421
40969	0.00327868852459
18278	0.00326797385621
2448	0.00325732899023
2007	0.00325379609544
2401	0.00324675324675
21772	0.00323624595469
18699	0.0031746031746
42424	0.0031746031746
14115	0.00315457413249
34637	0.00315457413249
18456	0.00314960629921
7340	0.00314795383001
32188	0.00313971742543
35958	0.003125
41307	0.003125
684	0.00310559006211
41093	0.00310559006211
52225	0.00310559006211
23999	0.0030959752322
5100	0.00308641975309
41098	0.00308641975309
1064	0.00307219662058
22643	0.00306748466258
51156	0.00306748466258
41403	0.00305810397554
12121	0.0030487804878
38584	0.00304414003044
17715	0.00299401197605
41243	0.00299401197605
12467	0.00296735905045
38262	0.00296735905045
20542	0.00295420974889
41015	0.00294985250737
5120	0.00293255131965
32453	0.00292397660819
4868	0.00291545189504
5774	0.00287356321839
41000	0.00286532951289
39546	0.00285714285714
34683	0.002849002849
2463	0.0028328611898
48572	0.0028328611898
3943	0.00282485875706
28810	0.00282485875706
22579	0.00280898876404
29591	0.00280898876404
26584	0.0027972027972
10250	0.00278551532033
18301	0.00277008310249
41034	0.00274725274725
29453	0.0027397260274
33850	0.00271739130435
34367	0.0027149321267
34897	0.00271002710027
921	0.00269058295964
50855	0.00268817204301
879	0.00263852242744
51989	0.00263852242744
6689	0.00263157894737
41097	0.00263157894737
29971	0.00262467191601
16917	0.00260416666667
27949	0.00257731958763
1422	0.002574002574
2733	0.002574002574
9135	0.0025706940874
16420	0.0025706940874
4153	0.0025641025641
1438	0.00254452926209
29218	0.00254452926209
36999	0.00253807106599
870	0.0025
31868	0.00247524752475
3689	0.002457002457
51096	0.0024154589372
41027	0.00230414746544
22971	0.00228832951945
5553	0.00227272727273
28405	0.00227014755959
12388	0.00226757369615
7300	0.00226244343891
4951	0.00224719101124
497	0.00221729490022
31830	0.00221729490022
37961	0.0020964360587
11169	0.00207468879668
41044	0.00207468879668
41058	0.00207039337474
17938	0.0019801980198
41355	0.00195694716243
34169	0.00193798449612
5673	0.00189753320683
21797	0.00188679245283
2333	0.00179856115108
11769	0.00179856115108
12998	0.0017825311943
949	0.00171526586621
40987	0.00137931034483
40995	0.0012836970475
