3496	0.0952380952381
10234	0.0740740740741
25824	0.0740740740741
22245	0.0714285714286
26005	0.0697674418605
32840	0.0689655172414
42447	0.0689655172414
32757	0.0666666666667
51595	0.0666666666667
3155	0.0645161290323
42273	0.0625
41252	0.0588235294118
10769	0.0571428571429
5918	0.0555555555556
18203	0.0555555555556
54435	0.0547945205479
1227	0.0540540540541
42186	0.0526315789474
1354	0.0508474576271
3062	0.05
3210	0.05
6257	0.05
6566	0.05
7347	0.05
8109	0.05
10336	0.05
10775	0.05
13093	0.05
15735	0.05
15772	0.05
16245	0.05
16863	0.05
18932	0.05
19699	0.05
19814	0.05
22602	0.05
23457	0.05
26379	0.05
29541	0.05
31647	0.05
31978	0.05
32303	0.05
32866	0.05
33069	0.05
33570	0.05
34194	0.05
34562	0.05
34965	0.05
37086	0.05
37884	0.05
41496	0.05
45579	0.05
47400	0.05
47846	0.05
48004	0.05
48054	0.05
48544	0.05
48939	0.05
50140	0.05
55539	0.05
56801	0.05
57084	0.05
58049	0.05
58317	0.05
58458	0.05
59961	0.05
61248	0.05
42132	0.0491803278689
5817	0.0487804878049
19544	0.0487804878049
51934	0.0487804878049
1350	0.047619047619
4039	0.047619047619
5064	0.047619047619
5251	0.047619047619
5342	0.047619047619
5405	0.047619047619
7108	0.047619047619
7480	0.047619047619
7494	0.047619047619
7627	0.047619047619
9163	0.047619047619
9812	0.047619047619
10722	0.047619047619
11043	0.047619047619
12034	0.047619047619
12848	0.047619047619
12879	0.047619047619
16232	0.047619047619
16800	0.047619047619
17797	0.047619047619
18131	0.047619047619
18989	0.047619047619
19329	0.047619047619
19512	0.047619047619
19549	0.047619047619
20175	0.047619047619
20190	0.047619047619
22294	0.047619047619
23909	0.047619047619
26409	0.047619047619
26465	0.047619047619
26562	0.047619047619
26668	0.047619047619
29347	0.047619047619
29924	0.047619047619
31611	0.047619047619
33248	0.047619047619
33442	0.047619047619
37002	0.047619047619
37722	0.047619047619
37978	0.047619047619
39173	0.047619047619
39196	0.047619047619
39645	0.047619047619
40777	0.047619047619
41637	0.047619047619
41821	0.047619047619
42619	0.047619047619
43486	0.047619047619
43948	0.047619047619
44702	0.047619047619
45384	0.047619047619
45452	0.047619047619
45881	0.047619047619
46954	0.047619047619
48946	0.047619047619
49658	0.047619047619
49988	0.047619047619
52424	0.047619047619
54405	0.047619047619
21458	0.0471698113208
15015	0.046511627907
1957	0.0454545454545
2388	0.0454545454545
3186	0.0454545454545
4672	0.0454545454545
5843	0.0454545454545
8167	0.0454545454545
8840	0.0454545454545
9567	0.0454545454545
11157	0.0454545454545
12774	0.0454545454545
13647	0.0454545454545
14196	0.0454545454545
19207	0.0454545454545
19796	0.0454545454545
20078	0.0454545454545
20155	0.0454545454545
23412	0.0454545454545
24434	0.0454545454545
25172	0.0454545454545
29658	0.0454545454545
31602	0.0454545454545
37441	0.0454545454545
38597	0.0454545454545
39641	0.0454545454545
41601	0.0454545454545
43056	0.0454545454545
43918	0.0454545454545
45740	0.0454545454545
46434	0.0454545454545
46630	0.0454545454545
47385	0.0454545454545
47626	0.0454545454545
49989	0.0454545454545
50271	0.0454545454545
51704	0.0454545454545
54088	0.0454545454545
56934	0.0454545454545
56947	0.0454545454545
57398	0.0454545454545
58304	0.0454545454545
58770	0.0454545454545
60019	0.0454545454545
2287	0.0444444444444
41879	0.0444444444444
814	0.0434782608696
3130	0.0434782608696
6378	0.0434782608696
6988	0.0434782608696
7668	0.0434782608696
10886	0.0434782608696
12520	0.0434782608696
12855	0.0434782608696
13084	0.0434782608696
13614	0.0434782608696
13836	0.0434782608696
15501	0.0434782608696
15801	0.0434782608696
17930	0.0434782608696
18725	0.0434782608696
19110	0.0434782608696
22349	0.0434782608696
22637	0.0434782608696
26901	0.0434782608696
28136	0.0434782608696
28973	0.0434782608696
30827	0.0434782608696
33623	0.0434782608696
34776	0.0434782608696
40248	0.0434782608696
40461	0.0434782608696
42485	0.0434782608696
43458	0.0434782608696
43618	0.0434782608696
44529	0.0434782608696
44906	0.0434782608696
45319	0.0434782608696
45467	0.0434782608696
46667	0.0434782608696
46870	0.0434782608696
47392	0.0434782608696
49723	0.0434782608696
50892	0.0434782608696
53129	0.0434782608696
53586	0.0434782608696
53783	0.0434782608696
54986	0.0434782608696
56085	0.0434782608696
60349	0.0434782608696
1551	0.0416666666667
2752	0.0416666666667
3350	0.0416666666667
3482	0.0416666666667
8161	0.0416666666667
9146	0.0416666666667
11080	0.0416666666667
11891	0.0416666666667
13680	0.0416666666667
13809	0.0416666666667
14958	0.0416666666667
15135	0.0416666666667
15387	0.0416666666667
16841	0.0416666666667
17955	0.0416666666667
18285	0.0416666666667
19396	0.0416666666667
19890	0.0416666666667
20487	0.0416666666667
20661	0.0416666666667
20840	0.0416666666667
21852	0.0416666666667
22912	0.0416666666667
23293	0.0416666666667
24920	0.0416666666667
26492	0.0416666666667
29832	0.0416666666667
30456	0.0416666666667
30555	0.0416666666667
30672	0.0416666666667
31616	0.0416666666667
31869	0.0416666666667
32152	0.0416666666667
33222	0.0416666666667
33946	0.0416666666667
35029	0.0416666666667
35319	0.0416666666667
35869	0.0416666666667
43444	0.0416666666667
45191	0.0416666666667
45482	0.0416666666667
46609	0.0416666666667
49104	0.0416666666667
49757	0.0416666666667
49944	0.0416666666667
50006	0.0416666666667
50172	0.0416666666667
50233	0.0416666666667
50475	0.0416666666667
50503	0.0416666666667
57940	0.0416666666667
59262	0.0416666666667
61518	0.0416666666667
24957	0.0408163265306
32415	0.0408163265306
44923	0.0408163265306
318	0.04
1107	0.04
4258	0.04
7090	0.04
9928	0.04
10242	0.04
10508	0.04
11753	0.04
11993	0.04
13478	0.04
13798	0.04
14576	0.04
15011	0.04
15300	0.04
15595	0.04
16393	0.04
17332	0.04
20052	0.04
21206	0.04
28165	0.04
28400	0.04
30918	0.04
32544	0.04
33979	0.04
34624	0.04
34927	0.04
42357	0.04
43449	0.04
48097	0.04
48340	0.04
48461	0.04
48587	0.04
50729	0.04
51584	0.04
58244	0.04
58911	0.04
60189	0.04
3488	0.0392156862745
40490	0.0392156862745
19111	0.0387596899225
2690	0.0384615384615
3138	0.0384615384615
4411	0.0384615384615
5155	0.0384615384615
5839	0.0384615384615
10122	0.0384615384615
10125	0.0384615384615
10132	0.0384615384615
17404	0.0384615384615
19877	0.0384615384615
19894	0.0384615384615
20261	0.0384615384615
20635	0.0384615384615
20677	0.0384615384615
21429	0.0384615384615
21469	0.0384615384615
22904	0.0384615384615
25415	0.0384615384615
25437	0.0384615384615
25924	0.0384615384615
29396	0.0384615384615
29693	0.0384615384615
30450	0.0384615384615
37105	0.0384615384615
37917	0.0384615384615
38983	0.0384615384615
39376	0.0384615384615
39911	0.0384615384615
41752	0.0384615384615
42265	0.0384615384615
42490	0.0384615384615
43316	0.0384615384615
44492	0.0384615384615
45601	0.0384615384615
45896	0.0384615384615
46694	0.0384615384615
47879	0.0384615384615
48835	0.0384615384615
52481	0.0384615384615
52765	0.0384615384615
53328	0.0384615384615
56463	0.0384615384615
56528	0.0384615384615
56807	0.0384615384615
57108	0.0384615384615
60074	0.0384615384615
60390	0.0384615384615
27921	0.0377358490566
43031	0.0377358490566
52421	0.0377358490566
44993	0.0375
923	0.037037037037
6485	0.037037037037
10172	0.037037037037
10739	0.037037037037
10870	0.037037037037
11256	0.037037037037
12292	0.037037037037
13604	0.037037037037
15140	0.037037037037
15439	0.037037037037
17009	0.037037037037
17491	0.037037037037
18163	0.037037037037
18439	0.037037037037
18654	0.037037037037
21175	0.037037037037
25186	0.037037037037
25457	0.037037037037
26175	0.037037037037
29060	0.037037037037
30841	0.037037037037
33726	0.037037037037
34494	0.037037037037
36204	0.037037037037
38770	0.037037037037
41720	0.037037037037
42528	0.037037037037
45507	0.037037037037
46928	0.037037037037
50158	0.037037037037
53096	0.037037037037
53249	0.037037037037
56969	0.037037037037
58767	0.037037037037
60412	0.037037037037
60452	0.037037037037
61001	0.037037037037
53134	0.036496350365
41652	0.0363636363636
26659	0.0361445783133
704	0.0357142857143
2650	0.0357142857143
2889	0.0357142857143
6118	0.0357142857143
6579	0.0357142857143
7189	0.0357142857143
7377	0.0357142857143
10438	0.0357142857143
10459	0.0357142857143
11292	0.0357142857143
12412	0.0357142857143
13701	0.0357142857143
17203	0.0357142857143
17897	0.0357142857143
18290	0.0357142857143
18839	0.0357142857143
21496	0.0357142857143
21924	0.0357142857143
22614	0.0357142857143
23387	0.0357142857143
24872	0.0357142857143
27500	0.0357142857143
30683	0.0357142857143
32425	0.0357142857143
33038	0.0357142857143
34107	0.0357142857143
35632	0.0357142857143
38534	0.0357142857143
39187	0.0357142857143
42518	0.0357142857143
43085	0.0357142857143
43367	0.0357142857143
43856	0.0357142857143
43960	0.0357142857143
43998	0.0357142857143
44927	0.0357142857143
44981	0.0357142857143
45305	0.0357142857143
48747	0.0357142857143
50164	0.0357142857143
52410	0.0357142857143
52602	0.0357142857143
53339	0.0357142857143
56060	0.0357142857143
57876	0.0357142857143
59650	0.0357142857143
59676	0.0357142857143
59945	0.0357142857143
13092	0.0352941176471
15127	0.0350877192982
17303	0.0348837209302
52693	0.0348837209302
1027	0.0344827586207
3093	0.0344827586207
4215	0.0344827586207
9136	0.0344827586207
9922	0.0344827586207
13697	0.0344827586207
14328	0.0344827586207
16124	0.0344827586207
17038	0.0344827586207
17609	0.0344827586207
17891	0.0344827586207
19477	0.0344827586207
20893	0.0344827586207
30721	0.0344827586207
31039	0.0344827586207
31909	0.0344827586207
32906	0.0344827586207
36096	0.0344827586207
36621	0.0344827586207
36725	0.0344827586207
37963	0.0344827586207
41925	0.0344827586207
42924	0.0344827586207
43068	0.0344827586207
43881	0.0344827586207
44615	0.0344827586207
49058	0.0344827586207
49819	0.0344827586207
51544	0.0344827586207
51633	0.0344827586207
52117	0.0344827586207
55767	0.0344827586207
57613	0.0344827586207
59580	0.0344827586207
59853	0.0344827586207
60303	0.0344827586207
61224	0.0344827586207
22362	0.0338983050847
5136	0.0333333333333
7659	0.0333333333333
8812	0.0333333333333
9402	0.0333333333333
9673	0.0333333333333
10851	0.0333333333333
12747	0.0333333333333
15543	0.0333333333333
21907	0.0333333333333
23173	0.0333333333333
23512	0.0333333333333
23524	0.0333333333333
24475	0.0333333333333
24596	0.0333333333333
24597	0.0333333333333
25386	0.0333333333333
26821	0.0333333333333
29675	0.0333333333333
32049	0.0333333333333
35691	0.0333333333333
35894	0.0333333333333
36269	0.0333333333333
36838	0.0333333333333
39014	0.0333333333333
39460	0.0333333333333
40127	0.0333333333333
41861	0.0333333333333
46700	0.0333333333333
47811	0.0333333333333
48909	0.0333333333333
49619	0.0333333333333
50966	0.0333333333333
52210	0.0333333333333
52238	0.0333333333333
52473	0.0333333333333
59593	0.0333333333333
59986	0.0333333333333
48237	0.032967032967
9601	0.0326086956522
713	0.0322580645161
936	0.0322580645161
2827	0.0322580645161
5468	0.0322580645161
6166	0.0322580645161
13524	0.0322580645161
14221	0.0322580645161
14541	0.0322580645161
14927	0.0322580645161
24521	0.0322580645161
24663	0.0322580645161
24956	0.0322580645161
25794	0.0322580645161
26978	0.0322580645161
31960	0.0322580645161
33339	0.0322580645161
34743	0.0322580645161
35521	0.0322580645161
41876	0.0322580645161
42164	0.0322580645161
42244	0.0322580645161
42418	0.0322580645161
42808	0.0322580645161
42901	0.0322580645161
46282	0.0322580645161
47316	0.0322580645161
47504	0.0322580645161
48232	0.0322580645161
52198	0.0322580645161
52379	0.0322580645161
52467	0.0322580645161
52492	0.0322580645161
52595	0.0322580645161
20529	0.0321100917431
888	0.032
42369	0.031914893617
14663	0.031746031746
14714	0.031746031746
43835	0.031746031746
495	0.03125
1015	0.03125
2343	0.03125
3011	0.03125
4779	0.03125
5984	0.03125
6151	0.03125
6854	0.03125
8451	0.03125
11894	0.03125
11978	0.03125
13240	0.03125
15050	0.03125
15330	0.03125
15813	0.03125
18619	0.03125
19527	0.03125
21590	0.03125
24679	0.03125
24953	0.03125
26613	0.03125
29883	0.03125
30030	0.03125
30931	0.03125
32325	0.03125
33893	0.03125
37235	0.03125
41107	0.03125
43176	0.03125
43563	0.03125
45583	0.03125
45987	0.03125
48185	0.03125
48482	0.03125
49046	0.03125
49213	0.03125
49832	0.03125
50476	0.03125
50767	0.03125
50899	0.03125
51375	0.03125
51376	0.03125
51949	0.03125
52904	0.03125
57855	0.03125
1256	0.0309278350515
22247	0.0307692307692
43034	0.0307692307692
56066	0.0307692307692
6597	0.030303030303
15208	0.030303030303
20228	0.030303030303
20870	0.030303030303
20873	0.030303030303
22750	0.030303030303
26124	0.030303030303
27279	0.030303030303
28131	0.030303030303
32106	0.030303030303
32383	0.030303030303
33035	0.030303030303
34736	0.030303030303
37743	0.030303030303
42342	0.030303030303
42815	0.030303030303
43260	0.030303030303
44839	0.030303030303
51440	0.030303030303
55074	0.030303030303
14710	0.0298507462687
27522	0.0298507462687
36596	0.0298507462687
52071	0.0298507462687
52413	0.0298507462687
17922	0.029702970297
1179	0.0294117647059
3159	0.0294117647059
3179	0.0294117647059
5758	0.0294117647059
6221	0.0294117647059
6396	0.0294117647059
8227	0.0294117647059
11322	0.0294117647059
12754	0.0294117647059
12801	0.0294117647059
13403	0.0294117647059
14086	0.0294117647059
18238	0.0294117647059
19630	0.0294117647059
22525	0.0294117647059
31027	0.0294117647059
33122	0.0294117647059
33985	0.0294117647059
35195	0.0294117647059
36535	0.0294117647059
38338	0.0294117647059
40663	0.0294117647059
42848	0.0294117647059
42986	0.0294117647059
43877	0.0294117647059
43923	0.0294117647059
44975	0.0294117647059
50204	0.0294117647059
51715	0.0294117647059
52248	0.0294117647059
52411	0.0294117647059
52535	0.0294117647059
52895	0.0294117647059
53079	0.0294117647059
53279	0.0294117647059
53509	0.0294117647059
56616	0.0294117647059
12731	0.0289855072464
28578	0.0289855072464
51462	0.0289855072464
10852	0.028901734104
53194	0.0288461538462
1727	0.0285714285714
3694	0.0285714285714
4862	0.0285714285714
8132	0.0285714285714
12430	0.0285714285714
17935	0.0285714285714
21854	0.0285714285714
28493	0.0285714285714
32195	0.0285714285714
32995	0.0285714285714
39607	0.0285714285714
40378	0.0285714285714
40504	0.0285714285714
42137	0.0285714285714
42231	0.0285714285714
42486	0.0285714285714
43733	0.0285714285714
45069	0.0285714285714
48145	0.0285714285714
48293	0.0285714285714
51574	0.0285714285714
52326	0.0285714285714
52873	0.0285714285714
53289	0.0285714285714
16228	0.0283687943262
10736	0.0282485875706
1555	0.0281690140845
15730	0.0281690140845
41984	0.0281690140845
607	0.0277777777778
1240	0.0277777777778
2748	0.0277777777778
7545	0.0277777777778
7963	0.0277777777778
10375	0.0277777777778
11410	0.0277777777778
13624	0.0277777777778
14373	0.0277777777778
16051	0.0277777777778
17041	0.0277777777778
19492	0.0277777777778
21902	0.0277777777778
25022	0.0277777777778
28374	0.0277777777778
30283	0.0277777777778
31177	0.0277777777778
33610	0.0277777777778
35031	0.0277777777778
35106	0.0277777777778
38724	0.0277777777778
41931	0.0277777777778
42045	0.0277777777778
42638	0.0277777777778
42659	0.0277777777778
42850	0.0277777777778
43091	0.0277777777778
43105	0.0277777777778
43756	0.0277777777778
46401	0.0277777777778
47233	0.0277777777778
51586	0.0277777777778
51750	0.0277777777778
52288	0.0277777777778
52450	0.0277777777778
53335	0.0277777777778
3964	0.027397260274
59547	0.027397260274
4594	0.027027027027
4787	0.027027027027
7463	0.027027027027
7513	0.027027027027
10074	0.027027027027
15204	0.027027027027
16870	0.027027027027
17317	0.027027027027
19597	0.027027027027
24721	0.027027027027
25777	0.027027027027
27542	0.027027027027
31484	0.027027027027
31949	0.027027027027
34623	0.027027027027
37512	0.027027027027
40832	0.027027027027
41703	0.027027027027
43139	0.027027027027
48880	0.027027027027
49124	0.027027027027
49323	0.027027027027
50393	0.027027027027
52744	0.027027027027
53160	0.027027027027
56611	0.027027027027
59878	0.027027027027
61231	0.027027027027
25806	0.0266666666667
41397	0.0266666666667
14013	0.0264900662252
4279	0.0263157894737
7078	0.0263157894737
8492	0.0263157894737
8643	0.0263157894737
10139	0.0263157894737
10365	0.0263157894737
13353	0.0263157894737
17104	0.0263157894737
17278	0.0263157894737
19182	0.0263157894737
21691	0.0263157894737
29378	0.0263157894737
31149	0.0263157894737
32805	0.0263157894737
41937	0.0263157894737
42163	0.0263157894737
42719	0.0263157894737
43039	0.0263157894737
49284	0.0263157894737
49346	0.0263157894737
49747	0.0263157894737
51899	0.0263157894737
52371	0.0263157894737
53061	0.0263157894737
35148	0.025974025974
503	0.025641025641
1099	0.025641025641
3501	0.025641025641
8127	0.025641025641
8744	0.025641025641
10340	0.025641025641
12525	0.025641025641
13071	0.025641025641
18063	0.025641025641
21440	0.025641025641
21880	0.025641025641
22827	0.025641025641
23497	0.025641025641
23841	0.025641025641
25393	0.025641025641
25610	0.025641025641
34851	0.025641025641
34976	0.025641025641
37678	0.025641025641
38024	0.025641025641
41290	0.025641025641
41466	0.025641025641
41686	0.025641025641
41704	0.025641025641
43530	0.025641025641
48110	0.025641025641
48580	0.025641025641
51071	0.025641025641
51303	0.025641025641
51535	0.025641025641
52073	0.025641025641
26158	0.0253807106599
23760	0.0253164556962
41818	0.0253164556962
11871	0.0252100840336
835	0.025
4009	0.025
10583	0.025
10868	0.025
13442	0.025
13528	0.025
16790	0.025
25143	0.025
32386	0.025
35951	0.025
38661	0.025
41356	0.025
41439	0.025
41964	0.025
42346	0.025
42992	0.025
43323	0.025
43422	0.025
43700	0.025
49848	0.025
51414	0.025
51695	0.025
53256	0.025
59512	0.025
59576	0.025
840	0.0246913580247
19314	0.0246913580247
52476	0.0246913580247
11383	0.0245901639344
44978	0.0245098039216
602	0.0243902439024
806	0.0243902439024
3665	0.0243902439024
3883	0.0243902439024
4738	0.0243902439024
6747	0.0243902439024
7619	0.0243902439024
8293	0.0243902439024
9409	0.0243902439024
10856	0.0243902439024
11142	0.0243902439024
21232	0.0243902439024
27864	0.0243902439024
29304	0.0243902439024
29331	0.0243902439024
29907	0.0243902439024
32722	0.0243902439024
34788	0.0243902439024
35061	0.0243902439024
38013	0.0243902439024
42070	0.0243902439024
42702	0.0243902439024
42927	0.0243902439024
43631	0.0243902439024
43725	0.0243902439024
46064	0.0243902439024
47880	0.0243902439024
48903	0.0243902439024
49644	0.0243902439024
50398	0.0243902439024
50520	0.0243902439024
53411	0.0243902439024
53935	0.0243902439024
55200	0.0243902439024
60131	0.0243902439024
60251	0.0243902439024
61083	0.0241935483871
3787	0.0240963855422
19688	0.0240963855422
39713	0.0240963855422
42111	0.0240963855422
36976	0.024
587	0.0238095238095
3253	0.0238095238095
8827	0.0238095238095
8909	0.0238095238095
12403	0.0238095238095
15121	0.0238095238095
15153	0.0238095238095
16409	0.0238095238095
16523	0.0238095238095
19191	0.0238095238095
19659	0.0238095238095
19747	0.0238095238095
20338	0.0238095238095
20647	0.0238095238095
24577	0.0238095238095
24592	0.0238095238095
26947	0.0238095238095
27821	0.0238095238095
28155	0.0238095238095
29403	0.0238095238095
32096	0.0238095238095
33124	0.0238095238095
35235	0.0238095238095
36255	0.0238095238095
36266	0.0238095238095
37561	0.0238095238095
40321	0.0238095238095
43532	0.0238095238095
49415	0.0238095238095
53422	0.0238095238095
60167	0.0238095238095
2574	0.0236686390533
51884	0.0235294117647
4006	0.0234375
850	0.0232558139535
3047	0.0232558139535
7329	0.0232558139535
9667	0.0232558139535
13112	0.0232558139535
16995	0.0232558139535
22791	0.0232558139535
26745	0.0232558139535
28651	0.0232558139535
29230	0.0232558139535
32472	0.0232558139535
34005	0.0232558139535
34768	0.0232558139535
36422	0.0232558139535
36559	0.0232558139535
41665	0.0232558139535
42190	0.0232558139535
42371	0.0232558139535
42837	0.0232558139535
43006	0.0232558139535
51699	0.0232558139535
59943	0.0232558139535
60032	0.0232558139535
60307	0.0232558139535
8397	0.0232018561485
41433	0.0229885057471
41791	0.0229885057471
43522	0.0229885057471
33481	0.0229007633588
283	0.0227272727273
4336	0.0227272727273
5526	0.0227272727273
7346	0.0227272727273
9471	0.0227272727273
9607	0.0227272727273
10348	0.0227272727273
11185	0.0227272727273
15026	0.0227272727273
22490	0.0227272727273
25158	0.0227272727273
27514	0.0227272727273
31822	0.0227272727273
33902	0.0227272727273
34668	0.0227272727273
38454	0.0227272727273
39190	0.0227272727273
39230	0.0227272727273
41539	0.0227272727273
41590	0.0227272727273
42416	0.0227272727273
42441	0.0227272727273
42444	0.0227272727273
42660	0.0227272727273
43813	0.0227272727273
48076	0.0227272727273
49401	0.0227272727273
50098	0.0227272727273
60140	0.0227272727273
72	0.0222222222222
2630	0.0222222222222
4440	0.0222222222222
7440	0.0222222222222
10607	0.0222222222222
12964	0.0222222222222
17998	0.0222222222222
24647	0.0222222222222
25603	0.0222222222222
27121	0.0222222222222
29257	0.0222222222222
31358	0.0222222222222
31436	0.0222222222222
36262	0.0222222222222
42822	0.0222222222222
43127	0.0222222222222
43588	0.0222222222222
46084	0.0222222222222
52125	0.0222222222222
52540	0.0222222222222
52800	0.0222222222222
52859	0.0222222222222
59237	0.0222222222222
60108	0.0222222222222
10220	0.021978021978
24717	0.021978021978
293	0.0217391304348
1092	0.0217391304348
1818	0.0217391304348
4647	0.0217391304348
4867	0.0217391304348
5656	0.0217391304348
6506	0.0217391304348
14669	0.0217391304348
16093	0.0217391304348
16806	0.0217391304348
18771	0.0217391304348
26094	0.0217391304348
30552	0.0217391304348
31756	0.0217391304348
33817	0.0217391304348
36353	0.0217391304348
36750	0.0217391304348
40620	0.0217391304348
41484	0.0217391304348
42571	0.0217391304348
50998	0.0217391304348
51186	0.0217391304348
51579	0.0217391304348
52887	0.0217391304348
59522	0.0217391304348
61218	0.0217391304348
43276	0.0215053763441
27087	0.0214285714286
43354	0.0214285714286
8195	0.0212765957447
8735	0.0212765957447
11569	0.0212765957447
12106	0.0212765957447
16431	0.0212765957447
23843	0.0212765957447
26012	0.0212765957447
27743	0.0212765957447
30261	0.0212765957447
34151	0.0212765957447
40752	0.0212765957447
43884	0.0212765957447
44663	0.0212765957447
51274	0.0212765957447
53034	0.0212765957447
60283	0.0212765957447
60315	0.0212765957447
61147	0.0212765957447
43150	0.0210526315789
31864	0.020979020979
3385	0.0208333333333
4506	0.0208333333333
8890	0.0208333333333
10943	0.0208333333333
11258	0.0208333333333
14748	0.0208333333333
15198	0.0208333333333
23658	0.0208333333333
26818	0.0208333333333
27968	0.0208333333333
28808	0.0208333333333
34622	0.0208333333333
35240	0.0208333333333
37589	0.0208333333333
39189	0.0208333333333
41921	0.0208333333333
41962	0.0208333333333
42503	0.0208333333333
50110	0.0208333333333
51607	0.0208333333333
51835	0.0208333333333
52675	0.0208333333333
52760	0.0208333333333
52974	0.0208333333333
59981	0.0208333333333
60338	0.0208333333333
13394	0.020618556701
17723	0.020618556701
32651	0.0205479452055
7720	0.0204081632653
11061	0.0204081632653
12609	0.0204081632653
14003	0.0204081632653
29409	0.0204081632653
34832	0.0204081632653
41510	0.0204081632653
41534	0.0204081632653
42149	0.0204081632653
42627	0.0204081632653
42700	0.0204081632653
43213	0.0204081632653
43242	0.0204081632653
45712	0.0204081632653
50951	0.0204081632653
51740	0.0204081632653
52136	0.0204081632653
59814	0.0204081632653
60281	0.0204081632653
60341	0.0204081632653
160	0.020202020202
10013	0.020202020202
33990	0.020202020202
2637	0.02
10922	0.02
11171	0.02
18298	0.02
18313	0.02
18562	0.02
19444	0.02
23850	0.02
25893	0.02
26539	0.02
34794	0.02
35103	0.02
37293	0.02
39487	0.02
41201	0.02
41271	0.02
41385	0.02
41812	0.02
42678	0.02
43722	0.02
44112	0.02
45076	0.02
51268	0.02
58641	0.02
59909	0.02
338	0.0196078431373
1501	0.0196078431373
3512	0.0196078431373
6105	0.0196078431373
6910	0.0196078431373
10952	0.0196078431373
16929	0.0196078431373
21712	0.0196078431373
22130	0.0196078431373
25799	0.0196078431373
29654	0.0196078431373
30185	0.0196078431373
31663	0.0196078431373
31954	0.0196078431373
32522	0.0196078431373
39422	0.0196078431373
41336	0.0196078431373
41788	0.0196078431373
42284	0.0196078431373
51205	0.0196078431373
51834	0.0196078431373
52232	0.0196078431373
52291	0.0196078431373
59815	0.0196078431373
60221	0.0196078431373
41331	0.0194805194805
1853	0.0194174757282
17383	0.0194174757282
45381	0.0194174757282
26318	0.0193548387097
387	0.0192307692308
566	0.0192307692308
4752	0.0192307692308
12824	0.0192307692308
13086	0.0192307692308
17440	0.0192307692308
21043	0.0192307692308
25046	0.0192307692308
26174	0.0192307692308
27471	0.0192307692308
34862	0.0192307692308
36833	0.0192307692308
40096	0.0192307692308
41254	0.0192307692308
41495	0.0192307692308
41892	0.0192307692308
50850	0.0192307692308
51567	0.0192307692308
51681	0.0192307692308
52160	0.0192307692308
53110	0.0192307692308
3182	0.0190476190476
17110	0.0190476190476
31891	0.0190476190476
2941	0.0188679245283
5803	0.0188679245283
6329	0.0188679245283
7710	0.0188679245283
9235	0.0188679245283
10694	0.0188679245283
11135	0.0188679245283
18834	0.0188679245283
21412	0.0188679245283
29626	0.0188679245283
36024	0.0188679245283
36483	0.0188679245283
39400	0.0188679245283
42363	0.0188679245283
42431	0.0188679245283
43103	0.0188679245283
43637	0.0188679245283
45619	0.0188679245283
49791	0.0188679245283
51604	0.0188679245283
51751	0.0188679245283
51896	0.0188679245283
59618	0.0188679245283
60638	0.0188679245283
4695	0.018779342723
3156	0.01875
13036	0.01875
25165	0.018691588785
41972	0.0185758513932
165	0.0185185185185
4305	0.0185185185185
4765	0.0185185185185
5455	0.0185185185185
7325	0.0185185185185
9207	0.0185185185185
11306	0.0185185185185
12552	0.0185185185185
14593	0.0185185185185
14839	0.0185185185185
17286	0.0185185185185
18755	0.0185185185185
18760	0.0185185185185
24605	0.0185185185185
24874	0.0185185185185
25827	0.0185185185185
25974	0.0185185185185
28708	0.0185185185185
31592	0.0185185185185
34503	0.0185185185185
35577	0.0185185185185
38880	0.0185185185185
41076	0.0185185185185
41797	0.0185185185185
43517	0.0185185185185
44154	0.0185185185185
45105	0.0185185185185
49597	0.0185185185185
50344	0.0185185185185
51248	0.0185185185185
52541	0.0185185185185
57980	0.0185185185185
59788	0.0185185185185
27051	0.0183486238532
52891	0.0183486238532
10844	0.0182926829268
2544	0.0181818181818
8088	0.0181818181818
8582	0.0181818181818
9130	0.0181818181818
9670	0.0181818181818
10967	0.0181818181818
13212	0.0181818181818
14390	0.0181818181818
17982	0.0181818181818
24437	0.0181818181818
28396	0.0181818181818
33312	0.0181818181818
33927	0.0181818181818
39550	0.0181818181818
51199	0.0181818181818
52465	0.0181818181818
52898	0.0181818181818
60429	0.0181818181818
60610	0.0181818181818
34096	0.018018018018
41137	0.018018018018
41426	0.018018018018
1584	0.0178571428571
4276	0.0178571428571
4527	0.0178571428571
12753	0.0178571428571
14096	0.0178571428571
14859	0.0178571428571
17389	0.0178571428571
19698	0.0178571428571
22510	0.0178571428571
25525	0.0178571428571
26817	0.0178571428571
27596	0.0178571428571
32200	0.0178571428571
32794	0.0178571428571
35972	0.0178571428571
38649	0.0178571428571
41166	0.0178571428571
41386	0.0178571428571
41951	0.0178571428571
43066	0.0178571428571
43463	0.0178571428571
47177	0.0178571428571
50185	0.0178571428571
51466	0.0178571428571
51468	0.0178571428571
55923	0.0178571428571
30794	0.0177304964539
28711	0.0176991150442
8	0.0175438596491
2129	0.0175438596491
8759	0.0175438596491
9421	0.0175438596491
11726	0.0175438596491
13770	0.0175438596491
18340	0.0175438596491
19404	0.0175438596491
19595	0.0175438596491
20362	0.0175438596491
20866	0.0175438596491
24031	0.0175438596491
24099	0.0175438596491
24981	0.0175438596491
28536	0.0175438596491
34918	0.0175438596491
39663	0.0175438596491
41084	0.0175438596491
41192	0.0175438596491
41359	0.0175438596491
42350	0.0175438596491
48996	0.0175438596491
51370	0.0175438596491
22031	0.0173913043478
41807	0.0173913043478
37409	0.0173410404624
51155	0.0173410404624
2361	0.0172413793103
3666	0.0172413793103
5498	0.0172413793103
14658	0.0172413793103
15820	0.0172413793103
15869	0.0172413793103
17139	0.0172413793103
20789	0.0172413793103
22876	0.0172413793103
28588	0.0172413793103
30869	0.0172413793103
41599	0.0172413793103
42087	0.0172413793103
42167	0.0172413793103
42318	0.0172413793103
43794	0.0172413793103
46975	0.0172413793103
47638	0.0172413793103
48682	0.0172413793103
49413	0.0172413793103
50585	0.0172413793103
53093	0.0172413793103
14862	0.0171428571429
29532	0.0171428571429
68	0.0169491525424
1369	0.0169491525424
2716	0.0169491525424
7911	0.0169491525424
8754	0.0169491525424
10317	0.0169491525424
11000	0.0169491525424
15843	0.0169491525424
20085	0.0169491525424
23046	0.0169491525424
26741	0.0169491525424
31866	0.0169491525424
31902	0.0169491525424
35338	0.0169491525424
41872	0.0169491525424
60330	0.0169491525424
14749	0.0168776371308
12149	0.0168539325843
12503	0.0168067226891
13428	0.0168067226891
21719	0.0168067226891
955	0.0167597765363
7470	0.0166666666667
11384	0.0166666666667
23141	0.0166666666667
23531	0.0166666666667
26191	0.0166666666667
31011	0.0166666666667
31169	0.0166666666667
32087	0.0166666666667
32406	0.0166666666667
36429	0.0166666666667
37001	0.0166666666667
40370	0.0166666666667
41007	0.0166666666667
42317	0.0166666666667
42819	0.0166666666667
43603	0.0166666666667
43943	0.0166666666667
51386	0.0166666666667
52367	0.0166666666667
52423	0.0166666666667
53237	0.0166666666667
44281	0.0165975103734
49408	0.0165289256198
1170	0.016393442623
5390	0.016393442623
6940	0.016393442623
8211	0.016393442623
11661	0.016393442623
21656	0.016393442623
22773	0.016393442623
26596	0.016393442623
29608	0.016393442623
29855	0.016393442623
32213	0.016393442623
36356	0.016393442623
36847	0.016393442623
41485	0.016393442623
41553	0.016393442623
41556	0.016393442623
45412	0.016393442623
55884	0.016393442623
57828	0.016393442623
5311	0.0162601626016
47503	0.0162601626016
40976	0.0162162162162
182	0.0161290322581
1196	0.0161290322581
2925	0.0161290322581
3824	0.0161290322581
8611	0.0161290322581
14439	0.0161290322581
15865	0.0161290322581
17064	0.0161290322581
17817	0.0161290322581
19773	0.0161290322581
33840	0.0161290322581
40126	0.0161290322581
42319	0.0161290322581
43991	0.0161290322581
60006	0.0161290322581
12167	0.016
37238	0.0159574468085
41968	0.0159574468085
269	0.015873015873
1850	0.015873015873
5144	0.015873015873
6075	0.015873015873
10789	0.015873015873
22896	0.015873015873
25050	0.015873015873
25475	0.015873015873
26924	0.015873015873
27113	0.015873015873
31105	0.015873015873
38688	0.015873015873
41067	0.015873015873
43202	0.015873015873
52156	0.015873015873
10287	0.0157480314961
30835	0.0157480314961
34521	0.0157480314961
38701	0.0157480314961
32042	0.0157068062827
1257	0.015625
2284	0.015625
2310	0.015625
8941	0.015625
14684	0.015625
14686	0.015625
16943	0.015625
21806	0.015625
27684	0.015625
29186	0.015625
32405	0.015625
38573	0.015625
40657	0.015625
40921	0.015625
41033	0.015625
41375	0.015625
43026	0.015625
44486	0.015625
51201	0.015625
53396	0.015625
34073	0.0155440414508
28285	0.015503875969
41284	0.015503875969
41354	0.015503875969
27358	0.015444015444
2611	0.0153846153846
5672	0.0153846153846
15515	0.0153846153846
16593	0.0153846153846
18492	0.0153846153846
18625	0.0153846153846
18985	0.0153846153846
20070	0.0153846153846
21248	0.0153846153846
21281	0.0153846153846
23395	0.0153846153846
25703	0.0153846153846
30681	0.0153846153846
34165	0.0153846153846
37795	0.0153846153846
38725	0.0153846153846
39751	0.0153846153846
40984	0.0153846153846
41411	0.0153846153846
44152	0.0153846153846
49397	0.0153846153846
51775	0.0153846153846
52623	0.0153846153846
53361	0.0153846153846
60086	0.0153846153846
1028	0.0152671755725
2090	0.0152671755725
41682	0.0152671755725
31307	0.0152284263959
982	0.0151515151515
1673	0.0151515151515
5302	0.0151515151515
5626	0.0151515151515
6832	0.0151515151515
7468	0.0151515151515
7942	0.0151515151515
15288	0.0151515151515
18688	0.0151515151515
21347	0.0151515151515
23765	0.0151515151515
25952	0.0151515151515
30252	0.0151515151515
30820	0.0151515151515
39985	0.0151515151515
41469	0.0151515151515
42019	0.0151515151515
46654	0.0151515151515
50969	0.0151515151515
9292	0.0150753768844
2905	0.015037593985
25810	0.015037593985
27207	0.015037593985
8246	0.0149253731343
11672	0.0149253731343
12311	0.0149253731343
12394	0.0149253731343
13380	0.0149253731343
13854	0.0149253731343
19463	0.0149253731343
20642	0.0149253731343
24046	0.0149253731343
27508	0.0149253731343
30922	0.0149253731343
32725	0.0149253731343
39771	0.0149253731343
39847	0.0149253731343
39848	0.0149253731343
41279	0.0149253731343
41281	0.0149253731343
42360	0.0149253731343
48926	0.0149253731343
51488	0.0149253731343
53019	0.0149253731343
59759	0.0149253731343
50944	0.0148698884758
35703	0.0148619957537
1087	0.0148148148148
4136	0.0148148148148
5552	0.0148148148148
13149	0.0148148148148
19792	0.0148148148148
41443	0.0148148148148
41693	0.0148148148148
363	0.0147058823529
932	0.0147058823529
11535	0.0147058823529
18108	0.0147058823529
33772	0.0147058823529
34823	0.0147058823529
41095	0.0147058823529
43616	0.0147058823529
45671	0.0147058823529
50146	0.0147058823529
51616	0.0147058823529
51738	0.0147058823529
52222	0.0147058823529
15825	0.014598540146
51281	0.014598540146
1067	0.0144927536232
1996	0.0144927536232
4070	0.0144927536232
16264	0.0144927536232
19761	0.0144927536232
20744	0.0144927536232
28047	0.0144927536232
28797	0.0144927536232
32988	0.0144927536232
41656	0.0144927536232
41926	0.0144927536232
42942	0.0144927536232
50995	0.0144927536232
51624	0.0144927536232
53173	0.0144927536232
53189	0.0144927536232
3531	0.0144628099174
9761	0.0144230769231
13076	0.0143884892086
1228	0.0142857142857
1269	0.0142857142857
2130	0.0142857142857
5538	0.0142857142857
5575	0.0142857142857
12355	0.0142857142857
15083	0.0142857142857
17699	0.0142857142857
28452	0.0142857142857
29554	0.0142857142857
29822	0.0142857142857
41184	0.0142857142857
41584	0.0142857142857
42097	0.0142857142857
42396	0.0142857142857
42941	0.0142857142857
45715	0.0142857142857
49313	0.0142857142857
51497	0.0142857142857
51875	0.0142857142857
60092	0.0142857142857
21734	0.0141843971631
5368	0.0140845070423
8372	0.0140845070423
14002	0.0140845070423
17598	0.0140845070423
17691	0.0140845070423
19292	0.0140845070423
21569	0.0140845070423
28820	0.0140845070423
29818	0.0140845070423
32931	0.0140845070423
33113	0.0140845070423
37007	0.0140845070423
41381	0.0140845070423
46148	0.0140845070423
49860	0.0140845070423
51656	0.0140845070423
52131	0.0140845070423
52548	0.0140845070423
53164	0.0140845070423
41364	0.01393728223
12388	0.0139211136891
398	0.0138888888889
755	0.0138888888889
1490	0.0138888888889
15850	0.0138888888889
16902	0.0138888888889
17956	0.0138888888889
26558	0.0138888888889
27235	0.0138888888889
35262	0.0138888888889
37845	0.0138888888889
41174	0.0138888888889
41198	0.0138888888889
41616	0.0138888888889
42643	0.0138888888889
45793	0.0138888888889
46039	0.0138888888889
2415	0.013698630137
5484	0.013698630137
16281	0.013698630137
17280	0.013698630137
26060	0.013698630137
26486	0.013698630137
32432	0.013698630137
34672	0.013698630137
37379	0.013698630137
38820	0.013698630137
42312	0.013698630137
43210	0.013698630137
51012	0.013698630137
51692	0.013698630137
52064	0.013698630137
52392	0.013698630137
52555	0.013698630137
497	0.0136054421769
41037	0.0135746606335
1147	0.0135135135135
1742	0.0135135135135
5679	0.0135135135135
14369	0.0135135135135
22554	0.0135135135135
23240	0.0135135135135
29401	0.0135135135135
30294	0.0135135135135
34691	0.0135135135135
38569	0.0135135135135
40212	0.0135135135135
41169	0.0135135135135
42618	0.0135135135135
42750	0.0135135135135
46509	0.0135135135135
52240	0.0135135135135
53286	0.0135135135135
28830	0.0134408602151
27910	0.0134228187919
37800	0.0134228187919
41181	0.0134228187919
34929	0.0133928571429
1902	0.0133607399794
1123	0.0133333333333
1646	0.0133333333333
4656	0.0133333333333
4746	0.0133333333333
7197	0.0133333333333
9201	0.0133333333333
12860	0.0133333333333
22856	0.0133333333333
29465	0.0133333333333
39320	0.0133333333333
40351	0.0133333333333
45610	0.0133333333333
46211	0.0133333333333
51401	0.0133333333333
52239	0.0133333333333
36897	0.0132450331126
494	0.0131578947368
1342	0.0131578947368
4499	0.0131578947368
4513	0.0131578947368
6036	0.0131578947368
18213	0.0131578947368
22050	0.0131578947368
36594	0.0131578947368
37186	0.0131578947368
41022	0.0131578947368
50240	0.0131578947368
51037	0.0131578947368
52444	0.0131578947368
53048	0.0131578947368
60215	0.0131578947368
13119	0.0130718954248
37660	0.0130434782609
2722	0.012987012987
4075	0.012987012987
6906	0.012987012987
7180	0.012987012987
17928	0.012987012987
20345	0.012987012987
23273	0.012987012987
26529	0.012987012987
27952	0.012987012987
29010	0.012987012987
34985	0.012987012987
36193	0.012987012987
38864	0.012987012987
41527	0.012987012987
51319	0.012987012987
52258	0.012987012987
52962	0.012987012987
1990	0.0129032258065
9920	0.0129032258065
13121	0.0129032258065
51041	0.0128676470588
2096	0.0128205128205
14122	0.0128205128205
14649	0.0128205128205
17301	0.0128205128205
27715	0.0128205128205
42354	0.0128205128205
42675	0.0128205128205
42892	0.0128205128205
50249	0.0128205128205
57861	0.0128205128205
21523	0.0127659574468
29492	0.0127659574468
23999	0.0126984126984
1000	0.0126582278481
1281	0.0126582278481
1508	0.0126582278481
2874	0.0126582278481
5089	0.0126582278481
7295	0.0126582278481
14360	0.0126582278481
18503	0.0126582278481
20315	0.0126582278481
21307	0.0126582278481
22681	0.0126582278481
31879	0.0126582278481
36120	0.0126582278481
41832	0.0126582278481
43630	0.0126582278481
51641	0.0126582278481
52802	0.0126582278481
11172	0.0125786163522
19599	0.0125786163522
688	0.0125
1714	0.0125
3195	0.0125
6415	0.0125
10248	0.0125
18967	0.0125
24429	0.0125
27031	0.0125
30614	0.0125
32728	0.0125
35940	0.0125
38989	0.0125
39034	0.0125
40307	0.0125
41329	0.0125
42103	0.0125
51336	0.0125
52863	0.0125
31882	0.0124481327801
13063	0.0124223602484
4766	0.0123456790123
15917	0.0123456790123
18119	0.0123456790123
18295	0.0123456790123
25987	0.0123456790123
29804	0.0123456790123
39965	0.0123456790123
41444	0.0123456790123
42556	0.0123456790123
49398	0.0123456790123
50935	0.0123456790123
52549	0.0123456790123
59646	0.0123456790123
27865	0.0123203285421
41246	0.0122699386503
4327	0.0122448979592
322	0.0121951219512
3684	0.0121951219512
19687	0.0121951219512
30195	0.0121951219512
30651	0.0121951219512
35199	0.0121951219512
37104	0.0121951219512
38739	0.0121951219512
38899	0.0121951219512
40645	0.0121951219512
41399	0.0121951219512
51746	0.0121951219512
52853	0.0121951219512
12467	0.0121580547112
17596	0.0121212121212
23628	0.0121212121212
27125	0.0121212121212
712	0.0120481927711
859	0.0120481927711
8089	0.0120481927711
22332	0.0120481927711
30069	0.0120481927711
33621	0.0120481927711
38758	0.0120481927711
39782	0.0120481927711
41350	0.0120481927711
48899	0.0120481927711
51380	0.0120481927711
18361	0.0119760479042
43200	0.0119760479042
3669	0.0119047619048
10439	0.0119047619048
27173	0.0119047619048
28545	0.0119047619048
28982	0.0119047619048
33405	0.0119047619048
33964	0.0119047619048
34166	0.0119047619048
40973	0.0119047619048
44270	0.0119047619048
45200	0.0119047619048
52227	0.0119047619048
41116	0.0118243243243
652	0.0117647058824
1487	0.0117647058824
2381	0.0117647058824
14511	0.0117647058824
38201	0.0117647058824
38800	0.0117647058824
39548	0.0117647058824
41027	0.0117647058824
41571	0.0117647058824
41712	0.0117647058824
51847	0.0117647058824
59731	0.0117647058824
2825	0.0116959064327
451	0.0116279069767
2917	0.0116279069767
3535	0.0116279069767
3582	0.0116279069767
4743	0.0116279069767
5754	0.0116279069767
6803	0.0116279069767
13064	0.0116279069767
14353	0.0116279069767
15714	0.0116279069767
20080	0.0116279069767
26762	0.0116279069767
27379	0.0116279069767
33704	0.0116279069767
34621	0.0116279069767
35630	0.0116279069767
39336	0.0116279069767
41409	0.0116279069767
49024	0.0116279069767
50929	0.0116279069767
51307	0.0116279069767
51470	0.0116279069767
59558	0.0116279069767
41609	0.0115942028986
107	0.0115606936416
3943	0.0115606936416
18815	0.0115606936416
30789	0.0115606936416
51029	0.0115606936416
17147	0.0115384615385
23667	0.0115384615385
1537	0.0114942528736
3876	0.0114942528736
7749	0.0114942528736
9032	0.0114942528736
10443	0.0114942528736
25384	0.0114942528736
25942	0.0114942528736
50494	0.0114942528736
51838	0.0114942528736
52884	0.0114942528736
16723	0.0114285714286
6679	0.0113636363636
11069	0.0113636363636
12943	0.0113636363636
18192	0.0113636363636
28799	0.0113636363636
38530	0.0113636363636
41348	0.0113636363636
41593	0.0113636363636
47918	0.0113636363636
51168	0.0113636363636
52102	0.0113636363636
15207	0.011320754717
14343	0.0112994350282
42450	0.0112994350282
7175	0.0112903225806
2316	0.0112359550562
4515	0.0112359550562
20077	0.0112359550562
20629	0.0112359550562
31634	0.0112359550562
33934	0.0112359550562
39213	0.0112359550562
41062	0.0112359550562
41147	0.0112359550562
50949	0.0112359550562
51978	0.0112359550562
25078	0.0112044817927
3214	0.0111731843575
7751	0.0111731843575
1553	0.0111111111111
6693	0.0111111111111
16170	0.0111111111111
20527	0.0111111111111
26274	0.0111111111111
29366	0.0111111111111
43269	0.0111111111111
59507	0.0111111111111
19897	0.0110497237569
25324	0.0110497237569
35162	0.0110497237569
40625	0.0110497237569
51178	0.0110294117647
21715	0.010989010989
29603	0.010989010989
31313	0.010989010989
37046	0.010989010989
40477	0.010989010989
40975	0.010989010989
41030	0.010989010989
41581	0.010989010989
42642	0.010989010989
42811	0.010989010989
43920	0.010989010989
51055	0.010989010989
51290	0.010989010989
27651	0.0109589041096
8466	0.0109289617486
12831	0.0108695652174
19338	0.0108695652174
21801	0.0108695652174
25453	0.0108695652174
34531	0.0108695652174
35229	0.0108695652174
35516	0.0108695652174
41142	0.0108695652174
52442	0.0108695652174
11776	0.0108108108108
23265	0.0108108108108
41040	0.0108108108108
2720	0.010752688172
3187	0.010752688172
4580	0.010752688172
5698	0.010752688172
6689	0.010752688172
8129	0.010752688172
16028	0.010752688172
17556	0.010752688172
18673	0.010752688172
19506	0.010752688172
24970	0.010752688172
40988	0.010752688172
41880	0.010752688172
45033	0.010752688172
51197	0.010752688172
51213	0.010752688172
29971	0.0107238605898
4399	0.0107142857143
29394	0.0107142857143
5116	0.0106951871658
9142	0.0106382978723
18604	0.0106382978723
18756	0.0106382978723
24358	0.0106382978723
37775	0.0106382978723
38676	0.0106382978723
41024	0.0106382978723
41249	0.0106382978723
42414	0.0106382978723
51905	0.0106382978723
15228	0.0106157112527
3419	0.010593220339
3139	0.0105633802817
218	0.0105263157895
4661	0.0105263157895
8755	0.0105263157895
18374	0.0105263157895
25295	0.0105263157895
38659	0.0105263157895
41404	0.0105263157895
42378	0.0105263157895
51967	0.0105263157895
9135	0.010498687664
7460	0.0104712041885
41061	0.0104529616725
1788	0.0104166666667
5371	0.0104166666667
18661	0.0104166666667
26572	0.0104166666667
32130	0.0104166666667
41533	0.0104166666667
41621	0.0104166666667
42468	0.0104166666667
43834	0.0104166666667
51193	0.0104166666667
51250	0.0104166666667
51283	0.0104166666667
14207	0.0103896103896
2067	0.0103092783505
3542	0.0103092783505
12969	0.0103092783505
13999	0.0103092783505
29243	0.0103092783505
41629	0.0103092783505
41711	0.0103092783505
42339	0.0103092783505
43371	0.0103092783505
51038	0.0103092783505
52415	0.0103092783505
862	0.0102739726027
2865	0.0102564102564
24889	0.0102564102564
31400	0.0102389078498
20630	0.0102301790281
4873	0.0102040816327
22731	0.0102040816327
25221	0.0102040816327
30982	0.0102040816327
33143	0.0102040816327
33599	0.0102040816327
36632	0.0102040816327
40985	0.0102040816327
41833	0.0102040816327
52817	0.0102040816327
60068	0.0102040816327
28286	0.0101694915254
51112	0.010152284264
54	0.010101010101
4769	0.010101010101
27691	0.010101010101
33523	0.010101010101
39651	0.010101010101
41157	0.010101010101
41490	0.010101010101
41525	0.010101010101
17938	0.0100806451613
40969	0.010067114094
26235	0.0100502512563
3991	0.0100334448161
2448	0.01
3205	0.01
3250	0.01
18974	0.01
21379	0.01
30899	0.01
34649	0.01
36686	0.01
39473	0.01
41113	0.01
41340	0.01
49985	0.01
2216	0.00995024875622
28055	0.00993377483444
8189	0.00990099009901
14656	0.00990099009901
22524	0.00990099009901
32058	0.00990099009901
36894	0.00990099009901
37752	0.00990099009901
48221	0.00990099009901
52711	0.00990099009901
20800	0.00985221674877
8901	0.00980392156863
33544	0.00980392156863
41101	0.00980392156863
41269	0.00980392156863
42704	0.00980392156863
51234	0.00980392156863
3288	0.00975609756098
4439	0.00975609756098
39709	0.00975609756098
42424	0.00974025974026
4391	0.00970873786408
22589	0.00970873786408
41042	0.00970873786408
41228	0.00970873786408
41570	0.00970873786408
48662	0.00970873786408
53168	0.00970873786408
7956	0.00966183574879
51019	0.00966183574879
2326	0.0096463022508
377	0.00961538461538
913	0.00961538461538
1393	0.00961538461538
33645	0.00961538461538
51209	0.00961538461538
47787	0.00956937799043
90	0.00952380952381
5637	0.00952380952381
5916	0.00952380952381
10653	0.00952380952381
21321	0.00952380952381
31299	0.00952380952381
37689	0.00952380952381
51044	0.00952380952381
51346	0.00952380952381
52645	0.00952380952381
34369	0.00950570342205
7533	0.00947867298578
27809	0.00946372239748
22601	0.00943396226415
32711	0.00943396226415
33678	0.00943396226415
33751	0.00943396226415
51590	0.00943396226415
52029	0.00943396226415
51156	0.00940438871473
40971	0.0093984962406
26760	0.0093896713615
118	0.00934579439252
13927	0.00934579439252
13943	0.00934579439252
21978	0.00934579439252
29287	0.00934579439252
37670	0.00934579439252
39727	0.00934579439252
41618	0.00934579439252
49448	0.00934579439252
50943	0.00934579439252
51563	0.00934579439252
52357	0.00934579439252
41025	0.0093023255814
41171	0.0093023255814
38987	0.00928792569659
4943	0.00925925925926
6254	0.00925925925926
14832	0.00925925925926
23054	0.00925925925926
23514	0.00925925925926
35486	0.00925925925926
36366	0.00925925925926
39366	0.00925925925926
41480	0.00925925925926
52092	0.00925925925926
40999	0.00924214417745
7303	0.00921658986175
14716	0.00921658986175
5728	0.00917431192661
9715	0.00917431192661
15602	0.00917431192661
19922	0.00917431192661
20785	0.00917431192661
27527	0.00917431192661
41082	0.00917431192661
1739	0.00913242009132
34999	0.00913242009132
3664	0.00909090909091
4836	0.00909090909091
5712	0.00909090909091
9651	0.00909090909091
21227	0.00909090909091
28805	0.00909090909091
28812	0.00909090909091
42799	0.00909090909091
13935	0.00905797101449
562	0.00902934537246
27489	0.00902527075812
22383	0.00902151283831
41206	0.00900900900901
47265	0.00900900900901
47448	0.00900900900901
17611	0.00896860986547
4156	0.00892857142857
6369	0.00892857142857
17946	0.00892857142857
21694	0.00892857142857
25432	0.00892857142857
34933	0.00892857142857
42483	0.00892857142857
43219	0.00892857142857
52024	0.00892857142857
689	0.00886917960089
7115	0.00884955752212
11230	0.00884955752212
17346	0.00884955752212
26531	0.00884955752212
33775	0.00884955752212
34943	0.00884955752212
40869	0.00884955752212
52062	0.00884955752212
59684	0.00884955752212
5774	0.00879765395894
1361	0.00877192982456
6428	0.00877192982456
14233	0.00877192982456
24922	0.00877192982456
28141	0.00877192982456
32626	0.00877192982456
42194	0.00877192982456
43749	0.00877192982456
47475	0.00877192982456
41029	0.00874635568513
13056	0.00874125874126
8709	0.00869565217391
24971	0.00869565217391
26251	0.00869565217391
40981	0.00869565217391
41045	0.00869565217391
50250	0.00869565217391
51152	0.00869565217391
52521	0.00869565217391
45223	0.00867678958785
25413	0.00865800865801
41146	0.00865800865801
4611	0.00862068965517
16231	0.00862068965517
20636	0.00862068965517
42135	0.00862068965517
50851	0.00862068965517
2142	0.00854700854701
14730	0.00854700854701
17188	0.00854700854701
22813	0.00854700854701
33377	0.00854700854701
39002	0.00854700854701
39039	0.00854700854701
39209	0.00854700854701
40411	0.00854700854701
51139	0.00854700854701
57862	0.00854700854701
50863	0.00852272727273
71	0.00847457627119
6330	0.00847457627119
10646	0.00847457627119
11307	0.00847457627119
18301	0.00847457627119
18643	0.00847457627119
31306	0.00847457627119
34373	0.00847457627119
41236	0.00847457627119
50936	0.00847457627119
50937	0.00847457627119
51011	0.00847457627119
41140	0.0084388185654
1272	0.00840336134454
5237	0.00840336134454
5603	0.00840336134454
13124	0.00840336134454
18759	0.00840336134454
41172	0.00840336134454
41943	0.00840336134454
53200	0.00840336134454
38925	0.00834724540902
3788	0.00833333333333
4745	0.00833333333333
37052	0.00833333333333
41136	0.00833333333333
41322	0.00833333333333
41338	0.00833333333333
41519	0.00833333333333
50939	0.00833333333333
52368	0.00833333333333
34897	0.00828729281768
4044	0.00826446280992
27582	0.00826446280992
40030	0.00826446280992
47774	0.00826446280992
4876	0.0082304526749
4900	0.0082304526749
23782	0.0082304526749
51724	0.0082304526749
742	0.00821917808219
3481	0.00819672131148
14275	0.00819672131148
20111	0.00819672131148
25091	0.00819672131148
26279	0.00819672131148
31309	0.00819672131148
33971	0.00819672131148
37115	0.00819672131148
41826	0.00819672131148
43088	0.00819672131148
59890	0.00819672131148
4390	0.00816326530612
34356	0.00816326530612
41270	0.00816326530612
4916	0.00813743218807
15986	0.00813008130081
19313	0.00813008130081
33552	0.00813008130081
36537	0.00813008130081
38818	0.00813008130081
41353	0.00813008130081
49689	0.00813008130081
25051	0.00811359026369
9251	0.00810810810811
38932	0.00808625336927
3507	0.00806451612903
14525	0.00806451612903
17299	0.00806451612903
28633	0.00806451612903
32411	0.00806451612903
42753	0.00806451612903
51989	0.00806451612903
37762	0.00803212851406
15373	0.00802139037433
2164	0.008
10397	0.008
14646	0.008
31656	0.008
36494	0.008
37947	0.008
47675	0.008
51632	0.008
9138	0.00796812749004
27404	0.00796812749004
30849	0.00796812749004
41054	0.00796812749004
3544	0.00793650793651
5804	0.00793650793651
6904	0.00793650793651
10803	0.00793650793651
17952	0.00793650793651
25240	0.00793650793651
31875	0.00793650793651
51549	0.00793650793651
39785	0.00790513833992
21323	0.00789473684211
41109	0.00788954635108
9104	0.00787401574803
18563	0.00787401574803
25930	0.00787401574803
39027	0.00787401574803
59505	0.00787401574803
35345	0.00783289817232
2927	0.0078125
5354	0.0078125
6404	0.0078125
37184	0.0078125
41164	0.0078125
41421	0.0078125
1503	0.00780379041249
3720	0.00779220779221
50923	0.00778210116732
19429	0.0077519379845
36999	0.0077519379845
2745	0.00774647887324
40968	0.00772200772201
1118	0.00771208226221
12017	0.00771208226221
34858	0.00770712909441
900	0.00770416024653
1324	0.00769230769231
1921	0.00769230769231
4775	0.00769230769231
18276	0.00769230769231
21377	0.00769230769231
33577	0.00769230769231
40970	0.00769230769231
41056	0.00769230769231
42262	0.00769230769231
51039	0.00769230769231
53001	0.00769230769231
59919	0.00769230769231
2007	0.00766703176342
41194	0.00766283524904
44951	0.00766283524904
867	0.00765306122449
11489	0.00763358778626
21252	0.00763358778626
30324	0.00763358778626
33830	0.00763358778626
35514	0.00763358778626
253	0.00757575757576
1362	0.00757575757576
5503	0.00757575757576
26711	0.00757575757576
31868	0.00755667506297
106	0.00751879699248
2094	0.00751879699248
38078	0.00751879699248
52331	0.00751879699248
18311	0.0075026795284
41985	0.00747663551402
20542	0.00747384155456
13418	0.00746268656716
27934	0.00746268656716
31483	0.00746268656716
41055	0.00746268656716
51313	0.00746268656716
26508	0.00743494423792
34199	0.00743494423792
41031	0.00743494423792
1119	0.00742574257426
7340	0.00741525423729
995	0.00740740740741
1167	0.00740740740741
6352	0.00740740740741
14502	0.00740740740741
14698	0.00740740740741
42308	0.00740740740741
51096	0.00737100737101
616	0.00735294117647
12325	0.00735294117647
27209	0.00735294117647
32862	0.00735294117647
35420	0.00735294117647
41001	0.00735294117647
3312	0.00733944954128
8732	0.00732600732601
23174	0.00731707317073
1954	0.00729927007299
24684	0.00729927007299
29909	0.00729927007299
29992	0.00729927007299
34143	0.00729927007299
39852	0.00729927007299
50941	0.00729927007299
19601	0.0072939460248
18556	0.00727272727273
38790	0.00727272727273
25570	0.00724637681159
28128	0.00724637681159
28559	0.00724637681159
38708	0.00724637681159
51118	0.00724637681159
53000	0.00724637681159
2313	0.0072202166065
30691	0.0072202166065
31138	0.0072202166065
41326	0.0072202166065
9656	0.00720461095101
761	0.00719424460432
27409	0.00719424460432
28294	0.00719424460432
29543	0.00719424460432
35920	0.00719424460432
37577	0.00719424460432
2757	0.00716845878136
18960	0.00715990453461
2104	0.00714285714286
2144	0.00714285714286
24688	0.00714285714286
41063	0.00714285714286
49749	0.00714285714286
7062	0.00711743772242
11504	0.00711743772242
3365	0.00710900473934
29277	0.00710900473934
2850	0.00709219858156
11087	0.00709219858156
12646	0.00709219858156
25405	0.00709219858156
20173	0.00707547169811
31536	0.00707547169811
26584	0.00707213578501
17771	0.00706713780919
22621	0.00704225352113
35044	0.00704225352113
49403	0.00704225352113
2344	0.0070281124498
4518	0.00702678963549
18307	0.00702576112412
27525	0.00702576112412
17605	0.00701754385965
24017	0.00701754385965
7451	0.00699300699301
16340	0.00699300699301
25440	0.00699300699301
32120	0.00699300699301
41065	0.00699300699301
41705	0.00699300699301
42270	0.00699300699301
43414	0.00699300699301
5884	0.00694444444444
7390	0.00694444444444
18414	0.00694444444444
19799	0.00694444444444
27094	0.00694444444444
36418	0.00694444444444
41890	0.00694444444444
5553	0.00692840646651
11	0.00691699604743
25586	0.00691244239631
6222	0.00689655172414
7300	0.00689655172414
11060	0.00689655172414
18130	0.00689655172414
22654	0.00689655172414
32318	0.00689655172414
40344	0.00689655172414
51212	0.00689655172414
2070	0.00684931506849
2789	0.00684931506849
3747	0.00684931506849
4951	0.00684931506849
6928	0.00684931506849
41074	0.00684931506849
41368	0.00684931506849
52018	0.00684931506849
26602	0.00683890577508
30635	0.00680272108844
51266	0.00680272108844
18777	0.00677392040644
4704	0.00675675675676
21558	0.00675675675676
53040	0.00675675675676
3059	0.00673854447439
1752	0.00671140939597
4625	0.00671140939597
30828	0.00671140939597
51415	0.00671140939597
50879	0.0066889632107
3499	0.00668151447661
18278	0.00666666666667
19965	0.00666666666667
40847	0.00666666666667
41068	0.00664136622391
76	0.00663349917081
3733	0.00662878787879
2028	0.00662251655629
2419	0.00662251655629
15114	0.00662251655629
20573	0.00662251655629
39874	0.00662251655629
41287	0.00662251655629
42912	0.00662251655629
1048	0.00661625708885
29861	0.00659340659341
3133	0.00658761528327
7261	0.00657894736842
14515	0.00657894736842
15638	0.00657894736842
34254	0.00657894736842
23666	0.00656455142232
7214	0.00655737704918
11727	0.0065543071161
1399	0.00655021834061
3698	0.00653594771242
6444	0.00653594771242
9178	0.00653594771242
14459	0.00653594771242
20075	0.00653594771242
27642	0.00653594771242
51254	0.00653594771242
29145	0.00651465798046
1928	0.00649350649351
14253	0.00649350649351
28156	0.00649350649351
38671	0.00649350649351
40995	0.00649350649351
41154	0.00649350649351
51246	0.00649350649351
5012	0.00645161290323
12777	0.00645161290323
21545	0.00645161290323
37747	0.00645161290323
5164	0.00641025641026
6781	0.00641025641026
16209	0.0064
5512	0.00638977635783
7444	0.00638977635783
37961	0.0063829787234
20416	0.00637958532695
9762	0.00636942675159
18456	0.00636942675159
22830	0.00636942675159
23244	0.00636942675159
24958	0.00636942675159
35958	0.00636942675159
38194	0.00636942675159
38519	0.00636942675159
41066	0.00636942675159
41073	0.00636942675159
41307	0.00636942675159
51027	0.00636942675159
51676	0.00636942675159
51821	0.00636942675159
921	0.00632911392405
13040	0.00632911392405
22684	0.00632911392405
43473	0.00632911392405
51605	0.00632911392405
52225	0.00632911392405
1918	0.00630914826498
50105	0.0063025210084
874	0.0062893081761
11481	0.0062893081761
14833	0.0062893081761
41039	0.0062893081761
50901	0.00626959247649
4846	0.00625978090767
4337	0.00625
10096	0.00625
46722	0.00625
41403	0.00623052959502
618	0.00621118012422
21311	0.00621118012422
27899	0.00621118012422
33922	0.00621118012422
34522	0.00621118012422
51575	0.00621118012422
7299	0.0061919504644
27128	0.0061919504644
9642	0.00617283950617
36364	0.00617283950617
37557	0.00617283950617
41552	0.00617283950617
41672	0.00617283950617
42145	0.00617283950617
51784	0.00617283950617
29309	0.00616016427105
5420	0.00615006150062
24457	0.00613496932515
868	0.00612557427259
3554	0.00609756097561
16927	0.00609756097561
19034	0.00609756097561
50868	0.00609756097561
25113	0.00608828006088
25738	0.00606585788562
4135	0.00606060606061
5616	0.00606060606061
10089	0.00606060606061
27906	0.00606060606061
35019	0.00606060606061
17008	0.00604229607251
5643	0.00603318250377
12511	0.00602409638554
15233	0.00602409638554
26893	0.00602409638554
34676	0.00602409638554
4711	0.00600961538462
4739	0.0059880239521
20335	0.0059880239521
40989	0.0059880239521
41059	0.0059880239521
5593	0.00597609561753
21204	0.00595238095238
37114	0.00595238095238
41250	0.00595238095238
51680	0.00595238095238
1497	0.00592353257943
2403	0.00591715976331
4508	0.00591715976331
18283	0.00591715976331
38959	0.00591715976331
4578	0.0058981233244
37680	0.00588235294118
38663	0.00588235294118
41156	0.00588235294118
59661	0.00588235294118
3729	0.005859375
7509	0.00584795321637
41434	0.00583090379009
27890	0.00581395348837
39546	0.00581395348837
2290	0.00581057524695
34683	0.00579710144928
137	0.00578034682081
11232	0.00578034682081
14750	0.00578034682081
41016	0.00578034682081
51159	0.00578034682081
5204	0.00576553491352
3239	0.00576368876081
23415	0.00574712643678
30762	0.00574712643678
28405	0.0057273768614
5231	0.0057232049948
30980	0.00572082379863
3297	0.00571428571429
11128	0.00571428571429
51145	0.00571428571429
4708	0.00570613409415
3527	0.00570342205323
22401	0.00568181818182
22805	0.00568181818182
25332	0.00568181818182
34121	0.00568181818182
50987	0.00568181818182
34147	0.0056657223796
2588	0.00564971751412
40489	0.00564971751412
42954	0.00564971751412
50961	0.00564971751412
34241	0.00561797752809
1390	0.00558659217877
9720	0.00558659217877
13120	0.00558659217877
26890	0.00558659217877
27218	0.00558659217877
41034	0.00558659217877
41378	0.00558659217877
9826	0.00556586270872
5230	0.00555555555556
14206	0.00555555555556
21906	0.00555555555556
23211	0.00555555555556
36710	0.00555555555556
9488	0.00552486187845
30269	0.00552486187845
31850	0.00552486187845
33727	0.00552486187845
39360	0.00552486187845
51485	0.00552486187845
893	0.00551102204409
41048	0.00550964187328
2660	0.00549450549451
9586	0.00549450549451
23001	0.00549450549451
50897	0.00549450549451
51120	0.00549450549451
6194	0.00546448087432
11769	0.00546448087432
13660	0.00546448087432
32612	0.00546448087432
34667	0.00546448087432
50855	0.00546448087432
52638	0.00546448087432
6417	0.0054347826087
51121	0.0054347826087
3553	0.00542005420054
4654	0.00541711809317
2898	0.00540540540541
7317	0.00540540540541
16935	0.00540540540541
35136	0.00540540540541
38763	0.00540540540541
41132	0.00540540540541
52383	0.00540540540541
5809	0.00539083557951
30799	0.00539083557951
25732	0.00537634408602
41088	0.00537634408602
879	0.00536193029491
11359	0.00536193029491
37426	0.00535714285714
30802	0.00534759358289
21745	0.00533807829181
33887	0.00532859680284
775	0.00531914893617
23121	0.00531914893617
23248	0.00531914893617
30901	0.00531914893617
41374	0.00531914893617
52065	0.00531914893617
52494	0.00531914893617
5218	0.00530973451327
38794	0.00530035335689
18613	0.00529901589705
3548	0.00529100529101
4479	0.00529100529101
11300	0.00529100529101
28742	0.00529100529101
40887	0.00529100529101
41177	0.00529100529101
50933	0.00527704485488
25376	0.00526315789474
41013	0.00526315789474
41204	0.00526315789474
41546	0.00526315789474
41583	0.00526315789474
25098	0.00524475524476
14352	0.00523560209424
17277	0.00523560209424
27949	0.00523560209424
51151	0.00523560209424
7442	0.00522193211488
16420	0.00522193211488
452	0.00520833333333
4153	0.00520833333333
7505	0.00520833333333
25047	0.00520833333333
41018	0.00520156046814
2733	0.00519480519481
24522	0.00519480519481
4430	0.0051890289103
21557	0.00518134715026
1438	0.00516795865633
5519	0.00516351118761
3842	0.00515463917526
11749	0.00515463917526
12188	0.00515463917526
30812	0.00515463917526
36967	0.00515463917526
50913	0.00515463917526
19547	0.00514138817481
13955	0.00512820512821
39343	0.00512820512821
41610	0.00512820512821
1680	0.00510204081633
870	0.00507614213198
4675	0.00507614213198
23481	0.00507614213198
25891	0.00507614213198
30938	0.00507614213198
4655	0.00507099391481
11664	0.00506329113924
3204	0.00505050505051
10266	0.00505050505051
11655	0.00503355704698
26599	0.00502512562814
42156	0.005
31440	0.00496277915633
7198	0.0049504950495
23080	0.0049504950495
1628	0.00493218249075
896	0.00492610837438
2169	0.00492610837438
37194	0.00492610837438
41452	0.00492610837438
38203	0.00492341356674
17066	0.00490196078431
20818	0.00490196078431
38787	0.00490196078431
41102	0.00490196078431
41530	0.00490196078431
51133	0.00490196078431
11314	0.00487804878049
30874	0.00487804878049
41070	0.00487804878049
44433	0.00487804878049
51146	0.00487804878049
40965	0.00485829959514
18584	0.00485436893204
29360	0.00485436893204
35581	0.00485436893204
41085	0.00485436893204
36398	0.00484496124031
26863	0.00483870967742
32738	0.0048309178744
3781	0.00480769230769
51697	0.00480769230769
3198	0.00478468899522
4121	0.00478468899522
492	0.0047619047619
1113	0.0047619047619
7100	0.0047619047619
41092	0.0047619047619
28051	0.00474308300395
2595	0.00473933649289
5419	0.00473933649289
39447	0.00473372781065
59604	0.00471698113208
9625	0.00469483568075
17306	0.00469483568075
11782	0.00467289719626
27529	0.00467289719626
4173	0.004662004662
41308	0.0046511627907
42328	0.0046511627907
1984	0.0046439628483
869	0.00464207182995
22971	0.0046403712297
28290	0.00462962962963
50885	0.00462962962963
53342	0.00462962962963
39136	0.00461183704842
5056	0.00460829493088
28610	0.00460829493088
38584	0.00460829493088
7518	0.00456621004566
23388	0.00456621004566
40289	0.00456621004566
3933	0.00456204379562
1309	0.00454545454545
3859	0.00454545454545
22929	0.00454545454545
41521	0.00454545454545
2333	0.00452898550725
41012	0.00452488687783
11675	0.0045045045045
35563	0.0045045045045
992	0.00449775112444
22251	0.00449438202247
1135	0.00449101796407
27535	0.00447093889717
40962	0.00445632798574
26805	0.00444642063139
21845	0.00444444444444
13742	0.00442477876106
25431	0.00442477876106
38795	0.00442477876106
3827	0.00441501103753
6427	0.00441176470588
5000	0.00439077936334
34224	0.00439077936334
2840	0.00438981562774
53069	0.00438596491228
22744	0.00437445319335
13095	0.00436681222707
51099	0.00434782608696
2787	0.004329004329
18172	0.004329004329
13933	0.00431034482759
29852	0.00431034482759
42374	0.00431034482759
10727	0.00429184549356
49394	0.00428265524625
2613	0.0042735042735
3280	0.0042735042735
41332	0.0042735042735
2186	0.00426742532006
2848	0.00425531914894
9538	0.00425531914894
52055	0.00425531914894
1632	0.00423728813559
35400	0.00423728813559
4137	0.00422832980973
37392	0.00422535211268
26934	0.0042194092827
40977	0.0042194092827
11169	0.00420168067227
40318	0.00420168067227
41044	0.00420168067227
41134	0.00420168067227
2037	0.00418994413408
6816	0.00418410041841
32811	0.00418410041841
33762	0.00418410041841
41274	0.00418410041841
41003	0.00416666666667
5432	0.00415512465374
19201	0.00413223140496
33634	0.00412087912088
4057	0.00411522633745
15794	0.00411522633745
21648	0.00411522633745
1062	0.00409836065574
6372	0.00409836065574
17068	0.00409836065574
24126	0.00409836065574
28043	0.00409836065574
36394	0.00409836065574
38206	0.00408163265306
1144	0.00406504065041
22717	0.00406504065041
22743	0.00406504065041
34519	0.00406504065041
52471	0.00406504065041
7419	0.00404858299595
20779	0.00404858299595
38793	0.00404624277457
5157	0.00404244567964
2	0.00402819738167
39549	0.00401606425703
18205	0.004
9188	0.00396825396825
5112	0.0039656311963
31170	0.00395256916996
47628	0.00395256916996
5768	0.00394477317554
39383	0.00393700787402
50327	0.00393700787402
34169	0.00392156862745
1422	0.00389105058366
19598	0.00389105058366
44117	0.00387596899225
512	0.00384615384615
30445	0.00384615384615
33841	0.00384615384615
20875	0.00381679389313
21797	0.00381679389313
9647	0.00380952380952
37427	0.00380228136882
2463	0.00379867046534
4005	0.00378787878788
47637	0.00378787878788
31312	0.00377358490566
34920	0.00374531835206
41347	0.00373134328358
28821	0.00372439478585
2110	0.00371747211896
13318	0.00371747211896
41253	0.00371747211896
41090	0.00368098159509
26416	0.003663003663
17790	0.0036496350365
31877	0.0036496350365
2152	0.00363636363636
28673	0.0036231884058
41208	0.0036231884058
1117	0.00361010830325
19288	0.00361010830325
40334	0.00361010830325
12998	0.0036036036036
33142	0.00359712230216
38232	0.00358422939068
35021	0.00357142857143
39602	0.00357142857143
11201	0.00354609929078
39915	0.00354609929078
29739	0.00353356890459
51158	0.00353356890459
17566	0.00351493848858
2312	0.00350262697023
4489	0.0034965034965
1931	0.00348432055749
25414	0.00347222222222
38191	0.00346820809249
4335	0.00346020761246
4242	0.00344827586207
6564	0.00341296928328
29863	0.00341296928328
1020	0.00340136054422
11381	0.00340136054422
32832	0.00338983050847
38293	0.00338983050847
25937	0.00337837837838
39585	0.00337837837838
11746	0.003367003367
16449	0.003367003367
29724	0.00335570469799
19090	0.00334448160535
42609	0.00334448160535
1743	0.00332225913621
51006	0.00332225913621
3273	0.00330760749724
2401	0.003300330033
37111	0.00329489291598
7312	0.00328484279681
6954	0.00327868852459
41106	0.00327868852459
23011	0.00326797385621
34637	0.00320512820513
4396	0.0031867431485
1239	0.0031847133758
8681	0.0031847133758
12610	0.00317965023847
41258	0.0031746031746
6360	0.00316455696203
32188	0.00316455696203
17355	0.00315955766193
5100	0.00313479623824
41098	0.00313479623824
9200	0.00313152400835
37225	0.003125
2409	0.00311526479751
1064	0.0030959752322
12121	0.0030959752322
35237	0.00308641975309
41126	0.00308641975309
35728	0.00307692307692
40979	0.00307692307692
4937	0.00306435137896
30020	0.0030487804878
1364	0.00303951367781
17715	0.00303951367781
40982	0.00297619047619
4868	0.00295857988166
5120	0.00295420974889
511	0.00293255131965
40972	0.00292397660819
13111	0.00292226767972
14140	0.00290697674419
41000	0.00290697674419
259	0.00289855072464
29686	0.0028901734104
29845	0.0028818443804
40964	0.00287356321839
48572	0.00287356321839
3260	0.002849002849
29591	0.002849002849
4485	0.00284090909091
7349	0.00284090909091
18701	0.0028328611898
10250	0.00282485875706
1700	0.00280898876404
40987	0.00278164116829
4644	0.0027397260274
38492	0.00273224043716
29854	0.00271370420624
216	0.0027027027027
34830	0.00269541778976
5622	0.00268817204301
41097	0.00266666666667
30471	0.00265957446809
41050	0.0026525198939
16917	0.00263852242744
38822	0.00262467191601
37993	0.00261096605744
18515	0.00257731958763
29218	0.00257731958763
23688	0.00251256281407
41010	0.00249376558603
3689	0.00248756218905
6812	0.00243309002433
15636	0.00243309002433
10281	0.00239808153477
1380	0.00238663484487
2515	0.00236406619385
41467	0.00235849056604
41071	0.00233644859813
35045	0.00229357798165
11778	0.00227790432802
31830	0.00224215246637
5693	0.00210970464135
12423	0.0020964360587
41058	0.00209205020921
36392	0.00201612903226
17711	0.00197628458498
41355	0.00197628458498
5673	0.00191570881226
17586	0.00189035916824
34751	0.00188679245283
35178	0.00176991150442
40980	0.00174825174825
949	0.00173010380623
37737	0.00172711571675
13339	0.0015600624025
23150	0.00151285930408
4764	0.00142653352354
4563	0.000919117647059
34367	0.000907441016334
