105	0.2
1206	0.2
9404	0.2
12963	0.2
13060	0.2
16120	0.2
16279	0.2
25742	0.2
26878	0.2
27660	0.2
31498	0.2
31966	0.2
32268	0.2
40462	0.2
42565	0.2
43328	0.2
44061	0.2
46874	0.2
53143	0.2
55603	0.2
53479	0.181818181818
1679	0.166666666667
4088	0.166666666667
4589	0.166666666667
11313	0.166666666667
12495	0.166666666667
15338	0.166666666667
16016	0.166666666667
19033	0.166666666667
28293	0.166666666667
33695	0.166666666667
36696	0.166666666667
38289	0.166666666667
39669	0.166666666667
47405	0.166666666667
47936	0.166666666667
49368	0.166666666667
52267	0.166666666667
52779	0.166666666667
53963	0.166666666667
55856	0.166666666667
60526	0.166666666667
2575	0.142857142857
3982	0.142857142857
4529	0.142857142857
16150	0.142857142857
18656	0.142857142857
24080	0.142857142857
26976	0.142857142857
29413	0.142857142857
41407	0.142857142857
41623	0.142857142857
50001	0.142857142857
52881	0.142857142857
54124	0.142857142857
59724	0.142857142857
59777	0.142857142857
6507	0.125
10915	0.125
29152	0.125
36680	0.125
46582	0.125
47725	0.125
48967	0.125
54224	0.125
54289	0.125
59082	0.125
13217	0.111111111111
16841	0.111111111111
20840	0.111111111111
22912	0.111111111111
24852	0.111111111111
31629	0.111111111111
34740	0.111111111111
40612	0.111111111111
43593	0.111111111111
44707	0.111111111111
49029	0.111111111111
51374	0.111111111111
57887	0.111111111111
10677	0.1
12277	0.1
17305	0.1
18168	0.1
22404	0.1
35448	0.1
47707	0.1
48006	0.1
56633	0.1
3073	0.0909090909091
8556	0.0909090909091
9580	0.0909090909091
10132	0.0909090909091
14884	0.0909090909091
30031	0.0909090909091
42736	0.0909090909091
46235	0.0909090909091
60043	0.0909090909091
60595	0.0909090909091
3144	0.0833333333333
3185	0.0833333333333
6384	0.0833333333333
8599	0.0833333333333
11202	0.0833333333333
12471	0.0833333333333
17491	0.0833333333333
23309	0.0833333333333
27364	0.0833333333333
38541	0.0833333333333
39340	0.0833333333333
39746	0.0833333333333
42780	0.0833333333333
45679	0.0833333333333
47337	0.0833333333333
48501	0.0833333333333
50988	0.0833333333333
53357	0.0833333333333
59631	0.0833333333333
1442	0.0769230769231
3244	0.0769230769231
11741	0.0769230769231
11763	0.0769230769231
14405	0.0769230769231
20821	0.0769230769231
43808	0.0769230769231
51897	0.0769230769231
52902	0.0769230769231
59544	0.0769230769231
61212	0.0769230769231
6112	0.0714285714286
10609	0.0714285714286
21514	0.0714285714286
30920	0.0714285714286
36884	0.0714285714286
46160	0.0714285714286
46745	0.0714285714286
48836	0.0714285714286
48849	0.0714285714286
57597	0.0714285714286
1262	0.0666666666667
5860	0.0666666666667
9194	0.0666666666667
12126	0.0666666666667
18833	0.0666666666667
20215	0.0666666666667
23067	0.0666666666667
25362	0.0666666666667
35932	0.0666666666667
41845	0.0666666666667
43788	0.0666666666667
52205	0.0666666666667
60169	0.0666666666667
61095	0.0666666666667
1120	0.0625
6820	0.0625
15223	0.0625
22059	0.0625
22081	0.0625
24520	0.0625
43658	0.0625
49205	0.0625
49674	0.0625
4894	0.0588235294118
19527	0.0588235294118
40929	0.0588235294118
42130	0.0588235294118
51475	0.0588235294118
59529	0.0588235294118
190	0.0555555555556
1225	0.0555555555556
3920	0.0555555555556
16439	0.0555555555556
20521	0.0555555555556
26761	0.0555555555556
27279	0.0555555555556
39572	0.0555555555556
46973	0.0555555555556
50048	0.0555555555556
52061	0.0555555555556
10790	0.0526315789474
23097	0.0526315789474
27392	0.0526315789474
29886	0.0526315789474
38021	0.0526315789474
40663	0.0526315789474
52023	0.0526315789474
7764	0.05
17579	0.05
18306	0.05
25607	0.05
50746	0.05
52223	0.05
1436	0.047619047619
7963	0.047619047619
8963	0.047619047619
9450	0.047619047619
42316	0.047619047619
48224	0.047619047619
52814	0.047619047619
7354	0.0454545454545
15151	0.0454545454545
17077	0.0454545454545
18786	0.0454545454545
21012	0.0454545454545
24221	0.0454545454545
32994	0.0454545454545
34200	0.0454545454545
48154	0.0454545454545
48576	0.0454545454545
49272	0.0454545454545
53160	0.0454545454545
59878	0.0454545454545
24079	0.0434782608696
24156	0.0434782608696
41853	0.0434782608696
42203	0.0434782608696
59599	0.0434782608696
60121	0.0434782608696
3796	0.0425531914894
503	0.0416666666667
1099	0.0416666666667
6548	0.0416666666667
10746	0.0416666666667
31347	0.0416666666667
45639	0.0416666666667
51486	0.0416666666667
98	0.04
927	0.04
4009	0.04
8635	0.04
13022	0.04
16118	0.04
17917	0.04
21116	0.04
23187	0.04
32685	0.04
4195	0.0392156862745
12394	0.0392156862745
1578	0.0384615384615
15201	0.0384615384615
42817	0.0384615384615
1287	0.037037037037
4948	0.037037037037
8827	0.037037037037
13455	0.037037037037
16409	0.037037037037
19544	0.037037037037
21257	0.037037037037
39260	0.037037037037
52518	0.037037037037
3465	0.0357142857143
16858	0.0357142857143
22791	0.0357142857143
34005	0.0357142857143
51325	0.0357142857143
2277	0.0344827586207
4336	0.0344827586207
11812	0.0344827586207
20710	0.0344827586207
39190	0.0344827586207
43357	0.0344827586207
47336	0.0344827586207
51387	0.0344827586207
961	0.0333333333333
10658	0.0333333333333
14739	0.0333333333333
15721	0.0333333333333
19519	0.0333333333333
44257	0.0333333333333
52809	0.0333333333333
1778	0.0322580645161
49119	0.0322580645161
50998	0.0322580645161
59522	0.0322580645161
18503	0.031746031746
3918	0.03125
4875	0.03125
38600	0.03125
40248	0.03125
12280	0.0307692307692
1375	0.030303030303
1666	0.030303030303
2899	0.030303030303
9971	0.030303030303
11146	0.030303030303
27634	0.030303030303
30684	0.030303030303
48552	0.030303030303
51253	0.030303030303
60252	0.030303030303
39544	0.0298507462687
6383	0.0294117647059
11061	0.0294117647059
34463	0.0294117647059
37110	0.0294117647059
40297	0.0294117647059
41454	0.0294117647059
47335	0.0294117647059
41587	0.0285714285714
42022	0.0285714285714
50337	0.0285714285714
52624	0.0285714285714
53243	0.0285714285714
5624	0.0277777777778
13061	0.0277777777778
41337	0.0277777777778
42008	0.0277777777778
51205	0.0277777777778
41147	0.027397260274
56	0.027027027027
566	0.027027027027
7710	0.0263157894737
16283	0.0263157894737
2202	0.025641025641
6788	0.025641025641
8399	0.025641025641
13947	0.025641025641
25827	0.025641025641
29648	0.025641025641
41970	0.025641025641
4022	0.025
22858	0.025
42866	0.025
22569	0.0243902439024
27596	0.0243902439024
28437	0.0243902439024
41951	0.0243902439024
53158	0.0243902439024
2153	0.0238095238095
20866	0.0238095238095
40862	0.0238095238095
41051	0.0238095238095
42634	0.0238095238095
15127	0.0232558139535
41431	0.0232558139535
42318	0.0232558139535
60641	0.0232558139535
52741	0.0227272727273
52963	0.0227272727273
1175	0.0222222222222
6277	0.0222222222222
9589	0.0222222222222
10050	0.0222222222222
11743	0.0222222222222
42401	0.0222222222222
44528	0.0222222222222
51103	0.0222222222222
52367	0.0222222222222
52837	0.0222222222222
7393	0.0217391304348
29707	0.0217391304348
38685	0.0217391304348
44500	0.0217391304348
45412	0.0217391304348
52238	0.0217391304348
15052	0.0215053763441
4556	0.0212765957447
32041	0.0212765957447
39658	0.0212765957447
41255	0.0212765957447
60006	0.0212765957447
4457	0.0208333333333
5055	0.0208333333333
5458	0.0208333333333
9444	0.0208333333333
9749	0.0208333333333
22896	0.0208333333333
25012	0.0208333333333
26924	0.0208333333333
38688	0.0208333333333
51519	0.0208333333333
53214	0.0208333333333
3820	0.0204081632653
14714	0.0204081632653
39078	0.0204081632653
51857	0.0204081632653
15967	0.02
19204	0.02
53206	0.02
60086	0.02
35708	0.0196078431373
13854	0.0192307692308
21396	0.0192307692308
41286	0.0192307692308
2346	0.0188679245283
12832	0.0188679245283
3328	0.0185185185185
16963	0.0185185185185
42905	0.0185185185185
42942	0.0185185185185
50204	0.0185185185185
50907	0.0185185185185
51050	0.0185185185185
51636	0.0185185185185
53173	0.0185185185185
12355	0.0181818181818
28452	0.0181818181818
45715	0.0181818181818
52144	0.0181818181818
17691	0.0178571428571
46148	0.0178571428571
52131	0.0178571428571
52548	0.0178571428571
4635	0.0175438596491
23284	0.0175438596491
37845	0.0175438596491
41762	0.0175438596491
26601	0.0172413793103
32803	0.0172413793103
39239	0.0172413793103
40689	0.0172413793103
41351	0.0172413793103
43179	0.0172413793103
43210	0.0172413793103
44787	0.0172413793103
47136	0.0172413793103
51498	0.0172413793103
40212	0.0169491525424
39771	0.0168067226891
16819	0.0166666666667
30679	0.0166666666667
52239	0.0166666666667
3761	0.016393442623
14105	0.016393442623
26765	0.016393442623
41859	0.016393442623
48070	0.016393442623
38864	0.0161290322581
3178	0.015873015873
11558	0.015873015873
41736	0.015873015873
42892	0.015873015873
57430	0.015625
41198	0.015503875969
1714	0.0153846153846
2070	0.0153846153846
2460	0.0153846153846
10601	0.0153846153846
23372	0.0153846153846
28824	0.0153846153846
41818	0.0153846153846
51820	0.0153846153846
2411	0.0152671755725
7526	0.0151515151515
18119	0.0151515151515
37774	0.0151515151515
42056	0.0151515151515
47273	0.0151515151515
50079	0.0151515151515
53004	0.0151515151515
322	0.0149253731343
5124	0.0149253731343
17442	0.0149253731343
23230	0.0149253731343
41399	0.0149253731343
51102	0.0149253731343
16193	0.0147058823529
38642	0.0147058823529
51852	0.0147058823529
5279	0.0144927536232
10439	0.0144927536232
16919	0.0144927536232
38671	0.0144927536232
40974	0.0144927536232
14511	0.0142857142857
38547	0.0142857142857
41428	0.0142857142857
26762	0.0140845070423
50929	0.0140845070423
51196	0.0140845070423
52231	0.0140845070423
874	0.013986013986
12475	0.0138888888889
16838	0.0138888888889
51615	0.0138888888889
33922	0.0137931034483
10326	0.013698630137
18139	0.013698630137
32762	0.013698630137
41348	0.013698630137
18759	0.0135135135135
38748	0.0135135135135
33709	0.0133333333333
35275	0.0133333333333
51364	0.0133333333333
29603	0.0131578947368
57798	0.0131578947368
16448	0.012987012987
23222	0.012987012987
35516	0.012987012987
51229	0.012987012987
1528	0.0126582278481
8468	0.0126582278481
42414	0.0126582278481
32923	0.0125
34619	0.0125
1788	0.0123456790123
871	0.0121951219512
10463	0.0121951219512
29024	0.0121951219512
955	0.0121212121212
13385	0.0120481927711
33599	0.0120481927711
34191	0.0120481927711
40625	0.0120481927711
52991	0.0120481927711
39651	0.0119047619048
46620	0.0119047619048
53065	0.0119047619048
1638	0.0117647058824
22398	0.0117647058824
32700	0.0117647058824
39473	0.0117647058824
41113	0.0117647058824
13006	0.0116279069767
36894	0.0116279069767
41222	0.0116279069767
41382	0.0116279069767
256	0.0114942528736
4391	0.0113636363636
22589	0.0113636363636
32509	0.0113636363636
52560	0.0113636363636
1393	0.0112359550562
6748	0.0112359550562
5916	0.0111111111111
27033	0.0111111111111
52016	0.0111111111111
1323	0.0108695652174
6632	0.0108695652174
13927	0.0108695652174
13943	0.0108695652174
49448	0.0108695652174
4943	0.010752688172
51079	0.010752688172
29533	0.0106382978723
33716	0.0106382978723
41082	0.0106382978723
41102	0.0106382978723
11784	0.0105263157895
45587	0.0105263157895
52891	0.0105263157895
1132	0.0104166666667
28396	0.0104166666667
50506	0.0104166666667
1821	0.0103092783505
42483	0.0103092783505
43219	0.0103092783505
7513	0.0102040816327
33572	0.0102040816327
34943	0.0102040816327
41257	0.0102040816327
41935	0.0102040816327
18403	0.010101010101
47475	0.010101010101
41308	0.0100502512563
47633	0.01
52521	0.01
20636	0.00990099009901
42135	0.00990099009901
14730	0.00980392156863
39039	0.00980392156863
5113	0.00961538461538
5616	0.00955414012739
4745	0.00952380952381
19126	0.00952380952381
44538	0.00952380952381
52368	0.00952380952381
7645	0.00943396226415
26403	0.00943396226415
26868	0.00943396226415
50330	0.00943396226415
14275	0.00934579439252
2787	0.0093023255814
15986	0.00925925925926
26310	0.00925925925926
29855	0.00925925925926
38818	0.00925925925926
4604	0.00917431192661
21690	0.00917431192661
32411	0.00917431192661
33510	0.00917431192661
25416	0.00909090909091
2142	0.00892857142857
10789	0.00892857142857
17583	0.00892857142857
51765	0.00892857142857
5354	0.00884955752212
6404	0.00884955752212
20647	0.00884955752212
37184	0.00884955752212
38701	0.00884955752212
19429	0.00877192982456
24126	0.00877192982456
50812	0.00877192982456
392	0.00869565217391
2071	0.00862068965517
11489	0.00862068965517
41411	0.00862068965517
26711	0.00854700854701
34391	0.00854700854701
3826	0.00847457627119
15288	0.00847457627119
51988	0.00847457627119
29567	0.00840336134454
8246	0.00833333333333
14502	0.00833333333333
41279	0.00833333333333
30835	0.00829875518672
1087	0.00826446280992
22479	0.00826446280992
26437	0.00826446280992
32246	0.00826446280992
1169	0.00813008130081
1904	0.00813008130081
32809	0.00813008130081
3793	0.00806451612903
14277	0.00806451612903
128	0.008
24688	0.008
11087	0.00793650793651
50952	0.00793650793651
53134	0.00793650793651
10162	0.00787401574803
51164	0.00787401574803
11004	0.0078125
29818	0.0078125
9295	0.0077519379845
13058	0.0077519379845
30585	0.0077519379845
755	0.00769230769231
41161	0.00769230769231
172	0.00757575757576
26486	0.00757575757576
27063	0.00757575757576
38820	0.00757575757576
52555	0.00757575757576
4399	0.00751879699248
4704	0.00751879699248
51415	0.00746268656716
24017	0.00740740740741
27226	0.00740740740741
40351	0.00735294117647
41011	0.00735294117647
41287	0.00735294117647
34254	0.00729927007299
13067	0.00724637681159
13119	0.00719424460432
17318	0.00719424460432
51246	0.00719424460432
27952	0.00714285714286
11519	0.00709219858156
12585	0.00709219858156
13121	0.00709219858156
42609	0.00706713780919
26318	0.00704225352113
38194	0.00704225352113
22684	0.00699300699301
34109	0.00699300699301
41596	0.00699300699301
51179	0.00699300699301
12432	0.00694444444444
4337	0.00689655172414
11196	0.00684931506849
23440	0.00684931506849
3156	0.00680272108844
41552	0.00680272108844
51784	0.00680272108844
53344	0.00680272108844
32935	0.00675675675676
49398	0.00675675675676
15851	0.00671140939597
41246	0.00671140939597
6213	0.00666666666667
19314	0.00666666666667
15233	0.00662251655629
384	0.00657894736842
4413	0.00657894736842
13212	0.00657894736842
41250	0.00653594771242
41940	0.00653594771242
51680	0.00653594771242
41044	0.00652173913043
4508	0.00649350649351
38987	0.00647249190939
39426	0.00645161290323
456	0.00641025641026
1364	0.00638977635783
2574	0.00636942675159
2825	0.00636942675159
35360	0.00636942675159
52738	0.00636942675159
4743	0.00632911392405
15381	0.0062893081761
10157	0.00625
10443	0.00625
50652	0.00625
51699	0.00625
6679	0.00617283950617
29532	0.00617283950617
42954	0.00617283950617
42450	0.00613496932515
41062	0.00609756097561
48076	0.00609756097561
14206	0.00606060606061
2030	0.00600600600601
28047	0.00600600600601
32087	0.0059880239521
13660	0.00595238095238
34667	0.00595238095238
27723	0.00591715976331
38763	0.00588235294118
41278	0.00588235294118
24970	0.00581395348837
30802	0.00581395348837
40976	0.00581395348837
5116	0.00578034682081
33850	0.00576368876081
47774	0.00573065902579
41013	0.00571428571429
8229	0.00568181818182
27651	0.00568181818182
5367	0.00564971751412
18661	0.00561797752809
32042	0.00561797752809
12188	0.00558659217877
15373	0.00555555555556
16273	0.00555555555556
32483	0.00555555555556
34073	0.00555555555556
51038	0.00555555555556
2865	0.00552486187845
4675	0.00549450549451
25891	0.00549450549451
30938	0.00549450549451
4733	0.00546448087432
27949	0.00544959128065
54	0.0054347826087
31307	0.0054347826087
41227	0.0054347826087
50980	0.0054347826087
16076	0.00537634408602
22572	0.00531914893617
17066	0.00529100529101
23481	0.00527704485488
13317	0.00526315789474
44433	0.00526315789474
3288	0.00523560209424
21337	0.00523560209424
29705	0.00520833333333
32738	0.00520833333333
3781	0.00518134715026
1853	0.00515463917526
3198	0.00515463917526
9761	0.00512820512821
2595	0.00510204081633
15636	0.00506329113924
41090	0.00500625782228
12182	0.005
21978	0.005
29287	0.005
4695	0.00497512437811
4706	0.00497512437811
41025	0.00497512437811
41555	0.0049504950495
7303	0.00492610837438
27579	0.00492610837438
2515	0.004914004914
4121	0.00490196078431
1309	0.00487804878049
41366	0.00487804878049
41037	0.00480769230769
20529	0.00478468899522
5553	0.00477326968974
34929	0.00473933649289
38795	0.00473933649289
40289	0.00472813238771
5918	0.00471698113208
41146	0.00460829493088
2722	0.0045871559633
33377	0.00454545454545
40411	0.00454545454545
50937	0.0045045045045
40318	0.00448430493274
41140	0.00448430493274
6816	0.00446428571429
38493	0.00446428571429
37052	0.00442477876106
2785	0.00440528634361
4057	0.00438596491228
21648	0.00438596491228
4876	0.00436681222707
17068	0.00436681222707
37115	0.00434782608696
38206	0.00434782608696
41444	0.00434782608696
12423	0.00433839479393
1144	0.004329004329
10920	0.004329004329
41270	0.004329004329
210	0.00431034482759
30805	0.00431034482759
37104	0.00429184549356
51173	0.0042735042735
29309	0.00422832980973
9188	0.0042194092827
30849	0.0042194092827
45139	0.00420168067227
50327	0.00418410041841
18607	0.00416666666667
4339	0.00411522633745
1921	0.00406504065041
23667	0.00404858299595
27358	0.00404858299595
47637	0.00401606425703
31312	0.004
15207	0.00396825396825
41347	0.00395256916996
2110	0.00393700787402
41253	0.00393700787402
21797	0.00392927308448
41188	0.00392156862745
50944	0.00389105058366
13216	0.00387596899225
38080	0.003861003861
2152	0.00384615384615
40971	0.00384615384615
44184	0.00384615384615
18556	0.00383141762452
10251	0.00381679389313
9826	0.00380952380952
31138	0.00380228136882
50995	0.00378787878788
32862	0.00376647834275
7062	0.00374531835206
11504	0.00374531835206
29394	0.00374531835206
25405	0.00373134328358
29739	0.00373134328358
51158	0.00373134328358
17771	0.00371747211896
3139	0.00369003690037
41065	0.00367647058824
4711	0.003663003663
13952	0.003663003663
25414	0.003663003663
4335	0.0036496350365
27094	0.0036496350365
41417	0.00361010830325
2312	0.00359712230216
52018	0.00359712230216
11381	0.00358422939068
31400	0.00357142857143
25937	0.00355871886121
21558	0.00354609929078
53040	0.00354609929078
28407	0.00351493848858
51006	0.0034965034965
42912	0.00347222222222
11655	0.00343642611684
29145	0.00341296928328
1928	0.00340136054422
34637	0.003367003367
1239	0.00334448160535
5000	0.00334448160535
5512	0.00334448160535
7444	0.00334448160535
41258	0.00333333333333
41307	0.00333333333333
23999	0.003300330033
11481	0.00328947368421
41039	0.00328947368421
41067	0.00328947368421
41098	0.00328947368421
37225	0.00327868852459
118	0.00324675324675
27128	0.00323624595469
41126	0.00323624595469
35728	0.00322580645161
41972	0.00319488817891
41243	0.0031847133758
12467	0.00315457413249
26893	0.00314465408805
33621	0.003125
40982	0.00311526479751
6304	0.0031007751938
4868	0.0030959752322
18613	0.00305576776165
41000	0.00303951367781
39546	0.0030303030303
41029	0.0030303030303
34683	0.00302114803625
41609	0.003003003003
28810	0.00299401197605
7349	0.00296735905045
37198	0.00295857988166
10250	0.00294985250737
4764	0.0029197080292
2613	0.00290697674419
25554	0.00290697674419
2186	0.00290275761974
50957	0.00287356321839
4644	0.00285714285714
25324	0.00285714285714
2037	0.002849002849
5237	0.00284495021337
9252	0.00284090909091
216	0.00281690140845
3553	0.00281690140845
41132	0.00280898876404
879	0.00278551532033
30471	0.00277008310249
41374	0.00276243093923
3059	0.0027397260274
7442	0.00271002710027
9135	0.00271002710027
16420	0.00271002710027
24522	0.00269541778976
1438	0.00268096514745
41018	0.0026455026455
2733	0.00264200792602
20630	0.00263852242744
11664	0.00262467191601
31868	0.00260416666667
3689	0.00258397932817
4396	0.00257234726688
932	0.00251256281407
39709	0.00251256281407
41031	0.00251256281407
1119	0.00250941028858
1628	0.00250626566416
5420	0.00249687890137
10281	0.00248756218905
41092	0.00246305418719
40965	0.00245298446443
20173	0.00243309002433
31536	0.00243309002433
27525	0.0024154589372
4173	0.00240963855422
39447	0.00240384615385
3365	0.00240096038415
29277	0.00240096038415
35045	0.00237529691211
18307	0.00237247924081
11778	0.00235849056604
27890	0.00235849056604
4951	0.00235294117647
8397	0.00235294117647
38191	0.00235017626322
497	0.00232018561485
28832	0.00226757369615
1399	0.00224719101124
1503	0.00223588596982
45223	0.0022271714922
21545	0.00221238938053
40988	0.00220264317181
253	0.00218818380744
37961	0.00218818380744
15228	0.00217391304348
11169	0.0021645021645
33762	0.00215517241379
7340	0.00214132762313
19599	0.00214132762313
23782	0.00210970464135
27865	0.0020964360587
36392	0.002079002079
4937	0.0020725388601
35563	0.00205507603781
17711	0.0020366598778
41355	0.0020366598778
5768	0.00202839756592
41109	0.0020202020202
893	0.00201207243461
5673	0.00197238658777
9647	0.00195694716243
41985	0.0019120458891
1048	0.00190839694656
30269	0.00188679245283
51041	0.0018691588785
12998	0.00184842883549
3933	0.00184501845018
35136	0.00184501845018
22929	0.00183823529412
2333	0.0018315018315
11201	0.00181818181818
5809	0.00181488203267
40980	0.00179533213645
25098	0.00178890876565
1931	0.00178571428571
949	0.00177619893428
37737	0.00177304964539
22744	0.00176834659593
13955	0.00174825174825
9538	0.00171969045572
41116	0.00171526586621
1743	0.00170068027211
38925	0.00170068027211
31440	0.0016694490818
7175	0.00163666121113
2326	0.0016339869281
35049	0.00163132137031
20416	0.00162601626016
27809	0.00160256410256
28051	0.00159489633174
1984	0.00157977883096
900	0.00156739811912
38584	0.00156739811912
25113	0.0015503875969
17596	0.00153374233129
992	0.00152905198777
1135	0.00152671755725
27535	0.00151975683891
5120	0.00150829562594
4430	0.00149365197909
6427	0.00147275405007
4708	0.00145137880987
50863	0.0014409221902
37392	0.00143472022956
40987	0.00141843971631
33634	0.0013986013986
5432	0.00139567341242
38492	0.00139275766017
22383	0.00139178844816
20506	0.00135501355014
4655	0.00135409614083
2419	0.00134408602151
3133	0.00133689839572
35345	0.00132275132275
40995	0.00131752305665
3720	0.00131578947368
1680	0.00129533678756
1118	0.00128949065119
30899	0.00126262626263
9642	0.00125156445557
869	0.00122189638319
13111	0.00117716303708
14750	0.00117096018735
2290	0.00116686114352
38793	0.00116279069767
28405	0.00116009280742
3273	0.00111856823266
2007	0.00110619469027
4654	0.00109649122807
2898	0.00109409190372
18311	0.00108225108225
9200	0.0010582010582
5231	0.00104384133612
1902	0.00103092783505
5157	0.0010152284264
2344	0.00101317122594
39785	0.000996015936255
36398	0.000979431929481
2463	0.000960614793468
41068	0.000956937799043
5503	0.000954198473282
7312	0.000942951438001
4563	0.000931966449208
34367	0.000919963201472
4916	0.00090991810737
40962	0.000900090009001
2840	0.000886524822695
4518	0.000878734622144
25738	0.000873362445415
5519	0.000868055555556
12969	0.000862068965517
18777	0.000852514919011
4846	0.000787401574803
39136	0.000774593338497
868	0.000770416024653
26602	0.000763941940413
2745	0.000706713780919
8709	0.000670241286863
19598	0.00065274151436
38203	0.00054914881933
1497	0.000539956803456
4578	0.000537634408602
