6202	0.333333333333
12096	0.333333333333
15378	0.333333333333
31221	0.333333333333
35408	0.333333333333
38697	0.333333333333
51895	0.333333333333
60023	0.333333333333
7657	0.25
10764	0.25
52678	0.25
58872	0.25
8168	0.2
9257	0.2
22006	0.2
28576	0.2
45172	0.2
45512	0.2
48349	0.2
50001	0.2
50525	0.2
50889	0.2
54157	0.2
55565	0.2
33778	0.181818181818
18865	0.166666666667
44275	0.166666666667
46480	0.166666666667
54792	0.166666666667
56956	0.166666666667
22034	0.142857142857
30555	0.142857142857
37071	0.142857142857
51737	0.142857142857
52105	0.142857142857
52815	0.142857142857
42331	0.125
42583	0.125
43865	0.125
49451	0.125
1792	0.111111111111
13028	0.111111111111
17608	0.111111111111
21401	0.111111111111
24176	0.111111111111
30971	0.111111111111
33425	0.111111111111
42507	0.111111111111
52282	0.111111111111
6226	0.1
21899	0.1
35377	0.1
38902	0.1
41873	0.1
44289	0.1
52869	0.1
715	0.0909090909091
14405	0.0909090909091
20449	0.0909090909091
40484	0.0909090909091
60530	0.0909090909091
18516	0.0833333333333
23113	0.0833333333333
25920	0.0833333333333
34349	0.0833333333333
35086	0.0833333333333
37963	0.0833333333333
46858	0.0833333333333
52668	0.0833333333333
18124	0.0769230769231
19503	0.0769230769231
34688	0.0769230769231
35932	0.0769230769231
42546	0.0769230769231
43772	0.0769230769231
47288	0.0769230769231
59900	0.0769230769231
12171	0.0714285714286
15539	0.0714285714286
53264	0.0714285714286
15146	0.0666666666667
24728	0.0666666666667
29340	0.0666666666667
40076	0.0666666666667
6782	0.0625
48569	0.0625
9675	0.0588235294118
17666	0.0588235294118
36718	0.0588235294118
43877	0.0588235294118
46327	0.0588235294118
55942	0.0588235294118
60075	0.0588235294118
61013	0.0588235294118
10232	0.0555555555556
31363	0.0555555555556
37943	0.0555555555556
52171	0.0555555555556
3630	0.0526315789474
47233	0.0526315789474
50425	0.0526315789474
27542	0.05
31112	0.05
32841	0.05
41264	0.05
61231	0.05
27294	0.047619047619
41565	0.047619047619
45032	0.047619047619
45273	0.047619047619
17894	0.0454545454545
42186	0.0454545454545
42999	0.0454545454545
49262	0.0454545454545
52737	0.0454545454545
59592	0.0454545454545
60147	0.0454545454545
60600	0.0454545454545
30876	0.0434782608696
51110	0.0434782608696
60095	0.0434782608696
17992	0.0416666666667
22645	0.0416666666667
37740	0.0416666666667
11279	0.04
49960	0.04
38006	0.0384615384615
59605	0.0384615384615
18668	0.037037037037
38678	0.037037037037
43447	0.037037037037
50098	0.037037037037
60451	0.037037037037
6773	0.0357142857143
37167	0.0357142857143
42512	0.0357142857143
52690	0.0357142857143
52859	0.0357142857143
58864	0.0357142857143
1092	0.0344827586207
6095	0.0344827586207
34151	0.0333333333333
18256	0.0322580645161
22107	0.0322580645161
45390	0.0322580645161
51291	0.0322580645161
57364	0.0322580645161
6685	0.03125
30453	0.03125
39207	0.03125
51098	0.03125
29063	0.030303030303
43722	0.030303030303
43732	0.030303030303
11673	0.0294117647059
50905	0.0294117647059
51116	0.0294117647059
4122	0.0285714285714
22205	0.0285714285714
51933	0.0285714285714
52554	0.0285714285714
7531	0.0277777777778
9358	0.0277777777778
18959	0.0277777777778
43265	0.0277777777778
51130	0.0277777777778
165	0.027027027027
34503	0.027027027027
35950	0.027027027027
41970	0.027027027027
43222	0.027027027027
45605	0.0263157894737
60400	0.0263157894737
4814	0.025641025641
43066	0.025641025641
51391	0.025641025641
56707	0.025641025641
11854	0.025
45884	0.025
24575	0.0243902439024
30869	0.0243902439024
41658	0.0243902439024
33627	0.0238095238095
45636	0.0238095238095
46658	0.0238095238095
1103	0.0232558139535
4696	0.0232558139535
31169	0.0232558139535
41007	0.0232558139535
45004	0.0232558139535
52423	0.0232558139535
7393	0.0227272727273
3722	0.0222222222222
3867	0.0222222222222
14439	0.0222222222222
18506	0.0222222222222
34158	0.0222222222222
59872	0.0222222222222
4438	0.0217391304348
20363	0.0217391304348
26650	0.0217391304348
52156	0.0217391304348
52459	0.0217391304348
8941	0.0212765957447
13891	0.0212765957447
16943	0.0212765957447
34933	0.0212765957447
43238	0.0212765957447
9598	0.0208333333333
11353	0.0208333333333
39751	0.0208333333333
3934	0.0204081632653
30018	0.02
101	0.0196078431373
24487	0.0196078431373
33527	0.0196078431373
11322	0.0192307692308
51624	0.0192307692308
38681	0.0188679245283
42714	0.0188679245283
59509	0.0188679245283
41607	0.0185185185185
22234	0.0181818181818
28300	0.0181818181818
17280	0.0178571428571
53377	0.0172413793103
14860	0.0169491525424
41108	0.0168067226891
16364	0.0166666666667
10110	0.016393442623
30222	0.016393442623
35148	0.016393442623
18503	0.0161290322581
41627	0.0161290322581
51004	0.0161290322581
10046	0.015873015873
52682	0.015873015873
38661	0.015625
51353	0.015625
39782	0.0151515151515
48899	0.0151515151515
52043	0.0151515151515
15354	0.0149253731343
40973	0.0149253731343
44270	0.0149253731343
38547	0.0147058823529
41143	0.0147058823529
41428	0.0147058823529
51470	0.0144927536232
7749	0.0142857142857
1365	0.0138888888889
21795	0.013698630137
37792	0.013698630137
43269	0.013698630137
4334	0.0133333333333
2720	0.0131578947368
37686	0.0131578947368
19420	0.012987012987
22121	0.012987012987
53234	0.012987012987
5352	0.0128205128205
5371	0.0126582278481
42369	0.0126582278481
24316	0.0125
35968	0.0125
17723	0.0123456790123
6353	0.0121951219512
1638	0.0120481927711
10013	0.0120481927711
37162	0.0120481927711
11262	0.0119047619048
43575	0.0119047619048
38338	0.0114942528736
18327	0.0113636363636
27033	0.0113636363636
34443	0.0113636363636
31692	0.0112359550562
53194	0.0112359550562
9288	0.0111111111111
16408	0.010989010989
51492	0.010989010989
51707	0.010989010989
59627	0.010989010989
5455	0.0108695652174
41082	0.0108695652174
5712	0.010752688172
11760	0.010752688172
23643	0.010752688172
40819	0.010752688172
41102	0.010752688172
47265	0.0106382978723
33785	0.0105263157895
43219	0.0105263157895
52024	0.0105263157895
52350	0.0105263157895
4512	0.0103092783505
18403	0.0103092783505
18958	0.0103092783505
29583	0.0103092783505
27529	0.0102040816327
42053	0.0102040816327
22031	0.010101010101
39288	0.010101010101
41236	0.00990099009901
44035	0.00990099009901
3986	0.00980392156863
13124	0.00980392156863
41704	0.00980392156863
41023	0.00970873786408
52368	0.00970873786408
29444	0.00961538461538
50330	0.00961538461538
35951	0.00952380952381
52056	0.00952380952381
59890	0.00952380952381
32411	0.00934579439252
31656	0.00925925925926
47675	0.00925925925926
59611	0.00925925925926
10803	0.00917431192661
30925	0.00917431192661
15720	0.00900900900901
21377	0.00884955752212
28285	0.00884955752212
41056	0.00884955752212
41284	0.00884955752212
53001	0.00884955752212
10920	0.00877192982456
42977	0.00862068965517
27207	0.00854700854701
41279	0.00847457627119
616	0.00840336134454
22408	0.00840336134454
35420	0.00840336134454
100	0.00826446280992
43376	0.00826446280992
24688	0.00813008130081
5634	0.00806451612903
11087	0.00806451612903
6789	0.008
21734	0.008
43354	0.008
13633	0.00793650793651
29818	0.00793650793651
42270	0.00793650793651
41001	0.0078431372549
11060	0.0078125
17315	0.0078125
51568	0.0077519379845
4035	0.00769230769231
18836	0.00769230769231
50864	0.00766283524904
1752	0.00757575757576
4625	0.00757575757576
41011	0.00746268656716
554	0.00740740740741
14459	0.00735294117647
862	0.00724637681159
2610	0.00724637681159
27952	0.00724637681159
22534	0.00714285714286
41066	0.00714285714286
51676	0.00714285714286
46722	0.00699300699301
23299	0.00694444444444
27899	0.00694444444444
24457	0.00684931506849
19687	0.00675675675676
35199	0.00675675675676
1918	0.00666666666667
20335	0.00666666666667
21204	0.00662251655629
33780	0.00653594771242
39426	0.00653594771242
34967	0.00645161290323
15714	0.00641025641026
30789	0.00636942675159
34217	0.00636942675159
40482	0.00636942675159
7344	0.00632911392405
51145	0.00632911392405
51838	0.00632911392405
18835	0.0062893081761
22805	0.0062893081761
34121	0.0062893081761
9720	0.00617283950617
12149	0.00613496932515
14206	0.00613496932515
23211	0.00613496932515
29024	0.00613496932515
40992	0.00613496932515
9586	0.00606060606061
20675	0.00606060606061
32087	0.00606060606061
2030	0.00604229607251
22070	0.00602409638554
11776	0.00591715976331
41544	0.00591715976331
30466	0.00588235294118
41034	0.0058651026393
37238	0.00578034682081
452	0.00571428571429
5367	0.00571428571429
7460	0.00571428571429
3842	0.00564971751412
33879	0.00564971751412
50913	0.00564971751412
51038	0.00561797752809
30938	0.00555555555556
26599	0.00549450549451
50980	0.00549450549451
35809	0.00544959128065
22230	0.00537634408602
35514	0.0053050397878
23688	0.00526315789474
32418	0.00526315789474
26195	0.00518134715026
12824	0.00515463917526
15083	0.00512820512821
59604	0.00512820512821
15636	0.00508905852417
24684	0.00506329113924
39709	0.00506329113924
10166	0.00505050505051
41942	0.00505050505051
27579	0.00497512437811
23388	0.0049504950495
1739	0.00492610837438
20173	0.00490196078431
25431	0.00478468899522
53069	0.00473933649289
13933	0.0046511627907
29852	0.0046511627907
41146	0.0046511627907
50851	0.00462962962963
1632	0.00456621004566
21523	0.00454545454545
26934	0.00454545454545
40978	0.00454545454545
50937	0.00454545454545
14749	0.00448430493274
21648	0.00442477876106
6372	0.00440528634361
44281	0.00440528634361
52471	0.00436681222707
4327	0.00434782608696
41058	0.00434782608696
30849	0.00425531914894
47628	0.00423728813559
44117	0.00414937759336
6803	0.00411522633745
17147	0.00408163265306
35847	0.00408163265306
41194	0.00408163265306
33895	0.00406504065041
37427	0.00406504065041
40984	0.00406504065041
31312	0.00403225806452
13216	0.00390625
31877	0.00389105058366
18556	0.003861003861
10251	0.00384615384615
30691	0.00383141762452
41326	0.00383141762452
39602	0.00380228136882
7062	0.00377358490566
17771	0.00374531835206
37775	0.00374531835206
27489	0.0037037037037
18414	0.00367647058824
11201	0.0036563071298
5218	0.00364298724954
6564	0.0036231884058
31400	0.00359712230216
16449	0.00357142857143
3991	0.00352112676056
51006	0.00352112676056
6954	0.00347222222222
41042	0.00340136054422
7261	0.00337268128162
5512	0.003367003367
35958	0.00335570469799
41307	0.00335570469799
6360	0.00334448160535
41067	0.00331125827815
2409	0.00328947368421
22643	0.00328947368421
51156	0.00328947368421
41972	0.0032154340836
16927	0.00320512820513
41243	0.00320512820513
26893	0.00316455696203
41015	0.00315457413249
18361	0.003125
32453	0.003125
4868	0.00311526479751
25113	0.00311526479751
41156	0.00308641975309
41434	0.00305810397554
5120	0.0030303030303
11232	0.0030303030303
40964	0.00302114803625
39785	0.003
7349	0.00298507462687
18701	0.00297619047619
10250	0.00296735905045
23786	0.00295857988166
47611	0.00291545189504
41048	0.0028818443804
4644	0.00287356321839
2037	0.00285714285714
11727	0.00284360189573
7317	0.00282485875706
34830	0.00282485875706
5622	0.00281690140845
11359	0.00280112044818
15373	0.00278551532033
29971	0.00278551532033
16917	0.00276243093923
21323	0.0027397260274
27949	0.00273224043716
37993	0.00273224043716
16420	0.00272479564033
19547	0.00268096514745
35345	0.00265604249668
2381	0.00264900662252
23481	0.0026455026455
40995	0.0026455026455
41129	0.00263852242744
42156	0.00260416666667
31483	0.00258397932817
51133	0.00255102040816
932	0.00252525252525
5420	0.00250312891114
10281	0.0025
2515	0.00246305418719
31536	0.00244498777506
33678	0.00243902439024
27525	0.00242718446602
25586	0.00238663484487
11778	0.00236966824645
4951	0.00236406619385
38191	0.00235571260306
562	0.002331002331
22251	0.002331002331
31830	0.002331002331
3273	0.00224466891134
34224	0.00223214285714
21545	0.00222222222222
3280	0.00221238938053
41332	0.00221238938053
37961	0.0021978021978
35703	0.00217391304348
19599	0.00215053763441
23782	0.0021186440678
39549	0.00207468879668
17711	0.00204498977505
41355	0.00204498977505
5768	0.0020366598778
34169	0.00202429149798
17586	0.001953125
34751	0.00194931773879
5204	0.00193548387097
2463	0.0019267822736
28821	0.00191938579655
41985	0.00191938579655
1048	0.0019120458891
9826	0.00190839694656
30269	0.00189393939394
32612	0.00187265917603
12998	0.00185528756957
3933	0.00184842883549
22929	0.00184162062615
37426	0.00183486238532
21745	0.0018281535649
39915	0.00182481751825
4489	0.00179856115108
51212	0.0017667844523
13955	0.00175438596491
29863	0.00175438596491
25738	0.00175131348511
11655	0.00172117039587
41116	0.00172117039587
38925	0.00170648464164
7175	0.00164203612479
2326	0.0016393442623
16209	0.00163666121113
12610	0.00163132137031
13339	0.00160256410256
1064	0.0015873015873
900	0.00157232704403
38584	0.00157232704403
23150	0.00155279503106
5643	0.00154083204931
18613	0.00152788388083
20542	0.0015243902439
27535	0.0015243902439
4764	0.00146198830409
50863	0.0014450867052
26584	0.0014409221902
37392	0.00143884892086
3059	0.00137174211248
2419	0.00134770889488
8709	0.00134318334453
5112	0.00133333333333
1422	0.00132275132275
2733	0.00132275132275
4518	0.00131984161901
19598	0.00130804447351
1118	0.00129115558425
4396	0.00128617363344
41031	0.00125786163522
9642	0.00125470514429
41090	0.00125
35563	0.00123304562269
29277	0.00120192307692
27890	0.00118063754427
13111	0.00117855038303
14750	0.00117370892019
30980	0.00116144018583
1503	0.00111794298491
2007	0.00110864745011
4654	0.0010989010989
253	0.00109529025192
28742	0.00107296137339
7340	0.0010718113612
5231	0.00104493207941
4937	0.00103734439834
2	0.00102145045965
4655	0.00101591601761
893	0.0010060362173
11	0.000999000999001
36398	0.000981354268891
41068	0.000958772770853
5503	0.000956022944551
4563	0.00093370681606
5809	0.000908265213442
40962	0.000901713255185
26805	0.000892857142857
38794	0.000892857142857
2840	0.00088809946714
22744	0.000884955752212
6427	0.000883652430044
5519	0.000869565217391
9538	0.000860585197935
76	0.000836120401338
22743	0.000821692686935
6812	0.000821018062397
40965	0.000817661488144
28051	0.000798084596967
4846	0.000788643533123
39136	0.00077579519007
868	0.000771604938272
26602	0.000765110941086
4430	0.000747384155456
19601	0.000733675715334
41016	0.000727802037846
5432	0.000698324022346
22383	0.000696378830084
2290	0.000583771161705
38793	0.000581733566027
38203	0.000549752611325
1497	0.000540540540541
5157	0.000507872016252
869	0.000488639139995
7312	0.000471698113208
