9606	0.166666666667
13051	0.166666666667
14273	0.166666666667
44936	0.166666666667
45351	0.166666666667
54434	0.166666666667
57119	0.166666666667
1320	0.142857142857
1514	0.142857142857
4853	0.142857142857
13557	0.142857142857
23374	0.142857142857
26184	0.142857142857
26922	0.142857142857
27834	0.142857142857
28654	0.142857142857
37119	0.142857142857
37631	0.142857142857
50312	0.142857142857
53394	0.142857142857
57125	0.142857142857
59244	0.142857142857
59493	0.142857142857
2105	0.125
15930	0.125
16844	0.125
23188	0.125
27654	0.125
44895	0.125
45225	0.125
52594	0.125
58515	0.125
2877	0.111111111111
4805	0.111111111111
12961	0.111111111111
26685	0.111111111111
29221	0.111111111111
36016	0.111111111111
42709	0.111111111111
45467	0.111111111111
48377	0.111111111111
59696	0.111111111111
6313	0.1
7241	0.1
21448	0.1
22072	0.1
22363	0.1
33238	0.1
37155	0.1
40576	0.1
43167	0.1
47412	0.1
55068	0.1
58139	0.1
11432	0.0909090909091
19668	0.0909090909091
22404	0.0909090909091
28408	0.0909090909091
29973	0.0909090909091
31402	0.0909090909091
33167	0.0909090909091
36984	0.0909090909091
49076	0.0909090909091
58690	0.0909090909091
59444	0.0909090909091
1513	0.0833333333333
6475	0.0833333333333
10338	0.0833333333333
13924	0.0833333333333
18407	0.0833333333333
20463	0.0833333333333
26949	0.0833333333333
29827	0.0833333333333
40765	0.0833333333333
46394	0.0833333333333
48848	0.0833333333333
50662	0.0833333333333
58438	0.0833333333333
11014	0.0769230769231
11125	0.0769230769231
14512	0.0769230769231
15434	0.0769230769231
17268	0.0769230769231
19010	0.0769230769231
26284	0.0769230769231
30727	0.0769230769231
32436	0.0769230769231
40917	0.0769230769231
54247	0.0769230769231
58950	0.0769230769231
60452	0.0769230769231
1442	0.0714285714286
2650	0.0714285714286
13133	0.0714285714286
37401	0.0714285714286
41561	0.0714285714286
41582	0.0714285714286
52597	0.0714285714286
53415	0.0714285714286
58224	0.0714285714286
331	0.0666666666667
2372	0.0666666666667
10672	0.0666666666667
13131	0.0666666666667
17737	0.0666666666667
43426	0.0666666666667
49020	0.0666666666667
8659	0.0645161290323
6234	0.0625
15543	0.0625
26147	0.0625
46966	0.0625
3090	0.0588235294118
3123	0.0588235294118
18092	0.0588235294118
19783	0.0588235294118
20811	0.0588235294118
23184	0.0588235294118
24520	0.0588235294118
26824	0.0588235294118
33812	0.0588235294118
47199	0.0588235294118
50947	0.0588235294118
3313	0.0555555555556
4488	0.0555555555556
19527	0.0555555555556
32615	0.0555555555556
50301	0.0555555555556
208	0.0526315789474
5573	0.0526315789474
11777	0.0526315789474
16040	0.0526315789474
37068	0.0526315789474
42222	0.0526315789474
42342	0.0526315789474
21660	0.05
34139	0.05
43275	0.05
1907	0.047619047619
18908	0.047619047619
27082	0.047619047619
47247	0.047619047619
51574	0.047619047619
58287	0.047619047619
60513	0.047619047619
2088	0.0454545454545
3552	0.0454545454545
3938	0.0454545454545
7545	0.0454545454545
11410	0.0454545454545
18196	0.0454545454545
22458	0.0454545454545
32718	0.0454545454545
42850	0.0454545454545
43121	0.0454545454545
55367	0.0454545454545
4442	0.0434782608696
6728	0.0434782608696
32894	0.0434782608696
52744	0.0434782608696
1592	0.0416666666667
3939	0.0416666666667
7417	0.0416666666667
11068	0.0416666666667
12133	0.0416666666667
13353	0.0416666666667
19903	0.0416666666667
34889	0.0416666666667
43037	0.0416666666667
43192	0.0416666666667
735	0.04
1099	0.04
11662	0.04
12080	0.04
17413	0.04
19800	0.04
35513	0.04
51172	0.04
30056	0.0384615384615
41901	0.0384615384615
51752	0.0384615384615
59518	0.0384615384615
2404	0.037037037037
4080	0.037037037037
5159	0.037037037037
13988	0.037037037037
36056	0.037037037037
37400	0.037037037037
41761	0.037037037037
43321	0.037037037037
52585	0.037037037037
2137	0.0363636363636
42396	0.0363636363636
13840	0.0357142857143
33818	0.0357142857143
43387	0.0357142857143
850	0.0344827586207
3523	0.0344827586207
40243	0.0344827586207
41178	0.0344827586207
41611	0.0344827586207
43453	0.0344827586207
53349	0.0344827586207
11190	0.0333333333333
18603	0.0333333333333
29177	0.0333333333333
36188	0.0333333333333
38516	0.0333333333333
43447	0.0333333333333
51551	0.0333333333333
493	0.0322580645161
1341	0.0322580645161
2291	0.0322580645161
12964	0.0322580645161
19290	0.0322580645161
38665	0.0322580645161
42822	0.0322580645161
59137	0.0322580645161
1818	0.03125
15881	0.03125
21664	0.03125
25156	0.03125
40620	0.03125
51186	0.03125
3918	0.030303030303
12106	0.030303030303
17239	0.030303030303
18846	0.030303030303
22705	0.030303030303
25836	0.030303030303
34360	0.030303030303
38003	0.030303030303
45184	0.030303030303
1120	0.0294117647059
11063	0.0294117647059
12993	0.0294117647059
18956	0.0294117647059
26818	0.0294117647059
34622	0.0294117647059
39189	0.0294117647059
41754	0.0294117647059
45118	0.0294117647059
6920	0.0289855072464
6383	0.0285714285714
13227	0.0285714285714
27504	0.0285714285714
32814	0.0285714285714
42731	0.0285714285714
59875	0.0285714285714
10922	0.0277777777778
19099	0.0277777777778
23540	0.0277777777778
29416	0.0277777777778
41309	0.0277777777778
51390	0.0277777777778
53243	0.0277777777778
59587	0.0277777777778
13061	0.027027027027
15377	0.027027027027
24999	0.027027027027
28165	0.027027027027
31954	0.027027027027
40594	0.027027027027
42891	0.027027027027
52232	0.027027027027
56	0.0263157894737
885	0.0263157894737
13922	0.0263157894737
19661	0.0263157894737
26809	0.0263157894737
36833	0.0263157894737
40096	0.0263157894737
6391	0.025641025641
15206	0.025641025641
26590	0.025641025641
47861	0.025641025641
50348	0.025641025641
51657	0.025641025641
52123	0.025641025641
27207	0.0254237288136
42308	0.0252100840336
1345	0.025
5448	0.025
9207	0.025
14593	0.025
28708	0.025
38880	0.025
41230	0.025
41878	0.025
42344	0.0246913580247
167	0.0243902439024
2838	0.0243902439024
6368	0.0243902439024
8088	0.0243902439024
15192	0.0243902439024
15447	0.0243902439024
39006	0.0243902439024
52465	0.0243902439024
12795	0.0238095238095
14096	0.0238095238095
14859	0.0238095238095
26509	0.0238095238095
41827	0.0238095238095
41923	0.0238095238095
13147	0.0232558139535
24099	0.0232558139535
28536	0.0232558139535
32006	0.0232558139535
35808	0.0232558139535
41449	0.0232558139535
41763	0.0232558139535
778	0.0227272727273
3749	0.0227272727273
13306	0.0227272727273
14251	0.0227272727273
15869	0.0227272727273
19657	0.0227272727273
20465	0.0227272727273
35203	0.0227272727273
41599	0.0227272727273
4048	0.0222222222222
10022	0.0222222222222
29379	0.0222222222222
41455	0.0222222222222
49431	0.0222222222222
2092	0.0217391304348
4650	0.0217391304348
32406	0.0217391304348
32493	0.0217391304348
34094	0.0217391304348
42819	0.0217391304348
43603	0.0217391304348
51386	0.0217391304348
53320	0.0217391304348
6235	0.0212765957447
44286	0.0212765957447
44500	0.0212765957447
46121	0.0212765957447
285	0.0208333333333
51057	0.0208333333333
3915	0.0204081632653
7430	0.0204081632653
42132	0.0204081632653
55194	0.0204081632653
2310	0.02
31428	0.02
33155	0.02
39528	0.02
43663	0.02
5267	0.0196078431373
32631	0.0192307692308
36475	0.0192307692308
42474	0.0192307692308
50893	0.0192307692308
4490	0.0188679245283
27508	0.0188679245283
41286	0.0188679245283
42360	0.0188679245283
9669	0.0185185185185
27522	0.0185185185185
3316	0.0183486238532
19761	0.0181818181818
32988	0.0181818181818
34532	0.0181818181818
41656	0.0181818181818
43744	0.0181818181818
51050	0.0181818181818
32659	0.0178571428571
52573	0.0178571428571
11511	0.0175438596491
30751	0.0175438596491
34670	0.0175438596491
47064	0.0175438596491
52931	0.0175438596491
3979	0.0172413793103
7330	0.0172413793103
8948	0.0172413793103
15325	0.0172413793103
34524	0.0172413793103
35953	0.0172413793103
41762	0.0172413793103
42643	0.0172413793103
1098	0.0169491525424
2734	0.0169491525424
4289	0.0169491525424
7073	0.0169491525424
8279	0.0169491525424
17735	0.0169491525424
33930	0.0169491525424
34672	0.0169491525424
41351	0.0169491525424
52064	0.0169491525424
52392	0.0169491525424
48489	0.0168539325843
20418	0.0166666666667
28579	0.0166666666667
4787	0.016393442623
50941	0.016393442623
52034	0.016393442623
39194	0.0161290322581
10162	0.0157480314961
21734	0.0157480314961
26777	0.015625
28781	0.015625
34749	0.015625
34950	0.015625
42354	0.015625
11559	0.0153846153846
36120	0.0153846153846
42883	0.0153846153846
42925	0.0153846153846
57430	0.0153846153846
7462	0.0151515151515
12454	0.0151515151515
19775	0.0151515151515
32728	0.0151515151515
35940	0.0151515151515
41818	0.0151515151515
2644	0.0149253731343
7526	0.0149253731343
25987	0.0149253731343
42556	0.0149253731343
17442	0.0147058823529
37208	0.0147058823529
44993	0.0147058823529
4318	0.0144927536232
22332	0.0144927536232
34115	0.0144927536232
52458	0.0144927536232
32822	0.0142857142857
1487	0.0140845070423
26172	0.0140845070423
41241	0.0140845070423
41712	0.0140845070423
42029	0.0140845070423
51099	0.0140186915888
1180	0.0138888888889
1877	0.0138888888889
51470	0.0138888888889
4753	0.013698630137
13092	0.013698630137
16838	0.013698630137
22873	0.013698630137
28415	0.013698630137
50494	0.013698630137
51615	0.013698630137
51623	0.013698630137
51937	0.013698630137
17303	0.0135135135135
36736	0.0135135135135
40318	0.0135135135135
41348	0.0135135135135
44136	0.0135135135135
7346	0.0133333333333
18596	0.0133333333333
33934	0.0133333333333
46731	0.0133333333333
52276	0.0133333333333
6693	0.0131578947368
35275	0.0131578947368
41224	0.0131578947368
26313	0.012987012987
27387	0.012987012987
26600	0.0128205128205
50642	0.0128205128205
21983	0.0125
42040	0.0125
48676	0.0123456790123
51967	0.0123456790123
4814	0.0121951219512
41533	0.0121951219512
51250	0.0121951219512
3385	0.0120481927711
13999	0.0120481927711
42339	0.0120481927711
11553	0.0119047619048
41833	0.0119047619048
10343	0.0117647058824
2410	0.0116279069767
51197	0.0116279069767
37776	0.0114942528736
43575	0.0114942528736
59133	0.0114942528736
41326	0.0114503816794
15188	0.0112359550562
21557	0.0112359550562
52564	0.0112359550562
55746	0.0112359550562
3861	0.0111111111111
51892	0.0111111111111
4752	0.010989010989
27033	0.010989010989
51044	0.010989010989
3194	0.0108695652174
4174	0.0108695652174
52283	0.0108695652174
3294	0.010752688172
52357	0.010752688172
59562	0.010752688172
5023	0.0106382978723
10890	0.0106382978723
51337	0.0106382978723
4770	0.0105263157895
5455	0.0105263157895
25027	0.0105263157895
1975	0.0104166666667
3664	0.0104166666667
29356	0.0104166666667
40819	0.0104166666667
42555	0.0104166666667
42799	0.0104166666667
46277	0.0104166666667
563	0.0103092783505
41206	0.0103092783505
50506	0.0103092783505
53039	0.0103092783505
492	0.0102564102564
24612	0.0102040816327
51573	0.0102040816327
7513	0.010101010101
52062	0.010101010101
3077	0.01
26162	0.01
32626	0.01
41308	0.01
43749	0.01
42135	0.00980392156863
6634	0.00970873786408
27649	0.00970873786408
39002	0.00970873786408
51139	0.00970873786408
71	0.00961538461538
6330	0.00961538461538
18643	0.00961538461538
41182	0.00961538461538
13428	0.00943396226415
52368	0.00943396226415
3120	0.00934579439252
41640	0.00934579439252
33971	0.00925925925926
35951	0.00925925925926
25413	0.00921658986175
33552	0.00917431192661
38818	0.00917431192661
44776	0.00917431192661
11383	0.00909090909091
47292	0.00909090909091
29492	0.00900900900901
41328	0.00900900900901
45093	0.00900900900901
3544	0.00892857142857
25240	0.00892857142857
10789	0.00884955752212
18563	0.00884955752212
51232	0.00884955752212
2927	0.00877192982456
3006	0.00877192982456
21696	0.00869565217391
17015	0.00862068965517
2071	0.00854700854701
11489	0.00854700854701
21252	0.00854700854701
53361	0.00854700854701
1362	0.00847457627119
7427	0.00840336134454
39383	0.00836820083682
25810	0.00833333333333
14698	0.00826446280992
39478	0.00819672131148
41099	0.00819672131148
41443	0.00819672131148
41693	0.00819672131148
41793	0.00819672131148
41108	0.00813008130081
27358	0.0080971659919
29218	0.00806451612903
27320	0.008
29543	0.008
60331	0.008
49749	0.00793650793651
5575	0.00787401574803
26416	0.0077519379845
32120	0.0077519379845
41001	0.0077519379845
19799	0.00769230769231
51225	0.00769230769231
35021	0.00754716981132
39602	0.00754716981132
30635	0.00751879699248
51266	0.00751879699248
4399	0.00749063670412
4280	0.00746268656716
41092	0.00740740740741
52240	0.00740740740741
40847	0.00735294117647
1676	0.00732600732601
9646	0.00729927007299
4242	0.00727272727273
34254	0.00724637681159
36897	0.00724637681159
5553	0.00715990453461
17318	0.00714285714286
34350	0.00714285714286
11778	0.00709219858156
40289	0.00709219858156
50903	0.00709219858156
12585	0.00704225352113
13121	0.00704225352113
26098	0.00704225352113
17301	0.00699300699301
51006	0.00699300699301
57861	0.00699300699301
35047	0.00694444444444
41596	0.00694444444444
4418	0.00689655172414
11655	0.00688468158348
29145	0.00682593856655
17152	0.00680272108844
21311	0.00680272108844
24429	0.00680272108844
51575	0.00680272108844
36364	0.00675675675676
42145	0.00675675675676
53344	0.00675675675676
17637	0.00671140939597
1239	0.0066889632107
7444	0.0066889632107
51027	0.00666666666667
41093	0.00662251655629
40989	0.00653594771242
3533	0.00649350649351
7299	0.00647249190939
33780	0.00641025641026
456	0.00636942675159
7509	0.00636942675159
27527	0.00636942675159
41060	0.00636942675159
35360	0.00632911392405
18340	0.0062893081761
13642	0.00625
30762	0.00625
3598	0.00621118012422
12194	0.00621118012422
50652	0.00621118012422
51145	0.00621118012422
51699	0.00621118012422
22026	0.00617283950617
22805	0.00617283950617
25332	0.00617283950617
40489	0.00613496932515
41156	0.00613496932515
42954	0.00613496932515
42450	0.00609756097561
11000	0.00606060606061
48076	0.00606060606061
29686	0.00604229607251
3369	0.0059880239521
19897	0.00595238095238
22579	0.00595238095238
23001	0.00595238095238
32087	0.00595238095238
40625	0.00595238095238
50897	0.00595238095238
7349	0.00593471810089
2142	0.00591715976331
22070	0.00591715976331
33862	0.00591715976331
34667	0.00591715976331
35144	0.00588235294118
1170	0.00584795321637
38763	0.00584795321637
2186	0.00581395348837
25732	0.00581395348837
41544	0.00581395348837
25078	0.00579710144928
24970	0.00578034682081
51213	0.00578034682081
3788	0.00576368876081
23248	0.00574712643678
41048	0.00573065902579
10792	0.00571428571429
25376	0.00568181818182
41546	0.00568181818182
50855	0.00568181818182
40999	0.00567107750473
17277	0.00564971751412
18813	0.00564971751412
41404	0.00564971751412
7505	0.00561797752809
18661	0.00558659217877
32042	0.00558659217877
12188	0.00555555555556
30812	0.00555555555556
29971	0.00554016620499
50933	0.00547945205479
4675	0.00546448087432
30938	0.00546448087432
51112	0.0054347826087
2216	0.00531914893617
35345	0.0053050397878
896	0.00529100529101
22230	0.00529100529101
22524	0.00529100529101
22572	0.00529100529101
41452	0.00529100529101
867	0.00527704485488
20800	0.00526315789474
41530	0.00526315789474
13317	0.00523560209424
33656	0.00523560209424
29705	0.00518134715026
32418	0.00518134715026
32738	0.00518134715026
42156	0.00518134715026
7956	0.00515463917526
18972	0.00515463917526
40541	0.00515463917526
41116	0.00515463917526
1853	0.00512820512821
26195	0.00510204081633
12824	0.00507614213198
27471	0.00507614213198
17306	0.00502512562814
52029	0.00502512562814
10281	0.00497512437811
41942	0.00497512437811
42328	0.00497512437811
1489	0.00490196078431
1739	0.00485436893204
41366	0.00485436893204
41012	0.0048309178744
41370	0.00480769230769
22971	0.00479616306954
17946	0.00473933649289
13742	0.00471698113208
34929	0.00471698113208
38795	0.00471698113208
4951	0.00470588235294
13095	0.0046511627907
32823	0.00462962962963
10727	0.00456621004566
50875	0.00456621004566
3273	0.00448430493274
26934	0.00448430493274
50937	0.00448430493274
14360	0.00444444444444
41274	0.00444444444444
4137	0.00435729847495
51724	0.00434782608696
3419	0.00433839479393
38206	0.004329004329
41444	0.004329004329
1144	0.00431034482759
4390	0.00431034482759
27927	0.00431034482759
52471	0.00431034482759
210	0.00429184549356
4327	0.00429184549356
23742	0.00429184549356
39483	0.00429184549356
19599	0.00428265524625
18205	0.00423728813559
23782	0.0042194092827
27404	0.00420168067227
41054	0.00420168067227
76	0.00418410041841
25051	0.004158004158
18607	0.00414937759336
39027	0.00414937759336
28155	0.00411522633745
41355	0.0040733197556
34169	0.00403225806452
15207	0.00395256916996
34920	0.00395256916996
16956	0.00393700787402
41347	0.00393700787402
41188	0.00390625
2152	0.00383141762452
29909	0.00383141762452
29992	0.00383141762452
39852	0.00383141762452
41095	0.00383141762452
41985	0.0038240917782
1048	0.00382043935053
2313	0.00378787878788
1119	0.00376411543287
51041	0.00373831775701
25405	0.00371747211896
51158	0.00371747211896
17771	0.0037037037037
13935	0.00369685767098
5599	0.00369003690037
3139	0.00367647058824
17605	0.00367647058824
4335	0.00363636363636
7390	0.00363636363636
18414	0.00363636363636
27094	0.00363636363636
41364	0.0036231884058
41417	0.00359712230216
41583	0.00359066427289
3747	0.00358422939068
4489	0.00358422939068
5460	0.00358422939068
6564	0.00358422939068
41368	0.00358422939068
52018	0.00358422939068
862	0.00357142857143
32832	0.00355871886121
37737	0.00354609929078
39585	0.00354609929078
11746	0.00353356890459
21558	0.00353356890459
42609	0.00350877192982
40969	0.0034965034965
3991	0.00348432055749
25444	0.00347222222222
42912	0.00346020761246
21772	0.00344827586207
6954	0.00343642611684
7214	0.00342465753425
1743	0.00340136054422
1928	0.00338983050847
18699	0.00337837837838
7261	0.00335570469799
34548	0.00334448160535
5000	0.00334075723831
5512	0.00333333333333
24958	0.00332225913621
1918	0.00328947368421
41039	0.00327868852459
41067	0.00327868852459
41098	0.00327868852459
41403	0.00324675324675
12121	0.00323624595469
32188	0.00323624595469
41126	0.00322580645161
38987	0.0032154340836
28051	0.00319233838787
41972	0.0031847133758
1364	0.0031746031746
1064	0.00316455696203
1984	0.00315955766193
27906	0.00315457413249
900	0.00313479623824
33621	0.00311526479751
4868	0.00308641975309
5643	0.00307219662058
511	0.00305810397554
40972	0.0030487804878
39546	0.00302114803625
3535	0.003003003003
11	0.00299401197605
41609	0.00299401197605
4430	0.00298953662182
3943	0.00298507462687
3260	0.00296735905045
29591	0.00296735905045
37198	0.00294985250737
34147	0.00294117647059
11307	0.00292397660819
2613	0.00290275761974
4708	0.00290275761974
41034	0.00289855072464
29453	0.0028901734104
50939	0.00287356321839
5503	0.00286532951289
34897	0.00285714285714
47774	0.002849002849
742	0.0028328611898
2745	0.00283085633404
27651	0.00282485875706
216	0.00280898876404
3553	0.00280898876404
25453	0.00280112044818
5432	0.00279329608939
5622	0.00279329608939
30799	0.00279329608939
41097	0.00277008310249
15373	0.00276243093923
34367	0.00276243093923
22929	0.00275735294118
41374	0.00275482093664
3059	0.00273597811218
20506	0.00271002710027
37993	0.00271002710027
7442	0.0027027027027
4153	0.00269541778976
1438	0.00267379679144
18515	0.00267379679144
5112	0.00266489007328
19547	0.00265957446809
12017	0.0026525198939
41018	0.00264200792602
40995	0.00263504611331
870	0.00262467191601
5519	0.00260642919201
23688	0.00260416666667
41010	0.00258397932817
51096	0.00253164556962
51133	0.00253164556962
41031	0.00250941028858
932	0.00250626566416
39709	0.00250626566416
1628	0.00250312891114
9642	0.00250312891114
5420	0.00249376558603
40965	0.00245098039216
2515	0.00244498777506
41467	0.00243902439024
31536	0.00242718446602
41027	0.00240963855422
4173	0.00240384615385
39447	0.00240096038415
18307	0.00236966824645
25586	0.00236966824645
35045	0.00236966824645
4846	0.00236406619385
13111	0.00235571260306
7518	0.00235294117647
8397	0.00234741784038
30980	0.00231749710313
497	0.00231481481481
562	0.00231481481481
31830	0.00231481481481
868	0.00231303006939
18613	0.00228832951945
3827	0.00227272727273
29861	0.00225733634312
23666	0.00224719101124
20075	0.00223713646532
3280	0.0021978021978
40988	0.0021978021978
41332	0.0021978021978
253	0.00218579234973
5693	0.00217391304348
15228	0.00216919739696
18311	0.0021645021645
11169	0.00215982721382
12423	0.00215982721382
35703	0.00215982721382
41058	0.00215517241379
41003	0.00214132762313
36394	0.00210526315789
3531	0.00210084033613
22383	0.00208768267223
17938	0.00205761316872
35563	0.00205423171734
5593	0.00204081632653
17711	0.0020325203252
39785	0.00199203187251
5673	0.00196850393701
34858	0.00196850393701
21797	0.00195694716243
3527	0.00194552529183
1118	0.00193423597679
2463	0.00192122958694
40971	0.00191570881226
28821	0.00190839694656
9826	0.00189753320683
11727	0.00188857412653
7312	0.00188679245283
30269	0.00188323917137
32862	0.00187617260788
8732	0.0018691588785
4563	0.00186393289842
32612	0.00186219739292
12998	0.00184501845018
27489	0.00183823529412
37426	0.00182481751825
4916	0.00181983621474
11201	0.00181488203267
40962	0.001800180018
2312	0.00179211469534
40980	0.00179211469534
1931	0.0017825311943
13056	0.0017793594306
949	0.00177304964539
4518	0.00175824175824
51212	0.00175746924429
2290	0.00175029171529
25738	0.00174672489083
41074	0.00174520069808
9538	0.00171821305842
18777	0.00170502983802
37111	0.0016835016835
31440	0.00166805671393
14253	0.00165289256198
38203	0.00164835164835
6812	0.0016393442623
7175	0.0016339869281
16209	0.00162866449511
35049	0.00162866449511
20416	0.00162337662338
1497	0.00162074554295
4578	0.00161377084454
17355	0.00161290322581
13339	0.00159489633174
5231	0.00156576200418
39136	0.00154918667699
26602	0.00152788388083
992	0.00152671755725
1135	0.0015243902439
27535	0.00151745068285
893	0.00150753768844
5120	0.00150602409639
6427	0.00147232037691
19601	0.0014652014652
9656	0.00146198830409
4764	0.00145560407569
41016	0.00145348837209
50863	0.00143884892086
2037	0.00142045454545
5237	0.00141843971631
40987	0.0014164305949
4655	0.00135363790186
2419	0.00134228187919
8709	0.00134048257373
26805	0.00133809099019
3133	0.00133511348465
14352	0.00132802124834
2381	0.00131752305665
3720	0.00131406044678
19598	0.00130548302872
1680	0.0012936610608
4396	0.0012836970475
30899	0.00126103404792
41090	0.00124533001245
18584	0.00123001230012
869	0.00122159784999
18960	0.00120627261761
3365	0.00119760479042
38191	0.00117233294256
38793	0.00116211504939
1503	0.00111607142857
34224	0.00111111111111
2898	0.00109289617486
7340	0.00106837606838
4937	0.00103412616339
2	0.0010183299389
5157	0.00101471334348
36398	0.000978473581213
41068	0.000956022944551
3733	0.000954198473282
3933	0.000920810313076
2333	0.00091407678245
5809	0.000905797101449
38794	0.000890471950134
2840	0.00088573959256
22744	0.000882612533098
12969	0.000861326442722
22743	0.000819672131148
5204	0.00064308681672
