6392	0.25
12839	0.25
16619	0.25
23559	0.25
39606	0.25
40207	0.25
51922	0.25
52347	0.25
57010	0.25
7348	0.2
8244	0.2
8851	0.2
11247	0.2
15224	0.2
16476	0.2
21384	0.2
23650	0.2
24047	0.2
28968	0.2
33958	0.2
38973	0.2
42551	0.2
43590	0.2
55268	0.2
56494	0.2
12914	0.166666666667
17702	0.166666666667
21016	0.166666666667
21380	0.166666666667
25371	0.166666666667
25624	0.166666666667
33365	0.166666666667
40029	0.166666666667
43519	0.166666666667
61035	0.166666666667
61366	0.166666666667
3460	0.142857142857
16293	0.142857142857
19060	0.142857142857
21276	0.142857142857
24311	0.142857142857
43044	0.142857142857
46013	0.142857142857
46043	0.142857142857
46364	0.142857142857
47276	0.142857142857
59478	0.142857142857
60770	0.142857142857
594	0.125
5272	0.125
8138	0.125
18733	0.125
33222	0.125
38775	0.125
45980	0.125
50493	0.125
60301	0.125
2198	0.111111111111
4412	0.111111111111
11078	0.111111111111
15011	0.111111111111
17974	0.111111111111
22445	0.111111111111
23162	0.111111111111
32474	0.111111111111
34334	0.111111111111
34835	0.111111111111
36532	0.111111111111
37649	0.111111111111
37809	0.111111111111
42908	0.111111111111
48366	0.111111111111
50726	0.111111111111
51702	0.111111111111
52249	0.111111111111
52320	0.111111111111
27211	0.1
32301	0.1
41296	0.1
52114	0.1
54903	0.1
58394	0.1
58405	0.0952380952381
731	0.0909090909091
1532	0.0909090909091
10031	0.0909090909091
23520	0.0909090909091
42788	0.0909090909091
52257	0.0909090909091
53249	0.0909090909091
54388	0.0909090909091
56467	0.0909090909091
12488	0.0833333333333
12783	0.0833333333333
17900	0.0833333333333
25802	0.0833333333333
27817	0.0833333333333
28596	0.0833333333333
32599	0.0833333333333
35963	0.0833333333333
43108	0.0833333333333
47097	0.0833333333333
10516	0.0769230769231
24003	0.0769230769231
35223	0.0769230769231
42718	0.0769230769231
48689	0.0769230769231
4328	0.0714285714286
6390	0.0714285714286
9194	0.0714285714286
10055	0.0714285714286
15017	0.0714285714286
25480	0.0714285714286
29323	0.0714285714286
45870	0.0714285714286
50761	0.0714285714286
58665	0.0714285714286
1999	0.0666666666667
5468	0.0666666666667
7790	0.0666666666667
9918	0.0666666666667
24123	0.0666666666667
24247	0.0666666666667
24446	0.0666666666667
26164	0.0666666666667
40542	0.0666666666667
42720	0.0666666666667
50974	0.0666666666667
53306	0.0666666666667
59501	0.0666666666667
60511	0.0666666666667
1306	0.0625
6575	0.0625
14693	0.0625
17259	0.0625
19406	0.0625
24737	0.0625
24779	0.0625
25843	0.0625
32713	0.0625
37570	0.0625
38963	0.0625
40792	0.0606060606061
2569	0.0588235294118
3420	0.0588235294118
7481	0.0588235294118
11498	0.0588235294118
16040	0.0588235294118
25388	0.0588235294118
27917	0.0588235294118
33231	0.0588235294118
37068	0.0588235294118
43623	0.0588235294118
46973	0.0588235294118
51609	0.0588235294118
8454	0.0555555555556
9209	0.0555555555556
17054	0.0555555555556
33255	0.0555555555556
43485	0.0555555555556
49157	0.0555555555556
1727	0.0526315789474
12557	0.0526315789474
15014	0.0526315789474
19531	0.0526315789474
23500	0.0526315789474
32065	0.0526315789474
18695	0.05
27839	0.05
38314	0.05
38958	0.05
43281	0.05
43594	0.05
52814	0.05
1699	0.047619047619
4442	0.047619047619
4701	0.047619047619
10861	0.047619047619
11555	0.047619047619
18786	0.047619047619
38200	0.047619047619
42246	0.047619047619
43132	0.047619047619
48154	0.047619047619
380	0.0454545454545
1157	0.0454545454545
4228	0.0454545454545
12864	0.0454545454545
18765	0.0454545454545
26661	0.0454545454545
33273	0.0454545454545
44649	0.0454545454545
54708	0.0454545454545
1083	0.0434782608696
14451	0.0434782608696
16693	0.0434782608696
18348	0.0434782608696
32937	0.0434782608696
34851	0.0434782608696
51486	0.0434782608696
52073	0.0434782608696
53510	0.0434782608696
40657	0.0425531914894
13366	0.0416666666667
31675	0.0416666666667
33275	0.0416666666667
39409	0.0416666666667
42235	0.0416666666667
42992	0.0416666666667
49256	0.0416666666667
56073	0.0416666666667
29332	0.0408163265306
1578	0.04
4080	0.04
21867	0.04
28319	0.04
30898	0.04
40772	0.04
41418	0.04
42519	0.04
53235	0.04
587	0.0384615384615
2945	0.0384615384615
3001	0.0384615384615
3074	0.0384615384615
3737	0.0384615384615
43387	0.0384615384615
43030	0.037037037037
51325	0.037037037037
59649	0.037037037037
670	0.0357142857143
28242	0.0357142857143
32329	0.0357142857143
42441	0.0357142857143
42466	0.0357142857143
44190	0.0357142857143
53386	0.0357142857143
3797	0.0344827586207
7440	0.0344827586207
12386	0.0344827586207
36557	0.0344827586207
41273	0.0344827586207
43134	0.0344827586207
1818	0.0333333333333
12117	0.0333333333333
12581	0.0333333333333
27856	0.0333333333333
30552	0.0333333333333
30618	0.0333333333333
37478	0.0333333333333
41221	0.0333333333333
42824	0.0333333333333
50354	0.0333333333333
2943	0.0322580645161
5013	0.0322580645161
15438	0.0322580645161
18505	0.0322580645161
32799	0.0322580645161
40385	0.0322580645161
41748	0.0322580645161
2072	0.03125
3742	0.03125
27634	0.03125
40810	0.03125
50110	0.03125
50518	0.03125
1304	0.030303030303
9254	0.030303030303
27504	0.030303030303
33331	0.030303030303
39207	0.030303030303
42989	0.030303030303
43213	0.030303030303
45205	0.030303030303
51098	0.030303030303
53026	0.030303030303
60220	0.030303030303
60281	0.030303030303
3431	0.0294117647059
18749	0.0294117647059
23540	0.0294117647059
41203	0.0294117647059
6105	0.0285714285714
17789	0.0285714285714
21729	0.0285714285714
21903	0.0285714285714
26643	0.0285714285714
47807	0.0285714285714
52232	0.0285714285714
53044	0.0285714285714
3590	0.0277777777778
33337	0.0277777777778
35967	0.0277777777778
36833	0.0277777777778
50850	0.0277777777778
5718	0.027027027027
14214	0.027027027027
26590	0.027027027027
38983	0.027027027027
3949	0.0263157894737
18292	0.0263157894737
23318	0.0263157894737
25827	0.0263157894737
27646	0.0263157894737
44154	0.0263157894737
46442	0.0263157894737
52421	0.0263157894737
15192	0.025641025641
15356	0.025641025641
28542	0.025641025641
60400	0.025641025641
4276	0.025
11159	0.025
25254	0.025
41289	0.025
43066	0.025
8	0.0243902439024
2129	0.0243902439024
10750	0.0243902439024
11022	0.0243902439024
15211	0.0243902439024
19404	0.0243902439024
24099	0.0243902439024
52772	0.0243902439024
59557	0.0243902439024
59701	0.0243902439024
2516	0.0238095238095
3411	0.0238095238095
11946	0.0238095238095
13271	0.0238095238095
20490	0.0238095238095
22949	0.0238095238095
42087	0.0238095238095
46441	0.0238095238095
52762	0.0238095238095
60641	0.0238095238095
18234	0.0232558139535
31902	0.0232558139535
32710	0.0232558139535
33627	0.0232558139535
41570	0.0232558139535
52260	0.0232558139535
550	0.0227272727273
2092	0.0227272727273
31169	0.0227272727273
39767	0.0227272727273
43943	0.0227272727273
48189	0.0227272727273
51767	0.0227272727273
963	0.0222222222222
22939	0.0222222222222
25439	0.0222222222222
51217	0.0222222222222
55884	0.0222222222222
2925	0.0217391304348
23648	0.0217391304348
51015	0.0217391304348
52297	0.0212765957447
14663	0.0208333333333
36379	0.0208333333333
38573	0.0208333333333
42075	0.0208333333333
52879	0.0208333333333
2611	0.0204081632653
5267	0.0204081632653
12849	0.0204081632653
18492	0.0204081632653
25703	0.0204081632653
52904	0.0204081632653
7468	0.02
22247	0.02
35708	0.02
42474	0.02
14667	0.0196078431373
16501	0.0196078431373
33614	0.0196078431373
39847	0.0196078431373
42713	0.0196078431373
52567	0.0196078431373
14710	0.0192307692308
24740	0.0192307692308
32689	0.0192307692308
41069	0.0192307692308
1996	0.0188679245283
11502	0.0188679245283
11766	0.0188679245283
16510	0.0188679245283
16963	0.0188679245283
30007	0.0188679245283
42753	0.018691588785
7392	0.0185185185185
20165	0.0185185185185
22573	0.0185185185185
28500	0.0185185185185
43890	0.0181818181818
25834	0.018018018018
1096	0.0178571428571
15730	0.0178571428571
22234	0.0178571428571
34524	0.0178571428571
34658	0.0178571428571
53257	0.0178571428571
5677	0.0175438596491
13451	0.0175438596491
17280	0.0175438596491
37379	0.0175438596491
39239	0.0175438596491
42390	0.0172413793103
53286	0.0172413793103
41055	0.017094017094
18387	0.0169491525424
38682	0.0169491525424
42790	0.0169491525424
52034	0.0169491525424
6036	0.0166666666667
26765	0.0166666666667
38864	0.016393442623
26777	0.0161290322581
1281	0.015873015873
11004	0.015873015873
19843	0.015873015873
21913	0.015873015873
36395	0.015873015873
42925	0.015873015873
688	0.015625
19775	0.015625
31008	0.015625
39324	0.015625
41161	0.015625
41818	0.015625
59646	0.0153846153846
4280	0.0152671755725
4128	0.0151515151515
37208	0.0151515151515
41244	0.0151515151515
51102	0.0151515151515
53136	0.0151515151515
4318	0.0149253731343
16920	0.0149253731343
29756	0.0149253731343
34788	0.0149253731343
51380	0.0149253731343
51683	0.0149253731343
52043	0.0149253731343
5279	0.0147058823529
27173	0.0147058823529
40974	0.0147058823529
9205	0.0144927536232
27052	0.0144927536232
28456	0.0144927536232
30866	0.0144927536232
41571	0.0144927536232
46558	0.0144927536232
59731	0.0144927536232
22881	0.0142857142857
43327	0.0142857142857
47995	0.0142857142857
59558	0.0142857142857
9032	0.0140845070423
28415	0.0140845070423
32735	0.0140845070423
52981	0.0140845070423
11172	0.013986013986
5206	0.0138888888889
10326	0.0138888888889
32927	0.0138888888889
39024	0.0138888888889
41548	0.0138888888889
54577	0.0138888888889
13036	0.0137931034483
41552	0.0137931034483
8142	0.013698630137
10328	0.013698630137
11223	0.013698630137
16770	0.013698630137
25117	0.013698630137
41773	0.013698630137
26274	0.0135135135135
12501	0.0133333333333
26715	0.0133333333333
40202	0.0133333333333
12800	0.0131578947368
43391	0.0131578947368
763	0.012987012987
50958	0.012987012987
7341	0.0128205128205
9142	0.0128205128205
18756	0.0128205128205
41081	0.0128205128205
51905	0.0128205128205
18326	0.0126582278481
1068	0.0125
2288	0.0125
7734	0.0125
17686	0.0125
32130	0.0125
41533	0.0125
43150	0.0125
13999	0.0123456790123
41629	0.0123456790123
7751	0.0122699386503
33855	0.0121951219512
35698	0.0121951219512
51092	0.0121951219512
61042	0.0121951219512
4452	0.0120481927711
21375	0.0120481927711
27691	0.0120481927711
42825	0.0120481927711
50984	0.0120481927711
3205	0.0119047619048
18231	0.0119047619048
12970	0.0117647058824
13258	0.0117647058824
14656	0.0117647058824
36894	0.0117647058824
48221	0.0117647058824
95	0.0116279069767
8229	0.0114942528736
17922	0.0114942528736
24164	0.0114942528736
30185	0.0114942528736
52560	0.0114942528736
53168	0.0114942528736
3861	0.0113636363636
21583	0.0113636363636
42249	0.0113636363636
3619	0.0112359550562
4752	0.0112359550562
18378	0.0112359550562
41086	0.0112359550562
41913	0.0112359550562
41934	0.0112359550562
46493	0.0112359550562
33751	0.0111111111111
13943	0.010989010989
37670	0.010989010989
49448	0.010989010989
5350	0.0108695652174
10890	0.0108695652174
15009	0.0108695652174
51492	0.0108695652174
7198	0.0108108108108
14839	0.010752688172
15602	0.010752688172
25169	0.010752688172
1975	0.0106382978723
5712	0.0106382978723
9651	0.0106382978723
11784	0.0106382978723
52891	0.0106382978723
21337	0.010582010582
4929	0.0105263157895
53039	0.0105263157895
55841	0.0105263157895
17389	0.0103092783505
18002	0.0103092783505
40869	0.0103092783505
4512	0.0102040816327
25918	0.0102040816327
28141	0.0102040816327
37190	0.0102040816327
47475	0.0102040816327
24971	0.010101010101
32684	0.010101010101
35551	0.010101010101
41084	0.010101010101
53342	0.0100502512563
41715	0.01
51139	0.00990099009901
10646	0.00980392156863
5113	0.00970873786408
26741	0.00970873786408
31895	0.00970873786408
27225	0.00961538461538
3120	0.00952380952381
40030	0.00952380952381
18973	0.00943396226415
937	0.00934579439252
27925	0.00934579439252
40036	0.00934579439252
3507	0.00925925925926
21690	0.00925925925926
33510	0.00925925925926
29564	0.00917431192661
31656	0.00917431192661
41328	0.00917431192661
47675	0.00917431192661
59611	0.00917431192661
61083	0.00909090909091
6218	0.00900900900901
6394	0.00900900900901
18563	0.00900900900901
18641	0.00892857142857
6657	0.00884955752212
14686	0.00884955752212
31340	0.00884955752212
50812	0.00884955752212
18276	0.00877192982456
32146	0.00877192982456
53114	0.00862068965517
7427	0.00854700854701
38078	0.00854700854701
41132	0.00849858356941
2905	0.00847457627119
9471	0.00847457627119
25810	0.00847457627119
1167	0.00840336134454
8246	0.00840336134454
14502	0.00840336134454
21742	0.00833333333333
28155	0.00833333333333
38330	0.00833333333333
47050	0.00833333333333
6803	0.0082304526749
37993	0.00821917808219
38708	0.00819672131148
4070	0.00813008130081
33895	0.00813008130081
32457	0.00806451612903
11095	0.008
51875	0.008
53134	0.008
29818	0.00787401574803
32120	0.00787401574803
42270	0.00787401574803
9295	0.0078125
12830	0.0078125
13058	0.0078125
16831	0.0078125
41095	0.0077519379845
43178	0.00769230769231
4035	0.00763358778626
2757	0.00760456273764
9245	0.00757575757576
32651	0.00757575757576
51026	0.00757575757576
30828	0.00751879699248
19965	0.00746268656716
40847	0.00746268656716
2028	0.00740740740741
9646	0.00740740740741
40351	0.00740740740741
2829	0.00735294117647
3957	0.00729927007299
4513	0.00729927007299
9178	0.00729927007299
38807	0.0072202166065
2610	0.00719424460432
39085	0.00719424460432
2776	0.00709219858156
16379	0.00709219858156
27715	0.00709219858156
38194	0.00709219858156
50879	0.00706713780919
17483	0.00704225352113
43473	0.00704225352113
4418	0.00699300699301
5089	0.00699300699301
27899	0.00689655172414
33922	0.00689655172414
3156	0.00684931506849
49398	0.00680272108844
4464	0.00675675675676
7161	0.00675675675676
15851	0.00675675675676
19034	0.00675675675676
41246	0.00675675675676
7444	0.00673400673401
10844	0.00666666666667
41067	0.00662251655629
1389	0.00657894736842
37114	0.00657894736842
4508	0.00653594771242
18283	0.00653594771242
50883	0.00653594771242
26566	0.00649350649351
38663	0.00649350649351
30020	0.0064308681672
2825	0.00641025641026
27527	0.00641025641026
2934	0.00636942675159
27906	0.00636942675159
3598	0.0062893081761
22805	0.00625
51025	0.00625
6679	0.00621118012422
51168	0.00621118012422
5643	0.00618238021638
14343	0.00617283950617
41156	0.00617283950617
3214	0.00609756097561
5230	0.00609756097561
3943	0.00602409638554
20675	0.00602409638554
32087	0.00602409638554
40625	0.00602409638554
44599	0.00602409638554
50897	0.00602409638554
51120	0.00602409638554
22070	0.0059880239521
2142	0.00595238095238
35144	0.00595238095238
19338	0.00591715976331
41278	0.00591715976331
11776	0.00588235294118
25732	0.00588235294118
41040	0.00588235294118
51213	0.00584795321637
52494	0.00581395348837
4479	0.00578034682081
37776	0.00578034682081
41177	0.00578034682081
1231	0.00574712643678
41013	0.00574712643678
9252	0.00571428571429
18183	0.00568181818182
216	0.0056657223796
21557	0.00564971751412
30812	0.00561797752809
36967	0.00561797752809
23373	0.00555555555556
24889	0.00555555555556
4675	0.00552486187845
26599	0.00546448087432
31307	0.00546448087432
4153	0.0054347826087
3250	0.00540540540541
16076	0.00540540540541
1931	0.00538599640934
36999	0.00537634408602
896	0.00534759358289
22524	0.00534759358289
870	0.00529100529101
11314	0.00529100529101
33656	0.00529100529101
51146	0.00529100529101
4439	0.00526315789474
32418	0.00523560209424
7956	0.00520833333333
40541	0.00520833333333
1853	0.00518134715026
2084	0.00515463917526
12824	0.00512820512821
15083	0.00510204081633
52029	0.00507614213198
15306	0.00505050505051
27529	0.00505050505051
3515	0.00502512562814
29287	0.00502512562814
28610	0.00497512437811
41555	0.00497512437811
7303	0.0049504950495
23388	0.00492610837438
41366	0.00490196078431
31536	0.00488997555012
28812	0.00487804878049
32490	0.00485436893204
41027	0.00485436893204
41370	0.00485436893204
5553	0.00478468899522
35045	0.00477326968974
13742	0.0047619047619
34929	0.0047619047619
38795	0.0047619047619
11230	0.00473933649289
53069	0.00471698113208
13095	0.00469483568075
2787	0.0046511627907
40981	0.0046511627907
41045	0.0046511627907
41146	0.00462962962963
10727	0.00460829493088
50875	0.00460829493088
2848	0.00456621004566
40411	0.00456621004566
52055	0.00456621004566
27255	0.00454545454545
21523	0.00452488687783
40977	0.00452488687783
41091	0.00452488687783
40318	0.0045045045045
14360	0.00448430493274
2127	0.00442477876106
19201	0.00442477876106
4057	0.00440528634361
24126	0.00438596491228
5693	0.00437636761488
37115	0.00436681222707
38206	0.00436681222707
1144	0.00434782608696
12423	0.00434782608696
41270	0.00434782608696
4327	0.004329004329
30805	0.004329004329
33762	0.004329004329
39483	0.004329004329
41041	0.00431034482759
28633	0.00429184549356
49392	0.0042735042735
9188	0.00423728813559
30849	0.00423728813559
17952	0.0042194092827
39027	0.00418410041841
41164	0.00414937759336
5593	0.0041067761807
40970	0.00408163265306
4005	0.00403225806452
47637	0.00403225806452
34920	0.00398406374502
2110	0.00395256916996
3527	0.00391389432485
34751	0.00389863547758
26416	0.00389105058366
17790	0.00387596899225
17939	0.00387596899225
31877	0.00387596899225
38080	0.00387596899225
2152	0.003861003861
29909	0.003861003861
28128	0.00383141762452
50995	0.00380228136882
30269	0.00378787878788
1119	0.00377358490566
1628	0.00376884422111
5599	0.00371747211896
30794	0.0037037037037
1676	0.00367647058824
13952	0.00367647058824
25414	0.00367647058824
7390	0.003663003663
4242	0.0036496350365
3747	0.00361010830325
5460	0.00361010830325
862	0.00359712230216
1020	0.00359712230216
11746	0.00355871886121
16449	0.00355871886121
3022	0.00354609929078
19090	0.00353356890459
3445	0.00352112676056
28407	0.00352112676056
29863	0.00350877192982
25444	0.0034965034965
2401	0.00348432055749
28055	0.00347222222222
41106	0.00346020761246
41116	0.00344234079174
1743	0.00341296928328
41154	0.00341296928328
18699	0.00340136054422
41042	0.00338983050847
34548	0.003367003367
1239	0.00335570469799
8681	0.00335570469799
41258	0.00334448160535
41307	0.00334448160535
51027	0.00334448160535
6360	0.00333333333333
684	0.00332225913621
52225	0.00332225913621
41039	0.003300330033
41098	0.003300330033
41403	0.00326797385621
118	0.00325732899023
12121	0.00325732899023
18456	0.00325732899023
7299	0.00324675324675
35237	0.00324675324675
41126	0.00324675324675
7340	0.00321888412017
41243	0.00319488817891
17008	0.00316455696203
41015	0.00314465408805
33621	0.00313479623824
1655	0.00311526479751
32453	0.00311526479751
38959	0.0030959752322
511	0.00307692307692
40972	0.00306748466258
17987	0.00305810397554
27535	0.0030487804878
41000	0.0030487804878
41029	0.00303951367781
41165	0.00303951367781
5120	0.00302571860817
11232	0.00302114803625
3239	0.00301204819277
40964	0.00301204819277
2030	0.003003003003
39785	0.002997002997
3260	0.00298507462687
22579	0.00298507462687
18701	0.00296735905045
37198	0.00296735905045
34147	0.00295857988166
1700	0.00294117647059
25554	0.00291545189504
2613	0.00291120815138
25078	0.00290697674419
47611	0.00290697674419
21906	0.00289855072464
50957	0.0028818443804
4644	0.00286532951289
742	0.002849002849
5237	0.002849002849
11727	0.00284090909091
27651	0.00284090909091
7317	0.00281690140845
34830	0.00281690140845
9251	0.00280898876404
38932	0.00280112044818
879	0.00279329608939
6689	0.00278551532033
29854	0.00277392510402
41374	0.00277008310249
7442	0.00271739130435
1438	0.00268817204301
29218	0.00268817204301
35345	0.0026525198939
2381	0.0026455026455
20630	0.0026455026455
35514	0.00263852242744
41129	0.00263157894737
19598	0.00261780104712
31868	0.00261096605744
41010	0.0025974025974
3689	0.00259067357513
18777	0.0025641025641
51096	0.00254452926209
23174	0.00252525252525
51019	0.00249376558603
1113	0.00246913580247
7100	0.00246913580247
18584	0.00246913580247
41467	0.00245098039216
20173	0.00243902439024
7518	0.00236406619385
11778	0.00236406619385
40289	0.00236406619385
11675	0.002331002331
28405	0.00232558139535
31830	0.00232558139535
3827	0.00228310502283
20075	0.00224719101124
3273	0.00224215246637
2007	0.00221729490022
21545	0.00221729490022
631	0.00221238938053
49394	0.00221238938053
3280	0.00220750551876
41332	0.00220750551876
38203	0.0022014309301
2898	0.00219298245614
4137	0.00218340611354
35703	0.00216919739696
50105	0.0021645021645
19599	0.00214592274678
28742	0.00214592274678
9200	0.00212089077413
23782	0.00211416490486
3531	0.00210970464135
27865	0.00210084033613
36392	0.00208333333333
17938	0.00206611570248
8709	0.00201477501679
5112	0.002
21797	0.00196463654224
5204	0.00193423597679
41068	0.00191754554171
5503	0.0019120458891
9826	0.00190476190476
40999	0.00189035916824
32862	0.00188323917137
8732	0.00187617260788
11769	0.0018691588785
32612	0.0018691588785
12998	0.00185185185185
13935	0.00185185185185
35136	0.00184842883549
3933	0.00184672206833
2333	0.00183318056829
37426	0.0018315018315
921	0.00182648401826
35178	0.00182149362477
5809	0.00181653042688
5218	0.00181488203267
2312	0.00179856115108
4489	0.00179533213645
25098	0.00179211469534
13056	0.00178571428571
38794	0.00178571428571
949	0.0017793594306
22744	0.00176991150442
51212	0.00176366843034
9538	0.00172117039587
11655	0.00171821305842
38925	0.00170357751278
76	0.00167224080268
22743	0.00164338537387
6812	0.00164203612479
7175	0.0016393442623
2326	0.00163666121113
35049	0.0016339869281
4121	0.00163132137031
20416	0.00162866449511
32188	0.00162074554295
17355	0.00161812297735
27809	0.0016051364366
1984	0.00158227848101
900	0.00156985871272
25113	0.00155279503106
39136	0.00155159038014
6304	0.0015503875969
868	0.00154320987654
992	0.00153139356815
26602	0.00153022188217
1135	0.00152905198777
5157	0.0015243902439
20542	0.00152207001522
9656	0.00146627565982
41016	0.00145560407569
4708	0.00145348837209
2186	0.00145137880987
50863	0.001443001443
37392	0.0014367816092
2037	0.0014245014245
40987	0.00142045454545
5432	0.00139664804469
38492	0.00139470013947
22383	0.00139275766017
7419	0.00137551581843
3059	0.0013698630137
20506	0.00135685210312
4655	0.00135455469015
2419	0.00134589502019
3133	0.00133868808568
14352	0.00133155792277
2733	0.00132100396301
1118	0.00129032258065
4396	0.0012853470437
30899	0.00126422250316
41031	0.00125628140704
9642	0.00125313283208
5420	0.00124843945069
41090	0.00124843945069
4711	0.00121951219512
39447	0.00120192307692
3365	0.00120048019208
29277	0.00120048019208
13111	0.00117785630153
38191	0.00117508813161
14750	0.00117233294256
2290	0.00116754232341
38793	0.00116346713205
30980	0.00116009280742
1503	0.00111731843575
5000	0.0011135857461
34224	0.0011135857461
4654	0.00109769484083
253	0.00109409190372
18311	0.00108342361863
1497	0.00108108108108
4578	0.0010764262648
4937	0.00103626943005
2	0.00102040816327
2344	0.00101419878296
893	0.0010055304173
11	0.000998003992016
36398	0.000980392156863
869	0.000977517106549
1048	0.000954198473282
7312	0.000943396226415
4563	0.000932835820896
34367	0.000920810313076
22929	0.000919117647059
40962	0.000900900900901
26805	0.000892458723784
2840	0.000887311446318
4518	0.000879120879121
25738	0.000874125874126
5519	0.000868809730669
12969	0.000862812769629
31440	0.000834724540902
40965	0.000816993464052
28051	0.000797448165869
18613	0.000762776506484
4430	0.000746825989544
19601	0.000733137829912
2745	0.000707213578501
6427	0.000588754783633
5231	0.000521920668058
