42756	0.2
723	0.125
5415	0.125
7107	0.125
11713	0.125
15854	0.125
17485	0.125
17859	0.125
18270	0.125
21504	0.125
24718	0.125
30375	0.125
40780	0.125
43301	0.125
45975	0.125
56764	0.125
57161	0.125
58396	0.125
61474	0.125
751	0.111111111111
3610	0.111111111111
13302	0.111111111111
14193	0.111111111111
14943	0.111111111111
18465	0.111111111111
19382	0.111111111111
21027	0.111111111111
24591	0.111111111111
33072	0.111111111111
33227	0.111111111111
45003	0.111111111111
48092	0.111111111111
48963	0.111111111111
49106	0.111111111111
52301	0.111111111111
53472	0.111111111111
53549	0.111111111111
54570	0.111111111111
54649	0.111111111111
56351	0.111111111111
56825	0.111111111111
59570	0.111111111111
6245	0.1
6367	0.1
21604	0.1
23871	0.1
27441	0.1
39451	0.1
40954	0.1
41320	0.1
41598	0.1
42237	0.1
42884	0.1
46075	0.1
48651	0.1
49165	0.1
54397	0.1
55789	0.1
58248	0.1
60411	0.1
809	0.0909090909091
4311	0.0909090909091
4927	0.0909090909091
6758	0.0909090909091
9943	0.0909090909091
26702	0.0909090909091
28413	0.0909090909091
39129	0.0909090909091
39377	0.0909090909091
42543	0.0909090909091
46696	0.0909090909091
48772	0.0909090909091
49047	0.0909090909091
50066	0.0909090909091
52399	0.0909090909091
55940	0.0909090909091
6894	0.0833333333333
13668	0.0833333333333
18475	0.0833333333333
21046	0.0833333333333
24712	0.0833333333333
24905	0.0833333333333
30942	0.0833333333333
33039	0.0833333333333
34864	0.0833333333333
35718	0.0833333333333
48854	0.0833333333333
53104	0.0833333333333
53321	0.0833333333333
54205	0.0833333333333
58418	0.0833333333333
58558	0.0833333333333
6962	0.0769230769231
16485	0.0769230769231
24328	0.0769230769231
26503	0.0769230769231
26537	0.0769230769231
28356	0.0769230769231
36318	0.0769230769231
36722	0.0769230769231
40193	0.0769230769231
41153	0.0769230769231
41415	0.0769230769231
41538	0.0769230769231
43584	0.0769230769231
46255	0.0769230769231
46798	0.0769230769231
47716	0.0769230769231
48503	0.0769230769231
53056	0.0769230769231
55154	0.0769230769231
57098	0.0769230769231
57824	0.0769230769231
59485	0.0769230769231
59671	0.0769230769231
399	0.0714285714286
2368	0.0714285714286
3401	0.0714285714286
5662	0.0714285714286
8374	0.0714285714286
12486	0.0714285714286
15448	0.0714285714286
20172	0.0714285714286
23678	0.0714285714286
25267	0.0714285714286
27597	0.0714285714286
27758	0.0714285714286
36898	0.0714285714286
37147	0.0714285714286
39279	0.0714285714286
43614	0.0714285714286
46330	0.0714285714286
50570	0.0714285714286
52745	0.0714285714286
53244	0.0714285714286
57996	0.0714285714286
58631	0.0714285714286
59827	0.0714285714286
5523	0.0666666666667
5689	0.0666666666667
7461	0.0666666666667
8467	0.0666666666667
10031	0.0666666666667
11166	0.0666666666667
11951	0.0666666666667
14050	0.0666666666667
15723	0.0666666666667
20554	0.0666666666667
25052	0.0666666666667
33253	0.0666666666667
35327	0.0666666666667
35389	0.0666666666667
35627	0.0666666666667
36426	0.0666666666667
38465	0.0666666666667
39236	0.0666666666667
581	0.0625
2650	0.0625
5376	0.0625
7795	0.0625
11813	0.0625
12310	0.0625
12488	0.0625
13133	0.0625
13426	0.0625
33038	0.0625
41046	0.0625
45616	0.0625
46374	0.0625
47259	0.0625
59650	0.0625
2400	0.0588235294118
5827	0.0588235294118
6288	0.0588235294118
8782	0.0588235294118
12350	0.0588235294118
12433	0.0588235294118
12545	0.0588235294118
16386	0.0588235294118
17730	0.0588235294118
19679	0.0588235294118
20497	0.0588235294118
22226	0.0588235294118
32639	0.0588235294118
36382	0.0588235294118
41369	0.0588235294118
43720	0.0588235294118
59344	0.0588235294118
39847	0.0566037735849
1348	0.0555555555556
2508	0.0555555555556
13026	0.0555555555556
20986	0.0555555555556
23991	0.0555555555556
27916	0.0555555555556
32840	0.0555555555556
41671	0.0555555555556
44551	0.0555555555556
47288	0.0555555555556
59155	0.0555555555556
60179	0.0555555555556
60576	0.0555555555556
108	0.0526315789474
255	0.0526315789474
936	0.0526315789474
9587	0.0526315789474
11533	0.0526315789474
13897	0.0526315789474
16238	0.0526315789474
24247	0.0526315789474
32237	0.0526315789474
32752	0.0526315789474
33767	0.0526315789474
34988	0.0526315789474
37354	0.0526315789474
38980	0.0526315789474
39737	0.0526315789474
41424	0.0526315789474
42109	0.0526315789474
42579	0.0526315789474
4779	0.05
12435	0.05
18498	0.05
19527	0.05
19917	0.05
29787	0.05
30292	0.05
31419	0.05
37410	0.05
42130	0.05
47732	0.05
51550	0.05
52954	0.05
59888	0.05
6482	0.047619047619
8684	0.047619047619
9173	0.047619047619
9960	0.047619047619
11042	0.047619047619
13861	0.047619047619
29250	0.047619047619
29552	0.047619047619
34547	0.047619047619
34736	0.047619047619
38190	0.047619047619
40210	0.047619047619
41319	0.047619047619
41474	0.047619047619
2656	0.046511627907
2778	0.0454545454545
6478	0.0454545454545
10394	0.0454545454545
18892	0.0454545454545
21674	0.0454545454545
23190	0.0454545454545
26656	0.0454545454545
29367	0.0454545454545
37933	0.0454545454545
38879	0.0454545454545
40258	0.0454545454545
42965	0.0454545454545
45081	0.0454545454545
50790	0.0454545454545
52414	0.0454545454545
11484	0.0434782608696
17292	0.0434782608696
17579	0.0434782608696
18423	0.0434782608696
20645	0.0434782608696
28071	0.0434782608696
31364	0.0434782608696
42501	0.0434782608696
46601	0.0434782608696
52143	0.0434782608696
60444	0.0434782608696
1244	0.0416666666667
4011	0.0416666666667
41982	0.0416666666667
43506	0.0416666666667
51127	0.0416666666667
52959	0.0416666666667
53180	0.0416666666667
58215	0.0416666666667
59613	0.0416666666667
6456	0.04
6698	0.04
8772	0.04
15836	0.04
17879	0.04
20486	0.04
23575	0.04
25151	0.04
34110	0.04
40832	0.04
51160	0.04
51917	0.04
52783	0.04
52923	0.04
310	0.0384615384615
4365	0.0384615384615
7274	0.0384615384615
9148	0.0384615384615
13353	0.0384615384615
34901	0.0384615384615
37408	0.0384615384615
49115	0.0384615384615
50679	0.0384615384615
51682	0.0384615384615
46447	0.0377358490566
474	0.037037037037
8440	0.037037037037
14584	0.037037037037
17006	0.037037037037
21880	0.037037037037
34976	0.037037037037
38024	0.037037037037
41466	0.037037037037
51177	0.037037037037
51679	0.037037037037
59470	0.037037037037
7473	0.0357142857143
15266	0.0357142857143
23849	0.0357142857143
25859	0.0357142857143
27047	0.0357142857143
33764	0.0357142857143
38970	0.0357142857143
43239	0.0357142857143
43422	0.0357142857143
45113	0.0357142857143
45875	0.0357142857143
49564	0.0357142857143
49986	0.0357142857143
53434	0.0357142857143
17228	0.0344827586207
21867	0.0344827586207
23186	0.0344827586207
29041	0.0344827586207
37829	0.0344827586207
1287	0.0333333333333
8766	0.0333333333333
12306	0.0333333333333
34728	0.0333333333333
53017	0.0333333333333
295	0.0322580645161
8268	0.0322580645161
11380	0.0322580645161
23405	0.0322580645161
24369	0.0322580645161
27862	0.0322580645161
28651	0.0322580645161
34651	0.0322580645161
41459	0.0322580645161
46682	0.0322580645161
51109	0.0322580645161
11185	0.03125
25637	0.03125
26013	0.03125
30525	0.03125
34668	0.03125
42064	0.03125
42112	0.03125
44310	0.03125
10421	0.030303030303
42126	0.030303030303
52859	0.030303030303
60525	0.030303030303
12968	0.0294117647059
39965	0.0294117647059
41955	0.0294117647059
42210	0.0294117647059
42616	0.0294117647059
45089	0.0294117647059
51186	0.0294117647059
3817	0.0285714285714
5412	0.0285714285714
6378	0.0285714285714
12426	0.0285714285714
16926	0.0285714285714
27271	0.0285714285714
34179	0.0285714285714
42995	0.0285714285714
44335	0.0285714285714
924	0.0277777777778
4155	0.0277777777778
15198	0.0277777777778
16348	0.0277777777778
25574	0.0277777777778
25813	0.0277777777778
28808	0.0277777777778
35723	0.0277777777778
36977	0.0277777777778
37761	0.0277777777778
48552	0.0277777777778
50343	0.0277777777778
51106	0.0277777777778
52396	0.0277777777778
52974	0.0277777777778
558	0.027027027027
3413	0.027027027027
11126	0.027027027027
20229	0.027027027027
25436	0.027027027027
29409	0.027027027027
35549	0.027027027027
37316	0.027027027027
37665	0.027027027027
18562	0.0263157894737
26539	0.0263157894737
27541	0.0263157894737
30133	0.0263157894737
40109	0.0263157894737
42022	0.0263157894737
42095	0.0263157894737
42283	0.0263157894737
42716	0.0263157894737
44923	0.0263157894737
51556	0.0263157894737
53243	0.0263157894737
59587	0.0263157894737
11299	0.025641025641
13061	0.025641025641
14137	0.025641025641
14270	0.025641025641
21489	0.025641025641
28165	0.025641025641
40998	0.025641025641
41231	0.025641025641
41888	0.025641025641
42008	0.025641025641
42388	0.025641025641
53044	0.025641025641
58620	0.025641025641
60149	0.025641025641
56	0.025
3278	0.025
4343	0.025
4761	0.025
7731	0.025
9149	0.025
11339	0.025
15360	0.025
17053	0.025
22000	0.025
37780	0.025
39683	0.025
40677	0.025
45653	0.025
49495	0.025
19420	0.0246913580247
5563	0.0243902439024
9052	0.0243902439024
18834	0.0243902439024
19683	0.0243902439024
42431	0.0243902439024
43475	0.0243902439024
52771	0.0243902439024
41621	0.0240963855422
43150	0.0240963855422
75	0.0238095238095
9528	0.0238095238095
11306	0.0238095238095
17286	0.0238095238095
18760	0.0238095238095
25974	0.0238095238095
42285	0.0238095238095
50344	0.0238095238095
51327	0.0238095238095
41833	0.0235294117647
6368	0.0232558139535
15447	0.0232558139535
42207	0.0232558139535
14617	0.0227272727273
15021	0.0227272727273
22569	0.0227272727273
28437	0.0227272727273
41827	0.0227272727273
45345	0.0227272727273
50185	0.0227272727273
1801	0.0222222222222
2129	0.0222222222222
10750	0.0222222222222
13770	0.0222222222222
18290	0.0222222222222
19320	0.0222222222222
19404	0.0222222222222
21349	0.0222222222222
48210	0.0222222222222
3666	0.0217391304348
5165	0.0217391304348
33769	0.0217391304348
41934	0.0217391304348
18703	0.0212765957447
22143	0.0212765957447
28828	0.0212765957447
32710	0.0212765957447
38527	0.0212765957447
51777	0.0212765957447
16408	0.0210526315789
2092	0.0208333333333
5330	0.0208333333333
7482	0.0208333333333
36429	0.0208333333333
37897	0.0208333333333
39137	0.0208333333333
41007	0.0208333333333
42317	0.0208333333333
48189	0.0208333333333
48452	0.0208333333333
51064	0.0208333333333
51103	0.0208333333333
51767	0.0208333333333
1975	0.020618556701
17644	0.0204081632653
22663	0.0204081632653
33004	0.0204081632653
51861	0.0204081632653
55884	0.0204081632653
182	0.02
285	0.02
3722	0.02
3867	0.02
12050	0.02
17817	0.02
51015	0.02
644	0.0196078431373
3915	0.0196078431373
5458	0.0196078431373
7417	0.0196078431373
9444	0.0196078431373
26650	0.0196078431373
31479	0.0196078431373
53216	0.0196078431373
59533	0.0196078431373
10315	0.0192307692308
14189	0.0192307692308
14684	0.0192307692308
38573	0.0192307692308
38575	0.0192307692308
43026	0.0192307692308
47294	0.0192307692308
6330	0.0190476190476
1168	0.0188679245283
5267	0.0188679245283
22553	0.0188679245283
33781	0.0188679245283
42652	0.0188679245283
51949	0.0188679245283
60086	0.0188679245283
41338	0.018691588785
1976	0.0185185185185
60001	0.0185185185185
60486	0.0185185185185
34210	0.0183486238532
5781	0.0181818181818
7466	0.0181818181818
15589	0.0181818181818
18543	0.0181818181818
19463	0.0181818181818
20642	0.0181818181818
21750	0.0181818181818
23231	0.0181818181818
30018	0.0181818181818
33614	0.0181818181818
38826	0.0181818181818
51488	0.0181818181818
26085	0.0179640718563
9669	0.0178571428571
34823	0.0178571428571
43616	0.0178571428571
51693	0.0178571428571
60297	0.0178571428571
25383	0.0175438596491
42905	0.0175438596491
113	0.0172413793103
7392	0.0172413793103
9309	0.0172413793103
16433	0.0172413793103
23121	0.0172413793103
41976	0.0172413793103
42714	0.0172413793103
45715	0.0172413793103
52488	0.0172413793103
5368	0.0169491525424
36145	0.0169491525424
46148	0.0169491525424
51421	0.0169491525424
15730	0.0166666666667
16902	0.0166666666667
17696	0.0166666666667
41616	0.0166666666667
46039	0.0166666666667
53257	0.0166666666667
39343	0.0165745856354
53	0.016393442623
3981	0.016393442623
4567	0.016393442623
16281	0.016393442623
17735	0.016393442623
26060	0.016393442623
31608	0.016393442623
37379	0.016393442623
41145	0.016393442623
41483	0.016393442623
51012	0.016393442623
22408	0.0162601626016
2786	0.0161290322581
8739	0.0161290322581
28111	0.0161290322581
38569	0.0161290322581
41405	0.0161290322581
41536	0.0161290322581
51571	0.0161290322581
100	0.016
15825	0.016
26173	0.016
28745	0.015873015873
43251	0.015873015873
2130	0.015625
6036	0.015625
6382	0.015625
41085	0.015625
51875	0.015625
53048	0.015625
2937	0.0153846153846
26529	0.0153846153846
29573	0.0153846153846
51053	0.0153846153846
52345	0.0153846153846
3581	0.0151515151515
10110	0.0151515151515
29530	0.0151515151515
29806	0.0151515151515
35148	0.0151515151515
39851	0.0151515151515
41579	0.0151515151515
51760	0.0151515151515
51825	0.0151515151515
2874	0.0149253731343
7449	0.0149253731343
11430	0.0149253731343
17295	0.0149253731343
21913	0.0149253731343
23944	0.0149253731343
25472	0.0149253731343
36120	0.0149253731343
36395	0.0149253731343
41210	0.0149253731343
41627	0.0149253731343
42925	0.0149253731343
43630	0.0149253731343
53029	0.0149253731343
51026	0.0148148148148
30209	0.0147058823529
30614	0.0147058823529
30973	0.0147058823529
32753	0.0147058823529
35022	0.0147058823529
38989	0.0147058823529
41818	0.0147058823529
51415	0.0147058823529
52170	0.0147058823529
52255	0.0147058823529
4561	0.0144927536232
19521	0.0144927536232
37778	0.0144927536232
42056	0.0144927536232
51049	0.0144927536232
51589	0.0144927536232
15264	0.0142857142857
16302	0.0142857142857
16357	0.0142857142857
35541	0.0142857142857
38739	0.0142857142857
51746	0.0142857142857
14013	0.0141843971631
2355	0.0140845070423
29756	0.0140845070423
51380	0.0140845070423
7614	0.0138888888889
16379	0.0138888888889
26318	0.0138888888889
35526	0.0138888888889
41073	0.0138888888889
45200	0.0138888888889
9205	0.013698630137
9924	0.013698630137
12432	0.013698630137
38201	0.013698630137
38547	0.013698630137
41143	0.013698630137
51847	0.013698630137
14353	0.0135135135135
20080	0.0135135135135
33704	0.0135135135135
35679	0.0135135135135
41409	0.0135135135135
43327	0.0135135135135
47995	0.0135135135135
35100	0.0134228187919
4753	0.0133333333333
13092	0.0133333333333
16838	0.0133333333333
32895	0.0133333333333
49398	0.0133333333333
15851	0.0132450331126
7311	0.0131578947368
16073	0.0131578947368
25273	0.0131578947368
34149	0.0131578947368
39024	0.0131578947368
41791	0.0131578947368
41856	0.0131578947368
54577	0.0131578947368
3866	0.012987012987
12597	0.012987012987
20077	0.012987012987
49401	0.012987012987
56496	0.012987012987
34519	0.0129310344828
33709	0.0128205128205
12481	0.0126582278481
21715	0.0126582278481
26313	0.0126582278481
41030	0.0126582278481
42811	0.0126582278481
4149	0.0125
34531	0.0125
45199	0.0125
107	0.0124223602484
637	0.0123456790123
4867	0.0123456790123
14245	0.0121951219512
14573	0.0121951219512
36054	0.0121951219512
43276	0.0121951219512
51905	0.0121951219512
218	0.0120481927711
18317	0.0120481927711
40752	0.0120481927711
41062	0.0120481927711
3754	0.0119047619048
5371	0.0119047619048
51250	0.0119047619048
51283	0.0119047619048
51485	0.0119047619048
2660	0.0118343195266
8890	0.0117647058824
24316	0.0117647058824
35968	0.0117647058824
48252	0.0117647058824
51795	0.0117647058824
52415	0.0117647058824
4873	0.0116279069767
13385	0.0116279069767
38763	0.0116279069767
42810	0.0116279069767
51092	0.0116279069767
60068	0.0116279069767
25732	0.0115606936416
4769	0.0114942528736
6542	0.0114942528736
23619	0.0114942528736
27691	0.0114942528736
41490	0.0114942528736
51213	0.0114942528736
23248	0.0114285714286
18231	0.0113636363636
34105	0.0113636363636
41177	0.0113636363636
3690	0.0112359550562
40936	0.0112359550562
41222	0.0112359550562
45076	0.0112359550562
95	0.0111111111111
8901	0.0111111111111
24067	0.0111111111111
24173	0.0111111111111
33544	0.0111111111111
42704	0.0111111111111
30185	0.010989010989
41228	0.010989010989
49210	0.010989010989
6748	0.0108695652174
60987	0.0108695652174
3619	0.010752688172
5637	0.010752688172
6564	0.010752688172
41913	0.010752688172
51346	0.010752688172
2247	0.0106382978723
4174	0.0106382978723
22601	0.0106382978723
32711	0.0106382978723
11866	0.0105263157895
12484	0.0105263157895
42931	0.0105263157895
48608	0.0105263157895
50943	0.0105263157895
52357	0.0105263157895
309	0.0104166666667
4943	0.0104166666667
3689	0.0103359173127
42463	0.0103092783505
21227	0.0102040816327
42799	0.0102040816327
9636	0.010101010101
47448	0.010101010101
50506	0.010101010101
55841	0.010101010101
4620	0.01
11774	0.01
21694	0.01
41137	0.01
41426	0.01
7115	0.00990099009901
12182	0.00990099009901
41093	0.00990099009901
41308	0.00990099009901
59879	0.00990099009901
25918	0.00980392156863
37190	0.00980392156863
42194	0.00980392156863
43749	0.00980392156863
27579	0.00975609756098
26251	0.00970873786408
4611	0.00961538461538
37060	0.00961538461538
43828	0.00961538461538
27859	0.00952380952381
37156	0.00952380952381
41002	0.00952380952381
43325	0.00952380952381
20529	0.00947867298578
5918	0.00934579439252
13071	0.00934579439252
41172	0.00934579439252
51854	0.00934579439252
53200	0.00934579439252
4745	0.00925925925926
13428	0.00925925925926
41303	0.00925925925926
2787	0.00917431192661
4044	0.00917431192661
11871	0.00917431192661
18172	0.00917431192661
27582	0.00917431192661
39404	0.00917431192661
3481	0.00909090909091
8729	0.00909090909091
14275	0.00909090909091
29861	0.00904977375566
937	0.00900900900901
38818	0.00900900900901
40964	0.00898203592814
21523	0.00892857142857
21690	0.00892857142857
32411	0.00892857142857
34724	0.00892857142857
41111	0.00892857142857
41140	0.00888888888889
13829	0.00884955752212
14646	0.00884955752212
26199	0.00884955752212
43787	0.00884955752212
45093	0.00884955752212
59611	0.00884955752212
1328	0.00877192982456
3565	0.00877192982456
37052	0.00877192982456
51549	0.00877192982456
2127	0.00873362445415
51232	0.00869565217391
59505	0.00869565217391
17068	0.00865800865801
18641	0.00862068965517
22717	0.00858369098712
2215	0.00854700854701
4327	0.00854700854701
20738	0.00854700854701
23742	0.00854700854701
31340	0.00854700854701
17015	0.00847457627119
33680	0.00847457627119
41056	0.00847457627119
41284	0.00847457627119
22877	0.00840336134454
34155	0.00840336134454
51340	0.00840336134454
1028	0.00833333333333
2090	0.00833333333333
41682	0.00833333333333
47628	0.00833333333333
53114	0.00833333333333
36392	0.00831600831601
7427	0.00826446280992
50969	0.00826446280992
52332	0.0082304526749
25810	0.00819672131148
30835	0.00819672131148
41055	0.00819672131148
2326	0.00818330605565
44117	0.00816326530612
995	0.00813008130081
14698	0.00813008130081
5768	0.00811359026369
40968	0.0080971659919
616	0.00806451612903
4136	0.00806451612903
13149	0.00806451612903
22479	0.00806451612903
22690	0.00806451612903
39478	0.00806451612903
1954	0.008
2171	0.008
21657	0.008
41108	0.008
50941	0.008
867	0.00789473684211
870	0.00787401574803
5618	0.00787401574803
16264	0.00787401574803
27409	0.00787401574803
51054	0.00787401574803
60331	0.00787401574803
2850	0.0077519379845
50952	0.0077519379845
2811	0.00772200772201
35044	0.00769230769231
51709	0.00769230769231
4582	0.00763358778626
36037	0.00763358778626
41489	0.00763358778626
42270	0.00763358778626
20542	0.0076103500761
27535	0.0076103500761
41208	0.00760456273764
9295	0.00757575757576
41890	0.00757575757576
51225	0.00757575757576
39324	0.00751879699248
40344	0.00751879699248
41198	0.00751879699248
2070	0.00746268656716
2789	0.00746268656716
6928	0.00746268656716
2411	0.00740740740741
4035	0.00740740740741
18836	0.00740740740741
27063	0.00740740740741
4280	0.00735294117647
9245	0.00735294117647
51393	0.00735294117647
17605	0.00732600732601
4347	0.00729927007299
4625	0.00729927007299
38907	0.00729927007299
42750	0.00729927007299
18414	0.00724637681159
41181	0.00724637681159
27525	0.00722891566265
2829	0.00714285714286
494	0.00709219858156
3698	0.00709219858156
3957	0.00709219858156
13119	0.00704225352113
51246	0.00704225352113
53040	0.00704225352113
10010	0.00699300699301
3445	0.00696864111498
562	0.00694444444444
31830	0.00694444444444
14122	0.00689655172414
17483	0.00684931506849
4418	0.00680272108844
5089	0.00680272108844
1928	0.00675675675676
618	0.00671140939597
34522	0.00671140939597
52525	0.00671140939597
13036	0.00666666666667
36364	0.00666666666667
41672	0.00666666666667
42145	0.00666666666667
1239	0.00664451827243
16368	0.00662251655629
18129	0.00662251655629
20591	0.00662251655629
24457	0.00662251655629
51027	0.00662251655629
42335	0.00657894736842
52225	0.00657894736842
35199	0.00653594771242
12610	0.00650406504065
10844	0.00649350649351
15233	0.00649350649351
23628	0.00649350649351
35703	0.00647948164147
41059	0.00645161290323
1389	0.00641025641026
24606	0.00641025641026
37114	0.00641025641026
40979	0.00641025641026
41250	0.00641025641026
51680	0.00641025641026
2403	0.00636942675159
18283	0.00636942675159
21989	0.00636942675159
33405	0.00636942675159
50883	0.00636942675159
1364	0.00632911392405
26566	0.00632911392405
37680	0.00632911392405
42531	0.00632911392405
5616	0.0062893081761
27906	0.0062893081761
41060	0.0062893081761
2825	0.00625
35360	0.00625
52738	0.00625
2934	0.00621118012422
18340	0.00621118012422
18361	0.00617283950617
22838	0.00617283950617
23415	0.00617283950617
30762	0.00617283950617
51029	0.00617283950617
5643	0.00614439324117
3297	0.00613496932515
10157	0.00613496932515
12194	0.00613496932515
25384	0.00613496932515
51145	0.00613496932515
5593	0.00612244897959
18835	0.00609756097561
22401	0.00609756097561
22805	0.00609756097561
29532	0.00606060606061
32594	0.00602409638554
1390	0.0059880239521
9720	0.0059880239521
17948	0.0059880239521
41378	0.0059880239521
41609	0.00597014925373
48572	0.00597014925373
14206	0.00595238095238
26579	0.00595238095238
29024	0.00595238095238
955	0.00591715976331
3369	0.00591715976331
22579	0.00591715976331
39360	0.00591715976331
40625	0.00588235294118
50897	0.00588235294118
13660	0.00584795321637
22070	0.00584795321637
52638	0.00584795321637
8466	0.00581395348837
34369	0.00581395348837
35144	0.00581395348837
1456	0.00578034682081
29453	0.00576368876081
24970	0.00571428571429
51197	0.00571428571429
775	0.00568181818182
30901	0.00568181818182
10792	0.00564971751412
37776	0.00564971751412
40887	0.00564971751412
27651	0.0056338028169
41204	0.00561797752809
18374	0.00558659217877
18813	0.00558659217877
41404	0.00558659217877
51151	0.00558659217877
30799	0.00557103064067
7460	0.00555555555556
18183	0.00555555555556
25047	0.00555555555556
38932	0.00555555555556
12998	0.00553505535055
6689	0.00552486187845
41097	0.00552486187845
11749	0.00549450549451
12188	0.00549450549451
30812	0.00549450549451
50913	0.00549450549451
34073	0.00546448087432
51038	0.00546448087432
50933	0.00544959128065
33887	0.005444646098
21323	0.00542005420054
25891	0.00540540540541
30938	0.00540540540541
7442	0.00539083557951
4733	0.00537634408602
29218	0.00533333333333
37737	0.00530973451327
39358	0.00529100529101
2216	0.00526315789474
23080	0.00526315789474
25738	0.00524934383202
22230	0.00523560209424
23481	0.00523560209424
37194	0.00523560209424
41452	0.00523560209424
38787	0.00520833333333
31868	0.00518134715026
4439	0.00515463917526
35581	0.00515463917526
41010	0.00515463917526
31483	0.00511508951407
40541	0.00510204081633
44978	0.00510204081633
3198	0.00507614213198
41223	0.00505050505051
47787	0.00505050505051
10653	0.00502512562814
12824	0.00502512562814
24684	0.005
2089	0.00497512437811
15306	0.0049504950495
26760	0.0049504950495
29287	0.00492610837438
41942	0.00492610837438
4695	0.00490196078431
41171	0.00490196078431
50885	0.00490196078431
53342	0.00490196078431
4121	0.00487804878049
5056	0.00487804878049
20802	0.00487804878049
7303	0.00485436893204
14716	0.00485436893204
1739	0.00480769230769
27051	0.00478468899522
1064	0.00473933649289
41037	0.00473933649289
17611	0.00471698113208
21845	0.00469483568075
13742	0.00467289719626
25431	0.00467289719626
29444	0.00467289719626
34929	0.00467289719626
38795	0.00467289719626
17346	0.0046511627907
23150	0.00463678516229
22251	0.00461893764434
13095	0.00460829493088
992	0.00458015267176
40981	0.00456621004566
52697	0.00456621004566
4916	0.00455373406193
25413	0.00454545454545
42374	0.00454545454545
50851	0.00452488687783
50875	0.00452488687783
4523	0.0045045045045
40411	0.00448430493274
52055	0.00448430493274
1632	0.00446428571429
26934	0.00444444444444
50937	0.00444444444444
2007	0.00442477876106
14360	0.00440528634361
31879	0.00440528634361
32811	0.00440528634361
41274	0.00440528634361
14749	0.00438596491228
41332	0.00438596491228
4764	0.00436681222707
41329	0.00434782608696
15794	0.004329004329
21648	0.004329004329
3419	0.00431965442765
4876	0.00431034482759
24126	0.00431034482759
41044	0.00431034482759
44281	0.00431034482759
51724	0.00431034482759
41058	0.00430107526882
4390	0.0042735042735
52471	0.0042735042735
2037	0.00426136363636
30805	0.00425531914894
41041	0.00423728813559
9200	0.0042328042328
23782	0.00420168067227
29309	0.00420168067227
36394	0.00420168067227
33634	0.00418994413408
27404	0.00416666666667
30849	0.00416666666667
17952	0.00414937759336
31170	0.00414937759336
39383	0.00413223140496
50327	0.00413223140496
39027	0.00411522633745
10287	0.00408163265306
41164	0.00408163265306
20506	0.00405953991881
40970	0.00401606425703
33895	0.00398406374502
37427	0.00398406374502
4005	0.00396825396825
41018	0.00395778364116
6789	0.00390625
21797	0.00390625
2110	0.00389105058366
13318	0.00389105058366
41253	0.00389105058366
41188	0.00387596899225
34751	0.00386847195358
50944	0.00384615384615
5503	0.00381679389313
51178	0.00381679389313
2152	0.00380228136882
29992	0.00380228136882
41095	0.00380228136882
9826	0.00378787878788
18556	0.00378787878788
11727	0.00377714825307
1117	0.00377358490566
28128	0.00377358490566
40334	0.00377358490566
30269	0.00375939849624
31138	0.00375939849624
41031	0.00375939849624
3116	0.00374531835206
38232	0.00374531835206
50995	0.00374531835206
5420	0.00373599003736
41090	0.00373599003736
35021	0.00373134328358
39602	0.00373134328358
51041	0.00372439478585
11504	0.0037037037037
29394	0.0037037037037
18584	0.00369003690037
28443	0.00369003690037
51158	0.00369003690037
35136	0.00367647058824
5599	0.003663003663
5809	0.00362647325476
1676	0.0036231884058
13952	0.0036231884058
39915	0.0036231884058
4335	0.00361010830325
41364	0.00359712230216
17566	0.00359066427289
22654	0.00358422939068
4489	0.00357142857143
41417	0.00357142857143
1931	0.00355871886121
3747	0.00355871886121
52018	0.00355871886121
25937	0.00352112676056
11746	0.00350877192982
16449	0.00350877192982
21558	0.00350877192982
28286	0.00350877192982
3022	0.0034965034965
29724	0.0034965034965
19090	0.00348432055749
42609	0.00348432055749
28405	0.00347624565469
40969	0.00347222222222
18278	0.00346020761246
25444	0.00344827586207
2401	0.00343642611684
28055	0.00342465753425
11655	0.0034188034188
41116	0.0034188034188
6954	0.00341296928328
23011	0.00340136054422
6444	0.00338983050847
38925	0.00338983050847
42424	0.00335570469799
5512	0.00331125827815
7444	0.00331125827815
8681	0.00331125827815
24958	0.003300330033
41307	0.003300330033
684	0.00327868852459
2898	0.00327868852459
1918	0.00326797385621
5100	0.00325732899023
41039	0.00325732899023
2409	0.00323624595469
51156	0.00323624595469
41403	0.00322580645161
5204	0.0032195750161
12121	0.0032154340836
7299	0.00320512820513
27128	0.00320512820513
41126	0.00320512820513
13339	0.0031847133758
27527	0.00315457413249
1984	0.00314960629921
900	0.003125
12467	0.003125
38262	0.003125
41015	0.00310559006211
33621	0.0030959752322
1655	0.00307692307692
32453	0.00307692307692
2	0.0030549898167
18613	0.0030487804878
41156	0.00303951367781
893	0.00301659125189
14140	0.00301204819277
259	0.003003003003
41029	0.003003003003
29686	0.00299401197605
3535	0.00298507462687
11232	0.00298507462687
29845	0.00298507462687
4485	0.00294117647059
7349	0.00294117647059
36398	0.00293542074364
2142	0.00293255131965
37198	0.00293255131965
19601	0.0029304029304
34147	0.00292397660819
1700	0.00290697674419
18301	0.00290697674419
41016	0.00290697674419
2186	0.0028901734104
25554	0.0028818443804
47611	0.00287356321839
50863	0.00287356321839
37392	0.00286123032904
50957	0.002849002849
4644	0.0028328611898
5237	0.0028328611898
25324	0.0028328611898
47774	0.0028328611898
7312	0.00283018867925
5432	0.00278940027894
34830	0.00278551532033
11359	0.00276243093923
34367	0.00275735294118
15373	0.00274725274725
2333	0.00274223034735
7419	0.0027397260274
41050	0.0027397260274
41374	0.0027397260274
921	0.00273224043716
16917	0.00272479564033
40962	0.00269784172662
9135	0.00268817204301
16420	0.00268817204301
2419	0.00268096514745
4153	0.00268096514745
35809	0.00268096514745
18515	0.00265957446809
35345	0.00263852242744
2733	0.00263157894737
40995	0.00262812089356
19598	0.00261096605744
41129	0.00260416666667
1680	0.00258397932817
12969	0.00258397932817
9538	0.00257510729614
42156	0.0025706940874
18777	0.00255536626917
30899	0.00251889168766
51096	0.00251889168766
51133	0.00251889168766
15636	0.00250626566416
76	0.00250208507089
23174	0.0025
39709	0.00249376558603
35563	0.00246406570842
6812	0.002457002457
1113	0.00244498777506
41092	0.00244498777506
2515	0.00243309002433
41467	0.00242718446602
20173	0.0024154589372
18960	0.00240963855422
41071	0.00240384615385
4173	0.00239234449761
5553	0.00236406619385
4846	0.00236034618411
27890	0.00235017626322
7518	0.00234192037471
11778	0.00234192037471
38191	0.00234192037471
40289	0.00234192037471
8397	0.00233644859813
38793	0.00232423009878
30980	0.00231213872832
868	0.00230946882217
497	0.00230414746544
26602	0.00229007633588
4430	0.00223713646532
23666	0.00223713646532
1399	0.00223214285714
26805	0.00223015165031
20075	0.0022271714922
16447	0.00222222222222
5000	0.00221975582686
34224	0.00221975582686
45223	0.00221238938053
21545	0.0021978021978
631	0.00219298245614
49394	0.00219298245614
3280	0.00218818380744
4654	0.00218818380744
40988	0.00218818380744
5693	0.0021645021645
1497	0.00215982721382
15228	0.00215982721382
11169	0.00215053763441
12423	0.00215053763441
50105	0.00214592274678
28742	0.00213675213675
41003	0.00213219616205
2745	0.0021186440678
3531	0.00209205020921
22383	0.00208478109798
27865	0.00208333333333
4937	0.00206611570248
25051	0.00206611570248
6427	0.00206124852768
39549	0.00205338809035
41355	0.00202429149798
8709	0.0020093770931
41109	0.00200803212851
11	0.00199004975124
33841	0.00196463654224
34858	0.00196078431373
3527	0.00193798449612
4396	0.00192431045542
2463	0.00191754554171
3733	0.00190657769304
1048	0.00190294957184
28821	0.00190114068441
41985	0.00190114068441
40999	0.00187617260788
8732	0.00186219739292
4563	0.00186046511628
11769	0.00185528756957
32612	0.00185528756957
3933	0.00183992640294
22929	0.00183318056829
21745	0.0018115942029
11201	0.00180831826401
35178	0.00180831826401
5218	0.0018018018018
2312	0.00178571428571
41583	0.00178571428571
38794	0.0017793594306
22744	0.00176366843034
51212	0.00175131348511
13955	0.00173913043478
29863	0.00173913043478
41074	0.00173913043478
1743	0.00169204737733
26863	0.0016393442623
22743	0.001638001638
7175	0.00162866449511
16209	0.00162337662338
35049	0.00162337662338
20416	0.00161812297735
18456	0.0016155088853
4578	0.00161203653949
27809	0.00159489633174
28051	0.00159108989658
38584	0.0015600624025
17596	0.00152671755725
1135	0.00151975683891
5120	0.0015015015015
869	0.00146555935515
4708	0.0014450867052
26584	0.00143061516452
40987	0.00141242937853
29854	0.00137741046832
4655	0.00135272235374
5112	0.00132890365449
14352	0.00132450331126
4518	0.00131694468832
2381	0.00131406044678
3720	0.00131061598952
1628	0.00124688279302
9642	0.00124688279302
4711	0.00121359223301
39447	0.0011961722488
3365	0.00119474313023
13111	0.00117508813161
14750	0.00116686114352
1503	0.00111482720178
3273	0.00111482720178
38203	0.00109709270433
253	0.00108932461874
18311	0.00107874865156
7340	0.00106609808102
5231	0.00104220948411
1902	0.00102774922919
5157	0.00101368474404
2344	0.0010101010101
39785	0.000993048659384
41068	0.000954198473282
2840	0.000884173297966
5519	0.000865800865801
31440	0.000831946755408
39136	0.000772797527048
1118	0.00064308681672
