11862	0.5
23699	0.25
35313	0.25
42226	0.25
44833	0.25
49160	0.25
58912	0.25
20	0.2
6146	0.2
16324	0.2
17851	0.2
20044	0.2
27422	0.2
27468	0.2
29714	0.2
38427	0.2
45448	0.2
48886	0.2
12504	0.166666666667
19403	0.166666666667
21604	0.166666666667
26056	0.166666666667
26216	0.166666666667
43513	0.166666666667
44259	0.166666666667
49580	0.166666666667
50629	0.166666666667
54124	0.166666666667
57379	0.166666666667
58295	0.166666666667
6815	0.142857142857
9026	0.142857142857
16214	0.142857142857
22041	0.142857142857
24037	0.142857142857
27473	0.142857142857
39552	0.142857142857
43926	0.142857142857
297	0.125
1318	0.125
22114	0.125
28098	0.125
29154	0.125
41465	0.125
41963	0.125
45608	0.125
215	0.111111111111
13260	0.111111111111
17729	0.111111111111
18821	0.111111111111
19389	0.111111111111
29975	0.111111111111
32873	0.111111111111
44846	0.111111111111
47933	0.111111111111
54185	0.111111111111
61236	0.111111111111
28589	0.1
35550	0.1
42495	0.1
48492	0.1
4652	0.0909090909091
18883	0.0909090909091
22449	0.0909090909091
239	0.0833333333333
10140	0.0833333333333
43423	0.0833333333333
46510	0.0833333333333
48267	0.0833333333333
51382	0.0833333333333
51705	0.0833333333333
8490	0.0769230769231
18191	0.0769230769231
31762	0.0769230769231
51181	0.0769230769231
2008	0.0714285714286
3983	0.0714285714286
4721	0.0714285714286
15819	0.0714285714286
18413	0.0714285714286
45091	0.0714285714286
57813	0.0714285714286
15926	0.0666666666667
29436	0.0666666666667
36323	0.0666666666667
40215	0.0666666666667
52490	0.0666666666667
10147	0.0625
26744	0.0625
44504	0.0625
44749	0.0625
47607	0.0625
49420	0.0625
7716	0.0588235294118
34533	0.0588235294118
58307	0.0588235294118
1468	0.0555555555556
19630	0.0555555555556
40663	0.0555555555556
59769	0.0555555555556
1727	0.0526315789474
45766	0.0526315789474
51829	0.0526315789474
57978	0.0526315789474
60051	0.0526315789474
3396	0.05
13324	0.05
16370	0.05
41365	0.05
42171	0.05
47399	0.05
60650	0.05
1746	0.047619047619
25777	0.047619047619
26037	0.047619047619
29623	0.047619047619
43005	0.047619047619
1979	0.0454545454545
8643	0.0454545454545
11068	0.0454545454545
12175	0.0454545454545
42015	0.0454545454545
43339	0.0454545454545
43816	0.0454545454545
18217	0.0434782608696
26377	0.0434782608696
46611	0.0434782608696
52728	0.0434782608696
9594	0.0416666666667
32650	0.0416666666667
42645	0.0416666666667
51945	0.0416666666667
54244	0.0416666666667
10856	0.04
47290	0.04
51405	0.04
51883	0.04
16523	0.0384615384615
19324	0.0384615384615
31931	0.0384615384615
401	0.037037037037
8506	0.037037037037
28347	0.037037037037
39584	0.037037037037
26558	0.0363636363636
34656	0.0357142857143
36188	0.0357142857143
39190	0.0357142857143
43566	0.0357142857143
51646	0.0357142857143
10837	0.0344827586207
47509	0.0344827586207
51708	0.0344827586207
785	0.0333333333333
4938	0.0333333333333
12968	0.0333333333333
33817	0.0333333333333
51420	0.0333333333333
3852	0.0322580645161
18149	0.0322580645161
27918	0.0322580645161
47234	0.0322580645161
51233	0.0322580645161
797	0.03125
7720	0.030303030303
32664	0.030303030303
32679	0.030303030303
35242	0.030303030303
40297	0.030303030303
52903	0.030303030303
60341	0.030303030303
35883	0.0294117647059
37032	0.0294117647059
51316	0.0294117647059
52417	0.0294117647059
53243	0.0294117647059
338	0.0285714285714
2808	0.0285714285714
6105	0.0285714285714
17080	0.0285714285714
22008	0.0285714285714
41888	0.0285714285714
4343	0.0277777777778
18610	0.0277777777778
35391	0.0277777777778
19877	0.027027027027
20536	0.027027027027
21790	0.027027027027
41215	0.027027027027
42315	0.027027027027
3949	0.0263157894737
24605	0.0263157894737
25974	0.0263157894737
41436	0.0263157894737
50344	0.0263157894737
53372	0.0263157894737
26843	0.025641025641
38723	0.025641025641
41445	0.025641025641
42207	0.025641025641
23409	0.025
37587	0.025
37735	0.025
43463	0.025
35155	0.0243902439024
48224	0.0238095238095
51694	0.0238095238095
53093	0.0238095238095
58837	0.0238095238095
42249	0.0229885057471
32406	0.0227272727273
48181	0.0227272727273
51767	0.0227272727273
25439	0.0222222222222
41967	0.0217391304348
51057	0.0217391304348
59872	0.0217391304348
11123	0.0212765957447
18916	0.0212765957447
50527	0.0212765957447
1605	0.0208333333333
14684	0.0208333333333
14714	0.0208333333333
34108	0.0208333333333
43835	0.0208333333333
51857	0.0208333333333
29583	0.020618556701
18625	0.0204081632653
7722	0.02
26772	0.02
41469	0.02
56118	0.02
35316	0.0196078431373
3798	0.0192307692308
34792	0.0192307692308
42309	0.0192307692308
41926	0.0188679245283
2033	0.0185185185185
5658	0.0185185185185
20165	0.0185185185185
25002	0.0185185185185
42714	0.0185185185185
47668	0.0185185185185
52573	0.0185185185185
3258	0.0181818181818
19996	0.0181818181818
34576	0.0181818181818
51282	0.0181818181818
53257	0.0178571428571
41169	0.0172413793103
41405	0.0172413793103
42390	0.0172413793103
4656	0.0169491525424
4499	0.0166666666667
31327	0.0166666666667
37117	0.016393442623
7449	0.015873015873
19843	0.015873015873
42914	0.015873015873
30976	0.015625
143	0.0153846153846
2816	0.0153846153846
15917	0.0153846153846
29804	0.0153846153846
53004	0.0153846153846
22864	0.0151515151515
25442	0.0151515151515
37208	0.0151515151515
52629	0.0151515151515
53136	0.0151515151515
4318	0.0149253731343
18773	0.0149253731343
51852	0.0149253731343
19688	0.0147058823529
45354	0.0147058823529
26659	0.0144927536232
30834	0.0144927536232
38064	0.0144927536232
46558	0.0144927536232
53282	0.0144927536232
59731	0.0144927536232
451	0.0142857142857
26762	0.0142857142857
29005	0.0140845070423
50494	0.0140845070423
52102	0.0138888888889
7346	0.013698630137
6693	0.0135135135135
33709	0.0135135135135
26715	0.0133333333333
27387	0.0133333333333
41272	0.0133333333333
51290	0.0133333333333
763	0.012987012987
6381	0.012987012987
9142	0.0128205128205
13064	0.0128205128205
18317	0.0126582278481
40752	0.0126582278481
1788	0.0125
42344	0.0125
51792	0.0123456790123
7739	0.0121951219512
42810	0.0121951219512
50897	0.0121212121212
18214	0.0120481927711
46620	0.0120481927711
52576	0.0120481927711
41019	0.0119047619048
42326	0.0119047619048
13258	0.0117647058824
766	0.0116279069767
8901	0.0116279069767
11886	0.0116279069767
12719	0.0116279069767
34104	0.0116279069767
5697	0.0113636363636
60987	0.0113636363636
18378	0.0112359550562
41913	0.0112359550562
2247	0.0111111111111
28749	0.0111111111111
32711	0.0111111111111
53194	0.0111111111111
49791	0.010989010989
5350	0.0108695652174
15009	0.0108695652174
49350	0.0108695652174
3575	0.010752688172
12856	0.010752688172
3664	0.0106382978723
21312	0.0106382978723
23643	0.0106382978723
42799	0.0106382978723
563	0.0105263157895
55841	0.0105263157895
13313	0.0104166666667
51573	0.0104166666667
41223	0.0103626943005
37190	0.0102040816327
2145	0.01
51429	0.01
10646	0.00980392156863
52382	0.00980392156863
5113	0.00970873786408
52368	0.00961538461538
5221	0.00934579439252
29855	0.00934579439252
41127	0.00934579439252
33510	0.00925925925926
3544	0.00909090909091
3565	0.00909090909091
35245	0.00909090909091
61083	0.00909090909091
18759	0.00900900900901
40562	0.00900900900901
2215	0.00884955752212
14686	0.00884955752212
21696	0.00884955752212
4775	0.00877192982456
32146	0.00877192982456
41411	0.00869565217391
51340	0.00869565217391
37104	0.00865800865801
26711	0.00862068965517
51689	0.00862068965517
1273	0.00854700854701
7427	0.00854700854701
51666	0.00847457627119
42302	0.00840336134454
5552	0.00833333333333
21742	0.00833333333333
3492	0.00819672131148
29543	0.00813008130081
60331	0.00813008130081
2144	0.00806451612903
22798	0.008
27087	0.00793650793651
51164	0.00793650793651
57496	0.00793650793651
39323	0.00787401574803
16194	0.0078125
31864	0.0077519379845
32318	0.0077519379845
30635	0.00763358778626
34607	0.00763358778626
51266	0.00763358778626
32651	0.00757575757576
50963	0.00751879699248
41065	0.00740740740741
41287	0.00740740740741
3698	0.00729927007299
27642	0.00729927007299
26098	0.00714285714286
23244	0.00709219858156
41073	0.00709219858156
34109	0.00704225352113
14833	0.00699300699301
46722	0.00694444444444
17152	0.00689655172414
51575	0.00689655172414
41672	0.00684931506849
51784	0.00684931506849
20591	0.00680272108844
41246	0.00675675675676
12501	0.00662251655629
24606	0.00657894736842
46832	0.00653594771242
35237	0.00651465798046
26566	0.00649350649351
37680	0.00649350649351
39426	0.00649350649351
41060	0.00645161290323
2574	0.00641025641026
15714	0.00636942675159
16723	0.00625
25487	0.00625
2588	0.00621118012422
11000	0.00613496932515
41378	0.00613496932515
12149	0.00609756097561
14206	0.00609756097561
29024	0.00609756097561
9488	0.00606060606061
35162	0.00602409638554
40625	0.00602409638554
16935	0.00591715976331
19338	0.00591715976331
52383	0.00591715976331
41040	0.00588235294118
41544	0.00588235294118
51655	0.00588235294118
16516	0.00584795321637
30802	0.00584795321637
37776	0.00578034682081
40887	0.00578034682081
41048	0.00576368876081
41204	0.00574712643678
18661	0.00564971751412
34830	0.00564971751412
12188	0.00561797752809
6689	0.00558659217877
24889	0.00555555555556
25891	0.00552486187845
50980	0.00546448087432
26235	0.0054347826087
26158	0.00540540540541
29902	0.00540540540541
896	0.00534759358289
38787	0.00531914893617
870	0.00529100529101
11314	0.00529100529101
7956	0.00520833333333
41047	0.00520833333333
44978	0.00520833333333
37689	0.00512820512821
59604	0.00510204081633
52029	0.00507614213198
41308	0.00502512562814
4705	0.005
28290	0.005
20802	0.00497512437811
27051	0.00487804878049
41037	0.0048309178744
14369	0.00480769230769
17611	0.00480769230769
21845	0.00478468899522
35045	0.00477326968974
1064	0.00476947535771
13933	0.00462962962963
42374	0.00462962962963
50851	0.00460829493088
52258	0.00460829493088
33377	0.00456621004566
39209	0.00456621004566
21523	0.00452488687783
26934	0.00452488687783
14360	0.00448430493274
41329	0.00442477876106
4876	0.00438596491228
6372	0.00438596491228
37115	0.00436681222707
10920	0.00434782608696
22717	0.00434782608696
4327	0.004329004329
23742	0.004329004329
30805	0.004329004329
41041	0.00431034482759
28633	0.00429184549356
30849	0.00423728813559
18607	0.00418410041841
25930	0.00418410041841
50923	0.00413223140496
1921	0.00408163265306
20875	0.00406504065041
27358	0.00406504065041
41194	0.00406504065041
2110	0.00395256916996
26508	0.00393700787402
17790	0.00387596899225
31877	0.00387596899225
39852	0.003861003861
28673	0.00384615384615
38790	0.00384615384615
38232	0.00380228136882
37775	0.00373134328358
3139	0.0037037037037
17605	0.0037037037037
18414	0.003663003663
39915	0.0036496350365
41368	0.00361010830325
52018	0.00361010830325
2312	0.0036036036036
16449	0.00355871886121
14750	0.00352526439483
18278	0.00350877192982
51006	0.00350877192982
25444	0.0034965034965
28055	0.00347222222222
23011	0.00344827586207
29145	0.00342465753425
7444	0.00335570469799
35958	0.00334448160535
41093	0.00332225913621
1918	0.00331125827815
11481	0.003300330033
41098	0.003300330033
27128	0.00324675324675
38987	0.00323624595469
41972	0.00320512820513
17715	0.00319488817891
27527	0.00319488817891
1655	0.00311526479751
4937	0.00311526479751
6304	0.00310559006211
38959	0.0030959752322
511	0.00307692307692
17987	0.00305810397554
259	0.00303951367781
39546	0.00303951367781
7349	0.00297619047619
2142	0.00296735905045
37198	0.00296735905045
10250	0.00295857988166
50957	0.0028818443804
47774	0.00286532951289
742	0.002849002849
9252	0.002849002849
41132	0.00281690140845
30799	0.00280898876404
28830	0.00277777777778
7442	0.00271739130435
19547	0.00267379679144
35345	0.0026525198939
23481	0.00263852242744
25738	0.00262697022767
10987	0.00260416666667
23642	0.00260416666667
42156	0.0025974025974
9642	0.00250941028858
18584	0.00246913580247
41092	0.00246913580247
20173	0.00243902439024
41071	0.00242718446602
4173	0.0024154589372
12388	0.00238095238095
7300	0.00237529691211
11778	0.00236406619385
8397	0.00235849056604
11675	0.002331002331
39136	0.00232919254658
497	0.00232558139535
28405	0.00232558139535
31830	0.00232558139535
689	0.00228310502283
28832	0.00227272727273
1399	0.00225225225225
40988	0.00220750551876
41332	0.00220750551876
19601	0.00220264317181
37961	0.00219298245614
4137	0.00218340611354
19599	0.00214592274678
36394	0.00211416490486
25051	0.00208333333333
36392	0.00208333333333
1902	0.00206611570248
41109	0.00202429149798
34751	0.00194552529183
1118	0.00193673337637
4396	0.00192926045016
5503	0.0019120458891
9826	0.00190476190476
30269	0.00189035916824
40999	0.00189035916824
32862	0.00188323917137
51041	0.00187265917603
32612	0.0018691588785
12998	0.00185185185185
13935	0.00185185185185
27489	0.00184501845018
34367	0.00184331797235
37426	0.0018315018315
21745	0.00182481751825
5809	0.00181653042688
40980	0.00179856115108
41583	0.00179856115108
4489	0.00179533213645
25098	0.00179211469534
38794	0.00178571428571
51212	0.00176366843034
9538	0.00172117039587
1743	0.00170357751278
38925	0.00170357751278
37111	0.00168918918919
26863	0.0016501650165
6812	0.00164203612479
2326	0.00163666121113
4121	0.00163132137031
20416	0.00162866449511
17355	0.00161812297735
13339	0.0016
1984	0.00158227848101
900	0.00156985871272
38584	0.00156985871272
5231	0.00156739811912
25113	0.00155279503106
17596	0.00153609831029
18613	0.00152671755725
20542	0.00152207001522
2613	0.00145348837209
4708	0.00145348837209
2186	0.00145137880987
26584	0.00143884892086
37392	0.0014367816092
40987	0.00142045454545
33634	0.00140056022409
7419	0.00137551581843
2419	0.00134589502019
41018	0.00132275132275
1422	0.00132100396301
2381	0.00132100396301
3720	0.00131752305665
1680	0.00129701686122
30899	0.00126422250316
41031	0.00125628140704
1119	0.00125470514429
1628	0.00125313283208
35563	0.0012325390304
4711	0.00121951219512
3365	0.00120048019208
27890	0.00117924528302
38191	0.00117508813161
2290	0.00116754232341
38793	0.00116346713205
3273	0.00111982082867
1503	0.00111731843575
34224	0.0011135857461
2007	0.00110741971207
4578	0.0010764262648
7340	0.00107066381156
893	0.0010055304173
11	0.000998003992016
36398	0.000980392156863
3733	0.000956022944551
1048	0.000954198473282
7312	0.000943396226415
3933	0.000922509225092
22929	0.000919117647059
4916	0.000910746812386
40962	0.000900900900901
2840	0.000887311446318
6427	0.000883392226148
5519	0.000868809730669
12969	0.000862812769629
18777	0.000853242320819
40965	0.000816993464052
4846	0.000788022064618
869	0.000732958709993
41016	0.000727272727273
5432	0.000697836706211
4655	0.000676818950931
8709	0.000670690811536
5112	0.000665778961385
19598	0.000653167864141
38203	0.000549450549451
1497	0.000540248514317
5157	0.000507614213198
26805	0.000446030330062
