44450	0.075
33187	0.0625
4228	0.06
50429	0.0588235294118
1756	0.0555555555556
18790	0.0555555555556
48059	0.0555555555556
53059	0.0540540540541
38575	0.0533333333333
7942	0.0519480519481
2329	0.0512820512821
14293	0.0512820512821
43302	0.0512820512821
3546	0.0487804878049
18313	0.0483870967742
24888	0.0483870967742
43543	0.0481927710843
11997	0.047619047619
21369	0.047619047619
43017	0.047619047619
51247	0.047619047619
5049	0.046511627907
52473	0.046511627907
1171	0.0461538461538
4317	0.0454545454545
33312	0.044776119403
24463	0.0444444444444
29449	0.0444444444444
18660	0.0434782608696
34739	0.0434782608696
3684	0.0430107526882
32596	0.0425531914894
41333	0.0425531914894
52306	0.0425531914894
41872	0.0422535211268
3146	0.0416666666667
26156	0.0416666666667
32611	0.0416666666667
42144	0.0416666666667
52686	0.0416666666667
5754	0.0412371134021
4541	0.0409836065574
14439	0.0405405405405
7066	0.04
33963	0.04
49137	0.04
59911	0.04
4365	0.0392156862745
50623	0.0392156862745
56753	0.0392156862745
59670	0.0392156862745
34165	0.038961038961
52272	0.0384615384615
6517	0.0379746835443
5940	0.0377358490566
8406	0.0377358490566
8635	0.0377358490566
17360	0.0377358490566
41964	0.0377358490566
60265	0.0377358490566
817	0.0375
18108	0.0375
955	0.037037037037
19280	0.037037037037
21867	0.037037037037
39642	0.037037037037
45220	0.037037037037
52899	0.037037037037
61246	0.037037037037
52488	0.0365853658537
5370	0.0363636363636
3996	0.0361445783133
19292	0.0361445783133
48998	0.0361445783133
103	0.0357142857143
23405	0.0357142857143
29122	0.0357142857143
41616	0.0357142857143
42837	0.0357142857143
50993	0.0357142857143
41298	0.0352941176471
5526	0.0350877192982
5601	0.0350877192982
22490	0.0350877192982
51646	0.0350877192982
30849	0.0348837209302
34691	0.0348837209302
14369	0.034632034632
6565	0.0344827586207
19675	0.0344827586207
23079	0.0344827586207
41427	0.0344827586207
47601	0.0344827586207
52994	0.0344827586207
60130	0.0344827586207
25586	0.0344036697248
26437	0.0342465753425
2490	0.0340909090909
4804	0.0340909090909
41819	0.0340136054422
7525	0.0338983050847
35067	0.0338983050847
51563	0.0338983050847
4770	0.0333333333333
8609	0.0333333333333
12573	0.0333333333333
12784	0.0333333333333
19620	0.0333333333333
59966	0.0333333333333
2852	0.032967032967
7084	0.032967032967
43529	0.0327868852459
43698	0.0327868852459
60252	0.0327868852459
2690	0.0326086956522
10601	0.0326086956522
42928	0.0326086956522
52874	0.0326086956522
2687	0.0322580645161
6599	0.0322580645161
7789	0.0322580645161
12609	0.0322580645161
14642	0.0322580645161
33331	0.0322580645161
33582	0.0322580645161
37778	0.0322580645161
59554	0.0322580645161
2420	0.031746031746
35194	0.031746031746
49662	0.031746031746
59691	0.031746031746
60731	0.031746031746
43016	0.0315789473684
17789	0.03125
25180	0.03125
27078	0.03125
44145	0.03125
3278	0.0307692307692
15360	0.0307692307692
17053	0.0307692307692
26809	0.0307692307692
41366	0.030701754386
20290	0.030612244898
49465	0.030612244898
5718	0.030303030303
9052	0.030303030303
33068	0.030303030303
51034	0.030303030303
18973	0.0300751879699
4227	0.03
41433	0.03
50291	0.03
5445	0.0298507462687
11824	0.0298507462687
35577	0.0298507462687
874	0.0295857988166
1094	0.0294117647059
1903	0.0294117647059
4113	0.0294117647059
5153	0.0294117647059
8032	0.0294117647059
8408	0.0294117647059
12248	0.0294117647059
13948	0.0294117647059
14939	0.0294117647059
15506	0.0294117647059
16785	0.0294117647059
18052	0.0294117647059
18462	0.0294117647059
19534	0.0294117647059
19728	0.0294117647059
19831	0.0294117647059
19954	0.0294117647059
20729	0.0294117647059
21044	0.0294117647059
23313	0.0294117647059
25928	0.0294117647059
26532	0.0294117647059
26909	0.0294117647059
27794	0.0294117647059
27977	0.0294117647059
28363	0.0294117647059
28427	0.0294117647059
29198	0.0294117647059
30850	0.0294117647059
31157	0.0294117647059
31721	0.0294117647059
32546	0.0294117647059
34331	0.0294117647059
34597	0.0294117647059
35451	0.0294117647059
36003	0.0294117647059
37177	0.0294117647059
39006	0.0294117647059
40048	0.0294117647059
40420	0.0294117647059
40741	0.0294117647059
42057	0.0294117647059
44326	0.0294117647059
44743	0.0294117647059
45011	0.0294117647059
45414	0.0294117647059
46070	0.0294117647059
46678	0.0294117647059
47193	0.0294117647059
47215	0.0294117647059
48727	0.0294117647059
48958	0.0294117647059
48968	0.0294117647059
49144	0.0294117647059
50372	0.0294117647059
50501	0.0294117647059
50776	0.0294117647059
50970	0.0294117647059
52006	0.0294117647059
52261	0.0294117647059
52782	0.0294117647059
52973	0.0294117647059
53557	0.0294117647059
53947	0.0294117647059
53989	0.0294117647059
54000	0.0294117647059
55273	0.0294117647059
57470	0.0294117647059
58495	0.0294117647059
58506	0.0294117647059
58739	0.0294117647059
59142	0.0294117647059
59317	0.0294117647059
59477	0.0294117647059
59531	0.0294117647059
59548	0.0294117647059
60806	0.0294117647059
60967	0.0294117647059
61180	0.0294117647059
19698	0.0289855072464
25254	0.0289855072464
27596	0.0289855072464
28841	0.0289855072464
30967	0.0289855072464
42568	0.0289855072464
42572	0.0289855072464
51391	0.0289855072464
52733	0.0288461538462
5869	0.0285714285714
6012	0.0285714285714
6726	0.0285714285714
7746	0.0285714285714
7787	0.0285714285714
8904	0.0285714285714
9151	0.0285714285714
9991	0.0285714285714
10018	0.0285714285714
10858	0.0285714285714
11183	0.0285714285714
12137	0.0285714285714
12651	0.0285714285714
12869	0.0285714285714
14310	0.0285714285714
18004	0.0285714285714
20437	0.0285714285714
22160	0.0285714285714
22531	0.0285714285714
23347	0.0285714285714
27845	0.0285714285714
30033	0.0285714285714
32209	0.0285714285714
32423	0.0285714285714
32943	0.0285714285714
33867	0.0285714285714
34409	0.0285714285714
35114	0.0285714285714
35310	0.0285714285714
35491	0.0285714285714
35808	0.0285714285714
37240	0.0285714285714
37353	0.0285714285714
37448	0.0285714285714
38135	0.0285714285714
38542	0.0285714285714
39499	0.0285714285714
39973	0.0285714285714
40004	0.0285714285714
40164	0.0285714285714
42078	0.0285714285714
42243	0.0285714285714
43133	0.0285714285714
44432	0.0285714285714
48102	0.0285714285714
48553	0.0285714285714
48974	0.0285714285714
49015	0.0285714285714
49649	0.0285714285714
50487	0.0285714285714
51295	0.0285714285714
52667	0.0285714285714
53531	0.0285714285714
54051	0.0285714285714
54539	0.0285714285714
54694	0.0285714285714
54770	0.0285714285714
54830	0.0285714285714
54849	0.0285714285714
55047	0.0285714285714
55356	0.0285714285714
56326	0.0285714285714
58345	0.0285714285714
58447	0.0285714285714
58523	0.0285714285714
58854	0.0285714285714
59706	0.0285714285714
60286	0.0285714285714
60371	0.0285714285714
60756	0.0285714285714
60821	0.0285714285714
13212	0.0282485875706
3309	0.0281690140845
42044	0.0281690140845
47638	0.0281690140845
60641	0.0281690140845
11775	0.0280373831776
41070	0.0280373831776
48676	0.0280373831776
52197	0.0280373831776
41085	0.0279069767442
591	0.0277777777778
1524	0.0277777777778
2207	0.0277777777778
2279	0.0277777777778
3994	0.0277777777778
6794	0.0277777777778
6915	0.0277777777778
7404	0.0277777777778
10558	0.0277777777778
10843	0.0277777777778
11287	0.0277777777778
12173	0.0277777777778
12613	0.0277777777778
13308	0.0277777777778
15115	0.0277777777778
15887	0.0277777777778
16740	0.0277777777778
17994	0.0277777777778
18077	0.0277777777778
20492	0.0277777777778
22611	0.0277777777778
22782	0.0277777777778
23657	0.0277777777778
26566	0.0277777777778
27055	0.0277777777778
28324	0.0277777777778
28907	0.0277777777778
29946	0.0277777777778
30240	0.0277777777778
30935	0.0277777777778
31257	0.0277777777778
34099	0.0277777777778
34750	0.0277777777778
35591	0.0277777777778
36525	0.0277777777778
37084	0.0277777777778
37964	0.0277777777778
38196	0.0277777777778
40457	0.0277777777778
42338	0.0277777777778
42429	0.0277777777778
42560	0.0277777777778
42741	0.0277777777778
43317	0.0277777777778
43390	0.0277777777778
43392	0.0277777777778
43758	0.0277777777778
44612	0.0277777777778
45617	0.0277777777778
46225	0.0277777777778
46366	0.0277777777778
46800	0.0277777777778
46802	0.0277777777778
47799	0.0277777777778
49183	0.0277777777778
49322	0.0277777777778
49329	0.0277777777778
49598	0.0277777777778
50198	0.0277777777778
50510	0.0277777777778
50582	0.0277777777778
51081	0.0277777777778
51988	0.0277777777778
52640	0.0277777777778
52852	0.0277777777778
53027	0.0277777777778
53811	0.0277777777778
55739	0.0277777777778
58835	0.0277777777778
60333	0.0277777777778
60787	0.0277777777778
61118	0.0277777777778
2574	0.0274725274725
4507	0.027397260274
4650	0.027397260274
41730	0.027397260274
44528	0.027397260274
819	0.0272727272727
740	0.027027027027
1653	0.027027027027
2076	0.027027027027
5949	0.027027027027
9894	0.027027027027
10324	0.027027027027
10520	0.027027027027
10928	0.027027027027
12534	0.027027027027
14042	0.027027027027
14163	0.027027027027
14629	0.027027027027
16048	0.027027027027
18117	0.027027027027
18155	0.027027027027
18444	0.027027027027
20978	0.027027027027
21656	0.027027027027
22134	0.027027027027
22687	0.027027027027
22939	0.027027027027
25200	0.027027027027
25439	0.027027027027
25972	0.027027027027
27210	0.027027027027
27986	0.027027027027
28096	0.027027027027
28552	0.027027027027
29201	0.027027027027
29784	0.027027027027
29981	0.027027027027
30994	0.027027027027
31012	0.027027027027
33273	0.027027027027
33801	0.027027027027
34766	0.027027027027
36891	0.027027027027
37486	0.027027027027
38274	0.027027027027
38685	0.027027027027
39153	0.027027027027
40112	0.027027027027
41674	0.027027027027
41769	0.027027027027
41810	0.027027027027
42756	0.027027027027
42786	0.027027027027
42887	0.027027027027
43152	0.027027027027
44435	0.027027027027
48959	0.027027027027
49325	0.027027027027
49723	0.027027027027
50701	0.027027027027
51545	0.027027027027
52485	0.027027027027
52979	0.027027027027
53052	0.027027027027
55639	0.027027027027
56508	0.027027027027
57353	0.027027027027
58094	0.027027027027
58137	0.027027027027
58590	0.027027027027
59892	0.027027027027
60443	0.027027027027
60606	0.027027027027
60619	0.027027027027
61031	0.027027027027
61420	0.027027027027
61521	0.027027027027
32041	0.0266666666667
40068	0.0266666666667
41967	0.0266666666667
44031	0.0266666666667
40936	0.0265486725664
2123	0.0263157894737
5737	0.0263157894737
8336	0.0263157894737
10149	0.0263157894737
12440	0.0263157894737
13273	0.0263157894737
13282	0.0263157894737
13365	0.0263157894737
13668	0.0263157894737
13942	0.0263157894737
14113	0.0263157894737
14128	0.0263157894737
15135	0.0263157894737
18894	0.0263157894737
19410	0.0263157894737
19447	0.0263157894737
21600	0.0263157894737
21957	0.0263157894737
22798	0.0263157894737
23358	0.0263157894737
23388	0.0263157894737
23746	0.0263157894737
24435	0.0263157894737
24741	0.0263157894737
26679	0.0263157894737
26712	0.0263157894737
26861	0.0263157894737
27449	0.0263157894737
27740	0.0263157894737
27954	0.0263157894737
29113	0.0263157894737
29634	0.0263157894737
29937	0.0263157894737
30628	0.0263157894737
30972	0.0263157894737
31297	0.0263157894737
32458	0.0263157894737
33173	0.0263157894737
33511	0.0263157894737
34735	0.0263157894737
37019	0.0263157894737
37516	0.0263157894737
39029	0.0263157894737
39386	0.0263157894737
39922	0.0263157894737
43038	0.0263157894737
48218	0.0263157894737
48440	0.0263157894737
48854	0.0263157894737
49944	0.0263157894737
50055	0.0263157894737
51564	0.0263157894737
52060	0.0263157894737
52866	0.0263157894737
52948	0.0263157894737
53216	0.0263157894737
53223	0.0263157894737
53562	0.0263157894737
54304	0.0263157894737
55402	0.0263157894737
55689	0.0263157894737
58734	0.0263157894737
60372	0.0263157894737
61429	0.0263157894737
33727	0.0261780104712
15188	0.0260869565217
41083	0.0260869565217
52560	0.0260869565217
3820	0.025974025974
40657	0.025974025974
41375	0.025974025974
41528	0.025974025974
43238	0.025974025974
43663	0.025974025974
755	0.025641025641
1007	0.025641025641
7014	0.025641025641
7090	0.025641025641
7192	0.025641025641
9596	0.025641025641
11364	0.025641025641
11650	0.025641025641
12253	0.025641025641
12344	0.025641025641
12641	0.025641025641
13144	0.025641025641
14503	0.025641025641
16393	0.025641025641
17661	0.025641025641
17909	0.025641025641
18178	0.025641025641
18327	0.025641025641
18473	0.025641025641
18731	0.025641025641
18877	0.025641025641
22427	0.025641025641
22882	0.025641025641
24988	0.025641025641
25962	0.025641025641
27249	0.025641025641
30461	0.025641025641
33528	0.025641025641
33781	0.025641025641
34000	0.025641025641
34964	0.025641025641
35054	0.025641025641
35611	0.025641025641
37649	0.025641025641
38305	0.025641025641
38357	0.025641025641
38968	0.025641025641
39043	0.025641025641
39047	0.025641025641
41862	0.025641025641
43326	0.025641025641
43496	0.025641025641
44025	0.025641025641
45521	0.025641025641
46497	0.025641025641
47054	0.025641025641
47077	0.025641025641
47947	0.025641025641
48464	0.025641025641
48634	0.025641025641
49899	0.025641025641
49930	0.025641025641
50350	0.025641025641
50374	0.025641025641
50906	0.025641025641
50981	0.025641025641
51346	0.025641025641
51980	0.025641025641
52052	0.025641025641
52320	0.025641025641
53729	0.025641025641
55105	0.025641025641
55385	0.025641025641
58860	0.025641025641
59227	0.025641025641
59799	0.025641025641
2789	0.0254777070064
17110	0.0254237288136
5302	0.0253164556962
38063	0.0253164556962
46542	0.0253164556962
60001	0.0253164556962
2110	0.0252707581227
3294	0.0252100840336
29591	0.0252100840336
42363	0.0252100840336
189	0.025
1993	0.025
2771	0.025
4148	0.025
4363	0.025
4970	0.025
6273	0.025
6413	0.025
7319	0.025
7632	0.025
8255	0.025
9389	0.025
13380	0.025
13776	0.025
13833	0.025
15726	0.025
16107	0.025
16558	0.025
16729	0.025
18745	0.025
19849	0.025
22447	0.025
22513	0.025
22860	0.025
23433	0.025
24082	0.025
27832	0.025
28814	0.025
29064	0.025
31506	0.025
31652	0.025
32393	0.025
34511	0.025
37042	0.025
38613	0.025
39474	0.025
39848	0.025
40299	0.025
41286	0.025
41697	0.025
42552	0.025
42996	0.025
43692	0.025
44492	0.025
45502	0.025
46628	0.025
47438	0.025
48243	0.025
48834	0.025
49071	0.025
51051	0.025
51950	0.025
52567	0.025
52803	0.025
52885	0.025
53193	0.025
56346	0.025
56805	0.025
56974	0.025
57728	0.025
58438	0.025
58818	0.025
59932	0.025
60142	0.025
61028	0.025
101	0.0246913580247
11535	0.0246913580247
12832	0.0246913580247
21331	0.0246913580247
34785	0.0246913580247
40503	0.0246913580247
45671	0.0246913580247
51918	0.0246913580247
42555	0.0245901639344
14515	0.0245398773006
50913	0.0245098039216
3328	0.0243902439024
3869	0.0243902439024
5644	0.0243902439024
6054	0.0243902439024
6349	0.0243902439024
6593	0.0243902439024
9765	0.0243902439024
12047	0.0243902439024
12304	0.0243902439024
12727	0.0243902439024
13035	0.0243902439024
13994	0.0243902439024
18221	0.0243902439024
18439	0.0243902439024
19716	0.0243902439024
19801	0.0243902439024
20375	0.0243902439024
21077	0.0243902439024
22083	0.0243902439024
22835	0.0243902439024
23750	0.0243902439024
24650	0.0243902439024
26296	0.0243902439024
27036	0.0243902439024
28005	0.0243902439024
29101	0.0243902439024
29528	0.0243902439024
32373	0.0243902439024
32436	0.0243902439024
33166	0.0243902439024
33756	0.0243902439024
35377	0.0243902439024
35596	0.0243902439024
36162	0.0243902439024
36776	0.0243902439024
37281	0.0243902439024
38554	0.0243902439024
41461	0.0243902439024
42804	0.0243902439024
42839	0.0243902439024
43368	0.0243902439024
43708	0.0243902439024
43779	0.0243902439024
45891	0.0243902439024
48213	0.0243902439024
48518	0.0243902439024
48721	0.0243902439024
49405	0.0243902439024
50017	0.0243902439024
50248	0.0243902439024
52081	0.0243902439024
52303	0.0243902439024
52370	0.0243902439024
52451	0.0243902439024
52617	0.0243902439024
54668	0.0243902439024
55748	0.0243902439024
57219	0.0243902439024
57596	0.0243902439024
60029	0.0243902439024
60394	0.0243902439024
61090	0.0243902439024
6369	0.0241935483871
11748	0.0241935483871
50855	0.0241286863271
9309	0.0240963855422
26608	0.0240963855422
41038	0.0240963855422
41584	0.0240963855422
42097	0.0240963855422
52940	0.0240963855422
22195	0.024
216	0.0239361702128
2363	0.0238095238095
3100	0.0238095238095
4544	0.0238095238095
4773	0.0238095238095
6547	0.0238095238095
8476	0.0238095238095
8612	0.0238095238095
8730	0.0238095238095
8834	0.0238095238095
9116	0.0238095238095
10438	0.0238095238095
10875	0.0238095238095
11564	0.0238095238095
11741	0.0238095238095
12488	0.0238095238095
13208	0.0238095238095
14405	0.0238095238095
15828	0.0238095238095
16134	0.0238095238095
16387	0.0238095238095
18766	0.0238095238095
20427	0.0238095238095
20714	0.0238095238095
22329	0.0238095238095
23379	0.0238095238095
25346	0.0238095238095
25765	0.0238095238095
27096	0.0238095238095
27788	0.0238095238095
28376	0.0238095238095
28596	0.0238095238095
30941	0.0238095238095
31040	0.0238095238095
31590	0.0238095238095
32171	0.0238095238095
32177	0.0238095238095
32759	0.0238095238095
33931	0.0238095238095
34873	0.0238095238095
35138	0.0238095238095
35306	0.0238095238095
35963	0.0238095238095
37221	0.0238095238095
38534	0.0238095238095
39484	0.0238095238095
41582	0.0238095238095
42032	0.0238095238095
43311	0.0238095238095
45304	0.0238095238095
46237	0.0238095238095
46323	0.0238095238095
49681	0.0238095238095
50910	0.0238095238095
51362	0.0238095238095
52219	0.0238095238095
52295	0.0238095238095
52348	0.0238095238095
52602	0.0238095238095
53050	0.0238095238095
53177	0.0238095238095
53389	0.0238095238095
54926	0.0238095238095
56025	0.0238095238095
56838	0.0238095238095
57563	0.0238095238095
58759	0.0238095238095
59528	0.0238095238095
59958	0.0238095238095
60186	0.0238095238095
60724	0.0238095238095
4635	0.0235294117647
15730	0.0235294117647
23284	0.0235294117647
34658	0.0235294117647
46039	0.0235294117647
52906	0.0235294117647
22572	0.0234741784038
17066	0.0233644859813
92	0.0232558139535
1098	0.0232558139535
5206	0.0232558139535
7527	0.0232558139535
8482	0.0232558139535
8839	0.0232558139535
9922	0.0232558139535
10609	0.0232558139535
10903	0.0232558139535
11919	0.0232558139535
12056	0.0232558139535
15776	0.0232558139535
18398	0.0232558139535
19854	0.0232558139535
20502	0.0232558139535
20511	0.0232558139535
22993	0.0232558139535
23670	0.0232558139535
24499	0.0232558139535
25206	0.0232558139535
28174	0.0232558139535
29298	0.0232558139535
30032	0.0232558139535
30920	0.0232558139535
30949	0.0232558139535
33930	0.0232558139535
35900	0.0232558139535
36010	0.0232558139535
38009	0.0232558139535
38746	0.0232558139535
39485	0.0232558139535
39736	0.0232558139535
39832	0.0232558139535
40209	0.0232558139535
40323	0.0232558139535
40725	0.0232558139535
41351	0.0232558139535
41545	0.0232558139535
41885	0.0232558139535
42058	0.0232558139535
42803	0.0232558139535
45101	0.0232558139535
46163	0.0232558139535
50268	0.0232558139535
51476	0.0232558139535
51498	0.0232558139535
52478	0.0232558139535
52489	0.0232558139535
52687	0.0232558139535
53489	0.0232558139535
54610	0.0232558139535
58439	0.0232558139535
59994	0.0232558139535
60279	0.0232558139535
31306	0.0230769230769
3964	0.0229885057471
5679	0.0229885057471
30672	0.0229885057471
41169	0.0229885057471
472	0.0227272727273
1097	0.0227272727273
2508	0.0227272727273
2867	0.0227272727273
5504	0.0227272727273
6470	0.0227272727273
7447	0.0227272727273
7937	0.0227272727273
9876	0.0227272727273
10035	0.0227272727273
12030	0.0227272727273
12126	0.0227272727273
14265	0.0227272727273
15017	0.0227272727273
15751	0.0227272727273
21235	0.0227272727273
22085	0.0227272727273
24331	0.0227272727273
24678	0.0227272727273
25361	0.0227272727273
25480	0.0227272727273
26478	0.0227272727273
29125	0.0227272727273
30997	0.0227272727273
32295	0.0227272727273
32462	0.0227272727273
32672	0.0227272727273
32716	0.0227272727273
34159	0.0227272727273
36838	0.0227272727273
37023	0.0227272727273
37026	0.0227272727273
37217	0.0227272727273
38855	0.0227272727273
39351	0.0227272727273
39625	0.0227272727273
39781	0.0227272727273
40127	0.0227272727273
41540	0.0227272727273
41575	0.0227272727273
42600	0.0227272727273
42828	0.0227272727273
44081	0.0227272727273
44525	0.0227272727273
47288	0.0227272727273
50697	0.0227272727273
51310	0.0227272727273
51973	0.0227272727273
52277	0.0227272727273
52333	0.0227272727273
52961	0.0227272727273
53402	0.0227272727273
53438	0.0227272727273
59978	0.0227272727273
60422	0.0227272727273
61037	0.0227272727273
61261	0.0227272727273
90	0.0226244343891
12824	0.0226244343891
10844	0.0225988700565
6382	0.0224719101124
1389	0.0223463687151
22579	0.0223463687151
40968	0.0223048327138
255	0.0222222222222
1999	0.0222222222222
4104	0.0222222222222
4175	0.0222222222222
4958	0.0222222222222
6906	0.0222222222222
7757	0.0222222222222
9856	0.0222222222222
9910	0.0222222222222
10128	0.0222222222222
12594	0.0222222222222
13524	0.0222222222222
13730	0.0222222222222
14404	0.0222222222222
14964	0.0222222222222
16852	0.0222222222222
18320	0.0222222222222
24123	0.0222222222222
25484	0.0222222222222
28463	0.0222222222222
32270	0.0222222222222
32283	0.0222222222222
37117	0.0222222222222
37592	0.0222222222222
40280	0.0222222222222
40325	0.0222222222222
42244	0.0222222222222
42406	0.0222222222222
43306	0.0222222222222
43565	0.0222222222222
44627	0.0222222222222
45885	0.0222222222222
46832	0.0222222222222
47291	0.0222222222222
48407	0.0222222222222
48460	0.0222222222222
49205	0.0222222222222
51907	0.0222222222222
51981	0.0222222222222
52028	0.0222222222222
52246	0.0222222222222
52740	0.0222222222222
53340	0.0222222222222
54128	0.0222222222222
58274	0.0222222222222
59575	0.0222222222222
59598	0.0222222222222
59693	0.0222222222222
60105	0.0222222222222
20205	0.0220588235294
41318	0.021978021978
52319	0.021978021978
26199	0.021897810219
34967	0.0218579234973
26	0.0217391304348
2061	0.0217391304348
2862	0.0217391304348
2874	0.0217391304348
4792	0.0217391304348
11492	0.0217391304348
11894	0.0217391304348
14882	0.0217391304348
15330	0.0217391304348
17295	0.0217391304348
19095	0.0217391304348
20315	0.0217391304348
22345	0.0217391304348
22453	0.0217391304348
22523	0.0217391304348
23157	0.0217391304348
24681	0.0217391304348
24728	0.0217391304348
26613	0.0217391304348
28894	0.0217391304348
30847	0.0217391304348
31320	0.0217391304348
33591	0.0217391304348
33977	0.0217391304348
34817	0.0217391304348
39931	0.0217391304348
42689	0.0217391304348
42923	0.0217391304348
43057	0.0217391304348
43060	0.0217391304348
43176	0.0217391304348
43589	0.0217391304348
43676	0.0217391304348
49046	0.0217391304348
49132	0.0217391304348
50471	0.0217391304348
50858	0.0217391304348
51986	0.0217391304348
52603	0.0217391304348
56908	0.0217391304348
59543	0.0217391304348
59940	0.0217391304348
60990	0.0217391304348
18815	0.0216216216216
36976	0.0215827338129
947	0.0215053763441
7462	0.0215053763441
16847	0.0215053763441
23275	0.0215053763441
27874	0.0215053763441
31008	0.0215053763441
39034	0.0215053763441
22919	0.0214285714286
20529	0.0213675213675
202	0.0212765957447
206	0.0212765957447
773	0.0212765957447
1525	0.0212765957447
2644	0.0212765957447
6482	0.0212765957447
7324	0.0212765957447
7481	0.0212765957447
9688	0.0212765957447
10158	0.0212765957447
11119	0.0212765957447
12055	0.0212765957447
12645	0.0212765957447
15208	0.0212765957447
15219	0.0212765957447
18373	0.0212765957447
18707	0.0212765957447
18791	0.0212765957447
20871	0.0212765957447
22750	0.0212765957447
23203	0.0212765957447
23472	0.0212765957447
25388	0.0212765957447
29100	0.0212765957447
32478	0.0212765957447
34533	0.0212765957447
34661	0.0212765957447
37059	0.0212765957447
37539	0.0212765957447
38086	0.0212765957447
38467	0.0212765957447
39432	0.0212765957447
39776	0.0212765957447
40181	0.0212765957447
41995	0.0212765957447
42056	0.0212765957447
42681	0.0212765957447
42954	0.0212765957447
43591	0.0212765957447
44619	0.0212765957447
47096	0.0212765957447
48336	0.0212765957447
48753	0.0212765957447
51111	0.0212765957447
51300	0.0212765957447
51900	0.0212765957447
52404	0.0212765957447
52462	0.0212765957447
52861	0.0212765957447
52920	0.0212765957447
57095	0.0212765957447
58885	0.0212765957447
59299	0.0212765957447
59646	0.0212765957447
59922	0.0212765957447
59971	0.0212765957447
60161	0.0212765957447
60233	0.0212765957447
60407	0.0212765957447
18276	0.0211267605634
41095	0.0211267605634
41284	0.0211267605634
48902	0.0211267605634
41332	0.0210970464135
2276	0.0210526315789
5230	0.020942408377
14206	0.020942408377
3990	0.0208333333333
4077	0.0208333333333
4138	0.0208333333333
5271	0.0208333333333
5485	0.0208333333333
6933	0.0208333333333
8619	0.0208333333333
10394	0.0208333333333
11505	0.0208333333333
11624	0.0208333333333
12801	0.0208333333333
12949	0.0208333333333
14086	0.0208333333333
15280	0.0208333333333
16973	0.0208333333333
17352	0.0208333333333
17666	0.0208333333333
18015	0.0208333333333
18150	0.0208333333333
21705	0.0208333333333
22525	0.0208333333333
22544	0.0208333333333
23120	0.0208333333333
24767	0.0208333333333
26615	0.0208333333333
26656	0.0208333333333
30227	0.0208333333333
32035	0.0208333333333
32088	0.0208333333333
32123	0.0208333333333
33078	0.0208333333333
33255	0.0208333333333
33363	0.0208333333333
33482	0.0208333333333
35505	0.0208333333333
38049	0.0208333333333
38451	0.0208333333333
38777	0.0208333333333
39936	0.0208333333333
42384	0.0208333333333
42944	0.0208333333333
42997	0.0208333333333
43226	0.0208333333333
43923	0.0208333333333
44029	0.0208333333333
44975	0.0208333333333
48193	0.0208333333333
48571	0.0208333333333
51245	0.0208333333333
52190	0.0208333333333
59927	0.0208333333333
61137	0.0208333333333
61226	0.0208333333333
25413	0.0206611570248
41146	0.0206611570248
34166	0.020618556701
50881	0.0205479452055
17	0.0204081632653
1052	0.0204081632653
1357	0.0204081632653
2053	0.0204081632653
2573	0.0204081632653
6880	0.0204081632653
7886	0.0204081632653
9205	0.0204081632653
9430	0.0204081632653
10232	0.0204081632653
11243	0.0204081632653
11742	0.0204081632653
12001	0.0204081632653
13471	0.0204081632653
15340	0.0204081632653
15429	0.0204081632653
15732	0.0204081632653
17623	0.0204081632653
17831	0.0204081632653
18908	0.0204081632653
19650	0.0204081632653
19779	0.0204081632653
20513	0.0204081632653
22697	0.0204081632653
24438	0.0204081632653
24848	0.0204081632653
26659	0.0204081632653
28071	0.0204081632653
28246	0.0204081632653
29593	0.0204081632653
31607	0.0204081632653
32157	0.0204081632653
41252	0.0204081632653
41516	0.0204081632653
43733	0.0204081632653
44023	0.0204081632653
46137	0.0204081632653
47458	0.0204081632653
47585	0.0204081632653
50931	0.0204081632653
51256	0.0204081632653
51660	0.0204081632653
52036	0.0204081632653
52055	0.0204081632653
52609	0.0204081632653
58497	0.0204081632653
2264	0.0202702702703
22408	0.0202702702703
8894	0.020202020202
35630	0.020202020202
40569	0.020202020202
51307	0.020202020202
5116	0.0201005025126
52065	0.0201005025126
697	0.02
1214	0.02
1240	0.02
3282	0.02
3493	0.02
3764	0.02
3876	0.02
4011	0.02
4249	0.02
5200	0.02
6201	0.02
8888	0.02
13146	0.02
14962	0.02
15321	0.02
15610	0.02
16051	0.02
16353	0.02
16861	0.02
17710	0.02
18153	0.02
18240	0.02
18715	0.02
23300	0.02
23747	0.02
26123	0.02
26575	0.02
26637	0.02
27813	0.02
27839	0.02
28816	0.02
28935	0.02
31177	0.02
31880	0.02
33318	0.02
34514	0.02
35552	0.02
37452	0.02
37608	0.02
39328	0.02
39742	0.02
39963	0.02
40003	0.02
40045	0.02
40961	0.02
41175	0.02
41844	0.02
42221	0.02
42638	0.02
43107	0.02
43312	0.02
43547	0.02
43789	0.02
47886	0.02
51275	0.02
51586	0.02
51888	0.02
52884	0.02
52959	0.02
52981	0.02
52996	0.02
57733	0.02
57864	0.02
58215	0.02
59539	0.02
60293	0.02
60453	0.02
4070	0.0198675496689
15782	0.0198675496689
27320	0.0198675496689
27409	0.0198675496689
11769	0.0198198198198
2321	0.019801980198
17027	0.019801980198
17303	0.019801980198
18813	0.019801980198
25273	0.019801980198
28799	0.019801980198
32762	0.019801980198
38659	0.019801980198
41404	0.019801980198
51940	0.019801980198
52102	0.019801980198
13076	0.0197368421053
468	0.0196078431373
685	0.0196078431373
1166	0.0196078431373
1699	0.0196078431373
3558	0.0196078431373
4515	0.0196078431373
4598	0.0196078431373
14676	0.0196078431373
17615	0.0196078431373
18186	0.0196078431373
21298	0.0196078431373
21829	0.0196078431373
22586	0.0196078431373
23575	0.0196078431373
24173	0.0196078431373
24357	0.0196078431373
25599	0.0196078431373
31208	0.0196078431373
32042	0.0196078431373
32841	0.0196078431373
32894	0.0196078431373
34110	0.0196078431373
34329	0.0196078431373
34415	0.0196078431373
34952	0.0196078431373
35016	0.0196078431373
36942	0.0196078431373
37006	0.0196078431373
37169	0.0196078431373
37754	0.0196078431373
40121	0.0196078431373
40125	0.0196078431373
41028	0.0196078431373
41437	0.0196078431373
41771	0.0196078431373
41775	0.0196078431373
41993	0.0196078431373
43580	0.0196078431373
43813	0.0196078431373
49401	0.0196078431373
51436	0.0196078431373
52276	0.0196078431373
52744	0.0196078431373
52889	0.0196078431373
52993	0.0196078431373
53115	0.0196078431373
53251	0.0196078431373
56496	0.0196078431373
57008	0.0196078431373
60326	0.0196078431373
51709	0.0194805194805
37792	0.0194174757282
41398	0.0193548387097
42270	0.0193548387097
10250	0.0193370165746
310	0.0192307692308
380	0.0192307692308
465	0.0192307692308
1592	0.0192307692308
1700	0.0192307692308
5496	0.0192307692308
5884	0.0192307692308
8492	0.0192307692308
9148	0.0192307692308
10139	0.0192307692308
10389	0.0192307692308
10607	0.0192307692308
11392	0.0192307692308
12864	0.0192307692308
13353	0.0192307692308
14599	0.0192307692308
17104	0.0192307692308
17714	0.0192307692308
18299	0.0192307692308
21715	0.0192307692308
26661	0.0192307692308
28522	0.0192307692308
32103	0.0192307692308
32805	0.0192307692308
33207	0.0192307692308
38653	0.0192307692308
40202	0.0192307692308
41581	0.0192307692308
42203	0.0192307692308
42348	0.0192307692308
43037	0.0192307692308
43116	0.0192307692308
43307	0.0192307692308
49284	0.0192307692308
50854	0.0192307692308
51125	0.0192307692308
51225	0.0192307692308
53015	0.0192307692308
54708	0.0192307692308
55055	0.0192307692308
58405	0.0192307692308
59520	0.0192307692308
59599	0.0192307692308
6222	0.0191082802548
30793	0.0191082802548
39324	0.0191082802548
12831	0.0190476190476
20089	0.0190476190476
26599	0.0190476190476
41157	0.0190476190476
48475	0.0190476190476
31170	0.0190114068441
2070	0.0189873417722
911	0.0188679245283
1588	0.0188679245283
3187	0.0188679245283
3480	0.0188679245283
5133	0.0188679245283
6548	0.0188679245283
8127	0.0188679245283
8129	0.0188679245283
8440	0.0188679245283
10103	0.0188679245283
10431	0.0188679245283
11180	0.0188679245283
12598	0.0188679245283
15104	0.0188679245283
16836	0.0188679245283
18202	0.0188679245283
19879	0.0188679245283
22827	0.0188679245283
23272	0.0188679245283
24201	0.0188679245283
26067	0.0188679245283
26289	0.0188679245283
26486	0.0188679245283
28714	0.0188679245283
29032	0.0188679245283
29872	0.0188679245283
31164	0.0188679245283
31185	0.0188679245283
31200	0.0188679245283
32850	0.0188679245283
36686	0.0188679245283
37514	0.0188679245283
37686	0.0188679245283
37990	0.0188679245283
38417	0.0188679245283
39991	0.0188679245283
41654	0.0188679245283
41837	0.0188679245283
41986	0.0188679245283
42186	0.0188679245283
42471	0.0188679245283
45644	0.0188679245283
48812	0.0188679245283
51167	0.0188679245283
51428	0.0188679245283
51963	0.0188679245283
51982	0.0188679245283
61124	0.0188679245283
21983	0.018691588785
22113	0.018691588785
4339	0.0186567164179
28709	0.0186335403727
98	0.0185185185185
762	0.0185185185185
1387	0.0185185185185
1602	0.0185185185185
1607	0.0185185185185
1608	0.0185185185185
3432	0.0185185185185
4503	0.0185185185185
5408	0.0185185185185
6343	0.0185185185185
10583	0.0185185185185
14384	0.0185185185185
15266	0.0185185185185
16790	0.0185185185185
18162	0.0185185185185
18832	0.0185185185185
18926	0.0185185185185
20169	0.0185185185185
21116	0.0185185185185
21528	0.0185185185185
23283	0.0185185185185
26669	0.0185185185185
27910	0.0185185185185
29033	0.0185185185185
30056	0.0185185185185
30445	0.0185185185185
30876	0.0185185185185
32386	0.0185185185185
32680	0.0185185185185
34619	0.0185185185185
38970	0.0185185185185
39332	0.0185185185185
41522	0.0185185185185
41929	0.0185185185185
42540	0.0185185185185
42947	0.0185185185185
43280	0.0185185185185
43422	0.0185185185185
49986	0.0185185185185
51244	0.0185185185185
51695	0.0185185185185
53053	0.0185185185185
56073	0.0185185185185
60356	0.0185185185185
60515	0.0185185185185
33678	0.0184331797235
38657	0.0184049079755
52225	0.0184049079755
35847	0.0183823529412
36606	0.0183486238532
4173	0.0183066361556
11481	0.0182926829268
47637	0.0182481751825
3542	0.0181818181818
3947	0.0181818181818
5098	0.0181818181818
5739	0.0181818181818
7350	0.0181818181818
7678	0.0181818181818
8293	0.0181818181818
10856	0.0181818181818
11636	0.0181818181818
12737	0.0181818181818
13399	0.0181818181818
15201	0.0181818181818
20838	0.0181818181818
24316	0.0181818181818
28319	0.0181818181818
29331	0.0181818181818
30002	0.0181818181818
30154	0.0181818181818
32881	0.0181818181818
35061	0.0181818181818
35426	0.0181818181818
36601	0.0181818181818
37829	0.0181818181818
37913	0.0181818181818
38436	0.0181818181818
39885	0.0181818181818
41636	0.0181818181818
42537	0.0181818181818
42690	0.0181818181818
43272	0.0181818181818
43631	0.0181818181818
49965	0.0181818181818
50398	0.0181818181818
50649	0.0181818181818
51080	0.0181818181818
51936	0.0181818181818
52585	0.0181818181818
52643	0.0181818181818
52952	0.0181818181818
56260	0.0181818181818
59876	0.0181818181818
60466	0.0181818181818
38671	0.0180722891566
34191	0.018018018018
41213	0.018018018018
41833	0.018018018018
52615	0.018018018018
61042	0.018018018018
12777	0.0179640718563
13318	0.0179211469534
1082	0.0178571428571
1542	0.0178571428571
2826	0.0178571428571
2945	0.0178571428571
3074	0.0178571428571
3737	0.0178571428571
5214	0.0178571428571
5625	0.0178571428571
5793	0.0178571428571
8909	0.0178571428571
12306	0.0178571428571
12585	0.0178571428571
13357	0.0178571428571
14422	0.0178571428571
16317	0.0178571428571
16523	0.0178571428571
21451	0.0178571428571
26874	0.0178571428571
29858	0.0178571428571
30879	0.0178571428571
33259	0.0178571428571
34728	0.0178571428571
40640	0.0178571428571
41197	0.0178571428571
41331	0.0178571428571
41691	0.0178571428571
42575	0.0178571428571
42840	0.0178571428571
44401	0.0178571428571
44462	0.0178571428571
49406	0.0178571428571
49415	0.0178571428571
53017	0.0178571428571
58279	0.0178571428571
15306	0.0177777777778
17715	0.0177514792899
22830	0.0177514792899
2811	0.0177304964539
160	0.0176991150442
29218	0.0176767676768
16784	0.0176470588235
34109	0.0176470588235
3690	0.0175438596491
3985	0.0175438596491
4587	0.0175438596491
11421	0.0175438596491
12970	0.0175438596491
14132	0.0175438596491
14833	0.0175438596491
16843	0.0175438596491
22009	0.0175438596491
22791	0.0175438596491
23262	0.0175438596491
23626	0.0175438596491
28651	0.0175438596491
32050	0.0175438596491
32879	0.0175438596491
33356	0.0175438596491
34136	0.0175438596491
35437	0.0175438596491
36559	0.0175438596491
37770	0.0175438596491
38006	0.0175438596491
41667	0.0175438596491
41725	0.0175438596491
42113	0.0175438596491
42550	0.0175438596491
43453	0.0175438596491
43518	0.0175438596491
48769	0.0175438596491
49678	0.0175438596491
59738	0.0175438596491
27579	0.0174672489083
10096	0.0174418604651
766	0.0173913043478
11886	0.0173913043478
33544	0.0173913043478
41269	0.0173913043478
42704	0.0173913043478
30691	0.0173611111111
11196	0.0173410404624
21311	0.0173410404624
27899	0.0173410404624
34522	0.0173410404624
51575	0.0173410404624
41521	0.017316017316
50864	0.0173010380623
670	0.0172413793103
844	0.0172413793103
1931	0.0172413793103
2757	0.0172413793103
7841	0.0172413793103
9337	0.0172413793103
11009	0.0172413793103
13135	0.0172413793103
14406	0.0172413793103
15015	0.0172413793103
15026	0.0172413793103
17355	0.0172413793103
18668	0.0172413793103
20858	0.0172413793103
21341	0.0172413793103
26850	0.0172413793103
27240	0.0172413793103
30978	0.0172413793103
34252	0.0172413793103
34505	0.0172413793103
34656	0.0172413793103
34668	0.0172413793103
35139	0.0172413793103
36364	0.0172413793103
38454	0.0172413793103
40893	0.0172413793103
41299	0.0172413793103
41590	0.0172413793103
41723	0.0172413793103
42145	0.0172413793103
42441	0.0172413793103
44190	0.0172413793103
47944	0.0172413793103
50098	0.0172413793103
51914	0.0172413793103
52009	0.0172413793103
56978	0.0172413793103
11165	0.0171673819742
17637	0.0171428571429
20591	0.0171428571429
32895	0.0171428571429
913	0.017094017094
21583	0.017094017094
50873	0.017094017094
19034	0.0170454545455
36078	0.0170454545455
156	0.0169491525424
493	0.0169491525424
961	0.0169491525424
1341	0.0169491525424
2291	0.0169491525424
2884	0.0169491525424
3496	0.0169491525424
3599	0.0169491525424
5581	0.0169491525424
6395	0.0169491525424
7157	0.0169491525424
7524	0.0169491525424
8914	0.0169491525424
10089	0.0169491525424
11947	0.0169491525424
12386	0.0169491525424
13379	0.0169491525424
15680	0.0169491525424
15721	0.0169491525424
16123	0.0169491525424
16129	0.0169491525424
19687	0.0169491525424
22937	0.0169491525424
23071	0.0169491525424
24503	0.0169491525424
26005	0.0169491525424
26133	0.0169491525424
27033	0.0169491525424
32289	0.0169491525424
34204	0.0169491525424
35019	0.0169491525424
36358	0.0169491525424
37167	0.0169491525424
38026	0.0169491525424
39232	0.0169491525424
41305	0.0169491525424
41492	0.0169491525424
42126	0.0169491525424
42822	0.0169491525424
43198	0.0169491525424
43596	0.0169491525424
46084	0.0169491525424
48901	0.0169491525424
51975	0.0169491525424
52125	0.0169491525424
52540	0.0169491525424
52690	0.0169491525424
52856	0.0169491525424
56879	0.0169491525424
57807	0.0169491525424
60108	0.0169491525424
25431	0.0168776371308
29845	0.0168539325843
2247	0.0168067226891
3194	0.0168067226891
11230	0.0168067226891
22396	0.0168067226891
33751	0.0168067226891
47473	0.0168067226891
712	0.0167597765363
41059	0.0167597765363
1818	0.0166666666667
1820	0.0166666666667
2027	0.0166666666667
6095	0.0166666666667
6632	0.0166666666667
10891	0.0166666666667
13173	0.0166666666667
14341	0.0166666666667
14669	0.0166666666667
16806	0.0166666666667
24373	0.0166666666667
24509	0.0166666666667
25092	0.0166666666667
25156	0.0166666666667
28574	0.0166666666667
31408	0.0166666666667
31756	0.0166666666667
36348	0.0166666666667
36888	0.0166666666667
37302	0.0166666666667
39934	0.0166666666667
41008	0.0166666666667
41484	0.0166666666667
41647	0.0166666666667
41974	0.0166666666667
42038	0.0166666666667
42210	0.0166666666667
42849	0.0166666666667
42852	0.0166666666667
43786	0.0166666666667
44309	0.0166666666667
46882	0.0166666666667
48807	0.0166666666667
49448	0.0166666666667
50354	0.0166666666667
51251	0.0166666666667
51298	0.0166666666667
51579	0.0166666666667
51901	0.0166666666667
52044	0.0166666666667
53250	0.0166666666667
59562	0.0166666666667
5350	0.0165289256198
23054	0.0165289256198
25165	0.0165289256198
31494	0.0165289256198
35486	0.0165289256198
37680	0.0164835164835
13933	0.0164609053498
29852	0.0164609053498
70	0.016393442623
3817	0.016393442623
3918	0.016393442623
4124	0.016393442623
5099	0.016393442623
6124	0.016393442623
7476	0.016393442623
8663	0.016393442623
8735	0.016393442623
10886	0.016393442623
11012	0.016393442623
12552	0.016393442623
17361	0.016393442623
20785	0.016393442623
24590	0.016393442623
27918	0.016393442623
28190	0.016393442623
32775	0.016393442623
36249	0.016393442623
36382	0.016393442623
38003	0.016393442623
38600	0.016393442623
41655	0.016393442623
41748	0.016393442623
42715	0.016393442623
43101	0.016393442623
43542	0.016393442623
43815	0.016393442623
44663	0.016393442623
47234	0.016393442623
48162	0.016393442623
50875	0.016393442623
50964	0.016393442623
51230	0.016393442623
51435	0.016393442623
51565	0.016393442623
52211	0.016393442623
52528	0.016393442623
53034	0.016393442623
53276	0.016393442623
56072	0.016393442623
59236	0.016393442623
60020	0.016393442623
60071	0.016393442623
61147	0.016393442623
41092	0.016317016317
5712	0.0162601626016
6375	0.0162601626016
10492	0.0162601626016
21227	0.0162601626016
25078	0.0162601626016
28805	0.0162601626016
29356	0.0162601626016
40411	0.0162601626016
3022	0.0162337662338
15714	0.0162162162162
19090	0.0161812297735
797	0.0161290322581
924	0.0161290322581
1666	0.0161290322581
2072	0.0161290322581
3742	0.0161290322581
4193	0.0161290322581
5120	0.0161290322581
6961	0.0161290322581
10918	0.0161290322581
11258	0.0161290322581
13707	0.0161290322581
14381	0.0161290322581
16348	0.0161290322581
22107	0.0161290322581
23603	0.0161290322581
26818	0.0161290322581
26829	0.0161290322581
27968	0.0161290322581
28348	0.0161290322581
31854	0.0161290322581
32024	0.0161290322581
35059	0.0161290322581
35240	0.0161290322581
36787	0.0161290322581
38605	0.0161290322581
41962	0.0161290322581
41981	0.0161290322581
42730	0.0161290322581
45156	0.0161290322581
48552	0.0161290322581
51521	0.0161290322581
52396	0.0161290322581
52469	0.0161290322581
52868	0.0161290322581
55841	0.0161290322581
57364	0.0161290322581
11128	0.0160427807487
25444	0.0160256410256
1821	0.016
36275	0.016
38493	0.016
41391	0.0159574468085
14749	0.0159362549801
36392	0.0159045725646
2754	0.015873015873
2759	0.015873015873
2901	0.015873015873
3384	0.015873015873
3425	0.015873015873
9254	0.015873015873
9331	0.015873015873
10190	0.015873015873
11154	0.015873015873
13295	0.015873015873
16617	0.015873015873
18002	0.015873015873
19411	0.015873015873
19695	0.015873015873
20575	0.015873015873
22010	0.015873015873
23456	0.015873015873
24409	0.015873015873
27090	0.015873015873
27268	0.015873015873
29691	0.015873015873
31731	0.015873015873
32664	0.015873015873
32814	0.015873015873
35167	0.015873015873
39013	0.015873015873
40297	0.015873015873
40489	0.015873015873
40869	0.015873015873
41454	0.015873015873
41534	0.015873015873
41799	0.015873015873
47335	0.015873015873
48253	0.015873015873
51098	0.015873015873
51323	0.015873015873
51591	0.015873015873
52063	0.015873015873
52847	0.015873015873
53443	0.015873015873
60281	0.015873015873
60341	0.015873015873
60463	0.015873015873
7175	0.0158478605388
23011	0.0158227848101
19201	0.0158102766798
25453	0.0157894736842
18403	0.0157480314961
18958	0.0157480314961
17948	0.0157068062827
23265	0.0157068062827
6372	0.0156862745098
3431	0.015625
7751	0.015625
8034	0.015625
11252	0.015625
18298	0.015625
19444	0.015625
25893	0.015625
26725	0.015625
28330	0.015625
34441	0.015625
39419	0.015625
40109	0.015625
40792	0.015625
41084	0.015625
41566	0.015625
41606	0.015625
42678	0.015625
43732	0.015625
44112	0.015625
46610	0.015625
47633	0.015625
49719	0.015625
50250	0.015625
51152	0.015625
51390	0.015625
51398	0.015625
51762	0.015625
51797	0.015625
52259	0.015625
52417	0.015625
52713	0.015625
52734	0.015625
53243	0.015625
31850	0.0155440414508
41050	0.0155440414508
34637	0.0155279503106
2639	0.015503875969
4327	0.015503875969
22031	0.015503875969
23742	0.015503875969
39288	0.015503875969
948	0.0153846153846
6105	0.0153846153846
6194	0.0153846153846
11673	0.0153846153846
11874	0.0153846153846
17080	0.0153846153846
17640	0.0153846153846
20716	0.0153846153846
21436	0.0153846153846
21903	0.0153846153846
22813	0.0153846153846
24958	0.0153846153846
25799	0.0153846153846
29392	0.0153846153846
29654	0.0153846153846
31954	0.0153846153846
32522	0.0153846153846
32962	0.0153846153846
35907	0.0153846153846
37055	0.0153846153846
37473	0.0153846153846
39002	0.0153846153846
39422	0.0153846153846
39536	0.0153846153846
41337	0.0153846153846
41888	0.0153846153846
42085	0.0153846153846
42284	0.0153846153846
42516	0.0153846153846
43325	0.0153846153846
45900	0.0153846153846
46487	0.0153846153846
47807	0.0153846153846
51768	0.0153846153846
51834	0.0153846153846
53044	0.0153846153846
59815	0.0153846153846
6417	0.015306122449
8466	0.015306122449
51121	0.015306122449
71	0.0152671755725
41236	0.0152671755725
13955	0.0151770657673
29863	0.0151770657673
41074	0.0151770657673
134	0.0151515151515
597	0.0151515151515
1972	0.0151515151515
4343	0.0151515151515
4761	0.0151515151515
6800	0.0151515151515
8527	0.0151515151515
13086	0.0151515151515
17073	0.0151515151515
19096	0.0151515151515
21043	0.0151515151515
24936	0.0151515151515
26840	0.0151515151515
26841	0.0151515151515
34862	0.0151515151515
37780	0.0151515151515
41544	0.0151515151515
41698	0.0151515151515
41704	0.0151515151515
41892	0.0151515151515
42688	0.0151515151515
43358	0.0151515151515
45481	0.0151515151515
46970	0.0151515151515
52842	0.0151515151515
55096	0.0151515151515
34858	0.0151228733459
22643	0.0151057401813
28832	0.0150862068966
51213	0.0150753768844
12503	0.015037593985
21719	0.015037593985
31720	0.015037593985
2744	0.0149253731343
2941	0.0149253731343
3548	0.0149253731343
5547	0.0149253731343
5946	0.0149253731343
7531	0.0149253731343
10694	0.0149253731343
11386	0.0149253731343
11871	0.0149253731343
12948	0.0149253731343
14407	0.0149253731343
15206	0.0149253731343
21790	0.0149253731343
25297	0.0149253731343
26713	0.0149253731343
30680	0.0149253731343
31107	0.0149253731343
31696	0.0149253731343
37776	0.0149253731343
41177	0.0149253731343
41915	0.0149253731343
43103	0.0149253731343
45969	0.0149253731343
51751	0.0149253731343
60638	0.0149253731343
867	0.014888337469
39510	0.0148514851485
22744	0.0148471615721
14275	0.0148148148148
33971	0.0148148148148
41894	0.0148148148148
41972	0.0147928994083
42378	0.0147783251232
937	0.0147058823529
1345	0.0147058823529
1921	0.0147058823529
2202	0.0147058823529
2600	0.0147058823529
3828	0.0147058823529
5572	0.0147058823529
8251	0.0147058823529
9207	0.0147058823529
11306	0.0147058823529
13560	0.0147058823529
14872	0.0147058823529
18292	0.0147058823529
18530	0.0147058823529
19313	0.0147058823529
24564	0.0147058823529
24874	0.0147058823529
25885	0.0147058823529
27646	0.0147058823529
30131	0.0147058823529
31041	0.0147058823529
33815	0.0147058823529
38019	0.0147058823529
41214	0.0147058823529
41436	0.0147058823529
41797	0.0147058823529
41970	0.0147058823529
42093	0.0147058823529
43517	0.0147058823529
45283	0.0147058823529
51248	0.0147058823529
53372	0.0147058823529
59584	0.0147058823529
1628	0.0146878824969
12467	0.0146198830409
17008	0.0146198830409
11383	0.014598540146
14525	0.014598540146
26893	0.0145772594752
41015	0.0145348837209
167	0.0144927536232
2164	0.0144927536232
2367	0.0144927536232
2861	0.0144927536232
4022	0.0144927536232
4919	0.0144927536232
6368	0.0144927536232
8774	0.0144927536232
10316	0.0144927536232
14646	0.0144927536232
15192	0.0144927536232
15356	0.0144927536232
17982	0.0144927536232
18992	0.0144927536232
21353	0.0144927536232
22895	0.0144927536232
27076	0.0144927536232
31991	0.0144927536232
32851	0.0144927536232
39964	0.0144927536232
40633	0.0144927536232
42207	0.0144927536232
43780	0.0144927536232
44456	0.0144927536232
51348	0.0144927536232
51926	0.0144927536232
52465	0.0144927536232
52500	0.0144927536232
60352	0.0144927536232
60429	0.0144927536232
60610	0.0144927536232
23373	0.0144230769231
2419	0.0144167758847
2353	0.0143884892086
5804	0.0143884892086
61083	0.0143884892086
30938	0.0143540669856
16956	0.0143369175627
1505	0.0142857142857
1895	0.0142857142857
2108	0.0142857142857
3204	0.0142857142857
4476	0.0142857142857
4527	0.0142857142857
6394	0.0142857142857
12753	0.0142857142857
12776	0.0142857142857
12795	0.0142857142857
13005	0.0142857142857
14859	0.0142857142857
17264	0.0142857142857
21835	0.0142857142857
26817	0.0142857142857
28437	0.0142857142857
37587	0.0142857142857
37599	0.0142857142857
37735	0.0142857142857
41386	0.0142857142857
41652	0.0142857142857
41951	0.0142857142857
43347	0.0142857142857
45994	0.0142857142857
55923	0.0142857142857
54	0.0142180094787
41227	0.0142180094787
50980	0.0142180094787
25834	0.0141843971631
37184	0.0141843971631
40394	0.0141843971631
41421	0.0141843971631
2007	0.014115092291
2559	0.0140845070423
3250	0.0140845070423
3271	0.0140845070423
4221	0.0140845070423
4840	0.0140845070423
8759	0.0140845070423
9292	0.0140845070423
9753	0.0140845070423
16397	0.0140845070423
19595	0.0140845070423
24031	0.0140845070423
24099	0.0140845070423
24981	0.0140845070423
28536	0.0140845070423
29477	0.0140845070423
29902	0.0140845070423
32006	0.0140845070423
32589	0.0140845070423
35155	0.0140845070423
36394	0.0140845070423
39663	0.0140845070423
40862	0.0140845070423
41051	0.0140845070423
41311	0.0140845070423
41392	0.0140845070423
41763	0.0140845070423
42350	0.0140845070423
42692	0.0140845070423
45884	0.0140845070423
48210	0.0140845070423
48996	0.0140845070423
51019	0.0140845070423
52736	0.0140845070423
55722	0.0140845070423
59701	0.0140845070423
51178	0.0140350877193
2216	0.0140186915888
1232	0.013986013986
4006	0.013986013986
32146	0.013986013986
39852	0.013986013986
42262	0.013986013986
51039	0.013986013986
53001	0.013986013986
2169	0.0139534883721
22524	0.0139534883721
37194	0.0139534883721
3666	0.0138888888889
5165	0.0138888888889
9447	0.0138888888889
11946	0.0138888888889
14251	0.0138888888889
18679	0.0138888888889
20490	0.0138888888889
20800	0.0138888888889
23474	0.0138888888889
25266	0.0138888888889
28477	0.0138888888889
28627	0.0138888888889
33830	0.0138888888889
39126	0.0138888888889
41009	0.0138888888889
41642	0.0138888888889
42087	0.0138888888889
42936	0.0138888888889
43164	0.0138888888889
43794	0.0138888888889
46441	0.0138888888889
46469	0.0138888888889
48224	0.0138888888889
49413	0.0138888888889
51340	0.0138888888889
53093	0.0138888888889
7974	0.0138248847926
9184	0.0137931034483
34391	0.0137931034483
51689	0.0137931034483
53114	0.0137931034483
4439	0.0137614678899
21337	0.0137614678899
29360	0.0137614678899
35581	0.0137614678899
1237	0.013698630137
3826	0.013698630137
7357	0.013698630137
15288	0.013698630137
22941	0.013698630137
29379	0.013698630137
33481	0.013698630137
33627	0.013698630137
41379	0.013698630137
41479	0.013698630137
42977	0.013698630137
45636	0.013698630137
46658	0.013698630137
47467	0.013698630137
48358	0.013698630137
50252	0.013698630137
51777	0.013698630137
52743	0.013698630137
60330	0.013698630137
949	0.0136752136752
30980	0.0136208853575
2905	0.0136054421769
9471	0.0136054421769
9538	0.0135823429542
3198	0.0135746606335
37775	0.0135593220339
550	0.0135135135135
2092	0.0135135135135
4696	0.0135135135135
6277	0.0135135135135
7482	0.0135135135135
9589	0.0135135135135
11384	0.0135135135135
16944	0.0135135135135
18304	0.0135135135135
22946	0.0135135135135
24980	0.0135135135135
34094	0.0135135135135
36429	0.0135135135135
37897	0.0135135135135
39341	0.0135135135135
39767	0.0135135135135
42332	0.0135135135135
42701	0.0135135135135
44034	0.0135135135135
45004	0.0135135135135
48181	0.0135135135135
48981	0.0135135135135
51386	0.0135135135135
51454	0.0135135135135
53197	0.0135135135135
53320	0.0135135135135
56368	0.0135135135135
59869	0.0135135135135
3139	0.013468013468
5419	0.0134529147982
616	0.0134228187919
12325	0.0134228187919
13149	0.0134228187919
27209	0.0134228187919
39478	0.0134228187919
47050	0.0134228187919
15083	0.0133928571429
1676	0.0133779264214
1354	0.0133333333333
6235	0.0133333333333
6940	0.0133333333333
7393	0.0133333333333
7913	0.0133333333333
9818	0.0133333333333
12889	0.0133333333333
19139	0.0133333333333
25324	0.0133333333333
26596	0.0133333333333
34192	0.0133333333333
35152	0.0133333333333
36356	0.0133333333333
37856	0.0133333333333
41108	0.0133333333333
41442	0.0133333333333
41471	0.0133333333333
41485	0.0133333333333
41851	0.0133333333333
41868	0.0133333333333
44286	0.0133333333333
57828	0.0133333333333
61173	0.0133333333333
38793	0.0133101851852
41364	0.0132890365449
23532	0.0132450331126
26173	0.0132450331126
3515	0.0132158590308
11675	0.0132158590308
41308	0.0132158590308
38794	0.0131926121372
1111	0.0131578947368
3824	0.0131578947368
4378	0.0131578947368
5618	0.0131578947368
5703	0.0131578947368
6564	0.0131578947368
7182	0.0131578947368
8611	0.0131578947368
13125	0.0131578947368
13622	0.0131578947368
16264	0.0131578947368
21912	0.0131578947368
29431	0.0131578947368
32412	0.0131578947368
33840	0.0131578947368
37577	0.0131578947368
39658	0.0131578947368
40126	0.0131578947368
43910	0.0131578947368
51339	0.0131578947368
51622	0.0131578947368
52018	0.0131578947368
52235	0.0131578947368
52359	0.0131578947368
53174	0.0131578947368
60331	0.0131578947368
38807	0.0131147540984
39366	0.0131004366812
1489	0.0130434782609
14716	0.0130434782609
2	0.0130260521042
51989	0.0130208333333
2831	0.012987012987
3107	0.012987012987
4438	0.012987012987
7430	0.012987012987
9444	0.012987012987
17098	0.012987012987
20245	0.012987012987
22896	0.012987012987
24109	0.012987012987
25230	0.012987012987
30784	0.012987012987
36948	0.012987012987
39884	0.012987012987
41205	0.012987012987
50952	0.012987012987
52156	0.012987012987
53134	0.012987012987
29971	0.0129533678756
34525	0.0129310344828
14476	0.0129032258065
30917	0.0129032258065
21458	0.0128755364807
3445	0.0128617363344
1257	0.0128205128205
2284	0.0128205128205
2310	0.0128205128205
7425	0.0128205128205
8218	0.0128205128205
8941	0.0128205128205
10315	0.0128205128205
11004	0.0128205128205
20450	0.0128205128205
20501	0.0128205128205
21806	0.0128205128205
32405	0.0128205128205
32490	0.0128205128205
32720	0.0128205128205
33155	0.0128205128205
34108	0.0128205128205
36037	0.0128205128205
36379	0.0128205128205
38523	0.0128205128205
39323	0.0128205128205
40921	0.0128205128205
41370	0.0128205128205
41489	0.0128205128205
43835	0.0128205128205
47294	0.0128205128205
51201	0.0128205128205
55963	0.0128205128205
59714	0.0128205128205
38822	0.0127877237852
16194	0.0127388535032
16831	0.0127388535032
19799	0.0127388535032
30585	0.0127388535032
51341	0.0127118644068
2613	0.012676056338
1356	0.0126582278481
2611	0.0126582278481
12393	0.0126582278481
15967	0.0126582278481
16593	0.0126582278481
18492	0.0126582278481
18985	0.0126582278481
19835	0.0126582278481
20070	0.0126582278481
24431	0.0126582278481
24862	0.0126582278481
26660	0.0126582278481
38564	0.0126582278481
38595	0.0126582278481
39751	0.0126582278481
40630	0.0126582278481
41106	0.0126582278481
42652	0.0126582278481
45701	0.0126582278481
51775	0.0126582278481
52904	0.0126582278481
1680	0.0126262626263
32862	0.0126126126126
16209	0.0125984251969
50863	0.0125874125874
921	0.0125786163522
6928	0.0125786163522
7413	0.0125786163522
28750	0.0125786163522
3280	0.0125523012552
17346	0.0125523012552
40988	0.0125523012552
29145	0.012539184953
982	0.0125
1976	0.0125
6259	0.0125
18688	0.0125
23765	0.0125
25952	0.0125
27063	0.0125
28450	0.0125
28938	0.0125
29786	0.0125
35164	0.0125
39657	0.0125
41469	0.0125
42312	0.0125
42405	0.0125
43034	0.0125
50894	0.0125
51266	0.0125
51965	0.0125
53069	0.0125
59504	0.0125
18699	0.01246105919
13095	0.0124481327801
4280	0.0124223602484
9245	0.0124223602484
41042	0.0124223602484
51099	0.0123966942149
1752	0.0123456790123
1898	0.0123456790123
4347	0.0123456790123
4490	0.0123456790123
5781	0.0123456790123
6505	0.0123456790123
7466	0.0123456790123
8226	0.0123456790123
9923	0.0123456790123
12423	0.0123456790123
13854	0.0123456790123
14667	0.0123456790123
17734	0.0123456790123
21345	0.0123456790123
21396	0.0123456790123
24046	0.0123456790123
24810	0.0123456790123
27508	0.0123456790123
27643	0.0123456790123
27648	0.0123456790123
31911	0.0123456790123
33792	0.0123456790123
33926	0.0123456790123
34548	0.0123456790123
39847	0.0123456790123
41858	0.0123456790123
42001	0.0123456790123
42360	0.0123456790123
44120	0.0123456790123
48926	0.0123456790123
53019	0.0123456790123
59759	0.0123456790123
35535	0.0122699386503
40847	0.0122699386503
41181	0.0122699386503
2722	0.0122448979592
363	0.0121951219512
2346	0.0121951219512
4937	0.0121951219512
9669	0.0121951219512
24740	0.0121951219512
32226	0.0121951219512
33772	0.0121951219512
34792	0.0121951219512
34932	0.0121951219512
35030	0.0121951219512
37480	0.0121951219512
39310	0.0121951219512
39874	0.0121951219512
40139	0.0121951219512
40351	0.0121951219512
41158	0.0121951219512
41287	0.0121951219512
42309	0.0121951219512
51738	0.0121951219512
52265	0.0121951219512
52556	0.0121951219512
60231	0.0121951219512
41010	0.0121654501217
39209	0.0121457489879
12756	0.0120967741935
37225	0.012084592145
31483	0.012077294686
494	0.0120481927711
1067	0.0120481927711
1996	0.0120481927711
4513	0.0120481927711
6221	0.0120481927711
20744	0.0120481927711
25383	0.0120481927711
25466	0.0120481927711
28735	0.0120481927711
30007	0.0120481927711
30952	0.0120481927711
33672	0.0120481927711
40977	0.0120481927711
41251	0.0120481927711
41870	0.0120481927711
42291	0.0120481927711
42427	0.0120481927711
42905	0.0120481927711
50204	0.0120481927711
51624	0.0120481927711
52230	0.0120481927711
53189	0.0120481927711
55981	0.0120481927711
25098	0.0120274914089
41134	0.012
13056	0.0119863013699
17318	0.0119760479042
27865	0.0119760479042
31879	0.0119521912351
7299	0.0119402985075
35237	0.0119402985075
51133	0.0119331742243
213	0.0119047619048
632	0.0119047619048
1269	0.0119047619048
4668	0.0119047619048
5012	0.0119047619048
5538	0.0119047619048
5820	0.0119047619048
7392	0.0119047619048
10010	0.0119047619048
10177	0.0119047619048
17928	0.0119047619048
22252	0.0119047619048
24420	0.0119047619048
28452	0.0119047619048
29554	0.0119047619048
29628	0.0119047619048
29680	0.0119047619048
32659	0.0119047619048
41184	0.0119047619048
41908	0.0119047619048
42096	0.0119047619048
42396	0.0119047619048
42845	0.0119047619048
992	0.0118343195266
9920	0.0118343195266
1135	0.0118168389956
4430	0.0118168389956
846	0.0117647058824
3258	0.0117647058824
4057	0.0117647058824
5368	0.0117647058824
5876	0.0117647058824
21310	0.0117647058824
22534	0.0117647058824
23244	0.0117647058824
29053	0.0117647058824
29617	0.0117647058824
32931	0.0117647058824
33113	0.0117647058824
34077	0.0117647058824
37953	0.0117647058824
41381	0.0117647058824
41542	0.0117647058824
46148	0.0117647058824
47064	0.0117647058824
51421	0.0117647058824
51656	0.0117647058824
51821	0.0117647058824
52128	0.0117647058824
52131	0.0117647058824
52132	0.0117647058824
52148	0.0117647058824
57861	0.0117647058824
11	0.0117531831538
17068	0.01171875
24126	0.01171875
22684	0.0116959064327
41596	0.0116959064327
1144	0.0116279069767
1490	0.0116279069767
7101	0.0116279069767
7330	0.0116279069767
10920	0.0116279069767
12432	0.0116279069767
15850	0.0116279069767
16305	0.0116279069767
22234	0.0116279069767
26558	0.0116279069767
28300	0.0116279069767
34519	0.0116279069767
34824	0.0116279069767
41117	0.0116279069767
41174	0.0116279069767
41334	0.0116279069767
41762	0.0116279069767
45793	0.0116279069767
51071	0.0116279069767
52802	0.0116279069767
18307	0.0115740740741
11172	0.0115606936416
2733	0.0115532734275
41116	0.0115511551155
36398	0.0115495668912
28742	0.0115424973767
41467	0.0115207373272
2734	0.0114942528736
3981	0.0114942528736
5484	0.0114942528736
7073	0.0114942528736
13099	0.0114942528736
13451	0.0114942528736
17275	0.0114942528736
17668	0.0114942528736
17735	0.0114942528736
23299	0.0114942528736
32453	0.0114942528736
32803	0.0114942528736
38350	0.0114942528736
39239	0.0114942528736
41075	0.0114942528736
41483	0.0114942528736
43179	0.0114942528736
47136	0.0114942528736
51157	0.0114942528736
51692	0.0114942528736
52017	0.0114942528736
52064	0.0114942528736
52450	0.0114942528736
52525	0.0114942528736
59536	0.0114942528736
61099	0.0114942528736
31536	0.0114678899083
49392	0.0114503816794
51784	0.0114285714286
41071	0.0114155251142
1742	0.0113636363636
9138	0.0113636363636
16722	0.0113636363636
17979	0.0113636363636
19416	0.0113636363636
21982	0.0113636363636
27404	0.0113636363636
33301	0.0113636363636
40212	0.0113636363636
41405	0.0113636363636
43298	0.0113636363636
46509	0.0113636363636
51419	0.0113636363636
51745	0.0113636363636
51865	0.0113636363636
59547	0.0113636363636
22971	0.0113122171946
7261	0.0113085621971
4464	0.0112994350282
50868	0.0112994350282
51117	0.0112994350282
1497	0.0112842557765
1646	0.0112359550562
2354	0.0112359550562
4135	0.0112359550562
4787	0.0112359550562
12838	0.0112359550562
13963	0.0112359550562
14126	0.0112359550562
16322	0.0112359550562
18387	0.0112359550562
22856	0.0112359550562
24058	0.0112359550562
28745	0.0112359550562
29465	0.0112359550562
30679	0.0112359550562
34145	0.0112359550562
38682	0.0112359550562
40923	0.0112359550562
42790	0.0112359550562
45610	0.0112359550562
53329	0.0112359550562
59578	0.0112359550562
34683	0.0112044817927
15233	0.0111731843575
27125	0.0111731843575
34676	0.0111731843575
30835	0.0111524163569
3239	0.0111420612813
11778	0.011135857461
4074	0.0111111111111
10633	0.0111111111111
18213	0.0111111111111
20335	0.0111111111111
21425	0.0111111111111
25806	0.0111111111111
26765	0.0111111111111
28047	0.0111111111111
28719	0.0111111111111
34652	0.0111111111111
35467	0.0111111111111
38072	0.0111111111111
38375	0.0111111111111
39342	0.0111111111111
40989	0.0111111111111
45206	0.0111111111111
50240	0.0111111111111
52444	0.0111111111111
52666	0.0111111111111
52876	0.0111111111111
53048	0.0111111111111
54435	0.0111111111111
254	0.0110497237569
5432	0.0110497237569
41250	0.0110497237569
512	0.0110294117647
2326	0.0110236220472
5237	0.0110192837466
41031	0.0110024449878
2087	0.010989010989
2937	0.010989010989
6315	0.010989010989
11350	0.010989010989
16912	0.010989010989
23273	0.010989010989
24460	0.010989010989
26529	0.010989010989
28458	0.010989010989
29010	0.010989010989
34985	0.010989010989
41349	0.010989010989
41438	0.010989010989
41527	0.010989010989
42399	0.010989010989
46050	0.010989010989
51053	0.010989010989
52345	0.010989010989
34147	0.0109589041096
23667	0.0109489051095
44951	0.0109489051095
41090	0.0109356014581
23222	0.0109289617486
59661	0.0109289617486
9826	0.0109090909091
40984	0.0109090909091
5000	0.0108813928183
34224	0.0108813928183
2282	0.0108695652174
3581	0.0108695652174
4005	0.0108695652174
11558	0.0108695652174
14649	0.0108695652174
19601	0.0108695652174
26940	0.0108695652174
28781	0.0108695652174
32770	0.0108695652174
39851	0.0108695652174
41579	0.0108695652174
41736	0.0108695652174
42576	0.0108695652174
42675	0.0108695652174
44485	0.0108695652174
50249	0.0108695652174
51760	0.0108695652174
52777	0.0108695652174
8210	0.0108108108108
25554	0.0108108108108
52738	0.0108108108108
29453	0.010781671159
18	0.010752688172
1508	0.010752688172
2934	0.010752688172
11430	0.010752688172
18340	0.010752688172
19208	0.010752688172
22681	0.010752688172
31393	0.010752688172
34920	0.010752688172
41180	0.010752688172
41390	0.010752688172
42883	0.010752688172
43630	0.010752688172
50391	0.010752688172
51159	0.010752688172
52857	0.010752688172
53029	0.010752688172
57430	0.010752688172
59792	0.010752688172
50939	0.0107238605898
6789	0.0107142857143
15381	0.0106951871658
22838	0.0106951871658
23415	0.0106951871658
30762	0.0106951871658
30789	0.0106951871658
50957	0.0106951871658
7419	0.0106666666667
1714	0.0106382978723
6271	0.0106382978723
6415	0.0106382978723
8259	0.0106382978723
10443	0.0106382978723
17915	0.0106382978723
23760	0.0106382978723
25384	0.0106382978723
26508	0.0106382978723
27594	0.0106382978723
28824	0.0106382978723
35022	0.0106382978723
35940	0.0106382978723
38989	0.0106382978723
41620	0.0106382978723
47774	0.0106382978723
52255	0.0106382978723
52682	0.0106382978723
52841	0.0106382978723
59906	0.0106382978723
12998	0.0106194690265
3946	0.010582010582
22026	0.010582010582
22401	0.010582010582
25332	0.010582010582
34121	0.010582010582
50944	0.0105633802817
143	0.0105263157895
2588	0.0105263157895
2632	0.0105263157895
2816	0.0105263157895
4147	0.0105263157895
4766	0.0105263157895
7526	0.0105263157895
15917	0.0105263157895
26416	0.0105263157895
29532	0.0105263157895
38272	0.0105263157895
38661	0.0105263157895
39965	0.0105263157895
42295	0.0105263157895
42389	0.0105263157895
42556	0.0105263157895
50994	0.0105263157895
51506	0.0105263157895
37426	0.0105078809107
3553	0.010498687664
34241	0.0104712041885
49394	0.010460251046
29992	0.0104529616725
33887	0.0104529616725
30799	0.0104438642298
322	0.0104166666667
4007	0.0104166666667
9720	0.0104166666667
15264	0.0104166666667
16302	0.0104166666667
16357	0.0104166666667
17442	0.0104166666667
22864	0.0104166666667
25442	0.0104166666667
30195	0.0104166666667
30651	0.0104166666667
33864	0.0104166666667
35541	0.0104166666667
37163	0.0104166666667
38899	0.0104166666667
41244	0.0104166666667
41399	0.0104166666667
49141	0.0104166666667
51746	0.0104166666667
52853	0.0104166666667
53136	0.0104166666667
59607	0.0104166666667
10251	0.0103806228374
29372	0.0103806228374
37961	0.0103734439834
3214	0.0103626943005
12149	0.0103626943005
26579	0.0103626943005
29024	0.0103626943005
41097	0.0103626943005
19598	0.0103492884864
4137	0.0103305785124
5693	0.0103305785124
7312	0.0103286384977
2312	0.0103270223752
41583	0.0103270223752
859	0.0103092783505
1922	0.0103092783505
4318	0.0103092783505
14361	0.0103092783505
16920	0.0103092783505
27864	0.0103092783505
39360	0.0103092783505
50995	0.0103092783505
5519	0.0102564102564
9586	0.0102564102564
49336	0.0102564102564
51120	0.0102564102564
40995	0.0102432778489
3787	0.0102040816327
4374	0.0102040816327
5279	0.0102040816327
6920	0.0102040816327
11079	0.0102040816327
11504	0.0102040816327
16919	0.0102040816327
23825	0.0102040816327
27550	0.0102040816327
29394	0.0102040816327
33862	0.0102040816327
35526	0.0102040816327
37737	0.0102040816327
40973	0.0102040816327
40974	0.0102040816327
51087	0.0102040816327
25405	0.0101694915254
29739	0.0101694915254
27949	0.010152284264
35144	0.010152284264
17771	0.0101351351351
51212	0.0101351351351
652	0.010101010101
1902	0.010101010101
4153	0.010101010101
7884	0.010101010101
15197	0.010101010101
24833	0.010101010101
27052	0.010101010101
28407	0.010101010101
29095	0.010101010101
30834	0.010101010101
33124	0.010101010101
35809	0.010101010101
38307	0.010101010101
41122	0.010101010101
41241	0.010101010101
41428	0.010101010101
52383	0.010101010101
24522	0.0100755667506
4518	0.0100700525394
51655	0.0100502512563
41065	0.0100334448161
451	0.01
3582	0.01
6494	0.01
14757	0.01
16516	0.01
20080	0.01
21870	0.01
22881	0.01
27379	0.01
34621	0.01
36999	0.01
39336	0.01
40208	0.01
41409	0.01
51196	0.01
51197	0.01
51884	0.01
59558	0.01
19547	0.00997506234414
775	0.00995024875622
23248	0.00995024875622
4753	0.00990099009901
7749	0.00990099009901
8724	0.00990099009901
10792	0.00990099009901
13092	0.00990099009901
22873	0.00990099009901
23605	0.00990099009901
29005	0.00990099009901
32735	0.00990099009901
40887	0.00990099009901
43338	0.00990099009901
50992	0.00990099009901
51211	0.00990099009901
51623	0.00990099009901
2333	0.00989208633094
20630	0.00987654320988
4764	0.0098730606488
27171	0.00986842105263
870	0.00985221674877
25376	0.00985221674877
41013	0.00985221674877
41546	0.00985221674877
41968	0.00985221674877
3273	0.00983606557377
5460	0.00983606557377
862	0.00980392156863
4502	0.00980392156863
6339	0.00980392156863
10326	0.00980392156863
11069	0.00980392156863
12943	0.00980392156863
21575	0.00980392156863
24698	0.00980392156863
26602	0.00980392156863
29582	0.00980392156863
30515	0.00980392156863
34149	0.00980392156863
36736	0.00980392156863
41100	0.00980392156863
44233	0.00980392156863
54577	0.00980392156863
59617	0.00980392156863
1119	0.00975609756098
25047	0.00975609756098
9642	0.00974421437272
3866	0.00970873786408
16770	0.00970873786408
20077	0.00970873786408
20629	0.00970873786408
21557	0.00970873786408
28286	0.00970873786408
30943	0.00970873786408
31634	0.00970873786408
33934	0.00970873786408
34659	0.00970873786408
39213	0.00970873786408
39265	0.00970873786408
41147	0.00970873786408
41355	0.00968992248062
36967	0.00966183574879
6466	0.00961538461538
6693	0.00961538461538
16273	0.00961538461538
21795	0.00961538461538
29366	0.00961538461538
34073	0.00961538461538
42035	0.00961538461538
43269	0.00961538461538
50335	0.00961538461538
50879	0.00961538461538
51038	0.00961538461538
51364	0.00961538461538
51418	0.00961538461538
34169	0.00959692898273
2840	0.00959023539669
18278	0.00958466453674
2401	0.00952380952381
18311	0.00952380952381
26218	0.00952380952381
26715	0.00952380952381
37046	0.00952380952381
41272	0.00952380952381
42182	0.00952380952381
42912	0.00952380952381
26863	0.0095087163233
893	0.00949050949051
10266	0.00947867298578
51112	0.00947867298578
6954	0.00946372239748
4655	0.00946265630281
23174	0.00945626477541
932	0.00943396226415
1146	0.00943396226415
7214	0.00943396226415
10220	0.00943396226415
12800	0.00943396226415
16448	0.00943396226415
34531	0.00943396226415
39262	0.00943396226415
50871	0.00943396226415
51043	0.00943396226415
51229	0.00943396226415
33841	0.00941619585687
12610	0.0093896713615
20416	0.0093896713615
18456	0.009375
2679	0.00934579439252
2720	0.00934579439252
4580	0.00934579439252
12717	0.00934579439252
16076	0.00934579439252
21797	0.00934579439252
22843	0.00934579439252
32188	0.00934579439252
39358	0.00934579439252
41154	0.00934579439252
45033	0.00934579439252
50958	0.00934579439252
5231	0.00933125972006
42424	0.00931677018634
1380	0.0093023255814
23080	0.0093023255814
40983	0.0093023255814
3059	0.00928381962865
38203	0.0092693565976
1113	0.00925925925926
7301	0.00925925925926
7654	0.00925925925926
8468	0.00925925925926
14573	0.00925925925926
18481	0.00925925925926
19420	0.00925925925926
21727	0.00925925925926
24358	0.00925925925926
36054	0.00925925925926
38676	0.00925925925926
41024	0.00925925925926
41249	0.00925925925926
42040	0.00925925925926
41102	0.00921658986175
41530	0.00921658986175
5512	0.00920245398773
218	0.00917431192661
4661	0.00917431192661
5702	0.00917431192661
8755	0.00917431192661
13317	0.00917431192661
18317	0.00917431192661
18326	0.00917431192661
28134	0.00917431192661
33656	0.00917431192661
40752	0.00917431192661
41191	0.00917431192661
41307	0.00917431192661
51027	0.00917431192661
51146	0.00917431192661
51967	0.00917431192661
39136	0.00916730328495
38191	0.0091533180778
4563	0.00914913083257
3288	0.00913242009132
8159	0.00913242009132
1068	0.00909090909091
1788	0.00909090909091
1918	0.00909090909091
2288	0.00909090909091
10082	0.00909090909091
17686	0.00909090909091
28793	0.00909090909091
32130	0.00909090909091
34208	0.00909090909091
34486	0.00909090909091
43150	0.00909090909091
51283	0.00909090909091
5157	0.00907715582451
38584	0.00906344410876
41039	0.00906344410876
41067	0.00906344410876
28405	0.00904977375566
18613	0.00902255639098
871	0.00900900900901
4398	0.00900900900901
9588	0.00900900900901
29243	0.00900900900901
30269	0.00900900900901
32778	0.00900900900901
35968	0.00900900900901
40999	0.00900900900901
41608	0.00900900900901
41711	0.00900900900901
41778	0.00900900900901
43371	0.00900900900901
48252	0.00900900900901
51000	0.00900900900901
35563	0.00899795501022
9761	0.00896860986547
26195	0.00896860986547
1422	0.0089628681178
118	0.0089552238806
6304	0.0089552238806
12121	0.0089552238806
12388	0.0089485458613
4916	0.00893655049151
1118	0.00892857142857
2595	0.00892857142857
6440	0.00892857142857
11553	0.00892857142857
17723	0.00892857142857
22731	0.00892857142857
25221	0.00892857142857
27537	0.00892857142857
29816	0.00892857142857
33143	0.00892857142857
33599	0.00892857142857
40985	0.00892857142857
41126	0.00892857142857
51041	0.00892857142857
52991	0.00892857142857
35728	0.00890207715134
40979	0.00890207715134
5643	0.00888888888889
17596	0.00887573964497
1503	0.00885935769657
1256	0.00884955752212
4769	0.00884955752212
10343	0.00884955752212
18214	0.00884955752212
21375	0.00884955752212
27691	0.00884955752212
39651	0.00884955752212
41694	0.00884955752212
42825	0.00884955752212
50984	0.00884955752212
52576	0.00884955752212
53060	0.00884955752212
6427	0.00882612533098
11294	0.00881057268722
11782	0.00881057268722
26760	0.00881057268722
1364	0.00879765395894
20542	0.00879765395894
39785	0.00878048780488
1638	0.00877192982456
2410	0.00877192982456
3205	0.00877192982456
8519	0.00877192982456
10166	0.00877192982456
18231	0.00877192982456
22398	0.00877192982456
27687	0.00877192982456
29287	0.00877192982456
31298	0.00877192982456
31995	0.00877192982456
34105	0.00877192982456
37162	0.00877192982456
40104	0.00877192982456
41113	0.00877192982456
41340	0.00877192982456
41942	0.00877192982456
42326	0.00877192982456
42328	0.00877192982456
49985	0.00877192982456
27906	0.00874635568513
4695	0.00873362445415
4706	0.00873362445415
28290	0.00873362445415
41025	0.00873362445415
41171	0.00873362445415
50885	0.00873362445415
38262	0.00872093023256
5056	0.00869565217391
7124	0.00869565217391
13006	0.00869565217391
14656	0.00869565217391
28610	0.00869565217391
37752	0.00869565217391
40641	0.00869565217391
41201	0.00869565217391
41271	0.00869565217391
41385	0.00869565217391
41649	0.00869565217391
48221	0.00869565217391
59133	0.00869565217391
3499	0.00865800865801
28051	0.00863422291994
95	0.00862068965517
256	0.00862068965517
8767	0.00862068965517
10973	0.00862068965517
17566	0.00862068965517
29399	0.00862068965517
34104	0.00862068965517
34865	0.00862068965517
51234	0.00862068965517
4868	0.00857142857143
18234	0.00854700854701
20752	0.00854700854701
22589	0.00854700854701
27051	0.00854700854701
28812	0.00854700854701
32509	0.00854700854701
38959	0.00854700854701
41228	0.00854700854701
48662	0.00854700854701
48910	0.00854700854701
52564	0.00854700854701
4578	0.008537886873
9656	0.00848656294201
377	0.00847457627119
2463	0.00847457627119
3861	0.00847457627119
12969	0.00847457627119
17767	0.00847457627119
45381	0.00847457627119
49136	0.00847457627119
51209	0.00847457627119
51505	0.00847457627119
52089	0.00847457627119
16447	0.00845665961945
17611	0.0084388185654
14140	0.00842696629213
3488	0.00840336134454
5637	0.00840336134454
5916	0.00840336134454
18378	0.00840336134454
31299	0.00840336134454
34443	0.00840336134454
38585	0.00840336134454
39546	0.00840336134454
41029	0.00840336134454
41086	0.00840336134454
41934	0.00840336134454
51804	0.00840336134454
18777	0.00838222967309
4174	0.00833333333333
27045	0.00833333333333
28749	0.00833333333333
31692	0.00833333333333
32711	0.00833333333333
41634	0.00833333333333
44819	0.00833333333333
2030	0.00831024930748
3943	0.00831024930748
4711	0.00829383886256
5204	0.00827498408657
1323	0.00826446280992
9288	0.00826446280992
11866	0.00826446280992
12484	0.00826446280992
13927	0.00826446280992
13943	0.00826446280992
39727	0.00826446280992
41200	0.00826446280992
42931	0.00826446280992
49791	0.00826446280992
52357	0.00826446280992
7349	0.00824175824176
22383	0.00824175824176
15228	0.0082304526749
40987	0.0082304526749
18960	0.00822561692127
2142	0.00821917808219
37198	0.00821917808219
76	0.00821018062397
309	0.00819672131148
2787	0.00819672131148
4943	0.00819672131148
6254	0.00819672131148
10890	0.00819672131148
14832	0.00819672131148
15009	0.00819672131148
16408	0.00819672131148
23514	0.00819672131148
28486	0.00819672131148
36366	0.00819672131148
40981	0.00819672131148
41103	0.00819672131148
49350	0.00819672131148
41058	0.0081799591002
39447	0.00817757009346
3365	0.00816802800467
37660	0.00816326530612
42374	0.00816326530612
13111	0.00815850815851
5455	0.00813008130081
5728	0.00813008130081
9715	0.00813008130081
12856	0.00813008130081
14839	0.00813008130081
25169	0.00813008130081
33716	0.00813008130081
41082	0.00813008130081
42463	0.00813008130081
51721	0.00813008130081
52258	0.00813008130081
34367	0.00812274368231
2290	0.00808781051415
6305	0.00806451612903
6812	0.00806451612903
9651	0.00806451612903
11378	0.00806451612903
11760	0.00806451612903
11784	0.00806451612903
23643	0.00806451612903
24088	0.00806451612903
40819	0.00806451612903
45587	0.00806451612903
46277	0.00806451612903
50884	0.00806451612903
21906	0.00804289544236
35400	0.00803212851406
40965	0.00803212851406
563	0.008
2681	0.008
23831	0.008
26934	0.008
28396	0.008
29309	0.008
29492	0.008
32784	0.008
40978	0.008
43824	0.008
45717	0.008
47553	0.008
50937	0.008
53039	0.008
3531	0.00798403193613
41140	0.00796812749004
4644	0.0079575596817
40962	0.00795053003534
1753	0.00793650793651
4156	0.00793650793651
4620	0.00793650793651
4998	0.00793650793651
11397	0.00793650793651
11774	0.00793650793651
13313	0.00793650793651
25432	0.00793650793651
34096	0.00793650793651
41274	0.00793650793651
41426	0.00793650793651
52350	0.00793650793651
9252	0.00791556728232
5112	0.00788954635108
17389	0.00787401574803
20506	0.00787401574803
52062	0.00787401574803
59684	0.00787401574803
2127	0.0078431372549
2785	0.0078431372549
14604	0.0078431372549
39549	0.0078431372549
34830	0.00783289817232
869	0.00781631656082
3077	0.0078125
11145	0.0078125
14233	0.0078125
15794	0.0078125
21648	0.0078125
24922	0.0078125
26162	0.0078125
28141	0.0078125
29583	0.0078125
32074	0.0078125
37190	0.0078125
42194	0.0078125
43749	0.0078125
48978	0.0078125
38932	0.00779220779221
1062	0.00778210116732
28043	0.00778210116732
33495	0.00778210116732
11359	0.00777202072539
6689	0.0077519379845
20669	0.0077519379845
26251	0.0077519379845
42053	0.0077519379845
28830	0.00773195876289
30471	0.00773195876289
4390	0.00772200772201
22717	0.00772200772201
34356	0.00772200772201
52471	0.00772200772201
5768	0.00770712909441
2145	0.00769230769231
9722	0.00769230769231
16231	0.00769230769231
23789	0.00769230769231
30805	0.00769230769231
37060	0.00769230769231
41004	0.00769230769231
41715	0.00769230769231
42135	0.00769230769231
43828	0.00769230769231
41109	0.00767754318618
2381	0.0076726342711
37104	0.00766283524904
41041	0.00766283524904
41499	0.00766283524904
397	0.00763358778626
6634	0.00763358778626
14730	0.00763358778626
17188	0.00763358778626
27859	0.00763358778626
39039	0.00763358778626
41002	0.00763358778626
50553	0.00763358778626
51173	0.00763358778626
52536	0.00763358778626
57862	0.00763358778626
4396	0.00761421319797
18205	0.00760456273764
37993	0.00759493670886
868	0.00758725341426
6330	0.00757575757576
10646	0.00757575757576
16420	0.00757575757576
44035	0.00757575757576
50936	0.00757575757576
51011	0.00757575757576
52382	0.00757575757576
52428	0.00757575757576
9188	0.00754716981132
900	0.00754147812971
68	0.00751879699248
3986	0.00751879699248
10340	0.00751879699248
13071	0.00751879699248
22238	0.00751879699248
26741	0.00751879699248
41943	0.00751879699248
45139	0.00751879699248
47628	0.00751879699248
50845	0.00751879699248
1438	0.0075
14207	0.0075
2898	0.00747065101387
1048	0.00746965452848
18607	0.00746268656716
30880	0.00746268656716
41023	0.00746268656716
41136	0.00746268656716
41322	0.00746268656716
44538	0.00746268656716
9647	0.00744878957169
12017	0.00744416873449
3120	0.00740740740741
7645	0.00740740740741
26403	0.00740740740741
27582	0.00740740740741
39210	0.00740740740741
41164	0.00740740740741
41640	0.00740740740741
47430	0.00740740740741
50330	0.00740740740741
31440	0.00737704918033
3481	0.00735294117647
8729	0.00735294117647
20111	0.00735294117647
41129	0.00735294117647
41179	0.00735294117647
42973	0.00735294117647
43088	0.00735294117647
49408	0.00735294117647
6803	0.00732600732601
23688	0.00731707317073
40971	0.0073126142596
5221	0.00729927007299
18134	0.00729927007299
31868	0.00729927007299
36537	0.00729927007299
41127	0.00729927007299
44776	0.00729927007299
49689	0.00729927007299
17147	0.00727272727273
27358	0.00727272727273
42156	0.00726392251816
3316	0.00724637681159
3507	0.00724637681159
3689	0.00724637681159
4604	0.00724637681159
5311	0.00724637681159
17299	0.00724637681159
37427	0.00724637681159
41111	0.00724637681159
47292	0.00724637681159
60005	0.00724637681159
10397	0.00719424460432
25416	0.00719424460432
31656	0.00719424460432
37947	0.00719424460432
39140	0.00719424460432
41328	0.00719424460432
43787	0.00719424460432
45093	0.00719424460432
59611	0.00719424460432
3312	0.00715563506261
1328	0.00714285714286
3544	0.00714285714286
3565	0.00714285714286
6904	0.00714285714286
8732	0.00714285714286
10803	0.00714285714286
12167	0.00714285714286
6218	0.00709219858156
10789	0.00709219858156
15636	0.00709219858156
17583	0.00709219858156
40562	0.00709219858156
51765	0.00709219858156
59505	0.00709219858156
24684	0.00705882352941
888	0.00704225352113
2927	0.00704225352113
5354	0.00704225352113
18641	0.00704225352113
25305	0.00704225352113
30923	0.00704225352113
35136	0.00704225352113
38701	0.00704225352113
27489	0.00702987697715
4708	0.00700280112045
2186	0.00699300699301
2215	0.00699300699301
6657	0.00699300699301
10281	0.00699300699301
13216	0.00699300699301
19429	0.00699300699301
21696	0.00699300699301
41001	0.00699300699301
44351	0.00699300699301
44486	0.00699300699301
50812	0.00699300699301
52188	0.00699300699301
17939	0.00696864111498
11201	0.00694444444444
17015	0.00694444444444
21377	0.00694444444444
28285	0.00694444444444
29990	0.00694444444444
33577	0.00694444444444
33680	0.00694444444444
35178	0.00694444444444
41056	0.00694444444444
46619	0.00694444444444
59919	0.00694444444444
18556	0.00692041522491
28673	0.00692041522491
41208	0.00692041522491
5672	0.00689655172414
7420	0.00689655172414
15325	0.00689655172414
18199	0.00689655172414
22351	0.00689655172414
41411	0.00689655172414
49397	0.00689655172414
51030	0.00689655172414
53361	0.00689655172414
21801	0.00687285223368
33142	0.00687285223368
3116	0.00684931506849
20173	0.00684931506849
26711	0.00684931506849
41682	0.00684931506849
1273	0.00680272108844
2094	0.00680272108844
13098	0.00680272108844
22319	0.00680272108844
41027	0.00680272108844
42019	0.00680272108844
52331	0.00680272108844
4399	0.00677966101695
7062	0.00677966101695
4658	0.00675675675676
18226	0.00675675675676
25810	0.00675675675676
27207	0.00675675675676
28443	0.00675675675676
51313	0.00675675675676
38492	0.00672947510094
995	0.00671140939597
1167	0.00671140939597
5553	0.00671140939597
6352	0.00671140939597
8246	0.00671140939597
14502	0.00671140939597
41279	0.00671140939597
42302	0.00671140939597
42308	0.00671140939597
35045	0.00669642857143
30794	0.0066889632107
29854	0.00668449197861
7300	0.00668151447661
1087	0.00666666666667
5552	0.00666666666667
21742	0.00666666666667
22479	0.00666666666667
22690	0.00666666666667
28379	0.00666666666667
30845	0.00666666666667
32246	0.00666666666667
35420	0.00666666666667
41099	0.00666666666667
41443	0.00666666666667
41705	0.00666666666667
13952	0.00664451827243
1954	0.00662251655629
2171	0.00662251655629
3865	0.00662251655629
4335	0.00662251655629
7390	0.00662251655629
11297	0.00662251655629
18414	0.00662251655629
21657	0.00662251655629
41536	0.00662251655629
42545	0.00662251655629
51496	0.00662251655629
100	0.00657894736842
1169	0.00657894736842
1904	0.00657894736842
10112	0.00657894736842
15825	0.00657894736842
28559	0.00657894736842
32809	0.00657894736842
51118	0.00657894736842
51281	0.00657894736842
41068	0.0065543071161
3733	0.00654205607477
761	0.00653594771242
3793	0.00653594771242
14277	0.00653594771242
51054	0.00653594771242
1020	0.00651465798046
2144	0.00649350649351
3426	0.00649350649351
21550	0.00649350649351
31400	0.00649350649351
32832	0.00649350649351
38293	0.00649350649351
25937	0.00647249190939
11727	0.00646950092421
37111	0.0064620355412
2130	0.00645161290323
5575	0.00645161290323
11746	0.00645161290323
12646	0.00645161290323
16449	0.00645161290323
21558	0.00645161290323
41016	0.00644237652112
689	0.00643776824034
3827	0.00643776824034
29724	0.0064308681672
21734	0.00641025641026
22621	0.00641025641026
27087	0.00641025641026
42609	0.00641025641026
43785	0.00641025641026
57496	0.00641025641026
41018	0.00639386189258
4582	0.00636942675159
13633	0.00636942675159
16340	0.00636942675159
23666	0.00636942675159
25440	0.00636942675159
28820	0.00636942675159
29818	0.00636942675159
1399	0.00635593220339
2448	0.00634920634921
14253	0.00634920634921
12830	0.00632911392405
13058	0.00632911392405
16228	0.00632911392405
36418	0.00632911392405
41890	0.00632911392405
11798	0.0062893081761
40344	0.0062893081761
41161	0.0062893081761
41198	0.0062893081761
41468	0.0062893081761
21545	0.0062630480167
35049	0.00625978090767
631	0.00625
6444	0.00625
35039	0.00625
51568	0.00625
5809	0.00621669626998
1928	0.00621118012422
2411	0.00621118012422
18836	0.00621118012422
30635	0.00621118012422
34607	0.00621118012422
52555	0.00621118012422
9200	0.0061919504644
4704	0.00617283950617
27809	0.00615384615385
3419	0.00614754098361
11169	0.00613496932515
30828	0.00613496932515
35703	0.00613496932515
50963	0.00613496932515
51415	0.00613496932515
8681	0.00611620795107
30625	0.00611620795107
35958	0.00609756097561
37800	0.00609756097561
41003	0.00608519269777
19599	0.00607287449393
1984	0.00606980273141
9646	0.00606060606061
20573	0.00606060606061
37201	0.00606060606061
41011	0.00606060606061
23999	0.00604229607251
2829	0.00602409638554
34254	0.00602409638554
36897	0.00602409638554
41098	0.00602409638554
2409	0.0059880239521
3957	0.0059880239521
9178	0.0059880239521
13067	0.0059880239521
27642	0.0059880239521
36594	0.0059880239521
51156	0.0059880239521
51254	0.0059880239521
18584	0.00597371565114
41403	0.00597014925373
25113	0.00596125186289
23150	0.00595238095238
51246	0.00595238095238
8709	0.00594844679445
2344	0.00593471810089
2610	0.00591715976331
37747	0.00591715976331
39085	0.00591715976331
50903	0.00591715976331
1990	0.00588235294118
5164	0.00588235294118
6781	0.00588235294118
11519	0.00588235294118
13121	0.00588235294118
30020	0.0058651026393
14122	0.00584795321637
16379	0.00584795321637
16927	0.00584795321637
26318	0.00584795321637
38194	0.00584795321637
38519	0.00584795321637
41066	0.00584795321637
41243	0.00584795321637
29277	0.0058207217695
5616	0.00581395348837
13040	0.00581395348837
17483	0.00581395348837
35047	0.00581395348837
43473	0.00581395348837
17711	0.00579150579151
4418	0.00578034682081
4337	0.00574712643678
33621	0.00574712643678
40982	0.00573065902579
27890	0.00572082379863
1655	0.00571428571429
10248	0.00571428571429
18361	0.00571428571429
18967	0.00571428571429
23440	0.00571428571429
24429	0.00571428571429
3156	0.00568181818182
13036	0.00568181818182
37557	0.00568181818182
40986	0.00568181818182
41672	0.00568181818182
53344	0.00568181818182
511	0.00564971751412
16368	0.00564971751412
41156	0.00564971751412
22743	0.00563607085346
5715	0.00561797752809
5774	0.00561797752809
17987	0.00561797752809
26059	0.00561797752809
41246	0.00561797752809
42335	0.00561797752809
41000	0.00560224089636
41434	0.00560224089636
5503	0.00559701492537
259	0.00558659217877
35199	0.00558659217877
3527	0.00555555555556
11232	0.00555555555556
12511	0.00555555555556
23628	0.00555555555556
26584	0.00554016620499
40964	0.00554016620499
34369	0.00553505535055
38758	0.00552486187845
41224	0.00552486187845
3533	0.00549450549451
21204	0.00549450549451
37114	0.00549450549451
43200	0.00549450549451
51680	0.00549450549451
4485	0.00547945205479
2403	0.00546448087432
3486	0.00546448087432
18283	0.00546448087432
33405	0.00546448087432
28821	0.00545454545455
41985	0.00545454545455
33780	0.0054347826087
38663	0.0054347826087
39426	0.0054347826087
42531	0.0054347826087
11307	0.00542005420054
456	0.00540540540541
7509	0.00540540540541
38800	0.00540540540541
39548	0.00540540540541
22929	0.00539083557951
35360	0.00537634408602
41034	0.00537634408602
137	0.00534759358289
13064	0.00534759358289
107	0.00531914893617
13642	0.00531914893617
22104	0.00531914893617
33850	0.00531914893617
34217	0.00531914893617
51029	0.00531914893617
59506	0.00531914893617
26805	0.00530738611234
41048	0.0053050397878
1537	0.00529100529101
4144	0.00529100529101
7344	0.00529100529101
10157	0.00529100529101
12194	0.00529100529101
17461	0.00529100529101
21662	0.00529100529101
50652	0.00529100529101
51145	0.00529100529101
51155	0.00529100529101
51699	0.00529100529101
51838	0.00529100529101
16723	0.00526315789474
25487	0.00526315789474
50987	0.00526315789474
27651	0.00524934383202
10852	0.00523560209424
14862	0.00523560209424
22018	0.00523560209424
50961	0.00523560209424
7317	0.00520833333333
7340	0.00520833333333
14343	0.00520833333333
9251	0.00519480519481
1390	0.00518134715026
11000	0.00518134715026
13120	0.00518134715026
26890	0.00518134715026
41062	0.00518134715026
41378	0.00518134715026
879	0.00516795865633
36710	0.00515463917526
14352	0.00514138817481
15373	0.00514138817481
40980	0.00513698630137
3369	0.00512820512821
9488	0.00512820512821
20527	0.00512820512821
51485	0.00512820512821
35345	0.00511508951407
19897	0.00510204081633
23001	0.00510204081633
23285	0.00510204081633
32087	0.00510204081633
44599	0.00510204081633
50897	0.00510204081633
50933	0.00508905852417
13660	0.00507614213198
52638	0.00507614213198
21323	0.00506329113924
27723	0.00505050505051
28712	0.00505050505051
9135	0.00503778337531
1456	0.00502512562814
16935	0.00502512562814
19338	0.00502512562814
28700	0.00502512562814
38763	0.00502512562814
41040	0.005
18515	0.00498753117207
24970	0.00497512437811
30466	0.00497512437811
23121	0.0049504950495
30901	0.0049504950495
33692	0.0049504950495
50760	0.0049504950495
52494	0.0049504950495
4479	0.00492610837438
11655	0.00491803278689
1231	0.00490196078431
7472	0.00490196078431
23481	0.00490196078431
34471	0.00490196078431
35514	0.00490196078431
37238	0.00490196078431
11664	0.00488997555012
1743	0.00487804878049
6573	0.00487804878049
17277	0.00487804878049
18374	0.00487804878049
452	0.00485436893204
5367	0.00485436893204
7460	0.00485436893204
7505	0.00485436893204
18112	0.00485436893204
10987	0.00484261501211
5420	0.0048309178744
18661	0.0048309178744
3842	0.00480769230769
11749	0.00480769230769
12188	0.00480769230769
30812	0.00480769230769
33879	0.00480769230769
48489	0.00480769230769
32483	0.00478468899522
39343	0.00478468899522
41610	0.00478468899522
2865	0.0047619047619
4675	0.00473933649289
30982	0.00473933649289
51096	0.00473933649289
4733	0.00471698113208
31307	0.00469483568075
39709	0.00469483568075
4121	0.00468018720749
21507	0.0046511627907
26158	0.0046511627907
4846	0.00463678516229
7198	0.00462962962963
896	0.00460829493088
7100	0.00460829493088
22230	0.00460829493088
41452	0.00460829493088
14750	0.00454545454545
27525	0.00452488687783
29705	0.00452488687783
32418	0.00452488687783
7956	0.0045045045045
44978	0.0045045045045
1853	0.00448430493274
492	0.00446428571429
2084	0.00446428571429
47787	0.00446428571429
21321	0.00444444444444
27471	0.00444444444444
37689	0.00444444444444
7518	0.00442477876106
7533	0.00442477876106
8397	0.00441501103753
9625	0.00440528634361
52029	0.00440528634361
27529	0.00438596491228
27535	0.0043795620438
12182	0.00436681222707
31830	0.00435729847495
4705	0.00434782608696
53342	0.00434782608696
20802	0.004329004329
41555	0.004329004329
7303	0.00431034482759
25738	0.0042735042735
34999	0.0042735042735
4654	0.00426439232409
29861	0.00425531914894
253	0.00425079702444
41037	0.0042194092827
2745	0.00416956219597
13742	0.00416666666667
38795	0.00416666666667
5918	0.00414937759336
37392	0.00414364640884
1361	0.00411522633745
2037	0.0041095890411
32823	0.00409836065574
41045	0.00408163265306
52697	0.00408163265306
33762	0.00406504065041
10727	0.00404858299595
33634	0.00404312668464
27255	0.004
21523	0.00398406374502
41091	0.00398406374502
29780	0.00396825396825
40318	0.00396825396825
14360	0.00395256916996
18759	0.00395256916996
32811	0.00395256916996
13960	0.00393700787402
29055	0.00390625
31882	0.00389105058366
4900	0.00387596899225
44281	0.00387596899225
51724	0.00387596899225
41444	0.003861003861
27927	0.00384615384615
41270	0.00384615384615
210	0.00383141762452
20779	0.00383141762452
39483	0.00383141762452
41353	0.00383141762452
3729	0.00379506641366
37762	0.00378787878788
41054	0.00375939849624
17952	0.00374531835206
5673	0.00373831775701
39383	0.00373134328358
50327	0.00373134328358
52332	0.0037037037037
10287	0.00369003690037
17586	0.00369003690037
28155	0.00369003690037
44117	0.00367647058824
50923	0.00367647058824
30899	0.003663003663
40970	0.00363636363636
20875	0.0036231884058
41194	0.0036231884058
33895	0.00361010830325
3933	0.003600360036
31312	0.00358422939068
32612	0.00354609929078
41347	0.00354609929078
41253	0.00353356890459
34199	0.00352112676056
41188	0.00352112676056
17790	0.00347222222222
31877	0.00347222222222
38080	0.00347222222222
2152	0.00346020761246
29909	0.00346020761246
39915	0.00346020761246
5218	0.00344827586207
19288	0.00343642611684
40334	0.00343642611684
31138	0.00342465753425
41326	0.00342465753425
4489	0.00341296928328
38232	0.00341296928328
35021	0.00340136054422
39602	0.00340136054422
24017	0.00333333333333
25414	0.00331125827815
27094	0.003300330033
41061	0.003300330033
4242	0.00328947368421
22654	0.00327868852459
3747	0.00325732899023
41368	0.00325732899023
11381	0.00324675324675
38925	0.00324675324675
53040	0.0032154340836
40969	0.0031847133758
3991	0.0031746031746
51006	0.0031746031746
21772	0.00314465408805
28055	0.00314465408805
14115	0.00306748466258
7444	0.0030487804878
1064	0.0030303030303
6360	0.0030303030303
684	0.00302114803625
5100	0.003003003003
41032	0.00285714285714
40972	0.00280898876404
41165	0.00278551532033
29686	0.00277777777778
3535	0.00277008310249
41609	0.00276243093923
48572	0.00276243093923
28810	0.00275482093664
3260	0.0027397260274
18701	0.00272479564033
23786	0.00271002710027
18301	0.0027027027027
47611	0.00267379679144
34897	0.0026455026455
742	0.00262467191601
41132	0.0025974025974
3133	0.00257731958763
16917	0.00254452926209
3720	0.00253807106599
7442	0.00251256281407
20818	0.00236406619385
40289	0.00220750551876
4951	0.00220264317181
497	0.00217391304348
562	0.00217391304348
22251	0.00217391304348
20075	0.00210526315789
45223	0.00209205020921
50105	0.0020325203252
23782	0.00198807157058
17938	0.00194552529183
5593	0.0019305019305
34751	0.00183823529412
13935	0.00175438596491
13339	0.00152671755725
