7852	0.25
11687	0.25
56289	0.25
56801	0.25
2541	0.2
9812	0.2
25566	0.2
31729	0.2
39645	0.2
43486	0.2
45384	0.2
9567	0.166666666667
20078	0.166666666667
27203	0.166666666667
43056	0.166666666667
12450	0.142857142857
14072	0.142857142857
15801	0.142857142857
43458	0.142857142857
46870	0.142857142857
59478	0.142857142857
48482	0.133333333333
1947	0.125
6696	0.125
14572	0.125
30360	0.125
33946	0.125
45191	0.125
51806	0.125
52792	0.125
54441	0.125
60509	0.125
5520	0.111111111111
7090	0.111111111111
11152	0.111111111111
13478	0.111111111111
17332	0.111111111111
18178	0.111111111111
35611	0.111111111111
48340	0.111111111111
50729	0.111111111111
52008	0.111111111111
1036	0.1
5967	0.1
12995	0.1
17076	0.1
26214	0.1
30450	0.1
47879	0.1
53336	0.1
56807	0.1
10497	0.0909090909091
18654	0.0909090909091
19481	0.0909090909091
22344	0.0909090909091
23471	0.0909090909091
23520	0.0909090909091
36204	0.0909090909091
40019	0.0909090909091
42839	0.0909090909091
10459	0.0833333333333
52498	0.0833333333333
59406	0.0833333333333
60397	0.0833333333333
16461	0.0769230769231
16702	0.0769230769231
20231	0.0769230769231
21369	0.0769230769231
36725	0.0769230769231
40555	0.0769230769231
42924	0.0769230769231
43140	0.0769230769231
61423	0.0769230769231
2867	0.0714285714286
5136	0.0714285714286
42215	0.0714285714286
713	0.0666666666667
14927	0.0666666666667
22522	0.0666666666667
35521	0.0666666666667
42901	0.0666666666667
55228	0.0666666666667
12072	0.0625
15813	0.0625
24687	0.0625
24737	0.0625
32623	0.0625
51375	0.0625
51475	0.0625
51713	0.0625
18707	0.0588235294118
20873	0.0588235294118
44953	0.0588235294118
51111	0.0588235294118
19301	0.0571428571429
3263	0.0555555555556
17666	0.0555555555556
35195	0.0555555555556
36414	0.0555555555556
41770	0.0555555555556
52895	0.0555555555556
27921	0.0540540540541
4862	0.0526315789474
13471	0.0526315789474
14411	0.0526315789474
17237	0.0526315789474
17935	0.0526315789474
21854	0.0526315789474
23436	0.0526315789474
45069	0.0526315789474
17958	0.05
19460	0.05
30533	0.05
15204	0.047619047619
23046	0.047619047619
27696	0.047619047619
31484	0.047619047619
41771	0.047619047619
49124	0.047619047619
60314	0.047619047619
2484	0.0454545454545
8423	0.0454545454545
17717	0.0454545454545
3501	0.0434782608696
6320	0.0434782608696
11651	0.0434782608696
18202	0.0434782608696
43530	0.0434782608696
48580	0.0434782608696
4009	0.0416666666667
51260	0.0416666666667
53256	0.0416666666667
19081	0.04
48195	0.04
51187	0.04
53411	0.04
51693	0.0392156862745
1756	0.0384615384615
2826	0.0384615384615
5370	0.0384615384615
8827	0.0384615384615
14135	0.0384615384615
15465	0.0384615384615
52317	0.0384615384615
60547	0.0384615384615
40356	0.0377358490566
175	0.037037037037
9667	0.037037037037
16232	0.037037037037
22521	0.037037037037
9607	0.0357142857143
10348	0.0357142857143
19960	0.0357142857143
36761	0.0357142857143
38454	0.0357142857143
39165	0.0357142857143
39853	0.0357142857143
41590	0.0357142857143
45453	0.0357142857143
59556	0.0357142857143
38569	0.0350877192982
7069	0.0344827586207
26005	0.0344827586207
29257	0.0344827586207
41846	0.0344827586207
49873	0.0344827586207
52125	0.0344827586207
59237	0.0344827586207
26412	0.0333333333333
30552	0.0333333333333
34101	0.0333333333333
35376	0.0333333333333
36353	0.0333333333333
2293	0.0322580645161
3918	0.0322580645161
6378	0.0322580645161
40248	0.0322580645161
1307	0.03125
4159	0.03125
5239	0.03125
51315	0.03125
18562	0.0294117647059
32415	0.0294117647059
35103	0.0294117647059
42716	0.0294117647059
44112	0.0294117647059
51316	0.0294117647059
60432	0.0294117647059
22130	0.0285714285714
28165	0.0285714285714
39536	0.0285714285714
46487	0.0285714285714
387	0.0277777777778
7712	0.0277777777778
16170	0.027397260274
20261	0.027027027027
41915	0.027027027027
2712	0.0263157894737
35577	0.0263157894737
51042	0.0263157894737
1903	0.025641025641
22858	0.025641025641
31514	0.025641025641
1950	0.025
41166	0.025
41923	0.025
41951	0.025
2153	0.0243902439024
18161	0.0243902439024
20362	0.0243902439024
21703	0.0243902439024
41449	0.0243902439024
42318	0.0238095238095
46441	0.0238095238095
47638	0.0238095238095
3093	0.0232558139535
46658	0.0232558139535
52513	0.0232558139535
1973	0.0227272727273
5881	0.0227272727273
5916	0.0227272727273
15687	0.0227272727273
37001	0.0227272727273
1354	0.0222222222222
9897	0.0222222222222
24380	0.0222222222222
2925	0.0217391304348
42319	0.0217391304348
52359	0.0217391304348
60006	0.0217391304348
25050	0.0212765957447
26924	0.0212765957447
32405	0.0208333333333
34694	0.0208333333333
40657	0.0208333333333
43026	0.0208333333333
43663	0.0208333333333
43835	0.0208333333333
887	0.0204081632653
60086	0.0204081632653
982	0.02
28450	0.02
41541	0.02
9923	0.0196078431373
13854	0.0196078431373
53019	0.0196078431373
7293	0.0192307692308
51673	0.0192307692308
26279	0.0190476190476
17932	0.0188679245283
28797	0.0188679245283
32988	0.0188679245283
51050	0.0188679245283
12731	0.0185185185185
28452	0.0185185185185
32785	0.0185185185185
41184	0.0185185185185
4194	0.0181818181818
14002	0.0181818181818
17598	0.0181818181818
17691	0.0181818181818
33113	0.0181818181818
52548	0.0181818181818
53164	0.0181818181818
1490	0.0178571428571
30930	0.0178571428571
41984	0.0178571428571
43543	0.0178571428571
51024	0.0178571428571
2578	0.0175438596491
32432	0.0175438596491
38350	0.0175438596491
41931	0.0175438596491
30672	0.0172413793103
51745	0.0172413793103
4746	0.0169491525424
22856	0.0169491525424
30679	0.0169491525424
43251	0.0169491525424
22050	0.0166666666667
41397	0.0166666666667
52444	0.0166666666667
17278	0.016393442623
2096	0.0161290322581
3581	0.0161290322581
28781	0.0161290322581
50249	0.0161290322581
7084	0.015873015873
21307	0.015873015873
947	0.015625
35940	0.015625
3684	0.0151515151515
18769	0.0151515151515
51746	0.0151515151515
859	0.0149253731343
10914	0.0149253731343
16920	0.0149253731343
27707	0.0149253731343
51509	0.0149253731343
39713	0.0147058823529
42813	0.0147058823529
1487	0.0144927536232
30866	0.0144927536232
5754	0.0142857142857
20290	0.0142857142857
17095	0.0140845070423
22873	0.0140845070423
4227	0.0138888888889
44233	0.0138888888889
52693	0.0138888888889
283	0.013698630137
4515	0.013698630137
7346	0.013698630137
18596	0.013698630137
31634	0.013698630137
50868	0.0136054421769
21795	0.0135135135135
43269	0.0135135135135
21715	0.0133333333333
41581	0.0133333333333
1146	0.0131578947368
51043	0.0131578947368
4867	0.012987012987
5698	0.012987012987
8129	0.012987012987
16028	0.012987012987
7301	0.0128205128205
9601	0.0128205128205
25400	0.0128205128205
41024	0.0128205128205
51905	0.0128205128205
4661	0.0126582278481
8755	0.0126582278481
18326	0.0126582278481
4814	0.0125
42468	0.0125
871	0.0123456790123
1015	0.0121951219512
17723	0.0121951219512
6353	0.0120481927711
33523	0.0120481927711
8519	0.0119047619048
21379	0.0119047619048
32058	0.0117647058824
42704	0.0116279069767
14406	0.0114942528736
41570	0.0114942528736
38338	0.0113636363636
51209	0.0113636363636
3488	0.0112359550562
31299	0.0112359550562
13927	0.010989010989
48608	0.010989010989
51563	0.010989010989
23514	0.0108695652174
59627	0.0108695652174
11746	0.010752688172
19922	0.010752688172
20010	0.010752688172
22572	0.010752688172
6375	0.0106382978723
33639	0.0106382978723
52891	0.0106382978723
59508	0.0105263157895
1821	0.0104166666667
4156	0.0104166666667
4541	0.0104166666667
7115	0.0103092783505
7513	0.0103092783505
18002	0.0103092783505
41799	0.0103092783505
14233	0.0102040816327
28141	0.0102040816327
32626	0.0102040816327
4611	0.01
28610	0.01
41807	0.01
41182	0.00980392156863
13071	0.00970873786408
41519	0.00961538461538
25431	0.00956937799043
27582	0.00952380952381
39210	0.00952380952381
36494	0.00917431192661
41328	0.00917431192661
5804	0.00909090909091
12167	0.00909090909091
888	0.00892857142857
5354	0.00892857142857
22919	0.00892857142857
44486	0.00884955752212
41284	0.00877192982456
41354	0.00877192982456
46619	0.00877192982456
5672	0.00869565217391
49397	0.00869565217391
9184	0.00862068965517
7357	0.00854700854701
19111	0.00854700854701
22319	0.00854700854701
25810	0.00847457627119
53377	0.00847457627119
39771	0.00840336134454
2264	0.00833333333333
1954	0.00826446280992
11297	0.00826446280992
17986	0.00826446280992
2144	0.00806451612903
56100	0.00806451612903
5575	0.008
41152	0.00793650793651
34199	0.00790513833992
13633	0.00787401574803
41398	0.00787401574803
51274	0.00787401574803
16228	0.0078125
18130	0.0077519379845
29909	0.0077519379845
31864	0.0077519379845
2070	0.00769230769231
6928	0.00769230769231
42312	0.00763358778626
4704	0.00757575757576
7062	0.00754716981132
28709	0.00751879699248
50963	0.00751879699248
52240	0.00751879699248
41181	0.00746268656716
15114	0.00740740740741
15638	0.00735294117647
13067	0.00729927007299
36594	0.00729927007299
17318	0.00724637681159
38671	0.00724637681159
51246	0.00724637681159
632	0.00719424460432
2610	0.00719424460432
41038	0.00719424460432
1990	0.00714285714286
53040	0.00714285714286
22830	0.00709219858156
18278	0.00704225352113
51179	0.00704225352113
51605	0.00704225352113
5089	0.00699300699301
51071	0.00699300699301
52802	0.00699300699301
6954	0.00694444444444
46722	0.00694444444444
5206	0.00689655172414
18967	0.00689655172414
24429	0.00689655172414
41552	0.00684931506849
49398	0.00680272108844
7444	0.00673400673401
15233	0.00666666666667
4413	0.00662251655629
3486	0.00653594771242
33405	0.00653594771242
33780	0.00649350649351
42531	0.00649350649351
38800	0.00645161290323
18815	0.00632911392405
22838	0.00632911392405
23415	0.00632911392405
1537	0.0062893081761
3297	0.0062893081761
10443	0.0062893081761
12194	0.0062893081761
51145	0.0062893081761
22401	0.00625
22805	0.00625
51025	0.00625
6679	0.00621118012422
29532	0.00621118012422
41593	0.00621118012422
50961	0.00621118012422
51168	0.00621118012422
42450	0.00617283950617
5774	0.00613496932515
17948	0.00613496932515
26890	0.00613496932515
20527	0.00606060606061
31850	0.00606060606061
51394	0.00606060606061
19897	0.00602409638554
34667	0.0059880239521
27723	0.00595238095238
1170	0.00591715976331
30802	0.00584795321637
52065	0.00581395348837
11300	0.00578034682081
40887	0.00578034682081
25324	0.00574712643678
37238	0.00574712643678
41968	0.00574712643678
17277	0.00571428571429
18374	0.00571428571429
18813	0.00571428571429
7505	0.00568181818182
6772	0.00564971751412
24173	0.00564971751412
24889	0.00555555555556
4675	0.00552486187845
51112	0.00549450549451
26599	0.00546448087432
41157	0.00546448087432
26235	0.0054347826087
36686	0.00540540540541
29218	0.00539083557951
23080	0.00537634408602
36999	0.00537634408602
41102	0.00531914893617
41530	0.00531914893617
7974	0.00529100529101
11314	0.00529100529101
3288	0.00526315789474
4439	0.00526315789474
8159	0.00526315789474
35581	0.00526315789474
32418	0.00523560209424
44978	0.00520833333333
3198	0.00518134715026
9761	0.00515463917526
26195	0.00515463917526
10653	0.00512820512821
15083	0.00510204081633
932	0.00505050505051
3515	0.00502512562814
29287	0.00502512562814
4695	0.005
1489	0.0049504950495
1739	0.00490196078431
3859	0.00490196078431
34999	0.00490196078431
41037	0.0048309178744
17611	0.00480769230769
20529	0.00480769230769
5918	0.00473933649289
11230	0.00473933649289
1361	0.00469483568075
40981	0.0046511627907
52697	0.0046511627907
25413	0.00462962962963
21331	0.0045871559633
12756	0.00454545454545
27255	0.00454545454545
26934	0.00452488687783
29492	0.00452488687783
41140	0.0045045045045
31879	0.00448430493274
14749	0.00446428571429
41329	0.00442477876106
28043	0.00438596491228
33495	0.00438596491228
44281	0.00438596491228
51724	0.00438596491228
4390	0.00434782608696
41270	0.00434782608696
27404	0.00423728813559
31170	0.0042194092827
38492	0.0041958041958
28155	0.00414937759336
41164	0.00414937759336
6803	0.00409836065574
40970	0.00408163265306
17147	0.00406504065041
23667	0.00406504065041
27358	0.00406504065041
33895	0.00404858299595
26508	0.00393700787402
41188	0.00393700787402
50944	0.00390625
29992	0.003861003861
39852	0.003861003861
1117	0.00383141762452
28128	0.00383141762452
21801	0.00381679389313
30691	0.00381679389313
33142	0.00381679389313
3116	0.00380228136882
50995	0.00380228136882
4399	0.00375939849624
29394	0.00375939849624
25405	0.00374531835206
3139	0.0037037037037
25414	0.00367647058824
4335	0.003663003663
3747	0.00361010830325
862	0.00359712230216
1020	0.00359712230216
13056	0.00357781753131
3022	0.00354609929078
40969	0.00352112676056
29863	0.00350877192982
6444	0.00343642611684
35958	0.00334448160535
23999	0.00331125827815
11481	0.003300330033
41067	0.003300330033
41403	0.00326797385621
12610	0.00326264274062
7299	0.00324675324675
41126	0.00324675324675
27809	0.0032154340836
1364	0.00319488817891
41243	0.00319488817891
17008	0.00316455696203
26893	0.00315457413249
38959	0.0030959752322
17987	0.00305810397554
259	0.00303951367781
39546	0.00303951367781
41609	0.00301204819277
28810	0.003003003003
11	0.003
29591	0.00298507462687
4485	0.00297619047619
10250	0.00295857988166
23786	0.00294985250737
1700	0.00294117647059
11307	0.00294117647059
4708	0.00291120815138
50863	0.0028901734104
50939	0.0028901734104
33850	0.0028818443804
4644	0.00286532951289
11727	0.00284090909091
27651	0.00284090909091
216	0.00282485875706
25453	0.00281690140845
879	0.00279329608939
41097	0.00278551532033
30471	0.00277777777778
7419	0.00275482093664
21323	0.00273224043716
9135	0.00271739130435
4153	0.00271002710027
8709	0.00268817204301
11664	0.00263157894737
41129	0.00263157894737
23688	0.00261780104712
1680	0.0025974025974
41010	0.0025974025974
31483	0.00257731958763
51096	0.00254452926209
51133	0.00254452926209
30899	0.00253164556962
39709	0.00251889168766
41031	0.00251572327044
10281	0.00249376558603
51019	0.00249376558603
41027	0.00242130750605
22971	0.00240384615385
35045	0.00238095238095
7300	0.00237529691211
7518	0.00236406619385
8397	0.00235849056604
497	0.00232558139535
562	0.00232558139535
28405	0.00232558139535
30980	0.00232288037166
3499	0.00229885057471
26602	0.00229709035222
18613	0.00229182582124
689	0.00228310502283
3827	0.00228310502283
28832	0.00227272727273
40988	0.00220750551876
4654	0.0021978021978
253	0.00219058050383
4137	0.00218340611354
15228	0.00217864923747
9200	0.00212089077413
23782	0.00211416490486
29309	0.00211416490486
36394	0.00211416490486
3531	0.00210970464135
25051	0.00208333333333
4937	0.00207468879668
41355	0.00204081632653
5768	0.0020325203252
5673	0.00197628458498
34858	0.00197628458498
21797	0.00196463654224
3527	0.001953125
1118	0.00193673337637
40971	0.00192307692308
3733	0.00191387559809
30269	0.00189035916824
3312	0.00187969924812
8732	0.00187617260788
51041	0.00187265917603
13935	0.00185185185185
35136	0.00184842883549
22929	0.00183992640294
35178	0.00182149362477
39915	0.00182149362477
5218	0.00181488203267
4489	0.00179533213645
37737	0.00177619893428
51212	0.00176366843034
2290	0.0017523364486
13955	0.00175131348511
1743	0.00170357751278
26863	0.0016501650165
6812	0.00164203612479
7175	0.0016393442623
2326	0.00163666121113
35049	0.0016339869281
4121	0.00163132137031
1497	0.00162249864792
32188	0.00162074554295
13339	0.0016
1984	0.00158227848101
38584	0.00156985871272
5231	0.00156739811912
23150	0.0015503875969
17596	0.00153609831029
992	0.00153139356815
893	0.00150905432596
2613	0.00145348837209
2186	0.00145137880987
40987	0.00142045454545
5432	0.00139664804469
29854	0.00138504155125
3059	0.0013698630137
2419	0.00134589502019
26805	0.00133928571429
35345	0.00132450331126
2381	0.00132100396301
2733	0.00132100396301
5204	0.00128865979381
9642	0.00125313283208
5420	0.00124843945069
35563	0.0012325390304
3365	0.00120048019208
29277	0.00120048019208
27890	0.00117924528302
6427	0.00117820324006
13111	0.00117785630153
38793	0.00116346713205
3273	0.00111982082867
5000	0.0011135857461
2007	0.00110741971207
2898	0.00109529025192
18311	0.00108342361863
28742	0.0010718113612
1902	0.00103199174407
4655	0.00101557210562
39785	0.000997008973081
36398	0.000980392156863
41068	0.00095785440613
7312	0.000943396226415
3933	0.000922509225092
34367	0.000920810313076
921	0.000912408759124
4916	0.000910746812386
5809	0.000907441016334
22744	0.000884173297966
4518	0.000879120879121
5519	0.000868809730669
12969	0.000862812769629
9538	0.000859845227859
76	0.000835421888053
31440	0.000834724540902
28051	0.000797448165869
4846	0.000788022064618
39136	0.00077519379845
868	0.00077101002313
19601	0.000733137829912
869	0.000732958709993
2745	0.000707213578501
22383	0.000695894224078
19598	0.000653167864141
1503	0.000558347292016
38203	0.000549450549451
4578	0.000537923614847
5157	0.000507614213198
