1831	0.166666666667
4651	0.166666666667
13695	0.166666666667
14391	0.166666666667
17477	0.166666666667
21090	0.166666666667
21100	0.166666666667
25135	0.166666666667
31089	0.166666666667
35105	0.166666666667
35133	0.166666666667
37801	0.166666666667
40274	0.166666666667
43124	0.166666666667
55410	0.166666666667
61057	0.166666666667
7046	0.142857142857
8985	0.142857142857
14317	0.142857142857
15460	0.142857142857
20969	0.142857142857
28017	0.142857142857
28275	0.142857142857
30217	0.142857142857
55102	0.142857142857
56857	0.142857142857
57998	0.142857142857
2413	0.125
6067	0.125
9953	0.125
10617	0.125
19635	0.125
20083	0.125
23570	0.125
23728	0.125
26378	0.125
28506	0.125
29516	0.125
30060	0.125
30309	0.125
42530	0.125
45546	0.125
49129	0.125
52246	0.125
52324	0.125
57792	0.125
60707	0.125
14102	0.111111111111
15051	0.111111111111
15200	0.111111111111
22066	0.111111111111
32847	0.111111111111
35812	0.111111111111
36923	0.111111111111
40461	0.111111111111
43652	0.111111111111
45166	0.111111111111
46173	0.111111111111
50283	0.111111111111
50601	0.111111111111
51255	0.111111111111
51659	0.111111111111
54968	0.111111111111
55668	0.111111111111
56129	0.111111111111
60350	0.111111111111
61418	0.111111111111
3277	0.1
8450	0.1
17359	0.1
19112	0.1
19218	0.1
21620	0.1
24014	0.1
28501	0.1
30183	0.1
36380	0.1
42957	0.1
43123	0.1
43904	0.1
47950	0.1
53112	0.1
53566	0.1
58054	0.1
4788	0.0909090909091
13478	0.0909090909091
18827	0.0909090909091
22624	0.0909090909091
35713	0.0909090909091
39338	0.0909090909091
45211	0.0909090909091
47054	0.0909090909091
50302	0.0909090909091
51458	0.0909090909091
51690	0.0909090909091
52447	0.0909090909091
55780	0.0909090909091
55980	0.0909090909091
58860	0.0909090909091
60970	0.0909090909091
2095	0.0833333333333
8190	0.0833333333333
13694	0.0833333333333
13879	0.0833333333333
14293	0.0833333333333
24296	0.0833333333333
31791	0.0833333333333
33083	0.0833333333333
33121	0.0833333333333
35384	0.0833333333333
35865	0.0833333333333
47879	0.0833333333333
48034	0.0833333333333
54785	0.0833333333333
56451	0.0833333333333
58582	0.0833333333333
59510	0.0833333333333
59912	0.0833333333333
54244	0.08
5250	0.0769230769231
6730	0.0769230769231
12660	0.0769230769231
16505	0.0769230769231
24665	0.0769230769231
26296	0.0769230769231
26655	0.0769230769231
35221	0.0769230769231
43646	0.0769230769231
52435	0.0769230769231
55652	0.0769230769231
59095	0.0769230769231
581	0.0714285714286
2868	0.0714285714286
10290	0.0714285714286
13042	0.0714285714286
18587	0.0714285714286
24739	0.0714285714286
26240	0.0714285714286
27655	0.0714285714286
28679	0.0714285714286
29429	0.0714285714286
35963	0.0714285714286
42938	0.0714285714286
43808	0.0714285714286
46134	0.0714285714286
46323	0.0714285714286
49681	0.0714285714286
50407	0.0714285714286
60522	0.0714285714286
409	0.0666666666667
18929	0.0666666666667
31328	0.0666666666667
37793	0.0666666666667
40725	0.0666666666667
42844	0.0666666666667
43361	0.0666666666667
46747	0.0666666666667
48921	0.0666666666667
51903	0.0666666666667
53003	0.0666666666667
1134	0.0625
2051	0.0625
3695	0.0625
6554	0.0625
17453	0.0625
21439	0.0625
40458	0.0625
40700	0.0625
43255	0.0625
45795	0.0625
50697	0.0625
53438	0.0625
59964	0.0625
5468	0.0588235294118
6522	0.0588235294118
13744	0.0588235294118
20941	0.0588235294118
32992	0.0588235294118
41673	0.0588235294118
60271	0.0588235294118
211	0.0555555555556
4894	0.0555555555556
5792	0.0555555555556
14865	0.0555555555556
19095	0.0555555555556
31166	0.0555555555556
37235	0.0555555555556
37920	0.0555555555556
40769	0.0555555555556
41847	0.0555555555556
48784	0.0555555555556
52069	0.0555555555556
208	0.0526315789474
739	0.0526315789474
23472	0.0526315789474
24864	0.0526315789474
34760	0.0526315789474
35525	0.0526315789474
40181	0.0526315789474
40424	0.0526315789474
42784	0.0526315789474
51314	0.0526315789474
52655	0.0526315789474
59150	0.0526315789474
42093	0.0512820512821
10790	0.05
11505	0.05
18273	0.05
29006	0.05
39063	0.05
40702	0.05
43275	0.05
44468	0.05
48222	0.05
52385	0.05
59927	0.05
10311	0.047619047619
19531	0.047619047619
20074	0.047619047619
24848	0.047619047619
29593	0.047619047619
31363	0.047619047619
35908	0.047619047619
43507	0.047619047619
53103	0.047619047619
55196	0.047619047619
17041	0.0454545454545
24212	0.0454545454545
29043	0.0454545454545
39742	0.0454545454545
41234	0.0454545454545
47293	0.0454545454545
52976	0.0454545454545
3921	0.0434782608696
4192	0.0434782608696
11840	0.0434782608696
17877	0.0434782608696
18265	0.0434782608696
18490	0.0434782608696
19087	0.0434782608696
21012	0.0434782608696
23692	0.0434782608696
29330	0.0434782608696
35783	0.0434782608696
39890	0.0434782608696
41437	0.0434782608696
42843	0.0434782608696
61009	0.0434782608696
10389	0.0416666666667
17717	0.0416666666667
21691	0.0416666666667
39466	0.0416666666667
41588	0.0416666666667
42599	0.0416666666667
43039	0.0416666666667
51085	0.0416666666667
26904	0.0408163265306
12574	0.04
17006	0.04
22924	0.04
26067	0.04
34851	0.04
34976	0.04
35513	0.04
51679	0.04
52534	0.04
2911	0.0384615384615
16769	0.0384615384615
21116	0.0384615384615
21820	0.0384615384615
40137	0.0384615384615
43700	0.0384615384615
52702	0.0384615384615
53265	0.0384615384615
60265	0.0384615384615
2404	0.037037037037
5404	0.037037037037
8293	0.037037037037
9427	0.037037037037
14677	0.037037037037
28319	0.037037037037
35061	0.037037037037
39885	0.037037037037
44826	0.037037037037
59876	0.037037037037
8510	0.0357142857143
17195	0.0357142857143
18737	0.0357142857143
18954	0.0357142857143
29403	0.0357142857143
35501	0.0357142857143
37647	0.0357142857143
58279	0.0357142857143
32480	0.0350877192982
295	0.0344827586207
7163	0.0344827586207
17612	0.0344827586207
24369	0.0344827586207
34768	0.0344827586207
59943	0.0344827586207
61010	0.0344827586207
1742	0.0338983050847
2277	0.0333333333333
34505	0.0333333333333
50098	0.0333333333333
50651	0.0333333333333
51305	0.0333333333333
51669	0.0333333333333
52608	0.0333333333333
626	0.0322580645161
3599	0.0322580645161
6773	0.0322580645161
7524	0.0322580645161
10332	0.0322580645161
28676	0.0322580645161
32013	0.0322580645161
36288	0.0322580645161
47324	0.0322580645161
51585	0.0322580645161
52800	0.0322580645161
1071	0.03125
2287	0.03125
6506	0.03125
12604	0.03125
16806	0.03125
30618	0.03125
32742	0.03125
41586	0.03125
41879	0.03125
50998	0.03125
52863	0.0307692307692
738	0.030303030303
5099	0.030303030303
6124	0.030303030303
8735	0.030303030303
18336	0.030303030303
27918	0.030303030303
1120	0.0294117647059
5773	0.0294117647059
24348	0.0294117647059
45156	0.0294117647059
50173	0.0294117647059
51291	0.0294117647059
52974	0.0294117647059
2759	0.0285714285714
7789	0.0285714285714
9331	0.0285714285714
29523	0.0285714285714
33582	0.0285714285714
35553	0.0285714285714
37568	0.0285714285714
52104	0.0285714285714
53443	0.0285714285714
59814	0.0285714285714
27541	0.0277777777778
31032	0.0277777777778
61148	0.0277777777778
2878	0.027027027027
16929	0.027027027027
27078	0.027027027027
46487	0.027027027027
51834	0.027027027027
4343	0.0263157894737
8527	0.0263157894737
19661	0.0263157894737
20526	0.0263157894737
35967	0.0263157894737
41323	0.0263157894737
48295	0.0263157894737
51681	0.0263157894737
9235	0.025641025641
25297	0.025641025641
31696	0.025641025641
33954	0.025641025641
43475	0.025641025641
49571	0.025641025641
50287	0.025641025641
51130	0.025641025641
59659	0.025641025641
7654	0.0253164556962
22113	0.0253164556962
2600	0.025
12724	0.025
18755	0.025
29027	0.025
30131	0.025
39179	0.025
41214	0.025
41612	0.025
43484	0.025
57980	0.025
60272	0.025
16204	0.0246913580247
1094	0.0243902439024
9130	0.0243902439024
10428	0.0243902439024
14390	0.0243902439024
19840	0.0243902439024
26843	0.0243902439024
26909	0.0243902439024
27811	0.0243902439024
29384	0.0243902439024
36305	0.0243902439024
43827	0.0243902439024
52511	0.0243902439024
15021	0.0238095238095
15218	0.0238095238095
37587	0.0238095238095
41951	0.0238095238095
43461	0.0238095238095
50185	0.0238095238095
8519	0.0235294117647
3223	0.0232558139535
11726	0.0232558139535
28323	0.0232558139535
38051	0.0232558139535
39663	0.0232558139535
45163	0.0232558139535
52592	0.0232558139535
59557	0.0232558139535
3749	0.0227272727273
13271	0.0227272727273
13306	0.0227272727273
20789	0.0227272727273
31035	0.0227272727273
41658	0.0227272727273
52564	0.0227272727273
52762	0.0227272727273
3093	0.0222222222222
4712	0.0222222222222
10317	0.0222222222222
31902	0.0222222222222
36621	0.0222222222222
41455	0.0222222222222
49329	0.0222222222222
52260	0.0222222222222
52491	0.0222222222222
6592	0.0217391304348
10050	0.0217391304348
23141	0.0217391304348
33120	0.0217391304348
36429	0.0217391304348
52642	0.0217391304348
963	0.0212765957447
6235	0.0212765957447
9897	0.0212765957447
15596	0.0212765957447
21656	0.0212765957447
22663	0.0212765957447
22939	0.0212765957447
27587	0.0212765957447
41851	0.0212765957447
1196	0.0208333333333
4414	0.0208333333333
6473	0.0208333333333
12050	0.0208333333333
23648	0.0208333333333
33840	0.0208333333333
53174	0.0208333333333
11774	0.020618556701
269	0.0204081632653
5144	0.0204081632653
31105	0.0204081632653
40869	0.0204081632653
41205	0.0204081632653
20501	0.02
29186	0.02
35926	0.02
47294	0.02
1936	0.0196078431373
11353	0.0196078431373
18985	0.0196078431373
24862	0.0196078431373
35484	0.0196078431373
40630	0.0196078431373
45701	0.0196078431373
52623	0.0196078431373
1673	0.0192307692308
5626	0.0192307692308
16378	0.0192307692308
22247	0.0192307692308
24087	0.0192307692308
37380	0.0192307692308
40848	0.0192307692308
43086	0.0192307692308
46654	0.0192307692308
52531	0.0192307692308
60486	0.0192307692308
4195	0.0188679245283
13380	0.0188679245283
19463	0.0188679245283
33792	0.0188679245283
42360	0.0188679245283
363	0.0185185185185
18108	0.0185185185185
28074	0.0185185185185
29855	0.0185185185185
34785	0.0185185185185
36596	0.0185185185185
38452	0.0185185185185
51880	0.0185185185185
60231	0.0185185185185
3507	0.0183486238532
30952	0.0181818181818
35569	0.0181818181818
45891	0.0181818181818
113	0.0178571428571
4341	0.0178571428571
9309	0.0178571428571
11556	0.0178571428571
22252	0.0178571428571
32659	0.0178571428571
41388	0.0178571428571
41584	0.0178571428571
5368	0.0175438596491
17691	0.0175438596491
31340	0.0175438596491
51282	0.0175438596491
52468	0.0175438596491
53164	0.0175438596491
11489	0.0172413793103
16902	0.0172413793103
28721	0.0172413793103
13451	0.0169491525424
16281	0.0169491525424
34672	0.0169491525424
37379	0.0169491525424
39239	0.0169491525424
41351	0.0169491525424
42019	0.0169491525424
51692	0.0169491525424
51038	0.0167597765363
8739	0.0166666666667
23240	0.0166666666667
28111	0.0166666666667
30294	0.0166666666667
30672	0.0166666666667
34998	0.0166666666667
12860	0.016393442623
38682	0.016393442623
43251	0.016393442623
52239	0.016393442623
830	0.0161290322581
38375	0.0161290322581
4481	0.015873015873
28458	0.015873015873
29573	0.015873015873
46050	0.015873015873
3581	0.015625
30222	0.015625
42576	0.015625
50249	0.015625
2852	0.0153846153846
7449	0.0153846153846
11559	0.0153846153846
18503	0.0153846153846
31393	0.0153846153846
41210	0.0153846153846
50391	0.0153846153846
6271	0.0151515151515
10046	0.0151515151515
23760	0.0151515151515
30209	0.0151515151515
31008	0.0151515151515
51336	0.0151515151515
4561	0.0149253731343
14555	0.0149253731343
19521	0.0149253731343
25987	0.0149253731343
35057	0.0149253731343
42295	0.0149253731343
51353	0.0149253731343
51506	0.0149253731343
23337	0.0148148148148
37800	0.0148148148148
3534	0.0147058823529
4728	0.0147058823529
15264	0.0147058823529
17442	0.0147058823529
40351	0.0147058823529
59607	0.0147058823529
27731	0.0144927536232
15354	0.0142857142857
23825	0.0142857142857
32822	0.0142857142857
33964	0.0142857142857
40973	0.0142857142857
45200	0.0142857142857
51154	0.0142857142857
11519	0.0141843971631
29095	0.0140845070423
30834	0.0140845070423
38547	0.0140845070423
41241	0.0140845070423
41428	0.0140845070423
20080	0.0138888888889
27379	0.0138888888889
41313	0.0138888888889
47995	0.0138888888889
59558	0.0138888888889
4753	0.013698630137
12475	0.013698630137
23605	0.013698630137
40961	0.013698630137
50992	0.013698630137
24698	0.0135135135135
28799	0.0135135135135
36736	0.0135135135135
41100	0.0135135135135
41856	0.0135135135135
44233	0.0135135135135
52102	0.0135135135135
16770	0.0133333333333
30943	0.0133333333333
34659	0.0133333333333
46731	0.0133333333333
1553	0.0131578947368
50335	0.0131578947368
38663	0.0129032258065
4149	0.0128205128205
12831	0.0128205128205
20089	0.0128205128205
43391	0.0128205128205
637	0.0126582278481
18673	0.0126582278481
50958	0.0126582278481
7301	0.0125
18604	0.0125
38676	0.0125
41249	0.0125
43276	0.0125
53234	0.0125
218	0.0123456790123
2588	0.0123456790123
9609	0.0123456790123
28134	0.0123456790123
38287	0.0123456790123
52197	0.0123456790123
34208	0.0121951219512
871	0.0120481927711
3542	0.0120481927711
9588	0.0120481927711
10388	0.0120481927711
24316	0.0120481927711
29243	0.0120481927711
52415	0.0120481927711
2660	0.0119760479042
23001	0.0119760479042
25221	0.0119047619048
60068	0.0119047619048
16935	0.0117647058824
21375	0.0117647058824
49335	0.0117647058824
53060	0.0117647058824
11776	0.0116959064327
3205	0.0116279069767
34105	0.0116279069767
34649	0.0116279069767
39473	0.0116279069767
41113	0.0116279069767
41340	0.0116279069767
42326	0.0116279069767
775	0.0115606936416
52065	0.0115606936416
7124	0.0114942528736
14656	0.0114942528736
34136	0.0114942528736
41204	0.0114285714286
11886	0.0113636363636
33544	0.0113636363636
41481	0.0113636363636
42704	0.0113636363636
51234	0.0113636363636
7460	0.0112994350282
18234	0.0112359550562
22426	0.0112359550562
22589	0.0112359550562
30185	0.0112359550562
37588	0.0112359550562
41083	0.0112359550562
30812	0.0111731843575
6748	0.0111111111111
38338	0.0111111111111
52362	0.0111111111111
5916	0.010989010989
26592	0.010989010989
31299	0.010989010989
52645	0.010989010989
27045	0.0108695652174
41227	0.0108695652174
47473	0.0108695652174
22230	0.0106382978723
27580	0.0106382978723
36366	0.0106382978723
41480	0.0106382978723
3575	0.0105263157895
12856	0.0105263157895
14839	0.0105263157895
29533	0.0105263157895
41082	0.0105263157895
4836	0.0104166666667
9651	0.0104166666667
42555	0.0104166666667
45587	0.0104166666667
9636	0.0103092783505
47265	0.0103092783505
50506	0.0103092783505
50886	0.0103092783505
1821	0.0102040816327
4620	0.0102040816327
6369	0.0102040816327
17886	0.0102040816327
34096	0.0102040816327
34933	0.0102040816327
52024	0.0102040816327
4512	0.01
52225	0.00996677740864
11481	0.00990099009901
35551	0.00990099009901
42053	0.00990099009901
47633	0.00990099009901
17690	0.00980392156863
22031	0.00980392156863
41004	0.00980392156863
17188	0.00970873786408
39002	0.00970873786408
52536	0.00970873786408
41370	0.00966183574879
52382	0.00961538461538
3986	0.00952380952381
10340	0.00952380952381
13071	0.00952380952381
11871	0.00934579439252
40030	0.00934579439252
41640	0.00934579439252
14275	0.00925925925926
31309	0.00925925925926
49408	0.00925925925926
26310	0.00917431192661
41127	0.00917431192661
2848	0.00909090909091
3316	0.00909090909091
41111	0.00909090909091
47503	0.00909090909091
27255	0.00904977375566
10397	0.00900900900901
14646	0.00900900900901
29492	0.00900900900901
36494	0.00900900900901
59611	0.00900900900901
1328	0.00892857142857
31879	0.00892857142857
6218	0.00884955752212
18563	0.00884955752212
37599	0.00884955752212
59505	0.00884955752212
6404	0.00877192982456
25834	0.00877192982456
33495	0.00873362445415
1096	0.00869565217391
6657	0.00869565217391
14686	0.00869565217391
392	0.00862068965517
15325	0.00854700854701
22351	0.00854700854701
1362	0.00847457627119
2090	0.00847457627119
26711	0.00847457627119
41682	0.00847457627119
51689	0.00847457627119
106	0.00840336134454
3826	0.00840336134454
33481	0.00840336134454
4658	0.00833333333333
13418	0.00833333333333
25810	0.00833333333333
27934	0.00833333333333
50881	0.00833333333333
13149	0.00819672131148
21742	0.00819672131148
28379	0.00819672131148
30845	0.00819672131148
38330	0.00819672131148
42545	0.00813008130081
50941	0.00813008130081
1169	0.00806451612903
1904	0.00806451612903
3492	0.00806451612903
38708	0.00806451612903
2104	0.00793650793651
13076	0.00793650793651
11087	0.00787401574803
22798	0.00787401574803
51875	0.00787401574803
30917	0.0078125
43354	0.0078125
43785	0.0078125
29818	0.0077519379845
36037	0.0077519379845
39323	0.0077519379845
41398	0.0077519379845
13058	0.00769230769231
16228	0.00769230769231
16831	0.00769230769231
18556	0.00766283524904
755	0.00763358778626
6222	0.00763358778626
31864	0.00763358778626
39324	0.00763358778626
40334	0.00763358778626
35039	0.00757575757576
26486	0.00751879699248
30635	0.00751879699248
34607	0.00751879699248
52555	0.00751879699248
4704	0.00746268656716
32651	0.00746268656716
52240	0.00740740740741
19965	0.00735294117647
27226	0.00735294117647
40847	0.00735294117647
18414	0.00729927007299
20573	0.00729927007299
41011	0.00729927007299
5218	0.00727272727273
2829	0.00724637681159
11381	0.00716845878136
632	0.00709219858156
5164	0.00704225352113
12585	0.00704225352113
41331	0.00704225352113
3991	0.00699300699301
9762	0.00699300699301
16379	0.00699300699301
17301	0.00699300699301
38519	0.00699300699301
16784	0.00694444444444
41596	0.00694444444444
51605	0.00694444444444
5089	0.00689655172414
41832	0.00689655172414
4337	0.00684931506849
18967	0.00680272108844
21311	0.00680272108844
27899	0.00680272108844
13036	0.00675675675676
37557	0.00675675675676
41672	0.00675675675676
51784	0.00675675675676
32935	0.00671140939597
5512	0.0066889632107
4464	0.00666666666667
7161	0.00666666666667
15851	0.00666666666667
19034	0.00666666666667
26059	0.00666666666667
50868	0.00666666666667
51117	0.00666666666667
21545	0.00665188470067
6213	0.00662251655629
21204	0.00649350649351
24606	0.00649350649351
41250	0.00649350649351
3486	0.00645161290323
4508	0.00645161290323
38987	0.00645161290323
46832	0.00645161290323
33780	0.00641025641026
39426	0.00641025641026
40942	0.00641025641026
42531	0.00641025641026
7509	0.00636942675159
5616	0.00632911392405
52738	0.00632911392405
41015	0.00626959247649
13642	0.00625
22838	0.00625
34217	0.00625
51029	0.00625
10443	0.00621118012422
11128	0.00621118012422
17461	0.00621118012422
25942	0.00621118012422
37409	0.00621118012422
3946	0.00617283950617
22805	0.00617283950617
17596	0.00615384615385
29532	0.00613496932515
42954	0.00613496932515
42450	0.00609756097561
41062	0.00606060606061
3214	0.00602409638554
5230	0.00602409638554
7751	0.00602409638554
23211	0.00602409638554
26579	0.00602409638554
29845	0.00602409638554
955	0.0059880239521
3943	0.0059880239521
28810	0.0059880239521
20675	0.00595238095238
22579	0.00595238095238
32087	0.00595238095238
35162	0.00595238095238
50897	0.00595238095238
13660	0.00591715976331
6417	0.00588235294118
28712	0.00588235294118
1170	0.00584795321637
19338	0.00584795321637
25732	0.00581395348837
41034	0.00581395348837
21906	0.00578034682081
30802	0.00578034682081
40976	0.00578034682081
23121	0.00574712643678
33692	0.00574712643678
11300	0.00571428571429
37776	0.00571428571429
742	0.00568181818182
25376	0.00568181818182
37238	0.00568181818182
41968	0.00568181818182
50855	0.00568181818182
8229	0.00564971751412
18374	0.00564971751412
38659	0.00564971751412
42378	0.00564971751412
7505	0.00561797752809
18112	0.00561797752809
34830	0.00561797752809
5622	0.00560224089636
879	0.00557103064067
12188	0.00555555555556
48489	0.00555555555556
39343	0.00552486187845
41374	0.00552486187845
23373	0.00549450549451
24889	0.00549450549451
30982	0.00546448087432
4733	0.0054347826087
41157	0.00540540540541
41583	0.00539568345324
1438	0.00536193029491
3250	0.00534759358289
9292	0.00534759358289
16076	0.00534759358289
2216	0.00531914893617
23080	0.00531914893617
896	0.00529100529101
17066	0.00526315789474
38787	0.00526315789474
41530	0.00526315789474
11314	0.00523560209424
13317	0.00523560209424
30874	0.00523560209424
44433	0.00523560209424
18972	0.00515463917526
1853	0.00512820512821
1743	0.00511073253833
492	0.00510204081633
2084	0.00510204081633
26195	0.00510204081633
5419	0.00507614213198
30899	0.00506329113924
15636	0.00505050505051
932	0.00502512562814
39709	0.00502512562814
15306	0.005
21978	0.00497512437811
29287	0.00497512437811
4705	0.0049504950495
4706	0.0049504950495
50885	0.0049504950495
1113	0.00492610837438
41555	0.00492610837438
4121	0.00489396411093
23388	0.00487804878049
29399	0.00487804878049
1309	0.00485436893204
1739	0.00485436893204
3859	0.00485436893204
41027	0.0048309178744
11165	0.00480769230769
21845	0.00473933649289
7518	0.00471698113208
25431	0.00471698113208
34929	0.00471698113208
38795	0.00471698113208
40289	0.00471698113208
8397	0.00470588235294
11230	0.00469483568075
1361	0.0046511627907
41045	0.00460829493088
37660	0.0045871559633
42374	0.0045871559633
2722	0.00456621004566
21331	0.00454545454545
52055	0.00452488687783
23666	0.0045045045045
35400	0.0045045045045
41140	0.00446428571429
14360	0.00444444444444
41274	0.00444444444444
49394	0.00441501103753
37052	0.00440528634361
29055	0.00438596491228
4057	0.00436681222707
21648	0.00436681222707
51724	0.00434782608696
1144	0.00431034482759
37392	0.00431034482759
4327	0.00429184549356
30805	0.00429184549356
39483	0.00429184549356
51173	0.00425531914894
18205	0.00423728813559
49392	0.00423728813559
36394	0.0042194092827
9138	0.00420168067227
9188	0.00420168067227
27404	0.00420168067227
41054	0.00420168067227
27865	0.0041928721174
31170	0.00418410041841
39383	0.00416666666667
34145	0.00414937759336
17938	0.00412371134021
41164	0.00411522633745
4339	0.00409836065574
512	0.00406504065041
6803	0.00406504065041
40968	0.00406504065041
1921	0.00404858299595
40970	0.00404858299595
40984	0.00401606425703
4005	0.004
31312	0.00398406374502
41347	0.00393700787402
13318	0.00392156862745
41188	0.00390625
34369	0.00388349514563
34751	0.00388349514563
50944	0.00387596899225
26416	0.003861003861
17790	0.00384615384615
31877	0.00384615384615
29992	0.00383141762452
41095	0.00383141762452
44184	0.00383141762452
28673	0.00381679389313
38790	0.00381679389313
19288	0.00380228136882
2313	0.00378787878788
30691	0.00378787878788
3116	0.00377358490566
30269	0.00377358490566
38232	0.00377358490566
50995	0.00377358490566
32612	0.00373134328358
51158	0.00371747211896
13935	0.00369685767098
5599	0.00369003690037
35136	0.00369003690037
3139	0.00367647058824
17605	0.00367647058824
4711	0.00365853658537
921	0.00365296803653
41417	0.00359712230216
40980	0.00359066427289
6564	0.00358422939068
41368	0.00358422939068
25098	0.00357781753131
862	0.00357142857143
1020	0.00357142857143
38807	0.00357142857143
28286	0.00353356890459
29724	0.00352112676056
14750	0.00351699882767
3445	0.0034965034965
42912	0.00346020761246
41106	0.00343642611684
7214	0.00342465753425
23011	0.00342465753425
29145	0.00340136054422
7261	0.00335570469799
14115	0.00335570469799
34548	0.00334448160535
8681	0.00333333333333
30625	0.00333333333333
24958	0.00332225913621
35958	0.00332225913621
51027	0.00332225913621
6360	0.00331125827815
684	0.003300330033
41093	0.003300330033
41098	0.00327868852459
22643	0.00325732899023
18311	0.0032502708559
118	0.00323624595469
27128	0.00322580645161
35237	0.00322580645161
30020	0.0031847133758
9200	0.00317796610169
1364	0.0031746031746
17715	0.0031746031746
1984	0.00315955766193
12467	0.00314465408805
17008	0.00314465408805
26893	0.00313479623824
38584	0.00313479623824
4937	0.00310880829016
41032	0.00310559006211
39136	0.00310318076028
1655	0.0030959752322
23150	0.0030959752322
4868	0.00308641975309
511	0.00305810397554
40972	0.0030487804878
5774	0.00303951367781
17987	0.00303951367781
14140	0.0030303030303
41000	0.0030303030303
41434	0.0030303030303
39546	0.00302114803625
41029	0.00302114803625
34683	0.00301204819277
3239	0.00299401197605
40964	0.00299401197605
39785	0.00299102691924
28047	0.00298507462687
3260	0.00296735905045
4485	0.00295857988166
7349	0.00295857988166
37198	0.00294985250737
1700	0.00292397660819
11307	0.00292397660819
18301	0.00292397660819
2186	0.00289855072464
25078	0.0028901734104
47611	0.0028901734104
33850	0.00286532951289
34897	0.00285714285714
41048	0.00285714285714
4644	0.002849002849
25324	0.002849002849
47774	0.002849002849
40987	0.00283687943262
9252	0.0028328611898
216	0.00280898876404
7317	0.00280112044818
25453	0.00280112044818
41132	0.00280112044818
22383	0.00278551532033
23265	0.00278551532033
11359	0.00277777777778
6689	0.00277008310249
29854	0.00276625172891
29971	0.00276243093923
30471	0.00276243093923
3059	0.00273597811218
50933	0.00273224043716
37993	0.00271002710027
16420	0.0027027027027
40962	0.0027027027027
35809	0.00269541778976
18515	0.00267379679144
14352	0.00265957446809
19547	0.00265957446809
12017	0.0026525198939
2381	0.00263852242744
867	0.00263157894737
3720	0.00263157894737
20630	0.00263157894737
870	0.00262467191601
10987	0.00259067357513
23642	0.00259067357513
12969	0.00258843830889
51133	0.00253164556962
23174	0.00251256281407
41031	0.00250941028858
76	0.00250626566416
1628	0.00250312891114
51019	0.00248138957816
41092	0.002457002457
40965	0.00245098039216
2515	0.00244498777506
41467	0.00243902439024
31536	0.00242718446602
27525	0.00240963855422
4173	0.00240384615385
22971	0.00239234449761
28051	0.00239234449761
5553	0.00237529691211
12388	0.00236966824645
25586	0.00236966824645
4846	0.00236406619385
30980	0.00231749710313
562	0.00231481481481
3499	0.00228832951945
28832	0.00226244343891
29861	0.00225733634312
1399	0.00224215246637
4430	0.00224047796863
1503	0.00223463687151
34224	0.00222469410456
2007	0.00221238938053
631	0.00220264317181
4518	0.00219876868953
41332	0.0021978021978
41016	0.00218181818182
15228	0.00216919739696
11169	0.00215982721382
12423	0.00215982721382
4578	0.0021528525296
28742	0.00214132762313
23782	0.00210526315789
29309	0.00210526315789
3531	0.00210084033613
2	0.00203873598369
2344	0.00202634245187
5768	0.00202429149798
34169	0.00201207243461
34858	0.00196850393701
19598	0.00195950359242
9647	0.001953125
3527	0.00194552529183
17586	0.00194174757282
2463	0.00192122958694
41068	0.00191387559809
3733	0.00191021967526
5503	0.00190839694656
9826	0.00189753320683
11727	0.00188857412653
11769	0.00186219739292
12998	0.00184501845018
27489	0.00183823529412
22929	0.00183654729109
2333	0.00182982616651
21745	0.00181818181818
39915	0.00181488203267
13056	0.0017793594306
2840	0.00177304964539
37737	0.00176991150442
13111	0.00176574455562
51212	0.00175746924429
2290	0.00175029171529
29863	0.00174520069808
41074	0.00174520069808
5519	0.00173611111111
4655	0.00169262017603
26863	0.00164473684211
35563	0.00164271047228
22743	0.00164068908942
7175	0.0016339869281
2326	0.00163132137031
35049	0.00162866449511
12610	0.00162337662338
27809	0.0016
13339	0.00159489633174
5231	0.00156576200418
25113	0.0015479876161
6304	0.0015455950541
868	0.00154083204931
5643	0.00153374233129
26602	0.00152788388083
992	0.00152671755725
1135	0.0015243902439
5157	0.00152284263959
20542	0.00151745068285
27535	0.00151745068285
5120	0.00150602409639
9656	0.00146198830409
4764	0.00145560407569
50863	0.00143884892086
2037	0.00142045454545
5237	0.00141843971631
2745	0.00141342756184
33634	0.00139664804469
5432	0.00139470013947
38492	0.00139082058414
2419	0.00134228187919
26805	0.00133809099019
5112	0.00133067198935
41018	0.00131926121372
1422	0.00131752305665
2733	0.00131752305665
40995	0.00131578947368
1118	0.00128865979381
5204	0.001287001287
1119	0.00125156445557
9642	0.00125
5420	0.00124533001245
41090	0.00124533001245
869	0.00122159784999
18960	0.00120627261761
39447	0.00119904076739
3365	0.00119760479042
29277	0.00119760479042
18307	0.00118343195266
6427	0.00117750956727
27890	0.00117647058824
38793	0.00116211504939
3273	0.00111731843575
38203	0.00109829763866
4654	0.00109529025192
2898	0.00109289617486
253	0.00109170305677
7340	0.00106837606838
893	0.00100452034154
11	0.000996015936255
36398	0.000978473581213
1048	0.000952380952381
7312	0.000942507068803
4563	0.000931098696462
3933	0.000920810313076
34367	0.000919117647059
4916	0.000909090909091
5809	0.000905797101449
38794	0.000890471950134
22744	0.000882612533098
25738	0.00087260034904
18777	0.000851788756388
31440	0.000833333333333
6812	0.000819000819001
18613	0.000761614623001
19601	0.000732064421669
8709	0.000669792364367
4396	0.000641436818473
1497	0.000539665407447
