40057	0.117647058824
40712	0.105263157895
48637	0.0952380952381
42785	0.0869565217391
44835	0.0833333333333
61266	0.0769230769231
61	0.0666666666667
248	0.0666666666667
1353	0.0666666666667
3555	0.0666666666667
5752	0.0666666666667
7173	0.0666666666667
8147	0.0666666666667
9210	0.0666666666667
11522	0.0666666666667
21650	0.0666666666667
24338	0.0666666666667
24462	0.0666666666667
28758	0.0666666666667
31492	0.0666666666667
31711	0.0666666666667
33115	0.0666666666667
34265	0.0666666666667
35991	0.0666666666667
38898	0.0666666666667
40069	0.0666666666667
40439	0.0666666666667
42220	0.0666666666667
46291	0.0666666666667
48923	0.0666666666667
50299	0.0666666666667
52820	0.0666666666667
53423	0.0666666666667
53970	0.0666666666667
54003	0.0666666666667
55872	0.0666666666667
58572	0.0666666666667
59278	0.0666666666667
60118	0.0666666666667
51269	0.0645161290323
9508	0.0625
10692	0.0625
10858	0.0625
11179	0.0625
12979	0.0625
13203	0.0625
18525	0.0625
18884	0.0625
19479	0.0625
20817	0.0625
23884	0.0625
24535	0.0625
24722	0.0625
29808	0.0625
32064	0.0625
34546	0.0625
35361	0.0625
35651	0.0625
35724	0.0625
36430	0.0625
36506	0.0625
39494	0.0625
42116	0.0625
42971	0.0625
45365	0.0625
50763	0.0625
52657	0.0625
54863	0.0625
57419	0.0625
60893	0.0625
34363	0.0606060606061
1662	0.0588235294118
1772	0.0588235294118
1948	0.0588235294118
5212	0.0588235294118
6287	0.0588235294118
6710	0.0588235294118
8004	0.0588235294118
9752	0.0588235294118
10310	0.0588235294118
12506	0.0588235294118
12518	0.0588235294118
16270	0.0588235294118
19365	0.0588235294118
22632	0.0588235294118
24300	0.0588235294118
24501	0.0588235294118
25371	0.0588235294118
28409	0.0588235294118
33326	0.0588235294118
33514	0.0588235294118
34206	0.0588235294118
38854	0.0588235294118
38859	0.0588235294118
39563	0.0588235294118
41598	0.0588235294118
42762	0.0588235294118
43758	0.0588235294118
43893	0.0588235294118
45512	0.0588235294118
49193	0.0588235294118
50141	0.0588235294118
51078	0.0588235294118
52302	0.0588235294118
54072	0.0588235294118
55349	0.0588235294118
55452	0.0588235294118
56479	0.0588235294118
56947	0.0588235294118
59219	0.0588235294118
851	0.0555555555556
2804	0.0555555555556
3655	0.0555555555556
4555	0.0555555555556
9069	0.0555555555556
12082	0.0555555555556
13198	0.0555555555556
15435	0.0555555555556
18684	0.0555555555556
19537	0.0555555555556
20266	0.0555555555556
21344	0.0555555555556
23919	0.0555555555556
25196	0.0555555555556
25972	0.0555555555556
28552	0.0555555555556
30108	0.0555555555556
31466	0.0555555555556
34466	0.0555555555556
34489	0.0555555555556
35322	0.0555555555556
35629	0.0555555555556
35709	0.0555555555556
35712	0.0555555555556
35964	0.0555555555556
38831	0.0555555555556
40051	0.0555555555556
41829	0.0555555555556
41887	0.0555555555556
42260	0.0555555555556
42293	0.0555555555556
43304	0.0555555555556
45114	0.0555555555556
45669	0.0555555555556
46275	0.0555555555556
47257	0.0555555555556
48940	0.0555555555556
49942	0.0555555555556
51241	0.0555555555556
51397	0.0555555555556
52159	0.0555555555556
53906	0.0555555555556
54880	0.0555555555556
55819	0.0555555555556
57666	0.0555555555556
61149	0.0555555555556
2418	0.0526315789474
3502	0.0526315789474
3506	0.0526315789474
5592	0.0526315789474
8549	0.0526315789474
11891	0.0526315789474
12427	0.0526315789474
13024	0.0526315789474
17840	0.0526315789474
18853	0.0526315789474
19038	0.0526315789474
21074	0.0526315789474
21500	0.0526315789474
25515	0.0526315789474
26148	0.0526315789474
32005	0.0526315789474
39357	0.0526315789474
40196	0.0526315789474
41193	0.0526315789474
41920	0.0526315789474
42455	0.0526315789474
42656	0.0526315789474
43987	0.0526315789474
45025	0.0526315789474
45831	0.0526315789474
46399	0.0526315789474
47812	0.0526315789474
53043	0.0526315789474
53428	0.0526315789474
55676	0.0526315789474
55903	0.0526315789474
56476	0.0526315789474
58548	0.0526315789474
59818	0.0526315789474
61260	0.0526315789474
17998	0.0512820512821
47324	0.0512820512821
42	0.05
736	0.05
2120	0.05
5520	0.05
7249	0.05
9928	0.05
10242	0.05
13173	0.05
13645	0.05
14697	0.05
18821	0.05
21432	0.05
32910	0.05
34418	0.05
42583	0.05
43584	0.05
48975	0.05
49295	0.05
52266	0.05
52394	0.05
52405	0.05
59983	0.05
61236	0.05
455	0.047619047619
6654	0.047619047619
7319	0.047619047619
7615	0.047619047619
8216	0.047619047619
12309	0.047619047619
14594	0.047619047619
15728	0.047619047619
17471	0.047619047619
20671	0.047619047619
21553	0.047619047619
27597	0.047619047619
28607	0.047619047619
30366	0.047619047619
35921	0.047619047619
36624	0.047619047619
37147	0.047619047619
44070	0.047619047619
45601	0.047619047619
46247	0.047619047619
46272	0.047619047619
52929	0.047619047619
53385	0.047619047619
53492	0.047619047619
59563	0.047619047619
61179	0.047619047619
18441	0.046511627907
27268	0.046511627907
3886	0.0454545454545
13480	0.0454545454545
14500	0.0454545454545
14609	0.0454545454545
16883	0.0454545454545
20869	0.0454545454545
21077	0.0454545454545
21883	0.0454545454545
23503	0.0454545454545
24650	0.0454545454545
25721	0.0454545454545
28707	0.0454545454545
37281	0.0454545454545
40221	0.0454545454545
41991	0.0454545454545
42653	0.0454545454545
43640	0.0454545454545
44984	0.0454545454545
45253	0.0454545454545
45409	0.0454545454545
46610	0.0454545454545
47816	0.0454545454545
50261	0.0454545454545
50711	0.0454545454545
50988	0.0454545454545
51174	0.0454545454545
51628	0.0454545454545
52081	0.0454545454545
52303	0.0454545454545
52967	0.0454545454545
59903	0.0454545454545
60452	0.0454545454545
715	0.0434782608696
3244	0.0434782608696
5868	0.0434782608696
7400	0.0434782608696
11456	0.0434782608696
14405	0.0434782608696
15130	0.0434782608696
18213	0.0434782608696
19780	0.0434782608696
19888	0.0434782608696
20449	0.0434782608696
21747	0.0434782608696
22599	0.0434782608696
23263	0.0434782608696
32046	0.0434782608696
32171	0.0434782608696
33931	0.0434782608696
36337	0.0434782608696
36696	0.0434782608696
40958	0.0434782608696
41125	0.0434782608696
42608	0.0434782608696
43686	0.0434782608696
43856	0.0434782608696
43900	0.0434782608696
45080	0.0434782608696
46323	0.0434782608696
49202	0.0434782608696
53442	0.0434782608696
56084	0.0434782608696
60369	0.0434782608696
60983	0.0434782608696
61006	0.0434782608696
61101	0.0434782608696
2340	0.0416666666667
4422	0.0416666666667
6288	0.0416666666667
12642	0.0416666666667
18191	0.0416666666667
20523	0.0416666666667
22582	0.0416666666667
22963	0.0416666666667
23670	0.0416666666667
25150	0.0416666666667
26300	0.0416666666667
29298	0.0416666666667
30594	0.0416666666667
33803	0.0416666666667
39229	0.0416666666667
41076	0.0416666666667
43054	0.0416666666667
43840	0.0416666666667
45283	0.0416666666667
46163	0.0416666666667
47450	0.0416666666667
49006	0.0416666666667
52070	0.0416666666667
53674	0.0416666666667
57613	0.0416666666667
59580	0.0416666666667
61423	0.0416666666667
18992	0.0408163265306
1895	0.04
4659	0.04
4721	0.04
6272	0.04
13005	0.04
28841	0.04
33896	0.04
35894	0.04
39460	0.04
41302	0.04
43457	0.04
51389	0.04
51553	0.04
52025	0.04
52191	0.04
52731	0.04
60645	0.04
4425	0.0392156862745
41051	0.0392156862745
251	0.0384615384615
255	0.0384615384615
1289	0.0384615384615
4223	0.0384615384615
8758	0.0384615384615
12530	0.0384615384615
16852	0.0384615384615
32570	0.0384615384615
41560	0.0384615384615
41948	0.0384615384615
42776	0.0384615384615
43619	0.0384615384615
43764	0.0384615384615
43860	0.0384615384615
44954	0.0384615384615
47199	0.0384615384615
47504	0.0384615384615
49674	0.0384615384615
51412	0.0384615384615
56569	0.0384615384615
58479	0.0384615384615
59598	0.0384615384615
31866	0.0377358490566
43348	0.0377358490566
2935	0.037037037037
3011	0.037037037037
3184	0.037037037037
4583	0.037037037037
11827	0.037037037037
14734	0.037037037037
18619	0.037037037037
21992	0.037037037037
22454	0.037037037037
26191	0.037037037037
30622	0.037037037037
30650	0.037037037037
30965	0.037037037037
34896	0.037037037037
37152	0.037037037037
43176	0.037037037037
43334	0.037037037037
51376	0.037037037037
51217	0.0363636363636
51545	0.0363636363636
1302	0.0357142857143
1525	0.0357142857143
7464	0.0357142857143
15122	0.0357142857143
18692	0.0357142857143
21990	0.0357142857143
24148	0.0357142857143
26232	0.0357142857143
27771	0.0357142857143
31132	0.0357142857143
41474	0.0357142857143
41624	0.0357142857143
41760	0.0357142857143
42007	0.0357142857143
43534	0.0357142857143
43937	0.0357142857143
48569	0.0357142857143
49859	0.0357142857143
51920	0.0357142857143
52067	0.0357142857143
59971	0.0357142857143
220	0.0344827586207
3179	0.0344827586207
4742	0.0344827586207
5138	0.0344827586207
10306	0.0344827586207
11792	0.0344827586207
12045	0.0344827586207
12517	0.0344827586207
12566	0.0344827586207
15380	0.0344827586207
18817	0.0344827586207
18818	0.0344827586207
19464	0.0344827586207
20730	0.0344827586207
22728	0.0344827586207
23992	0.0344827586207
25864	0.0344827586207
29308	0.0344827586207
32035	0.0344827586207
33154	0.0344827586207
34769	0.0344827586207
38360	0.0344827586207
39507	0.0344827586207
41130	0.0344827586207
41635	0.0344827586207
43047	0.0344827586207
43275	0.0344827586207
49570	0.0344827586207
49735	0.0344827586207
51245	0.0344827586207
51996	0.0344827586207
59956	0.0344827586207
25115	0.0338983050847
2053	0.0333333333333
5114	0.0333333333333
7711	0.0333333333333
11830	0.0333333333333
18306	0.0333333333333
20074	0.0333333333333
21854	0.0333333333333
27180	0.0333333333333
31265	0.0333333333333
32157	0.0333333333333
33797	0.0333333333333
39607	0.0333333333333
41516	0.0333333333333
42823	0.0333333333333
43455	0.0333333333333
43507	0.0333333333333
43586	0.0333333333333
50931	0.0333333333333
60051	0.0333333333333
60444	0.0333333333333
60587	0.0333333333333
4490	0.0327868852459
4759	0.0322580645161
8033	0.0322580645161
11758	0.0322580645161
17576	0.0322580645161
17710	0.0322580645161
18683	0.0322580645161
22458	0.0322580645161
24212	0.0322580645161
27517	0.0322580645161
28374	0.0322580645161
28935	0.0322580645161
32170	0.0322580645161
33318	0.0322580645161
37608	0.0322580645161
38958	0.0322580645161
41234	0.0322580645161
41982	0.0322580645161
52860	0.0322580645161
60042	0.0322580645161
60293	0.0322580645161
28797	0.031746031746
109	0.03125
616	0.03125
4598	0.03125
8772	0.03125
18490	0.03125
21718	0.03125
25151	0.03125
26431	0.03125
26714	0.03125
30675	0.03125
37006	0.03125
37512	0.03125
40125	0.03125
41028	0.03125
46508	0.03125
46721	0.03125
48576	0.03125
52621	0.03125
61009	0.03125
139	0.030303030303
2543	0.030303030303
3251	0.030303030303
9148	0.030303030303
25716	0.030303030303
41005	0.030303030303
41220	0.030303030303
43192	0.030303030303
43307	0.030303030303
48630	0.030303030303
49578	0.030303030303
51210	0.030303030303
52021	0.030303030303
52244	0.030303030303
16281	0.0298507462687
41145	0.0298507462687
349	0.0294117647059
533	0.0294117647059
2461	0.0294117647059
4210	0.0294117647059
10435	0.0294117647059
11180	0.0294117647059
16951	0.0294117647059
17342	0.0294117647059
18590	0.0294117647059
22924	0.0294117647059
24580	0.0294117647059
31858	0.0294117647059
35051	0.0294117647059
35513	0.0294117647059
36684	0.0294117647059
37341	0.0294117647059
39182	0.0294117647059
41408	0.0294117647059
41686	0.0294117647059
41986	0.0294117647059
42775	0.0294117647059
42999	0.0294117647059
51535	0.0294117647059
51773	0.0294117647059
52757	0.0294117647059
59962	0.0294117647059
9201	0.0289855072464
43251	0.0289855072464
927	0.0285714285714
1387	0.0285714285714
1857	0.0285714285714
3654	0.0285714285714
5408	0.0285714285714
11117	0.0285714285714
11706	0.0285714285714
13528	0.0285714285714
14384	0.0285714285714
21116	0.0285714285714
27101	0.0285714285714
27385	0.0285714285714
32667	0.0285714285714
32893	0.0285714285714
41439	0.0285714285714
51110	0.0285714285714
51752	0.0285714285714
52389	0.0285714285714
52702	0.0285714285714
60095	0.0285714285714
4449	0.0277777777778
6747	0.0277777777778
6923	0.0277777777778
7332	0.0277777777778
9427	0.0277777777778
11142	0.0277777777778
21232	0.0277777777778
26777	0.0277777777778
32881	0.0277777777778
34128	0.0277777777778
41591	0.0277777777778
41636	0.0277777777778
42070	0.0277777777778
45140	0.0277777777778
46056	0.0277777777778
51409	0.0277777777778
53411	0.0277777777778
6196	0.027027027027
11279	0.027027027027
12459	0.027027027027
13840	0.027027027027
14135	0.027027027027
15121	0.027027027027
15818	0.027027027027
22878	0.027027027027
27129	0.027027027027
37750	0.027027027027
43483	0.027027027027
46767	0.027027027027
47575	0.027027027027
49060	0.027027027027
49406	0.027027027027
49449	0.027027027027
49960	0.027027027027
41943	0.0267857142857
51506	0.0266666666667
10722	0.0263157894737
11096	0.0263157894737
17448	0.0263157894737
22227	0.0263157894737
22264	0.0263157894737
22915	0.0263157894737
24369	0.0263157894737
25086	0.0263157894737
34768	0.0263157894737
41808	0.0263157894737
42829	0.0263157894737
49257	0.0263157894737
50993	0.0263157894737
52946	0.0263157894737
41350	0.025974025974
44776	0.0258620689655
450	0.025641025641
524	0.025641025641
3839	0.025641025641
5207	0.025641025641
5526	0.025641025641
15015	0.025641025641
17258	0.025641025641
17272	0.025641025641
18632	0.025641025641
20466	0.025641025641
21743	0.025641025641
22490	0.025641025641
25073	0.025641025641
31971	0.025641025641
34656	0.025641025641
36761	0.025641025641
36982	0.025641025641
37572	0.025641025641
37810	0.025641025641
38454	0.025641025641
38678	0.025641025641
42379	0.025641025641
42466	0.025641025641
42660	0.025641025641
51710	0.025641025641
52015	0.025641025641
59556	0.025641025641
1487	0.0253164556962
9205	0.0253164556962
546	0.025
961	0.025
1887	0.025
12401	0.025
14353	0.025
19675	0.025
26005	0.025
32869	0.025
36358	0.025
41373	0.025
41846	0.025
43417	0.025
47509	0.025
51708	0.025
52859	0.025
60207	0.025
60525	0.025
52196	0.0246913580247
2437	0.0243902439024
2562	0.0243902439024
4502	0.0243902439024
8659	0.0243902439024
12581	0.0243902439024
13961	0.0243902439024
26094	0.0243902439024
28574	0.0243902439024
31703	0.0243902439024
33662	0.0243902439024
35376	0.0243902439024
36888	0.0243902439024
39387	0.0243902439024
41433	0.0243902439024
42932	0.0243902439024
46882	0.0243902439024
51298	0.0243902439024
52276	0.0240963855422
51699	0.0239520958084
4875	0.0238095238095
6124	0.0238095238095
7546	0.0238095238095
11012	0.0238095238095
12573	0.0238095238095
18336	0.0238095238095
18505	0.0238095238095
18846	0.0238095238095
23808	0.0238095238095
28789	0.0238095238095
30287	0.0238095238095
34151	0.0238095238095
35701	0.0238095238095
39335	0.0238095238095
40406	0.0238095238095
42715	0.0238095238095
43101	0.0238095238095
43815	0.0238095238095
46776	0.0238095238095
50097	0.0238095238095
51392	0.0238095238095
52211	0.0238095238095
52726	0.0238095238095
60020	0.0238095238095
60071	0.0238095238095
60283	0.0238095238095
3128	0.0232558139535
4159	0.0232558139535
4250	0.0232558139535
12494	0.0232558139535
16348	0.0232558139535
16448	0.0232558139535
17069	0.0232558139535
27416	0.0232558139535
28717	0.0232558139535
38727	0.0232558139535
51720	0.0232558139535
52361	0.0232558139535
54298	0.0232558139535
3480	0.0229885057471
4580	0.0229885057471
38708	0.0229007633588
2759	0.0227272727273
10190	0.0227272727273
16617	0.0227272727273
20575	0.0227272727273
22121	0.0227272727273
31374	0.0227272727273
34832	0.0227272727273
37568	0.0227272727273
41282	0.0227272727273
51115	0.0227272727273
59554	0.0227272727273
60463	0.0227272727273
6397	0.0222222222222
10922	0.0222222222222
11171	0.0222222222222
22765	0.0222222222222
34794	0.0222222222222
36060	0.0222222222222
37293	0.0222222222222
41497	0.0222222222222
41551	0.0222222222222
41566	0.0222222222222
41812	0.0222222222222
44112	0.0222222222222
50985	0.0222222222222
51316	0.0222222222222
51556	0.0222222222222
53991	0.0222222222222
55962	0.0222222222222
51211	0.0220994475138
1950	0.021978021978
948	0.0217391304348
1241	0.0217391304348
11904	0.0217391304348
20653	0.0217391304348
26764	0.0217391304348
31954	0.0217391304348
33143	0.0217391304348
41357	0.0217391304348
42388	0.0217391304348
45878	0.0217391304348
51202	0.0217391304348
51247	0.0217391304348
51372	0.0217391304348
51834	0.0217391304348
52334	0.0217391304348
59602	0.0217391304348
28750	0.0215827338129
53065	0.0215053763441
3278	0.0212765957447
7731	0.0212765957447
16562	0.0212765957447
17053	0.0212765957447
18231	0.0212765957447
30231	0.0212765957447
41323	0.0212765957447
41961	0.0212765957447
42326	0.0212765957447
42651	0.0212765957447
45203	0.0212765957447
45481	0.0212765957447
52160	0.0212765957447
59785	0.0212765957447
4625	0.0211267605634
12970	0.0210526315789
41157	0.020942408377
9235	0.0208333333333
17639	0.0208333333333
18959	0.0208333333333
28825	0.0208333333333
30680	0.0208333333333
42431	0.0208333333333
43475	0.0208333333333
44111	0.0208333333333
50287	0.0208333333333
51657	0.0208333333333
51896	0.0208333333333
59618	0.0208333333333
61040	0.0208333333333
41083	0.020618556701
165	0.0204081632653
2712	0.0204081632653
6217	0.0204081632653
12570	0.0204081632653
13947	0.0204081632653
18292	0.0204081632653
26502	0.0204081632653
28667	0.0204081632653
37923	0.0204081632653
39179	0.0204081632653
41230	0.0204081632653
43484	0.0204081632653
50849	0.0204081632653
51042	0.0204081632653
51559	0.0204081632653
51346	0.020202020202
2861	0.02
3182	0.02
3743	0.02
8774	0.02
16445	0.02
30792	0.02
32600	0.02
35359	0.02
38723	0.02
41283	0.02
42207	0.02
50584	0.02
53194	0.02
60429	0.02
1323	0.019801980198
22170	0.019801980198
41200	0.019801980198
14617	0.0196078431373
18291	0.0196078431373
27596	0.0196078431373
34971	0.0196078431373
42012	0.0196078431373
51466	0.0196078431373
51707	0.0196078431373
55923	0.0196078431373
56707	0.0196078431373
3271	0.0192307692308
4840	0.0192307692308
5880	0.0192307692308
21349	0.0192307692308
35808	0.0192307692308
37381	0.0192307692308
41449	0.0192307692308
42692	0.0192307692308
46674	0.0192307692308
52736	0.0192307692308
7303	0.0190476190476
14381	0.0190476190476
53039	0.0190476190476
20465	0.0188679245283
25266	0.0188679245283
25623	0.0188679245283
42167	0.0188679245283
43164	0.0188679245283
51694	0.0188679245283
53093	0.0188679245283
53102	0.0188679245283
59935	0.0188679245283
11165	0.018691588785
22231	0.018691588785
24373	0.0186335403727
51680	0.0186335403727
1369	0.0185185185185
4712	0.0185185185185
20492	0.0185185185185
25075	0.0185185185185
26047	0.0185185185185
26275	0.0185185185185
28828	0.0185185185185
29317	0.0185185185185
32710	0.0185185185185
33627	0.0185185185185
35508	0.0185185185185
45636	0.0185185185185
550	0.0181818181818
1973	0.0181818181818
3550	0.0181818181818
5330	0.0181818181818
7482	0.0181818181818
9589	0.0181818181818
10050	0.0181818181818
11743	0.0181818181818
12819	0.0181818181818
16944	0.0181818181818
18304	0.0181818181818
32892	0.0181818181818
35130	0.0181818181818
35860	0.0181818181818
38574	0.0181818181818
44528	0.0181818181818
48181	0.0181818181818
48189	0.0181818181818
50472	0.0181818181818
51799	0.0181818181818
53237	0.0181818181818
53317	0.0181818181818
397	0.018018018018
41002	0.018018018018
5390	0.0178571428571
7913	0.0178571428571
10157	0.0178571428571
12889	0.0178571428571
26596	0.0178571428571
31306	0.0178571428571
37856	0.0178571428571
38685	0.0178571428571
41485	0.0178571428571
41868	0.0178571428571
44286	0.0178571428571
49842	0.0178571428571
53348	0.0178571428571
55884	0.0178571428571
22401	0.0177514792899
25487	0.0177514792899
5113	0.0176991150442
26741	0.0176991150442
2925	0.0175438596491
3722	0.0175438596491
4414	0.0175438596491
5703	0.0175438596491
6136	0.0175438596491
6473	0.0175438596491
12255	0.0175438596491
15865	0.0175438596491
17462	0.0175438596491
17817	0.0175438596491
18506	0.0175438596491
18522	0.0175438596491
30880	0.0175438596491
32889	0.0175438596491
43991	0.0175438596491
51057	0.0175438596491
51258	0.0175438596491
52235	0.0175438596491
59872	0.0175438596491
3107	0.0172413793103
9444	0.0172413793103
18916	0.0172413793103
26924	0.0172413793103
33826	0.0172413793103
41225	0.0172413793103
49408	0.0172413793103
53214	0.0172413793103
2660	0.0171428571429
18134	0.017094017094
3846	0.0169491525424
8218	0.0169491525424
14022	0.0169491525424
18741	0.0169491525424
26904	0.0169491525424
27548	0.0169491525424
38523	0.0169491525424
40657	0.0169491525424
41033	0.0169491525424
41111	0.0169491525424
41375	0.0169491525424
43026	0.0169491525424
52879	0.0169491525424
53396	0.0169491525424
2164	0.0168067226891
4390	0.0168067226891
784	0.0166666666667
887	0.0166666666667
1356	0.0166666666667
1712	0.0166666666667
2353	0.0166666666667
9598	0.0166666666667
19204	0.0166666666667
23395	0.0166666666667
37795	0.0166666666667
40177	0.0166666666667
41914	0.0166666666667
51949	0.0166666666667
53206	0.0166666666667
60086	0.0166666666667
36976	0.0165289256198
37599	0.0165289256198
40562	0.0165289256198
7722	0.016393442623
11404	0.016393442623
13383	0.016393442623
16378	0.016393442623
29332	0.016393442623
30252	0.016393442623
40394	0.016393442623
41469	0.016393442623
41546	0.016393442623
42454	0.016393442623
51200	0.016393442623
52864	0.016393442623
56118	0.016393442623
20738	0.0162601626016
52188	0.0162601626016
1898	0.0161290322581
8226	0.0161290322581
13854	0.0161290322581
24810	0.0161290322581
27643	0.0161290322581
32146	0.0161290322581
41056	0.0161290322581
44120	0.0161290322581
5672	0.016
30324	0.016
2346	0.015873015873
3798	0.015873015873
7293	0.015873015873
9669	0.015873015873
33527	0.015873015873
43616	0.015873015873
52071	0.015873015873
60231	0.015873015873
2093	0.015625
16510	0.015625
17969	0.015625
19761	0.015625
33166	0.015625
41656	0.015625
43744	0.015625
45891	0.015625
53189	0.015625
55981	0.015625
1228	0.0153846153846
2033	0.0153846153846
4341	0.0153846153846
21561	0.0153846153846
22252	0.0153846153846
28755	0.0153846153846
41099	0.0153846153846
45715	0.0153846153846
59509	0.0153846153846
2062	0.0151515151515
3492	0.0151515151515
3996	0.0151515151515
43890	0.0151515151515
47064	0.0151515151515
51282	0.0151515151515
52468	0.0151515151515
61046	0.0151515151515
26416	0.0150943396226
37577	0.015037593985
103	0.0149253731343
2444	0.0149253731343
3781	0.0149253731343
15730	0.0149253731343
17696	0.0149253731343
27235	0.0149253731343
28721	0.0149253731343
34824	0.0149253731343
35262	0.0149253731343
37845	0.0149253731343
41063	0.0149253731343
41174	0.0149253731343
46039	0.0149253731343
2130	0.0148148148148
50952	0.0148148148148
51875	0.0148148148148
9761	0.0147783251232
2578	0.0147058823529
2748	0.0147058823529
4409	0.0147058823529
4567	0.0147058823529
5106	0.0147058823529
5535	0.0147058823529
17735	0.0147058823529
27087	0.0147058823529
31608	0.0147058823529
32432	0.0147058823529
41075	0.0147058823529
41483	0.0147058823529
16340	0.014598540146
52029	0.0145631067961
2786	0.0144927536232
16194	0.0144927536232
30672	0.0144927536232
34998	0.0144927536232
38569	0.0144927536232
40212	0.0144927536232
51419	0.0144927536232
51571	0.0144927536232
7413	0.0142857142857
14518	0.0142857142857
17904	0.0142857142857
19816	0.0142857142857
22856	0.0142857142857
25554	0.0142857142857
26530	0.0142857142857
28745	0.0142857142857
45610	0.0142857142857
51401	0.0142857142857
59578	0.0142857142857
27063	0.0141843971631
2490	0.0140845070423
4280	0.0140845070423
6036	0.0140845070423
26765	0.0140845070423
28719	0.0140845070423
35467	0.0140845070423
39342	0.0140845070423
41022	0.0140845070423
42014	0.0140845070423
45206	0.0140845070423
48070	0.0140845070423
50240	0.0140845070423
51026	0.0140845070423
51393	0.0140845070423
52666	0.0140845070423
1752	0.013986013986
6315	0.0138888888889
34985	0.0138888888889
37117	0.0138888888889
37800	0.0138888888889
39874	0.0137931034483
497	0.0137614678899
3178	0.013698630137
11558	0.013698630137
28781	0.013698630137
29806	0.013698630137
34950	0.013698630137
41579	0.013698630137
41736	0.013698630137
11559	0.0135135135135
18022	0.0135135135135
22681	0.0135135135135
25472	0.0135135135135
25700	0.0135135135135
28156	0.0135135135135
29746	0.0135135135135
36120	0.0135135135135
41210	0.0135135135135
42914	0.0135135135135
51641	0.0135135135135
52857	0.0135135135135
57430	0.0135135135135
59543	0.0135135135135
2610	0.0134228187919
27952	0.0134228187919
2690	0.0133333333333
6271	0.0133333333333
6415	0.0133333333333
10046	0.0133333333333
27594	0.0133333333333
31008	0.0133333333333
35022	0.0133333333333
40307	0.0133333333333
48246	0.0133333333333
50934	0.0133333333333
51336	0.0133333333333
52255	0.0133333333333
52682	0.0133333333333
9762	0.0132450331126
41066	0.0132450331126
41073	0.0132450331126
21331	0.0132158590308
2644	0.0131578947368
4561	0.0131578947368
14115	0.0131578947368
15917	0.0131578947368
30085	0.0131578947368
50994	0.0131578947368
51353	0.0131578947368
49394	0.0131004366812
51071	0.0130718954248
2276	0.012987012987
16302	0.012987012987
22864	0.012987012987
30651	0.012987012987
33864	0.012987012987
34103	0.012987012987
38899	0.012987012987
40645	0.012987012987
51105	0.012987012987
51746	0.012987012987
52476	0.012987012987
618	0.0129032258065
11196	0.0129032258065
34522	0.0129032258065
1922	0.0128205128205
2355	0.0128205128205
3156	0.0128205128205
3860	0.0128205128205
13036	0.0128205128205
34115	0.0128205128205
35100	0.0128205128205
39782	0.0128205128205
51683	0.0128205128205
17637	0.0127388535032
20591	0.0127388535032
4876	0.0126582278481
15851	0.0126582278481
16919	0.0126582278481
18838	0.0126582278481
23825	0.0126582278481
41246	0.0126582278481
45354	0.0126582278481
51724	0.0126582278481
22717	0.0125523012552
4760	0.0125
14527	0.0125
28456	0.0125
38201	0.0125
38547	0.0125
46558	0.0125
59731	0.0125
26762	0.0123456790123
33704	0.0123456790123
35679	0.0123456790123
36409	0.0123456790123
41689	0.0123456790123
47995	0.0123456790123
49465	0.0123456790123
50929	0.0123456790123
51196	0.0123456790123
52231	0.0123456790123
4508	0.0122699386503
21989	0.0122699386503
9794	0.0121951219512
12475	0.0121951219512
30191	0.0121951219512
39722	0.0121951219512
47628	0.0121951219512
51615	0.0121951219512
4227	0.0120481927711
8210	0.0120481927711
16073	0.0120481927711
28799	0.0120481927711
30515	0.0120481927711
32927	0.0120481927711
34149	0.0120481927711
36736	0.0120481927711
50291	0.0120481927711
51940	0.0120481927711
137	0.0119760479042
20077	0.0119047619048
21298	0.0119047619048
22241	0.0119047619048
24320	0.0119047619048
34190	0.0119047619048
34659	0.0119047619048
38748	0.0119047619048
39213	0.0119047619048
40482	0.0119047619048
51978	0.0119047619048
59506	0.0119047619048
25384	0.0118343195266
1553	0.0117647058824
6693	0.0117647058824
17147	0.0117647058824
18835	0.0117647058824
21795	0.0117647058824
24878	0.0117647058824
26274	0.0117647058824
34121	0.0117647058824
41194	0.0117647058824
48572	0.0117647058824
50987	0.0117647058824
51364	0.0117647058824
51418	0.0117647058824
59507	0.0117647058824
28810	0.0117302052786
22018	0.0116959064327
29532	0.0116959064327
40489	0.0116959064327
50961	0.0116959064327
3260	0.0116618075802
31313	0.0116279069767
40477	0.0116279069767
41581	0.0116279069767
42642	0.0116279069767
51055	0.0116279069767
2142	0.0115942028986
18701	0.0115942028986
13120	0.0115606936416
3214	0.0114942528736
7751	0.0114942528736
12831	0.0114942528736
16145	0.0114942528736
18301	0.0114942528736
23211	0.0114942528736
26579	0.0114942528736
34225	0.0114942528736
40992	0.0114942528736
43391	0.0114942528736
52733	0.0114942528736
14361	0.0114285714286
33727	0.0114285714286
51485	0.0114285714286
5698	0.0113636363636
16028	0.0113636363636
20675	0.0113636363636
29280	0.0113636363636
37686	0.0113636363636
40625	0.0113636363636
48237	0.0113636363636
7301	0.0112359550562
7341	0.0112359550562
14245	0.0112359550562
18604	0.0112359550562
19420	0.0112359550562
38676	0.0112359550562
41024	0.0112359550562
41249	0.0112359550562
42040	0.0112359550562
41095	0.0111940298507
1456	0.0111731843575
16935	0.0111731843575
28700	0.0111731843575
123	0.0111111111111
7280	0.0111111111111
9609	0.0111111111111
10251	0.0111111111111
25732	0.0111111111111
28134	0.0111111111111
38287	0.0111111111111
40334	0.0111111111111
52197	0.0111111111111
1068	0.010989010989
34486	0.010989010989
41621	0.010989010989
42344	0.010989010989
42369	0.010989010989
43150	0.010989010989
43834	0.010989010989
51250	0.010989010989
51283	0.010989010989
11359	0.0109289617486
11504	0.0109090909091
871	0.0108695652174
3385	0.0108695652174
3947	0.0108695652174
10388	0.0108695652174
39510	0.0108695652174
41204	0.0108695652174
41629	0.0108695652174
51158	0.0108695652174
42378	0.0108108108108
452	0.010752688172
3139	0.010752688172
4873	0.010752688172
11050	0.010752688172
18112	0.010752688172
33599	0.010752688172
52817	0.010752688172
21323	0.0106951871658
1676	0.0106761565836
17596	0.0106707317073
4452	0.0106382978723
6353	0.0106382978723
7442	0.0106382978723
16420	0.0106382978723
18214	0.0106382978723
26509	0.0106382978723
26874	0.0106382978723
41490	0.0106382978723
49335	0.0106382978723
50984	0.0106382978723
4242	0.0106007067138
34073	0.010582010582
160	0.0105263157895
10013	0.0105263157895
18974	0.0105263157895
31995	0.0105263157895
32700	0.0105263157895
34649	0.0105263157895
50924	0.0105263157895
8189	0.0104166666667
13006	0.0104166666667
41222	0.0104166666667
41649	0.0104166666667
48221	0.0104166666667
1755	0.0103092783505
41481	0.0103092783505
29902	0.0102564102564
3445	0.0102389078498
40969	0.0102389078498
4391	0.0102040816327
14406	0.0102040816327
17922	0.0102040816327
20752	0.0102040816327
24164	0.0102040816327
53168	0.0102040816327
896	0.010152284264
913	0.010101010101
5574	0.010101010101
17383	0.010101010101
38338	0.010101010101
38787	0.010101010101
50873	0.010101010101
60987	0.010101010101
7974	0.0100502512563
156	0.01
3288	0.01
5916	0.01
14303	0.01
21337	0.01
31962	0.01
41934	0.01
51869	0.01
52016	0.01
2007	0.00993377483444
22396	0.00990099009901
27045	0.00990099009901
47473	0.00990099009901
51590	0.00990099009901
24684	0.00987654320988
3198	0.00985221674877
13943	0.00980392156863
37670	0.00980392156863
41618	0.00980392156863
42931	0.00980392156863
48608	0.00980392156863
49448	0.00980392156863
51901	0.00980392156863
5512	0.00977198697068
24958	0.00974025974026
2326	0.0097244732577
309	0.00970873786408
14832	0.00970873786408
15009	0.00970873786408
23990	0.00970873786408
27580	0.00970873786408
31494	0.00970873786408
49350	0.00970873786408
52092	0.00970873786408
59627	0.00970873786408
2089	0.00966183574879
3575	0.00961538461538
5728	0.00961538461538
9715	0.00961538461538
14839	0.00961538461538
15052	0.00961538461538
15306	0.00961538461538
15602	0.00961538461538
19922	0.00961538461538
29533	0.00961538461538
33716	0.00961538461538
41082	0.00961538461538
41655	0.00961538461538
34369	0.00959692898273
41308	0.00956937799043
33678	0.00954653937947
5712	0.00952380952381
6375	0.00952380952381
11760	0.00952380952381
21312	0.00952380952381
40819	0.00952380952381
42799	0.00952380952381
46277	0.00952380952381
12121	0.00949367088608
39366	0.00947867298578
14716	0.00943396226415
28396	0.00943396226415
38987	0.00943396226415
47265	0.00943396226415
47448	0.00943396226415
50886	0.00943396226415
59508	0.00943396226415
29399	0.0093896713615
11397	0.00934579439252
13891	0.00934579439252
34525	0.00934579439252
34933	0.00934579439252
36275	0.00934579439252
41137	0.00934579439252
50938	0.00934579439252
51573	0.00934579439252
33775	0.00925925925926
41257	0.00925925925926
41799	0.00925925925926
52062	0.00925925925926
38262	0.00923076923077
3077	0.00917431192661
6428	0.00917431192661
18958	0.00917431192661
24922	0.00917431192661
32074	0.00917431192661
42194	0.00917431192661
42320	0.00917431192661
51341	0.00917431192661
21845	0.00913242009132
31830	0.00913242009132
20669	0.00909090909091
34929	0.00909090909091
5918	0.00904977375566
17346	0.00904977375566
38959	0.00903614457831
3317	0.00900900900901
4611	0.00900900900901
9722	0.00900900900901
36105	0.00900900900901
37060	0.00900900900901
41715	0.00900900900901
43828	0.00900900900901
51429	0.00900900900901
1361	0.00896860986547
5218	0.0089605734767
6634	0.00892857142857
20511	0.00892857142857
27649	0.00892857142857
32823	0.00892857142857
39039	0.00892857142857
51139	0.00892857142857
52536	0.00892857142857
17566	0.00891265597148
41029	0.00887573964497
6330	0.00884955752212
12343	0.00884955752212
13933	0.00884955752212
16846	0.00884955752212
52382	0.00884955752212
20075	0.00883002207506
51721	0.00881057268722
52258	0.00881057268722
949	0.00878734622144
10340	0.00877192982456
31895	0.00877192982456
22579	0.00872093023256
7349	0.00869565217391
13428	0.00869565217391
19126	0.00869565217391
21719	0.00869565217391
27225	0.00869565217391
41136	0.00869565217391
41519	0.00869565217391
21523	0.00865800865801
10250	0.00864553314121
3120	0.00862068965517
39210	0.00862068965517
40318	0.00862068965517
41134	0.00862068965517
50863	0.00858369098712
3481	0.00854700854701
18973	0.00854700854701
41826	0.00854700854701
43088	0.00854700854701
59890	0.00854700854701
37052	0.00851063829787
50105	0.00851063829787
47611	0.00849858356941
2037	0.00847457627119
33552	0.00847457627119
40036	0.00847457627119
41127	0.00847457627119
3788	0.00845070422535
50939	0.00845070422535
50957	0.00842696629213
3316	0.00840336134454
3507	0.00840336134454
6372	0.00840336134454
11383	0.00840336134454
32411	0.00840336134454
47292	0.00840336134454
47503	0.00840336134454
29277	0.00835322195704
1144	0.00833333333333
26199	0.00833333333333
29564	0.00833333333333
36494	0.00833333333333
37947	0.00833333333333
39140	0.00833333333333
51632	0.00833333333333
36394	0.00831600831601
20779	0.00829875518672
5804	0.00826446280992
10803	0.00826446280992
25240	0.00826446280992
30925	0.00826446280992
25453	0.00824175824176
10789	0.00819672131148
21915	0.00819672131148
38932	0.00819672131148
9188	0.00813008130081
15373	0.00813008130081
17938	0.00813008130081
18641	0.00813008130081
16209	0.00807754442649
9753	0.00806451612903
19429	0.00806451612903
31340	0.00806451612903
39383	0.00806451612903
44486	0.00806451612903
50812	0.00806451612903
25930	0.00803212851406
39027	0.00803212851406
392	0.008
4006	0.008
4775	0.008
17015	0.008
21377	0.008
33577	0.008
33680	0.008
41284	0.008
41354	0.008
46619	0.008
28155	0.00796812749004
30835	0.00796812749004
41164	0.00796812749004
9135	0.0079575596817
2071	0.00793650793651
4153	0.00793650793651
33830	0.00793650793651
41411	0.00793650793651
44117	0.00793650793651
49397	0.00793650793651
50923	0.00793650793651
51340	0.00793650793651
6803	0.00787401574803
17554	0.00787401574803
26711	0.00787401574803
53114	0.00787401574803
1921	0.0078431372549
1064	0.00783699059561
106	0.0078125
2094	0.0078125
33481	0.0078125
51988	0.0078125
33895	0.00778210116732
900	0.00776397515528
4005	0.0077519379845
13418	0.0077519379845
27934	0.0077519379845
29567	0.0077519379845
41055	0.0077519379845
53377	0.0077519379845
35514	0.00773195876289
31312	0.00772200772201
1167	0.00769230769231
39771	0.00769230769231
42308	0.00769230769231
23688	0.0076726342711
2463	0.00766283524904
4136	0.00763358778626
5552	0.00763358778626
22479	0.00763358778626
23642	0.00763358778626
26437	0.00763358778626
27209	0.00763358778626
28379	0.00763358778626
30845	0.00763358778626
35420	0.00763358778626
41068	0.00763358778626
41793	0.00763358778626
47050	0.00763358778626
13318	0.00760456273764
1954	0.00757575757576
2171	0.00757575757576
3865	0.00757575757576
17986	0.00757575757576
21657	0.00757575757576
41108	0.00757575757576
42545	0.00757575757576
51496	0.00757575757576
100	0.00751879699248
10112	0.00751879699248
26173	0.00751879699248
32809	0.00751879699248
50944	0.00751879699248
51281	0.00751879699248
761	0.00746268656716
3793	0.00746268656716
14277	0.00746268656716
15782	0.00746268656716
27409	0.00746268656716
28742	0.00746268656716
51054	0.00746268656716
51133	0.00746268656716
128	0.00740740740741
2104	0.00740740740741
3312	0.00740740740741
3426	0.00740740740741
24688	0.00740740740741
28673	0.00740740740741
32457	0.00740740740741
1117	0.00738007380074
2850	0.00735294117647
22798	0.00735294117647
30691	0.00735294117647
53134	0.00735294117647
21734	0.00729927007299
51164	0.00729927007299
4582	0.00724637681159
7451	0.00724637681159
25440	0.00724637681159
29818	0.00724637681159
32120	0.00724637681159
36037	0.00724637681159
41398	0.00724637681159
41489	0.00724637681159
51274	0.00724637681159
25405	0.0072202166065
29739	0.0072202166065
4937	0.00721649484536
4708	0.00719424460432
51225	0.00719424460432
31536	0.00715990453461
755	0.00714285714286
6222	0.00714285714286
11798	0.00714285714286
17315	0.00714285714286
17605	0.00714285714286
18130	0.00714285714286
39324	0.00714285714286
6928	0.00709219858156
25414	0.00709219858156
51568	0.00709219858156
4335	0.00706713780919
7390	0.00706713780919
2411	0.00704225352113
18997	0.00704225352113
34607	0.00704225352113
38820	0.00704225352113
51266	0.00704225352113
52555	0.00704225352113
5553	0.00700934579439
14750	0.0069848661234
39136	0.00696055684455
28709	0.00694444444444
30828	0.00694444444444
50963	0.00694444444444
51415	0.00694444444444
52240	0.00694444444444
33634	0.00693481276006
28407	0.00693240901213
29863	0.00690846286701
19965	0.00689655172414
27226	0.00689655172414
27910	0.00689655172414
40847	0.00689655172414
41181	0.00689655172414
11746	0.00687285223368
2028	0.00684931506849
9646	0.00684931506849
15114	0.00684931506849
20573	0.00684931506849
37201	0.00684931506849
38657	0.00684931506849
41011	0.00684931506849
562	0.00683371298405
42609	0.00682593856655
14515	0.00680272108844
34254	0.00680272108844
18278	0.00677966101695
3698	0.00675675675676
9178	0.00675675675676
27642	0.00675675675676
36594	0.00675675675676
20506	0.00672043010753
13621	0.00671140939597
34350	0.00671140939597
28832	0.00668151447661
5012	0.00666666666667
17928	0.00666666666667
23011	0.00666666666667
76	0.00666111573689
6444	0.00664451827243
5000	0.00663716814159
7261	0.00663349917081
1990	0.00662251655629
9920	0.00662251655629
11519	0.00662251655629
12585	0.00662251655629
29145	0.00662251655629
41331	0.00662251655629
16379	0.00657894736842
18699	0.00657894736842
22830	0.00657894736842
38194	0.00657894736842
38519	0.00657894736842
51676	0.00657894736842
51821	0.00657894736842
45223	0.00656455142232
35047	0.00653594771242
51179	0.00653594771242
40965	0.00651465798046
631	0.00650759219089
1239	0.00649350649351
3280	0.00649350649351
4418	0.00649350649351
52802	0.00649350649351
4337	0.00645161290323
6360	0.00645161290323
10096	0.00645161290323
46722	0.00645161290323
52225	0.0064308681672
4137	0.00642398286938
5206	0.00641025641026
17152	0.00641025641026
21311	0.00641025641026
27899	0.00641025641026
32188	0.0064
5100	0.00638977635783
41067	0.00638977635783
36364	0.00636942675159
37557	0.00636942675159
40986	0.00636942675159
42145	0.00636942675159
24457	0.00632911392405
32895	0.00632911392405
32935	0.00632911392405
19599	0.00631578947368
4464	0.0062893081761
36078	0.0062893081761
42335	0.0062893081761
35728	0.00626959247649
6213	0.00625
35019	0.00625
35199	0.00625
23782	0.00622406639004
3531	0.00621118012422
30020	0.00621118012422
34676	0.00621118012422
16927	0.0061919504644
27527	0.0061919504644
41090	0.00618811881188
4413	0.00617283950617
13212	0.00617283950617
38758	0.00617283950617
40989	0.00617283950617
41224	0.00617283950617
5616	0.00615384615385
1389	0.00613496932515
21204	0.00613496932515
24606	0.00613496932515
43200	0.00613496932515
6304	0.00612557427259
2403	0.00609756097561
16912	0.00609756097561
50870	0.00609756097561
50883	0.00609756097561
18613	0.00608365019011
23222	0.00606060606061
28737	0.00606060606061
33780	0.00606060606061
39426	0.00606060606061
40942	0.00606060606061
41032	0.00606060606061
59661	0.00606060606061
1135	0.00604229607251
5593	0.00603621730382
17711	0.0060120240481
41355	0.0060120240481
35360	0.0059880239521
511	0.00597014925373
2934	0.00595238095238
15714	0.00595238095238
18340	0.00595238095238
39785	0.00594648166501
5774	0.00593471810089
3729	0.00591715976331
15381	0.00591715976331
18815	0.00591715976331
22104	0.00591715976331
22838	0.00591715976331
30762	0.00591715976331
39546	0.00589970501475
4144	0.00588235294118
21662	0.00588235294118
37409	0.00588235294118
50652	0.00588235294118
51145	0.00588235294118
51838	0.00588235294118
29845	0.0058651026393
40964	0.00584795321637
41391	0.00584795321637
10852	0.00581395348837
41593	0.00581395348837
9656	0.00579710144928
4485	0.00578034682081
32594	0.00578034682081
28405	0.00576036866359
1390	0.00574712643678
2613	0.00574712643678
9720	0.00574712643678
11000	0.00574712643678
17948	0.00574712643678
41062	0.00574712643678
41378	0.00574712643678
14206	0.00571428571429
36710	0.00571428571429
955	0.00568181818182
10736	0.00568181818182
31850	0.00568181818182
9586	0.00564971751412
19897	0.00564971751412
29453	0.00564971751412
44599	0.00564971751412
50897	0.00564971751412
21906	0.0056338028169
9826	0.00561797752809
22070	0.00561797752809
33862	0.00561797752809
52638	0.00561797752809
4644	0.00557103064067
47774	0.00557103064067
41278	0.00555555555556
52383	0.00555555555556
8732	0.00553505535055
34224	0.00552486187845
41544	0.00552486187845
38492	0.00551724137931
4846	0.00549450549451
24970	0.00549450549451
30466	0.00549450549451
51197	0.00549450549451
41132	0.00547945205479
775	0.00546448087432
5116	0.00546448087432
5622	0.00546448087432
23248	0.00546448087432
30799	0.00546448087432
30901	0.00546448087432
52065	0.00546448087432
4479	0.0054347826087
11300	0.0054347826087
40887	0.0054347826087
6689	0.00542005420054
7472	0.00540540540541
28830	0.00540540540541
34471	0.00540540540541
41013	0.00540540540541
41374	0.00539083557951
6573	0.00537634408602
18374	0.00537634408602
18813	0.00537634408602
38659	0.00537634408602
51151	0.00537634408602
5367	0.00534759358289
7460	0.00534759358289
18183	0.00534759358289
25047	0.00534759358289
38794	0.00532386867791
32042	0.00531914893617
40980	0.00530973451327
41583	0.00530973451327
2840	0.00529567519859
11749	0.00529100529101
30812	0.00529100529101
36967	0.00529100529101
13111	0.00528789659224
22744	0.00527704485488
13056	0.00527240773286
51038	0.00526315789474
1438	0.00523560209424
18515	0.00523560209424
24889	0.00523560209424
29218	0.00523560209424
19547	0.00520833333333
25891	0.00520833333333
5519	0.00518582541054
10266	0.00518134715026
41074	0.0051724137931
867	0.00515463917526
26599	0.00515463917526
31307	0.00515463917526
50980	0.00515463917526
1680	0.00513478818999
4396	0.00512491992313
16076	0.00510204081633
2216	0.00507614213198
7198	0.00507614213198
11655	0.00507614213198
23080	0.00507614213198
41116	0.00507614213198
22230	0.00505050505051
37194	0.00505050505051
1743	0.00503355704698
11314	0.005
41070	0.005
44433	0.005
4439	0.00497512437811
8159	0.00497512437811
35581	0.00497512437811
41031	0.00497512437811
41085	0.00497512437811
20818	0.00496277915633
11	0.00495540138751
15636	0.00493827160494
38203	0.0049369171695
7956	0.00492610837438
18972	0.00492610837438
35563	0.00492610837438
40541	0.00492610837438
44978	0.00492610837438
51697	0.00492610837438
39709	0.004914004914
492	0.00487804878049
41223	0.00487804878049
5432	0.00486787204451
10281	0.00486618004866
51019	0.00486618004866
2595	0.00485436893204
21321	0.00485436893204
27471	0.00485436893204
37689	0.00485436893204
15083	0.0048309178744
59604	0.0048309178744
4121	0.0048231511254
41092	0.00481927710843
12610	0.00481540930979
9625	0.00480769230769
11782	0.00478468899522
42328	0.0047619047619
3365	0.00475624256837
27809	0.00474683544304
4695	0.00473933649289
4705	0.00473933649289
4706	0.00473933649289
28290	0.00473933649289
50885	0.00473933649289
13339	0.00473186119874
27525	0.00472813238771
41555	0.00471698113208
1489	0.00469483568075
27579	0.00469483568075
38191	0.0046565774156
1309	0.0046511627907
1739	0.0046511627907
12388	0.0046511627907
25586	0.0046511627907
34999	0.0046511627907
41521	0.0046511627907
5112	0.00464499004645
21458	0.00462962962963
27051	0.00462962962963
11778	0.00461893764434
40289	0.00461893764434
8397	0.00460829493088
41370	0.00460829493088
868	0.00460475825019
30980	0.00459770114943
17611	0.00456621004566
5157	0.0045615813482
11675	0.00455580865604
17946	0.00454545454545
22251	0.00454545454545
992	0.00453172205438
29444	0.00452488687783
11230	0.0045045045045
5204	0.00449293966624
40962	0.00447627573859
689	0.00446428571429
1503	0.00445682451253
3273	0.00443951165372
2787	0.00442477876106
41045	0.00442477876106
41146	0.00440528634361
4655	0.00439932318105
2722	0.00438596491228
10727	0.00438596491228
16447	0.00438596491228
50851	0.00438596491228
4654	0.00435255712731
2848	0.00434782608696
33377	0.00434782608696
39209	0.00434782608696
52055	0.00434782608696
25738	0.00434404865334
29492	0.00431034482759
40977	0.00431034482759
41091	0.00431034482759
50937	0.00431034482759
37961	0.00429184549356
41140	0.00429184549356
5693	0.0042735042735
9538	0.0042735042735
14360	0.0042735042735
26584	0.00426136363636
3419	0.00425531914894
13960	0.00425531914894
11169	0.00424628450106
33762	0.00422832980973
2127	0.0042194092827
14604	0.0042194092827
19201	0.0042194092827
41003	0.00421052631579
15794	0.00420168067227
4900	0.00418410041841
28043	0.00418410041841
33495	0.00418410041841
44281	0.00418410041841
37115	0.00416666666667
41444	0.00416666666667
22383	0.004158004158
31440	0.00414937759336
34519	0.00414937759336
52471	0.00414937759336
29309	0.00414078674948
210	0.00413223140496
4327	0.00413223140496
41353	0.00413223140496
27865	0.00411522633745
41041	0.00411522633745
29854	0.00410396716826
28633	0.00409836065574
36392	0.00408163265306
37762	0.00408163265306
49392	0.00408163265306
7419	0.00407608695652
2290	0.00407213496219
39549	0.00405679513185
9138	0.00404858299595
41054	0.00404858299595
17952	0.00403225806452
50845	0.00403225806452
50327	0.00401606425703
8709	0.00400801603206
34145	0.004
2419	0.00398936170213
5768	0.00398406374502
52332	0.00398406374502
3133	0.00396825396825
34169	0.0039603960396
14352	0.00394736842105
30445	0.00392156862745
3720	0.00390625
40970	0.00390625
19598	0.0039037085231
27358	0.00389105058366
35847	0.00389105058366
36398	0.00389105058366
34858	0.00387596899225
40984	0.00387596899225
21797	0.00385356454721
9647	0.00384615384615
3527	0.00383141762452
6427	0.00382690609361
15207	0.00381679389313
34920	0.00381679389313
16956	0.00380228136882
41347	0.00380228136882
2110	0.00378787878788
26508	0.00377358490566
7312	0.00376470588235
2811	0.00374531835206
13216	0.00373134328358
41001	0.00373134328358
1628	0.00371747211896
17790	0.00371747211896
17939	0.00371747211896
31877	0.00371747211896
51178	0.00371747211896
40999	0.00371057513915
2152	0.0037037037037
18556	0.00369003690037
19288	0.00367647058824
28128	0.00367647058824
51041	0.00367647058824
2313	0.003663003663
3933	0.003663003663
21801	0.003663003663
33142	0.003663003663
41326	0.003663003663
18584	0.00365853658537
34367	0.0036563071298
3116	0.0036496350365
22929	0.0036496350365
38232	0.0036496350365
19601	0.0036469730124
12998	0.00363636363636
35021	0.00363636363636
39602	0.00363636363636
35136	0.00362976406534
921	0.0036231884058
27489	0.0036231884058
7062	0.00361010830325
29394	0.00361010830325
5809	0.0036036036036
28443	0.00359712230216
18960	0.00358851674641
17771	0.00358422939068
37775	0.00358422939068
33887	0.00357781753131
39915	0.00357781753131
5599	0.00357142857143
39447	0.00356718192628
24017	0.00355871886121
30794	0.00355871886121
41065	0.00354609929078
41705	0.00354609929078
2312	0.00353356890459
13952	0.00353356890459
4489	0.00352733686067
41061	0.00352112676056
2745	0.00351864883885
893	0.00350877192982
41364	0.00350877192982
41417	0.00348432055749
3747	0.00347222222222
6564	0.00347222222222
41368	0.00347222222222
52018	0.00347222222222
51212	0.00346620450607
38807	0.00346020761246
31400	0.00344827586207
13955	0.00344234079174
25937	0.00343642611684
12969	0.00342759211654
16449	0.00342465753425
53040	0.00342465753425
29724	0.00341296928328
19090	0.00340136054422
18777	0.00338983050847
3991	0.00337837837838
51006	0.00337837837838
2448	0.003367003367
2401	0.00335570469799
38925	0.00335008375209
28055	0.00334448160535
37111	0.00332225913621
41154	0.00328947368421
42424	0.00327868852459
41042	0.00326797385621
14253	0.00326264274062
22743	0.00326264274062
6812	0.00325998370008
253	0.0032502708559
34548	0.00324675324675
7444	0.00323624595469
8681	0.00323624595469
30625	0.00323624595469
35958	0.00322580645161
41307	0.00322580645161
51027	0.00322580645161
18311	0.00321888412017
20416	0.00320512820513
18456	0.0032
23999	0.00319488817891
11481	0.0031847133758
17355	0.0031847133758
7340	0.00318133616119
37225	0.0031746031746
28051	0.00316957210777
2409	0.00316455696203
51156	0.00316455696203
118	0.00314465408805
27128	0.00313479623824
40979	0.003125
1984	0.00311526479751
38584	0.00309119010819
17715	0.00308641975309
41243	0.00308641975309
17008	0.00305810397554
25113	0.00305810397554
26893	0.0030487804878
41015	0.00303951367781
2	0.00303336703741
40982	0.00302114803625
32453	0.00301204819277
4868	0.003003003003
20542	0.00299850074963
27535	0.00299850074963
41156	0.00297619047619
4430	0.00296956198961
40972	0.00296735905045
14140	0.00294985250737
41000	0.00294985250737
41434	0.00294985250737
869	0.0029304029304
11232	0.00292397660819
3239	0.00291545189504
41609	0.00291545189504
2030	0.00290697674419
3943	0.00290697674419
38793	0.002895193978
41016	0.00289226319595
4764	0.00287769784173
37198	0.00287356321839
34147	0.00286532951289
1700	0.002849002849
1048	0.00283822138127
41034	0.00282485875706
34897	0.00278551532033
41048	0.00278551532033
27651	0.00275482093664
3553	0.0027397260274
7317	0.00273224043716
23265	0.00271739130435
879	0.00271002710027
4916	0.00271002710027
51989	0.00271002710027
41097	0.0027027027027
30471	0.00269541778976
1497	0.002691065662
41050	0.00268817204301
4578	0.002679528403
16917	0.00267379679144
50933	0.00266666666667
35809	0.00263157894737
4518	0.00262927256792
41018	0.00261096605744
1422	0.0026075619296
2381	0.0026075619296
2733	0.0026075619296
36999	0.00260416666667
40995	0.00260416666667
11664	0.00255754475703
41129	0.00255754475703
31868	0.00253807106599
41010	0.00252525252525
42156	0.00252525252525
3689	0.00251889168766
31483	0.00250626566416
30899	0.00249687890137
1119	0.00247831474597
51096	0.00247524752475
23174	0.002457002457
932	0.00245098039216
1380	0.0024154589372
4711	0.00240963855422
7100	0.00240384615385
2515	0.00239234449761
20173	0.00237529691211
41071	0.00236406619385
41027	0.00235849056604
4173	0.00235294117647
18307	0.00234466588511
35045	0.00232018561485
7300	0.00231481481481
26602	0.00227790432802
23666	0.00220264317181
1399	0.0021978021978
40988	0.00215517241379
12423	0.0021186440678
35703	0.0021186440678
41044	0.0021186440678
41058	0.00211416490486
9200	0.0020964360587
5231	0.002079002079
25051	0.0020366598778
41109	0.0019801980198
33841	0.00193798449612
5673	0.00193423597679
1118	0.00192307692308
17586	0.00190839694656
34751	0.00190476190476
3733	0.00189393939394
5503	0.00189214758751
40971	0.00188323917137
28821	0.00187617260788
41985	0.00187617260788
11727	0.00187265917603
30269	0.00185185185185
4563	0.00184842883549
32862	0.00184501845018
11769	0.0018315018315
32612	0.0018315018315
2333	0.00181488203267
13935	0.00181488203267
37426	0.00179533213645
11201	0.00178571428571
35178	0.00178571428571
1931	0.00175438596491
26863	0.00162074554295
7175	0.00161030595813
35049	0.0016051364366
23150	0.0015243902439
5120	0.00148588410104
2186	0.00142857142857
37392	0.001414427157
5237	0.00140056022409
3059	0.00134952766532
26805	0.001332741004
35345	0.00130548302872
9642	0.00123609394314
27890	0.0011641443539
2898	0.00108225108225
