3422	0.125
4097	0.125
11317	0.125
13132	0.125
13821	0.125
22517	0.125
23964	0.125
25303	0.125
27349	0.125
29380	0.125
34561	0.125
36737	0.125
44304	0.125
47260	0.125
47762	0.125
55394	0.125
55827	0.125
56018	0.125
56208	0.125
5928	0.111111111111
6701	0.111111111111
11954	0.111111111111
13446	0.111111111111
15669	0.111111111111
16662	0.111111111111
17687	0.111111111111
17968	0.111111111111
19362	0.111111111111
20237	0.111111111111
21652	0.111111111111
25931	0.111111111111
26252	0.111111111111
27935	0.111111111111
30008	0.111111111111
33485	0.111111111111
34490	0.111111111111
39369	0.111111111111
39521	0.111111111111
40182	0.111111111111
48963	0.111111111111
54987	0.111111111111
55759	0.111111111111
10931	0.1
12286	0.1
15196	0.1
16737	0.1
20907	0.1
21802	0.1
26090	0.1
27987	0.1
29891	0.1
30373	0.1
31684	0.1
38501	0.1
43494	0.1
44490	0.1
44786	0.1
45000	0.1
52076	0.1
55106	0.1
57761	0.1
60268	0.1
60917	0.1
61490	0.1
234	0.0909090909091
5681	0.0909090909091
10495	0.0909090909091
10655	0.0909090909091
13363	0.0909090909091
17577	0.0909090909091
23518	0.0909090909091
30421	0.0909090909091
31723	0.0909090909091
37548	0.0909090909091
41952	0.0909090909091
42110	0.0909090909091
42517	0.0909090909091
46468	0.0909090909091
46490	0.0909090909091
53310	0.0909090909091
53656	0.0909090909091
57578	0.0909090909091
60436	0.0909090909091
60529	0.0909090909091
3506	0.0833333333333
6471	0.0833333333333
7806	0.0833333333333
8161	0.0833333333333
11144	0.0833333333333
19787	0.0833333333333
21928	0.0833333333333
31897	0.0833333333333
32683	0.0833333333333
33905	0.0833333333333
35033	0.0833333333333
43123	0.0833333333333
43571	0.0833333333333
45760	0.0833333333333
47709	0.0833333333333
51534	0.0833333333333
54709	0.0833333333333
56297	0.0833333333333
57995	0.0833333333333
58397	0.0833333333333
99	0.0769230769231
12370	0.0769230769231
15696	0.0769230769231
16467	0.0769230769231
19030	0.0769230769231
19054	0.0769230769231
20204	0.0769230769231
20761	0.0769230769231
24027	0.0769230769231
30046	0.0769230769231
30274	0.0769230769231
32115	0.0769230769231
38343	0.0769230769231
40665	0.0769230769231
42325	0.0769230769231
42451	0.0769230769231
42569	0.0769230769231
44886	0.0769230769231
49895	0.0769230769231
51954	0.0769230769231
57358	0.0769230769231
59534	0.0769230769231
2261	0.0714285714286
8374	0.0714285714286
11983	0.0714285714286
12228	0.0714285714286
14613	0.0714285714286
17103	0.0714285714286
20834	0.0714285714286
25903	0.0714285714286
29678	0.0714285714286
35844	0.0714285714286
41296	0.0714285714286
41435	0.0714285714286
49900	0.0714285714286
50432	0.0714285714286
51051	0.0714285714286
52481	0.0714285714286
52545	0.0714285714286
52643	0.0714285714286
53365	0.0714285714286
59619	0.0714285714286
59912	0.0714285714286
4062	0.0666666666667
9296	0.0666666666667
11425	0.0666666666667
12036	0.0666666666667
13890	0.0666666666667
34507	0.0666666666667
36228	0.0666666666667
36231	0.0666666666667
41419	0.0666666666667
45404	0.0666666666667
47525	0.0666666666667
51017	0.0666666666667
51074	0.0666666666667
52967	0.0666666666667
57851	0.0666666666667
59010	0.0666666666667
3546	0.0625
5602	0.0625
6547	0.0625
12412	0.0625
15833	0.0625
24857	0.0625
32177	0.0625
36412	0.0625
38903	0.0625
39638	0.0625
44712	0.0625
45375	0.0625
49834	0.0625
60016	0.0625
3573	0.0588235294118
7038	0.0588235294118
7476	0.0588235294118
13131	0.0588235294118
14334	0.0588235294118
15186	0.0588235294118
19349	0.0588235294118
26336	0.0588235294118
29984	0.0588235294118
33206	0.0588235294118
34349	0.0588235294118
35098	0.0588235294118
37597	0.0588235294118
39814	0.0588235294118
41248	0.0588235294118
41367	0.0588235294118
47450	0.0588235294118
49020	0.0588235294118
50410	0.0588235294118
52037	0.0588235294118
52681	0.0588235294118
53735	0.0588235294118
54984	0.0588235294118
60017	0.0588235294118
1348	0.0555555555556
3219	0.0555555555556
4328	0.0555555555556
17376	0.0555555555556
17636	0.0555555555556
18124	0.0555555555556
18865	0.0555555555556
20575	0.0555555555556
20820	0.0555555555556
30702	0.0555555555556
42867	0.0555555555556
44463	0.0555555555556
45560	0.0555555555556
4116	0.0526315789474
5488	0.0526315789474
8745	0.0526315789474
13705	0.0526315789474
14927	0.0526315789474
17789	0.0526315789474
25283	0.0526315789474
26826	0.0526315789474
51548	0.0526315789474
52082	0.0526315789474
52791	0.0526315789474
54128	0.0526315789474
56569	0.0526315789474
3318	0.05
15314	0.05
18142	0.05
19095	0.05
24463	0.05
28315	0.05
40316	0.05
40991	0.05
49132	0.05
51008	0.05
60386	0.05
2196	0.047619047619
19956	0.047619047619
20870	0.047619047619
21706	0.047619047619
28080	0.047619047619
35848	0.047619047619
38939	0.047619047619
42815	0.047619047619
47569	0.047619047619
49859	0.047619047619
59549	0.047619047619
60143	0.047619047619
13531	0.0454545454545
16513	0.0454545454545
16741	0.0454545454545
17446	0.0454545454545
18262	0.0454545454545
21674	0.0454545454545
26930	0.0454545454545
30524	0.0454545454545
33363	0.0454545454545
41927	0.0454545454545
51898	0.0454545454545
51994	0.0454545454545
53279	0.0454545454545
55942	0.0454545454545
41009	0.0444444444444
1907	0.0434782608696
3475	0.0434782608696
4700	0.0434782608696
7815	0.0434782608696
8375	0.0434782608696
21275	0.0434782608696
22078	0.0434782608696
27082	0.0434782608696
31866	0.0434782608696
33797	0.0434782608696
34186	0.0434782608696
42501	0.0434782608696
43879	0.0434782608696
44662	0.0434782608696
45641	0.0434782608696
52285	0.0434782608696
60206	0.0434782608696
33940	0.0428571428571
8736	0.0416666666667
9631	0.0416666666667
14373	0.0416666666667
21157	0.0416666666667
26575	0.0416666666667
36627	0.0416666666667
42072	0.0416666666667
43789	0.0416666666667
43927	0.0416666666667
52288	0.0416666666667
685	0.04
7237	0.04
10074	0.04
29539	0.04
30675	0.04
30886	0.04
39157	0.04
52087	0.04
60185	0.04
60314	0.04
2284	0.0392156862745
984	0.0384615384615
2643	0.0384615384615
6802	0.0384615384615
8393	0.0384615384615
9148	0.0384615384615
11819	0.0384615384615
14521	0.0384615384615
28853	0.0384615384615
37938	0.0384615384615
41565	0.0384615384615
43174	0.0384615384615
47360	0.0384615384615
50679	0.0384615384615
53015	0.0384615384615
58547	0.0384615384615
59670	0.0384615384615
60354	0.0384615384615
3501	0.037037037037
14584	0.037037037037
19800	0.037037037037
22367	0.037037037037
26070	0.037037037037
26269	0.037037037037
27043	0.037037037037
27629	0.037037037037
34976	0.037037037037
40752	0.037037037037
43604	0.037037037037
53510	0.037037037037
1570	0.0357142857143
3366	0.0357142857143
5408	0.0357142857143
17198	0.0357142857143
17360	0.0357142857143
17969	0.0357142857143
18926	0.0357142857143
29670	0.0357142857143
32667	0.0357142857143
38970	0.0357142857143
41412	0.0357142857143
43472	0.0357142857143
51244	0.0357142857143
51508	0.0357142857143
4158	0.0350877192982
22252	0.0350877192982
42714	0.0350877192982
4216	0.0344827586207
7350	0.0344827586207
10170	0.0344827586207
11228	0.0344827586207
18345	0.0344827586207
29907	0.0344827586207
30599	0.0344827586207
32722	0.0344827586207
41543	0.0344827586207
42098	0.0344827586207
46056	0.0344827586207
48195	0.0344827586207
51187	0.0344827586207
59642	0.0344827586207
60131	0.0344827586207
46039	0.0338983050847
24592	0.0333333333333
28798	0.0333333333333
30879	0.0333333333333
37647	0.0333333333333
38265	0.0333333333333
41218	0.0333333333333
15348	0.0322580645161
20881	0.0322580645161
22227	0.0322580645161
22264	0.0322580645161
26745	0.0322580645161
31028	0.0322580645161
42667	0.0322580645161
42679	0.0322580645161
42744	0.0322580645161
43030	0.0322580645161
59715	0.0322580645161
1181	0.03125
3664	0.03125
10398	0.03125
22490	0.03125
42466	0.03125
51914	0.03125
39851	0.0307692307692
2338	0.030303030303
2467	0.030303030303
10332	0.030303030303
14509	0.030303030303
18338	0.030303030303
28951	0.030303030303
29913	0.030303030303
35810	0.030303030303
36358	0.030303030303
42502	0.030303030303
46783	0.030303030303
59237	0.030303030303
60554	0.030303030303
41818	0.0298507462687
1778	0.0294117647059
2287	0.0294117647059
12117	0.0294117647059
13961	0.0294117647059
20748	0.0294117647059
26094	0.0294117647059
28461	0.0294117647059
29998	0.0294117647059
31756	0.0294117647059
36805	0.0294117647059
50354	0.0294117647059
51033	0.0294117647059
51188	0.0294117647059
51298	0.0294117647059
59521	0.0294117647059
16357	0.0289855072464
5412	0.0285714285714
6378	0.0285714285714
9686	0.0285714285714
16431	0.0285714285714
18336	0.0285714285714
34179	0.0285714285714
36382	0.0285714285714
40248	0.0285714285714
45184	0.0285714285714
40974	0.0281690140845
1307	0.0277777777778
1666	0.0277777777778
5239	0.0277777777778
6488	0.0277777777778
27968	0.0277777777778
28717	0.0277777777778
45390	0.0277777777778
50173	0.0277777777778
51720	0.0277777777778
54298	0.0277777777778
9331	0.027027027027
11235	0.027027027027
32679	0.027027027027
42627	0.027027027027
42636	0.027027027027
47041	0.027027027027
51523	0.027027027027
52136	0.027027027027
60463	0.027027027027
41100	0.0266666666667
888	0.0263157894737
18313	0.0263157894737
34441	0.0263157894737
38315	0.0263157894737
40109	0.0263157894737
41551	0.0263157894737
51797	0.0263157894737
59514	0.0263157894737
4488	0.025641025641
6910	0.025641025641
15377	0.025641025641
28165	0.025641025641
31663	0.025641025641
42284	0.025641025641
52232	0.025641025641
52291	0.025641025641
59233	0.025641025641
56	0.025
6752	0.025
24936	0.025
36581	0.025
37780	0.025
41254	0.025
42567	0.025
45203	0.025
51077	0.025
51681	0.025
15206	0.0243902439024
16283	0.0243902439024
31007	0.0243902439024
44375	0.0243902439024
47861	0.0243902439024
1904	0.0241935483871
34486	0.0240963855422
75	0.0238095238095
2712	0.0238095238095
11186	0.0238095238095
12601	0.0238095238095
13771	0.0238095238095
24564	0.0238095238095
41230	0.0238095238095
50898	0.0238095238095
51795	0.0238095238095
56215	0.0238095238095
57980	0.0238095238095
60272	0.0238095238095
4022	0.0232558139535
6368	0.0232558139535
10316	0.0232558139535
10967	0.0232558139535
12928	0.0232558139535
14390	0.0232558139535
19534	0.0232558139535
31157	0.0232558139535
50584	0.0232558139535
53277	0.0232558139535
4476	0.0227272727273
11132	0.0227272727273
16955	0.0227272727273
17264	0.0227272727273
19660	0.0227272727273
19802	0.0227272727273
27593	0.0227272727273
32200	0.0227272727273
46515	0.0227272727273
51993	0.0227272727273
52930	0.0227272727273
1755	0.0224719101124
2480	0.0222222222222
10468	0.0222222222222
46674	0.0222222222222
51195	0.0222222222222
3411	0.0217391304348
13306	0.0217391304348
20490	0.0217391304348
35203	0.0217391304348
41895	0.0217391304348
53102	0.0217391304348
3000	0.0212765957447
4712	0.0212765957447
7281	0.0212765957447
20085	0.0212765957447
22982	0.0212765957447
25075	0.0212765957447
35338	0.0212765957447
37695	0.0212765957447
43348	0.0212765957447
49791	0.0212765957447
52491	0.0212765957447
60330	0.0212765957447
515	0.0208333333333
4696	0.0208333333333
26286	0.0208333333333
28971	0.0208333333333
32406	0.0208333333333
51454	0.0208333333333
51813	0.0208333333333
52176	0.0208333333333
7913	0.0204081632653
11661	0.0204081632653
15963	0.0204081632653
17644	0.0204081632653
22773	0.0204081632653
32524	0.0204081632653
46121	0.0204081632653
50886	0.0204081632653
51545	0.0204081632653
3824	0.02
7182	0.02
14439	0.02
17462	0.02
18506	0.02
23117	0.02
39226	0.02
40966	0.02
41257	0.02
41967	0.02
42013	0.02
42505	0.02
52359	0.02
32626	0.019801980198
1850	0.0196078431373
27113	0.0196078431373
31105	0.0196078431373
42132	0.0196078431373
50527	0.0196078431373
51519	0.0196078431373
53216	0.0196078431373
9221	0.0192307692308
14684	0.0192307692308
36379	0.0192307692308
43663	0.0192307692308
52879	0.0192307692308
26828	0.0190476190476
784	0.0188679245283
1712	0.0188679245283
5395	0.0188679245283
16958	0.0188679245283
18492	0.0188679245283
18625	0.0188679245283
24431	0.0188679245283
37989	0.0188679245283
52336	0.0188679245283
22104	0.01875
31720	0.018691588785
982	0.0185185185185
3538	0.0185185185185
35164	0.0185185185185
39657	0.0185185185185
40997	0.0185185185185
43086	0.0185185185185
59504	0.0185185185185
4195	0.0181818181818
5781	0.0181818181818
23530	0.0181818181818
33926	0.0181818181818
17299	0.018018018018
101	0.0178571428571
34932	0.0178571428571
39310	0.0178571428571
51616	0.0178571428571
52715	0.0178571428571
14354	0.0175438596491
25466	0.0175438596491
40562	0.0175438596491
41656	0.0175438596491
42291	0.0175438596491
42848	0.0175438596491
42905	0.0175438596491
51624	0.0175438596491
3006	0.0173913043478
213	0.0172413793103
1533	0.0172413793103
5658	0.0172413793103
12355	0.0172413793103
16433	0.0172413793103
24420	0.0172413793103
32785	0.0172413793103
42845	0.0172413793103
1199	0.0169491525424
3258	0.0169491525424
42378	0.0169491525424
51282	0.0169491525424
52132	0.0169491525424
52468	0.0169491525424
52548	0.0169491525424
52931	0.0169491525424
4635	0.0166666666667
23712	0.0166666666667
26558	0.0166666666667
42377	0.0166666666667
50056	0.0166666666667
23373	0.0164835164835
2415	0.016393442623
3981	0.016393442623
6352	0.016393442623
39239	0.016393442623
40689	0.016393442623
41576	0.016393442623
44787	0.016393442623
5552	0.0162601626016
41443	0.0162601626016
1742	0.0161290322581
29401	0.0161290322581
41994	0.0161290322581
59547	0.0161290322581
1097	0.015873015873
1123	0.015873015873
42191	0.015873015873
51401	0.015873015873
52034	0.015873015873
59578	0.015873015873
4499	0.015625
14105	0.015625
35467	0.015625
38375	0.015625
52309	0.015625
6906	0.0153846153846
7451	0.0153846153846
16364	0.0153846153846
20345	0.0153846153846
33890	0.0153846153846
41349	0.0153846153846
51053	0.0153846153846
51220	0.0153846153846
2618	0.0151515151515
11798	0.0151515151515
41716	0.0151515151515
51825	0.0151515151515
52777	0.0151515151515
17904	0.015037593985
18503	0.0149253731343
22681	0.0149253731343
25700	0.0149253731343
36395	0.0149253731343
42259	0.0149253731343
50177	0.0149253731343
57430	0.0149253731343
51393	0.0148148148148
688	0.0147058823529
1714	0.0147058823529
1752	0.0147058823529
27874	0.0147058823529
31008	0.0147058823529
35022	0.0147058823529
50934	0.0147058823529
51336	0.0147058823529
52240	0.0147058823529
52255	0.0147058823529
52841	0.0147058823529
4766	0.0144927536232
25987	0.0144927536232
33868	0.0144927536232
38661	0.0144927536232
42556	0.0144927536232
51353	0.0144927536232
52549	0.0144927536232
4007	0.0142857142857
5124	0.0142857142857
17442	0.0142857142857
40645	0.0142857142857
52476	0.0142857142857
53136	0.0142857142857
3860	0.0140845070423
16193	0.0140845070423
27731	0.0140845070423
29756	0.0140845070423
30069	0.0140845070423
41350	0.0140845070423
52190	0.0140845070423
23825	0.0138888888889
27173	0.0138888888889
33720	0.0138888888889
35526	0.0138888888889
38194	0.0138888888889
39713	0.0138888888889
42813	0.0138888888889
17483	0.0137931034483
652	0.013698630137
874	0.013698630137
4510	0.013698630137
12432	0.013698630137
26659	0.013698630137
28456	0.013698630137
30866	0.013698630137
33124	0.013698630137
38201	0.013698630137
41428	0.013698630137
41571	0.013698630137
53338	0.013698630137
59731	0.013698630137
26295	0.0135135135135
27899	0.0135135135135
35630	0.0135135135135
39336	0.0135135135135
49465	0.0135135135135
51307	0.0135135135135
59558	0.0135135135135
51784	0.0134228187919
9794	0.0133333333333
24457	0.0133333333333
29005	0.0133333333333
30191	0.0133333333333
15851	0.0132450331126
4227	0.0131578947368
16073	0.0131578947368
18192	0.0131578947368
28799	0.0131578947368
30515	0.0131578947368
34149	0.0131578947368
40843	0.0131578947368
41856	0.0131578947368
30943	0.012987012987
31634	0.012987012987
39213	0.012987012987
41147	0.012987012987
41444	0.012987012987
41775	0.012987012987
52072	0.012987012987
4468	0.0128205128205
8197	0.0128205128205
16170	0.0128205128205
59944	0.0128205128205
10607	0.0126582278481
12481	0.0126582278481
21715	0.0126582278481
31313	0.0126582278481
41581	0.0126582278481
4149	0.0125
16448	0.0125
41142	0.0125
50871	0.0125
18815	0.0124223602484
2720	0.0123456790123
5698	0.0123456790123
8129	0.0123456790123
10103	0.0123456790123
22843	0.0123456790123
37224	0.0123456790123
1528	0.0121951219512
7341	0.0121951219512
14573	0.0121951219512
18481	0.0121951219512
18604	0.0121951219512
22113	0.0121951219512
29532	0.0121951219512
35699	0.0121951219512
42414	0.0121951219512
51905	0.0121951219512
218	0.0120481927711
8755	0.0120481927711
11775	0.0120481927711
27218	0.0120481927711
3754	0.0119047619048
4814	0.0119047619048
26085	0.0119047619048
32130	0.0119047619048
42369	0.0119047619048
51193	0.0119047619048
51120	0.0118343195266
871	0.0117647058824
9588	0.0117647058824
13318	0.0117647058824
35968	0.0117647058824
41711	0.0117647058824
48252	0.0117647058824
51242	0.0117647058824
35698	0.0116279069767
41833	0.0116279069767
52991	0.0116279069767
60068	0.0116279069767
26874	0.0114942528736
41525	0.0114942528736
41694	0.0114942528736
5116	0.0114285714286
10013	0.0113636363636
21379	0.0113636363636
50924	0.0113636363636
8189	0.0112359550562
12970	0.0112359550562
13006	0.0112359550562
14656	0.0112359550562
18223	0.0112359550562
41271	0.0112359550562
59133	0.0112359550562
45223	0.0111607142857
9502	0.0111111111111
24067	0.0111111111111
41481	0.0111111111111
48489	0.0110497237569
15188	0.010989010989
37588	0.010989010989
39286	0.010989010989
48662	0.010989010989
48910	0.010989010989
52560	0.010989010989
52564	0.010989010989
55746	0.010989010989
377	0.0108695652174
3861	0.0108695652174
33645	0.0108695652174
38338	0.0108695652174
45381	0.0108695652174
51505	0.0108695652174
52741	0.0108695652174
60987	0.0108695652174
54	0.010752688172
18378	0.010752688172
26599	0.010752688172
51869	0.010752688172
2247	0.0106382978723
29902	0.0106382978723
33751	0.0106382978723
41634	0.0106382978723
6601	0.0105263157895
9288	0.0105263157895
11866	0.0105263157895
13943	0.0105263157895
22170	0.0105263157895
41200	0.0105263157895
48608	0.0105263157895
49448	0.0105263157895
51563	0.0105263157895
52357	0.0105263157895
38787	0.0104712041885
4943	0.0104166666667
23054	0.0104166666667
36366	0.0104166666667
12856	0.0103092783505
19922	0.0103092783505
25169	0.0103092783505
32418	0.0103092783505
42463	0.0103092783505
10492	0.0102040816327
11760	0.0102040816327
33639	0.0102040816327
42799	0.0102040816327
47787	0.010152284264
47265	0.010101010101
4156	0.01
13313	0.01
21694	0.01
25432	0.01
34933	0.01
50938	0.01
52350	0.01
27529	0.00995024875622
7513	0.00990099009901
41039	0.00983606557377
11145	0.00980392156863
25918	0.00980392156863
28141	0.00980392156863
29583	0.00980392156863
32074	0.00980392156863
41160	0.00980392156863
43749	0.00980392156863
32684	0.00970873786408
41606	0.00970873786408
2145	0.00961538461538
3317	0.00961538461538
20636	0.00961538461538
23789	0.00961538461538
28812	0.00961538461538
39288	0.00961538461538
41715	0.00961538461538
27649	0.00952380952381
27859	0.00952380952381
30949	0.00952380952381
41243	0.00952380952381
6330	0.00943396226415
10646	0.00943396226415
12343	0.00943396226415
31306	0.00943396226415
5603	0.00934579439252
4745	0.00925925925926
21719	0.00925925925926
30880	0.00925925925926
511	0.00917431192661
11871	0.00917431192661
26868	0.00917431192661
52697	0.00917431192661
13933	0.00913242009132
14275	0.00909090909091
31309	0.00909090909091
41894	0.00909090909091
43088	0.00909090909091
51721	0.00909090909091
28832	0.00907029478458
5221	0.00900900900901
15986	0.00900900900901
18134	0.00900900900901
19313	0.00900900900901
14525	0.00892857142857
20205	0.00892857142857
41140	0.00888888888889
4485	0.00887573964497
11239	0.00884955752212
22895	0.00884955752212
25416	0.00884955752212
29564	0.00884955752212
45093	0.00884955752212
59611	0.00884955752212
2353	0.00877192982456
3565	0.00877192982456
6394	0.00869565217391
9104	0.00869565217391
10789	0.00869565217391
17583	0.00869565217391
26674	0.00869565217391
51232	0.00869565217391
47611	0.00867052023121
33495	0.00865800865801
5354	0.00862068965517
25834	0.00862068965517
37115	0.00862068965517
1096	0.00854700854701
19429	0.00854700854701
21696	0.00854700854701
41392	0.00854700854701
44486	0.00854700854701
17015	0.00847457627119
33577	0.00847457627119
41354	0.00847457627119
51039	0.00847457627119
15325	0.00840336134454
18199	0.00840336134454
1362	0.00833333333333
2090	0.00833333333333
9184	0.00833333333333
26711	0.00833333333333
31170	0.00833333333333
15373	0.00828729281768
2094	0.00826446280992
3826	0.00826446280992
22941	0.00826446280992
33481	0.00826446280992
42977	0.00826446280992
4658	0.00819672131148
9471	0.00819672131148
25810	0.00819672131148
53377	0.00819672131148
44117	0.00816326530612
1167	0.00813008130081
37993	0.00813008130081
39771	0.00813008130081
16420	0.00810810810811
1921	0.00806451612903
19792	0.00806451612903
22408	0.00806451612903
22479	0.00806451612903
32246	0.00806451612903
14207	0.00802139037433
9818	0.008
11297	0.008
17986	0.008
34143	0.008
41536	0.008
100	0.00793650793651
32809	0.00793650793651
14277	0.00787401574803
29543	0.00787401574803
37577	0.00787401574803
24688	0.0078125
22798	0.0077519379845
50952	0.0077519379845
53134	0.0077519379845
2811	0.00772200772201
22621	0.00769230769231
43785	0.00769230769231
49403	0.00769230769231
51709	0.00769230769231
51811	0.00769230769231
57496	0.00769230769231
11004	0.00763358778626
16340	0.00763358778626
28820	0.00763358778626
29818	0.00763358778626
36037	0.00763358778626
41489	0.00763358778626
51274	0.00763358778626
755	0.00751879699248
6222	0.00751879699248
11060	0.00751879699248
12393	0.00751879699248
30793	0.00751879699248
39324	0.00751879699248
40344	0.00751879699248
41468	0.00751879699248
39602	0.00749063670412
10281	0.00744416873449
172	0.00740740740741
42312	0.00740740740741
4280	0.00735294117647
3139	0.00732600732601
24017	0.00732600732601
4977	0.00729927007299
30828	0.00729927007299
41705	0.00729927007299
51415	0.00729927007299
23337	0.00724637681159
27910	0.00724637681159
40847	0.00724637681159
41181	0.00724637681159
9646	0.00719424460432
15114	0.00719424460432
41287	0.00719424460432
2312	0.00718132854578
40980	0.00718132854578
3747	0.00714285714286
15638	0.00714285714286
14459	0.00709219858156
11746	0.00704225352113
21558	0.00704225352113
38671	0.00704225352113
51246	0.00704225352113
5012	0.00699300699301
17928	0.00699300699301
50903	0.00699300699301
5164	0.00694444444444
6781	0.00694444444444
13121	0.00694444444444
2448	0.00692041522491
2401	0.00689655172414
22534	0.00689655172414
22830	0.00689655172414
26318	0.00689655172414
41106	0.00684931506849
51179	0.00684931506849
7214	0.00682593856655
5089	0.00680272108844
52802	0.00680272108844
1928	0.00675675675676
11196	0.00671140939597
17152	0.00671140939597
21311	0.00671140939597
23299	0.00671140939597
24429	0.00671140939597
33922	0.00671140939597
52525	0.00671140939597
34637	0.0066889632107
34548	0.00666666666667
40893	0.00666666666667
41552	0.00666666666667
16368	0.00662251655629
18129	0.00662251655629
20591	0.00662251655629
32895	0.00662251655629
35958	0.00662251655629
41307	0.00662251655629
3554	0.00657894736842
5715	0.00657894736842
6213	0.00653594771242
2409	0.00649350649351
12511	0.00649350649351
15233	0.00649350649351
18456	0.00649350649351
51156	0.00649350649351
118	0.00645161290323
384	0.00645161290323
4739	0.00645161290323
13212	0.00645161290323
20335	0.00645161290323
38758	0.00645161290323
41059	0.00645161290323
41224	0.00645161290323
41003	0.00642398286938
1389	0.00641025641026
24373	0.00641025641026
38861	0.00641025641026
41940	0.00641025641026
51680	0.00641025641026
21989	0.00636942675159
41972	0.00634920634921
16927	0.00632911392405
33780	0.00632911392405
37680	0.00632911392405
5616	0.0062893081761
27906	0.0062893081761
38800	0.0062893081761
39548	0.0062893081761
27865	0.00627615062762
34967	0.00625
137	0.00621118012422
18340	0.00621118012422
18361	0.00617283950617
22838	0.00617283950617
30789	0.00617283950617
40482	0.00617283950617
4868	0.00615384615385
25384	0.00613496932515
38959	0.00613496932515
5593	0.00612244897959
3946	0.00609756097561
16723	0.00609756097561
25487	0.00609756097561
34121	0.00609756097561
41156	0.00609756097561
51025	0.00609756097561
5774	0.00606060606061
6679	0.00606060606061
10852	0.00606060606061
14862	0.00606060606061
17987	0.00606060606061
50961	0.00606060606061
41000	0.00604229607251
34169	0.00603621730382
32594	0.00602409638554
39546	0.00602409638554
34683	0.00600600600601
9720	0.0059880239521
13120	0.0059880239521
17948	0.0059880239521
29845	0.0059880239521
48076	0.0059880239521
3214	0.00595238095238
14206	0.00595238095238
23211	0.00595238095238
40992	0.00595238095238
9488	0.00591715976331
10736	0.00591715976331
5673	0.00590551181102
23285	0.00588235294118
40625	0.00588235294118
44599	0.00588235294118
49336	0.00588235294118
13660	0.00584795321637
28712	0.00581395348837
28700	0.00578034682081
11776	0.00574712643678
21906	0.00574712643678
50939	0.00573065902579
41985	0.00572519083969
30802	0.00571428571429
50957	0.00571428571429
51197	0.00571428571429
51213	0.00571428571429
25324	0.00568181818182
47774	0.00568181818182
50760	0.00568181818182
4479	0.00564971751412
37776	0.00564971751412
51211	0.00564971751412
7472	0.00561797752809
41013	0.00561797752809
41546	0.00561797752809
3553	0.00560224089636
51041	0.00559701492537
7317	0.00558659217877
17277	0.00558659217877
9251	0.00557103064067
7460	0.00555555555556
18183	0.00555555555556
25047	0.00555555555556
6689	0.00552486187845
6772	0.00552486187845
32042	0.00552486187845
41097	0.00552486187845
27489	0.00551470588235
28830	0.00550964187328
30812	0.00549450549451
36967	0.00549450549451
41050	0.00549450549451
253	0.0054704595186
16917	0.00546448087432
39343	0.00546448087432
51038	0.00546448087432
50933	0.00544959128065
38822	0.0054347826087
5218	0.00542495479204
4675	0.00540540540541
27949	0.00540540540541
2419	0.00537634408602
3204	0.00537634408602
24522	0.00536193029491
41157	0.00534759358289
41227	0.00534759358289
50980	0.00534759358289
29218	0.00533333333333
9292	0.00529100529101
16076	0.00529100529101
26158	0.00529100529101
36686	0.00529100529101
7198	0.00526315789474
867	0.00524934383202
37194	0.00523560209424
41102	0.00520833333333
41530	0.00520833333333
13317	0.00518134715026
31868	0.00518134715026
3288	0.00515463917526
4439	0.00515463917526
29360	0.00515463917526
35581	0.00515463917526
29705	0.00512820512821
1853	0.00507614213198
9761	0.00505050505051
26195	0.00505050505051
2595	0.00502512562814
37689	0.00502512562814
23174	0.00501253132832
932	0.005
7533	0.005
11294	0.0049504950495
15306	0.0049504950495
3515	0.00492610837438
41025	0.00490196078431
2515	0.00487804878049
39366	0.00487804878049
41555	0.00487804878049
31536	0.00484261501211
29399	0.0048309178744
41071	0.00481927710843
1739	0.00480769230769
41027	0.00480769230769
4173	0.00479616306954
21458	0.00478468899522
11165	0.0047619047619
32490	0.0047619047619
1064	0.00473933649289
18307	0.00473933649289
41037	0.00473933649289
12388	0.00472813238771
51341	0.00471698113208
8397	0.00468384074941
25431	0.00467289719626
29444	0.00467289719626
11675	0.00462962962963
31830	0.00461893764434
3933	0.00461254612546
41045	0.00456621004566
3827	0.00453514739229
50851	0.00452488687783
52258	0.00452488687783
21331	0.0045045045045
39209	0.00448430493274
40411	0.00448430493274
12756	0.00446428571429
27255	0.00446428571429
26934	0.00444444444444
40977	0.00444444444444
40978	0.00444444444444
29780	0.00442477876106
40318	0.00442477876106
41134	0.00442477876106
14360	0.00440528634361
41274	0.00440528634361
9656	0.00438596491228
41332	0.00438596491228
4708	0.00434782608696
19201	0.00434782608696
15228	0.004329004329
15794	0.004329004329
3419	0.00431965442765
12969	0.00431406384814
6372	0.00431034482759
11169	0.00431034482759
17068	0.00431034482759
24126	0.00431034482759
41044	0.00431034482759
44281	0.00431034482759
41058	0.00430107526882
4390	0.0042735042735
41270	0.0042735042735
19599	0.00426439232409
2037	0.00426136363636
210	0.00425531914894
20779	0.00425531914894
37104	0.00423728813559
41041	0.00423728813559
28633	0.0042194092827
9138	0.00416666666667
30849	0.00416666666667
50845	0.00414937759336
29854	0.00414364640884
39383	0.00413223140496
17938	0.0041067761807
52332	0.00409836065574
28155	0.00408163265306
50923	0.00406504065041
41355	0.00405679513185
6803	0.00403225806452
30445	0.00403225806452
40968	0.00403225806452
41109	0.00402414486922
40970	0.00401606425703
3133	0.00400534045394
20875	0.004
11	0.00398803589232
33895	0.00398406374502
37427	0.00398406374502
4005	0.00396825396825
35345	0.00396301188904
15207	0.00392156862745
6789	0.00390625
16956	0.00390625
41347	0.00390625
34751	0.00386847195358
50944	0.00384615384615
26416	0.00383141762452
17939	0.00381679389313
31877	0.00381679389313
51178	0.00381679389313
1048	0.00381315538608
29909	0.00380228136882
28128	0.00377358490566
29372	0.00377358490566
40334	0.00377358490566
21801	0.00375939849624
30269	0.00375939849624
31138	0.00375939849624
41326	0.00375939849624
3116	0.00374531835206
32862	0.00374531835206
50864	0.00374531835206
50995	0.00374531835206
5420	0.00373599003736
41090	0.00373599003736
35021	0.00373134328358
32612	0.00371747211896
4399	0.0037037037037
7062	0.0037037037037
29394	0.0037037037037
25405	0.00369003690037
28443	0.00369003690037
29739	0.00369003690037
51158	0.00369003690037
13935	0.0036832412523
17771	0.00367647058824
21745	0.00362976406534
13952	0.0036231884058
35178	0.0036231884058
4242	0.00359712230216
41364	0.00359712230216
25098	0.00356506238859
5460	0.00355871886121
41368	0.00355871886121
52018	0.00355871886121
2840	0.00354609929078
31400	0.00353356890459
37737	0.00353356890459
38293	0.00353356890459
25937	0.00352112676056
39585	0.00352112676056
38191	0.00351699882767
16449	0.00350877192982
28407	0.0034965034965
29724	0.0034965034965
13955	0.00348432055749
29863	0.00348432055749
42609	0.00348432055749
22383	0.00347947112039
28405	0.00347624565469
40969	0.00347222222222
18278	0.00346020761246
42912	0.00343642611684
21772	0.00342465753425
23011	0.00340136054422
6444	0.00338983050847
38925	0.00338983050847
29145	0.00337837837838
41154	0.003367003367
3273	0.00335195530726
7261	0.00334448160535
41042	0.00334448160535
76	0.00333889816361
14115	0.00333333333333
34224	0.00333333333333
1239	0.00331125827815
7444	0.00331125827815
8681	0.00331125827815
7312	0.00330344502124
14253	0.003300330033
6360	0.00328947368421
4654	0.00328587075575
41093	0.00327868852459
52225	0.00327868852459
41067	0.00325732899023
35049	0.00325203252033
50901	0.00324675324675
41403	0.00322580645161
17355	0.00322061191626
7299	0.00320512820513
41126	0.00320512820513
35728	0.00319488817891
30020	0.00316455696203
5231	0.00313315926893
17008	0.003125
38262	0.003125
41015	0.00310559006211
23150	0.00308641975309
40982	0.00308641975309
992	0.0030487804878
20542	0.0030303030303
40972	0.0030303030303
41029	0.003003003003
41165	0.003003003003
3535	0.00298507462687
11232	0.00298507462687
39785	0.00298507462687
41609	0.00297619047619
48572	0.00297619047619
28047	0.00296735905045
28810	0.00296735905045
3260	0.00294985250737
29591	0.00294985250737
36398	0.00293542074364
2142	0.00293255131965
18701	0.00293255131965
10250	0.00292397660819
23786	0.00291545189504
1700	0.00290697674419
11307	0.00290697674419
41016	0.00290697674419
2186	0.0028901734104
25554	0.0028818443804
41034	0.0028818443804
29453	0.00287356321839
37392	0.00286123032904
5503	0.00285986653956
33850	0.002849002849
34897	0.00284090909091
41048	0.00284090909091
4644	0.0028328611898
11727	0.00283018867925
2745	0.00282685512367
742	0.00281690140845
9252	0.00281690140845
50855	0.00281690140845
216	0.00279329608939
4563	0.00279329608939
1503	0.00279173646008
34830	0.00278551532033
5622	0.00277777777778
30799	0.00277777777778
38492	0.00277777777778
29971	0.00274725274725
7419	0.0027397260274
21323	0.0027027027027
1497	0.00270124257158
36999	0.0026525198939
12017	0.00263852242744
4518	0.00263736263736
41018	0.00263504611331
1422	0.00263157894737
2381	0.00263157894737
40995	0.00262812089356
25738	0.00261780104712
41129	0.00260416666667
5519	0.00260190806592
23688	0.00259067357513
10987	0.00257731958763
42156	0.0025706940874
3689	0.0025641025641
5157	0.00253807106599
51096	0.00251889168766
51133	0.00251889168766
893	0.00251256281407
15636	0.00250626566416
41031	0.00250312891114
31440	0.0025
1628	0.00249687890137
9642	0.00249687890137
51019	0.00246913580247
35563	0.00246406570842
1380	0.002457002457
18584	0.002457002457
41092	0.00244498777506
41467	0.00242718446602
20173	0.0024154589372
39447	0.00239520958084
3365	0.00239234449761
29277	0.00239234449761
35045	0.00235849056604
6427	0.00235640648012
7300	0.00235294117647
13111	0.00235294117647
27890	0.00235017626322
40289	0.00234192037471
4951	0.00233644859813
14750	0.00233644859813
3499	0.00227790432802
29861	0.00224719101124
23666	0.00223713646532
26805	0.00223015165031
16447	0.00222222222222
5000	0.00221975582686
2007	0.00220750551876
38203	0.00219659527732
49394	0.00219298245614
40988	0.00218818380744
5693	0.0021645021645
18311	0.00215982721382
12423	0.00215053763441
28742	0.00213675213675
29309	0.0020964360587
4937	0.00206611570248
1902	0.00205761316872
39549	0.00205338809035
2	0.00203458799593
4655	0.00203045685279
5768	0.00201612903226
5112	0.00199468085106
3729	0.00199203187251
19598	0.00195694716243
869	0.0019550342131
21797	0.00194931773879
9647	0.00194552529183
3527	0.00193798449612
1118	0.00193174500966
4396	0.00192431045542
41068	0.00191021967526
40971	0.00190839694656
28821	0.00190114068441
9826	0.00189035916824
40999	0.00187617260788
3312	0.00186567164179
8732	0.00186219739292
12998	0.00183823529412
2333	0.00182648401826
37426	0.00181818181818
11201	0.00180831826401
33887	0.00180831826401
39915	0.00180831826401
17566	0.00179211469534
41583	0.00178571428571
38794	0.0017793594306
13056	0.00177304964539
949	0.0017667844523
22744	0.00176366843034
51212	0.00175131348511
2290	0.00174825174825
38793	0.00174216027875
9538	0.00171526586621
1743	0.00169204737733
37111	0.00167785234899
6812	0.00163666121113
7175	0.00162866449511
2326	0.00162601626016
4121	0.00162074554295
12610	0.00161812297735
4578	0.00161203653949
32188	0.00161030595813
27809	0.00159489633174
28051	0.00159108989658
13339	0.00158982511924
1984	0.00157232704403
900	0.0015600624025
38584	0.0015600624025
25113	0.00154320987654
6304	0.00154083204931
868	0.00153846153846
17596	0.00152671755725
26602	0.00152555301297
27535	0.00151285930408
5120	0.0015015015015
4430	0.00149031296572
4764	0.00145137880987
2613	0.0014450867052
26584	0.00143061516452
5237	0.001414427157
40987	0.00141242937853
5432	0.00139275766017
33634	0.00139275766017
20506	0.00134952766532
8709	0.00133868808568
14352	0.00132450331126
2733	0.00131406044678
1680	0.00129032258065
30899	0.00125786163522
18960	0.00120336943442
2898	0.00109051254089
7340	0.00106609808102
9200	0.00105485232068
2344	0.0010101010101
2463	0.00095785440613
3733	0.000952380952381
22929	0.000915750915751
921	0.000909090909091
4916	0.000907441016334
5809	0.000904159132007
40962	0.000897666068223
18777	0.000850340136054
4846	0.000785545954438
39136	0.000772797527048
18613	0.000760456273764
19601	0.000730994152047
5204	0.000642260757868
