352	0.25
10823	0.25
15245	0.25
20009	0.25
21299	0.25
28525	0.25
30665	0.25
61172	0.25
20512	0.2
28078	0.2
31699	0.2
37432	0.2
41402	0.2
44295	0.2
52393	0.2
348	0.166666666667
4717	0.166666666667
12912	0.166666666667
16757	0.166666666667
23811	0.166666666667
28409	0.166666666667
34092	0.166666666667
40587	0.166666666667
43340	0.166666666667
49629	0.166666666667
52989	0.166666666667
55688	0.166666666667
59621	0.166666666667
16576	0.142857142857
20686	0.142857142857
26588	0.142857142857
43896	0.142857142857
47016	0.142857142857
59722	0.142857142857
21953	0.125
21973	0.125
23746	0.125
43713	0.125
542	0.111111111111
11377	0.111111111111
35054	0.111111111111
42131	0.111111111111
44689	0.111111111111
54009	0.111111111111
6247	0.1
29693	0.1
45392	0.1
52515	0.1
53139	0.1
56196	0.1
839	0.0909090909091
28250	0.0909090909091
29912	0.0909090909091
50988	0.0909090909091
51035	0.0909090909091
56969	0.0909090909091
11813	0.0833333333333
12783	0.0833333333333
25824	0.0833333333333
32681	0.0833333333333
58112	0.0833333333333
38705	0.0769230769231
43820	0.0769230769231
45609	0.0769230769231
47141	0.0769230769231
57931	0.0769230769231
10108	0.0714285714286
13978	0.0714285714286
37536	0.0714285714286
39625	0.0714285714286
52321	0.0714285714286
15223	0.0666666666667
23937	0.0666666666667
49330	0.0666666666667
52096	0.0666666666667
2935	0.0625
5339	0.0625
5343	0.0625
9350	0.0625
38888	0.0625
41847	0.0625
51124	0.0625
52964	0.0625
55948	0.0625
48648	0.0588235294118
53064	0.0588235294118
57825	0.0588235294118
51289	0.0555555555556
52411	0.0555555555556
11830	0.0526315789474
59739	0.0526315789474
1681	0.05
3764	0.05
5200	0.05
40862	0.05
43594	0.05
50852	0.05
51586	0.05
52976	0.05
53260	0.05
1493	0.047619047619
10074	0.047619047619
11840	0.047619047619
25599	0.047619047619
51999	0.047619047619
52134	0.047619047619
60069	0.047619047619
4279	0.0454545454545
16934	0.0454545454545
18772	0.0454545454545
31014	0.0454545454545
43037	0.0454545454545
51047	0.0454545454545
10327	0.0434782608696
14492	0.0434782608696
15872	0.0434782608696
41686	0.0434782608696
42524	0.0434782608696
61124	0.0434782608696
4509	0.0416666666667
5183	0.0416666666667
5940	0.0416666666667
14452	0.0416666666667
35220	0.0416666666667
37605	0.0416666666667
40377	0.0416666666667
43239	0.0416666666667
11142	0.04
23237	0.04
37181	0.04
19747	0.0384615384615
32232	0.0384615384615
33144	0.0384615384615
38082	0.0384615384615
9652	0.037037037037
53349	0.037037037037
11009	0.0357142857143
25073	0.0357142857143
37572	0.0357142857143
40621	0.0357142857143
50651	0.0357142857143
17998	0.0344827586207
31436	0.0344827586207
47601	0.0344827586207
51441	0.0344827586207
51708	0.0344827586207
1818	0.0333333333333
25156	0.0333333333333
50631	0.0333333333333
2598	0.0322580645161
15438	0.0322580645161
23112	0.0322580645161
27232	0.0322580645161
27271	0.0322580645161
30261	0.0322580645161
44369	0.0322580645161
51207	0.0322580645161
51565	0.0322580645161
16348	0.03125
27634	0.03125
42345	0.03125
43698	0.03125
59566	0.03125
60252	0.03125
16617	0.030303030303
38835	0.0294117647059
41199	0.0294117647059
41650	0.0294117647059
59514	0.0294117647059
41357	0.0285714285714
48238	0.0285714285714
8621	0.0277777777778
43755	0.0277777777778
61215	0.0277777777778
2941	0.027027027027
5547	0.027027027027
10488	0.027027027027
16283	0.027027027027
22934	0.0263157894737
39179	0.0263157894737
59788	0.0263157894737
2861	0.025641025641
50584	0.025641025641
52511	0.025641025641
16955	0.025
19802	0.025
22625	0.025
41652	0.025
8873	0.0243902439024
11761	0.0243902439024
21703	0.0243902439024
23190	0.0243902439024
55722	0.0243902439024
59557	0.0243902439024
13258	0.0238095238095
42087	0.0238095238095
43164	0.0238095238095
1237	0.0232558139535
49304	0.0232558139535
35130	0.0227272727273
42701	0.0227272727273
59869	0.0227272727273
3002	0.0222222222222
33267	0.0222222222222
35152	0.0222222222222
3559	0.0217391304348
5703	0.0217391304348
18506	0.0217391304348
37542	0.0217391304348
39658	0.0217391304348
40126	0.0217391304348
40966	0.0217391304348
3796	0.0212765957447
27113	0.0212765957447
43202	0.0212765957447
10315	0.0208333333333
30864	0.0208333333333
31970	0.0208333333333
11353	0.0204081632653
12641	0.0204081632653
45701	0.0204081632653
3934	0.02
22247	0.02
28450	0.02
36475	0.02
37380	0.02
45202	0.02
21396	0.0196078431373
23143	0.0196078431373
23530	0.0196078431373
14710	0.0192307692308
33527	0.0192307692308
34785	0.0192307692308
37480	0.0192307692308
41158	0.0192307692308
11766	0.0188679245283
18427	0.0188679245283
32988	0.0188679245283
42942	0.0188679245283
43924	0.0188679245283
45891	0.0188679245283
213	0.0185185185185
9309	0.0185185185185
59509	0.0185185185185
11511	0.0181818181818
29365	0.0181818181818
17696	0.0178571428571
1098	0.0175438596491
37379	0.0175438596491
38350	0.0175438596491
41145	0.0175438596491
41483	0.0175438596491
43017	0.0175438596491
1742	0.0172413793103
3964	0.0172413793103
34998	0.0172413793103
51745	0.0172413793103
12838	0.0169491525424
12860	0.0169491525424
30679	0.0169491525424
3761	0.0166666666667
25806	0.0166666666667
48070	0.0166666666667
50240	0.0166666666667
52309	0.0166666666667
29543	0.016393442623
41438	0.016393442623
2282	0.0161290322581
2618	0.0161290322581
52890	0.0161290322581
1000	0.015873015873
41390	0.015873015873
52857	0.015873015873
7693	0.015625
30614	0.015625
51506	0.0153846153846
322	0.0151515151515
3684	0.0151515151515
5124	0.0151515151515
13653	0.0151515151515
23337	0.015037593985
48899	0.0149253731343
9924	0.0144927536232
5754	0.0142857142857
51422	0.0142857142857
24698	0.0138888888889
41348	0.0138888888889
42932	0.0138888888889
51940	0.0138888888889
4515	0.013698630137
7346	0.013698630137
12597	0.013698630137
24320	0.013698630137
43813	0.013698630137
50959	0.0135135135135
51364	0.0135135135135
51418	0.0135135135135
26313	0.0133333333333
30913	0.0133333333333
37046	0.0133333333333
40202	0.0133333333333
40477	0.0133333333333
41272	0.0133333333333
35229	0.0131578947368
35516	0.0131578947368
50642	0.0131578947368
210	0.0131004366812
4580	0.012987012987
17556	0.012987012987
22843	0.012987012987
29067	0.012987012987
45033	0.012987012987
34967	0.0129032258065
7654	0.0128205128205
19420	0.0128205128205
51029	0.0127388535032
5352	0.0126582278481
22805	0.0125786163522
51193	0.0125
51283	0.0125
27537	0.0121951219512
60068	0.0121951219512
13660	0.0120481927711
49335	0.0120481927711
53060	0.0120481927711
1638	0.0119047619048
10013	0.0119047619048
31995	0.0119047619048
14656	0.0117647058824
8901	0.0116279069767
40887	0.0116279069767
41481	0.0116279069767
6573	0.0114942528736
39286	0.0114942528736
41228	0.0114942528736
48910	0.0114942528736
52564	0.0114942528736
55746	0.0114942528736
51892	0.0113636363636
32711	0.0111111111111
41618	0.010989010989
15602	0.010752688172
20785	0.010752688172
42463	0.010752688172
11378	0.0106382978723
29356	0.0106382978723
46277	0.0106382978723
28396	0.0105263157895
47448	0.0105263157895
52350	0.0104166666667
7513	0.0103092783505
33775	0.0103092783505
4512	0.0102040816327
18403	0.0102040816327
28711	0.0102040816327
41160	0.0102040816327
41084	0.010101010101
51152	0.010101010101
52521	0.010101010101
9722	0.01
57862	0.00990099009901
26828	0.00980392156863
41182	0.00980392156863
41236	0.00980392156863
31895	0.00970873786408
51854	0.00970873786408
12503	0.00961538461538
41023	0.00961538461538
4044	0.00952380952381
11871	0.00952380952381
49689	0.00934579439252
11383	0.00925925925926
2164	0.00917431192661
25416	0.00917431192661
3565	0.00909090909091
25240	0.00909090909091
10789	0.00900900900901
40562	0.00900900900901
30923	0.00892857142857
20738	0.00884955752212
21696	0.00884955752212
31340	0.00884955752212
44351	0.00884955752212
21252	0.00869565217391
22351	0.00869565217391
17554	0.00862068965517
26711	0.00862068965517
2094	0.00854700854701
21742	0.00833333333333
30845	0.00833333333333
41536	0.00826446280992
41819	0.00826446280992
10047	0.00819672131148
15782	0.00813008130081
2144	0.00806451612903
24688	0.00806451612903
43354	0.00793650793651
36037	0.00787401574803
16194	0.0078125
16831	0.0078125
11798	0.0077519379845
17315	0.0077519379845
31864	0.0077519379845
41161	0.0077519379845
51026	0.00757575757576
52240	0.00751879699248
1380	0.0074812967581
20573	0.00740740740741
38657	0.00740740740741
41065	0.00740740740741
13067	0.00729927007299
14013	0.00724637681159
12777	0.00719424460432
37747	0.00719424460432
38293	0.00719424460432
6781	0.00714285714286
9762	0.00709219858156
38519	0.00709219858156
51676	0.00709219858156
17483	0.00704225352113
5206	0.00689655172414
17152	0.00689655172414
51575	0.00689655172414
40986	0.00684931506849
41672	0.00684931506849
17637	0.00680272108844
19034	0.00675675675676
36078	0.00675675675676
41246	0.00675675675676
35019	0.00671140939597
41224	0.00662251655629
37114	0.00657894736842
33405	0.00653594771242
50870	0.00653594771242
26566	0.00649350649351
33780	0.00649350649351
39426	0.00649350649351
17625	0.00636942675159
18815	0.00632911392405
22104	0.00632911392405
30762	0.00632911392405
4144	0.0062893081761
50987	0.00625
51025	0.00625
22018	0.00621118012422
29532	0.00621118012422
13120	0.00613496932515
41062	0.00613496932515
5230	0.00609756097561
12149	0.00609756097561
23211	0.00609756097561
9488	0.00606060606061
14361	0.00606060606061
39360	0.00606060606061
9586	0.00602409638554
52638	0.0059880239521
8466	0.00595238095238
51121	0.00595238095238
28700	0.00591715976331
16516	0.00584795321637
24970	0.00584795321637
30802	0.00584795321637
51213	0.00584795321637
23248	0.00581395348837
33850	0.00578034682081
50957	0.00578034682081
41204	0.00574712643678
30799	0.0056338028169
11749	0.00561797752809
44456	0.00558659217877
9135	0.00544959128065
40983	0.00537634408602
22230	0.00534759358289
41102	0.00531914893617
35514	0.00529100529101
3288	0.00526315789474
21337	0.00526315789474
32738	0.00523560209424
41047	0.00520833333333
2084	0.00515463917526
9761	0.00515463917526
5419	0.00512820512821
15083	0.00510204081633
20818	0.00510204081633
3515	0.00502512562814
10166	0.00502512562814
28610	0.00497512437811
34999	0.00490196078431
29444	0.0047619047619
13095	0.00469483568075
22251	0.004662004662
13933	0.00462962962963
25413	0.00462962962963
39209	0.00456621004566
27255	0.00454545454545
26934	0.00452488687783
40978	0.00452488687783
41091	0.00452488687783
40318	0.0045045045045
41274	0.00448430493274
37052	0.00444444444444
15794	0.00440528634361
21648	0.00440528634361
31882	0.00440528634361
6372	0.00438596491228
22717	0.00434782608696
23742	0.004329004329
30805	0.004329004329
51173	0.00429184549356
49392	0.0042735042735
9138	0.00423728813559
9188	0.00423728813559
31170	0.0042194092827
47628	0.0042194092827
50327	0.00420168067227
34145	0.00418410041841
30835	0.00414937759336
512	0.00409836065574
6803	0.00409836065574
13318	0.00395256916996
26508	0.00393700787402
34199	0.00393700787402
50944	0.00390625
38080	0.00387596899225
41095	0.003861003861
44184	0.003861003861
28673	0.00384615384615
29372	0.00383141762452
17771	0.00373134328358
5599	0.00371747211896
17605	0.0037037037037
35136	0.0037037037037
41061	0.003663003663
41364	0.0036496350365
21558	0.00355871886121
53040	0.00355871886121
3991	0.00350877192982
13955	0.00350877192982
2448	0.0034965034965
28055	0.00347222222222
23011	0.00344827586207
7444	0.00335570469799
34224	0.00334821428571
41258	0.00334448160535
35237	0.00324675324675
41126	0.00324675324675
16927	0.00319488817891
17715	0.00319488817891
27906	0.0031746031746
1984	0.00316957210777
17008	0.00316455696203
38584	0.00314465408805
18361	0.00311526479751
32453	0.00311526479751
40972	0.00306748466258
1135	0.00306278713629
41434	0.0030487804878
34683	0.0030303030303
3535	0.00302114803625
11232	0.00302114803625
3943	0.003003003003
29591	0.00298507462687
18301	0.00294117647059
25324	0.00286532951289
742	0.002849002849
9252	0.002849002849
27651	0.00284090909091
216	0.00282485875706
25453	0.00281690140845
9251	0.00280898876404
23265	0.00280112044818
38932	0.00280112044818
38492	0.00279329608939
30471	0.00277777777778
41050	0.00277008310249
7419	0.00275482093664
50933	0.00274725274725
3059	0.00274348422497
21323	0.00273224043716
20506	0.00271739130435
3133	0.00268096514745
36999	0.00268096514745
12017	0.00266666666667
867	0.0026455026455
23481	0.00263852242744
10987	0.00260416666667
23642	0.00260416666667
41010	0.0025974025974
3689	0.00259067357513
5204	0.00258064516129
51096	0.00254452926209
2515	0.002457002457
20173	0.00243902439024
33678	0.00243309002433
4173	0.0024154589372
29277	0.00240384615385
562	0.00232558139535
3827	0.00228310502283
3273	0.00224215246637
16447	0.00224215246637
49394	0.00221238938053
4137	0.00218340611354
18311	0.00216919739696
50105	0.0021645021645
22383	0.00209059233449
36392	0.00208333333333
17711	0.00204081632653
5768	0.0020325203252
34169	0.0020202020202
11	0.001998001998
5673	0.00197628458498
34858	0.00197628458498
34751	0.00194552529183
2463	0.00192492781521
40971	0.00192307692308
5503	0.0019120458891
51041	0.00187265917603
11769	0.0018691588785
3933	0.00184672206833
21745	0.00182481751825
39915	0.00182149362477
17566	0.00180505415162
41583	0.00179856115108
37737	0.00177619893428
28407	0.00175746924429
41074	0.00175131348511
12969	0.00172711571675
41116	0.00171821305842
7261	0.00168067226891
14253	0.0016583747927
26863	0.0016501650165
22743	0.00164338537387
2326	0.00163666121113
4121	0.00163132137031
20416	0.00162866449511
18456	0.00162601626016
17355	0.00161812297735
27809	0.0016051364366
28051	0.00159616919393
1064	0.00158478605388
25113	0.00155279503106
5643	0.00153846153846
17596	0.00153609831029
992	0.00153139356815
20542	0.00152207001522
41016	0.00145560407569
2613	0.00145348837209
40987	0.00142045454545
33634	0.00140056022409
29854	0.00138504155125
2419	0.00134589502019
8709	0.00134228187919
14352	0.00133155792277
41018	0.00132275132275
2381	0.00132100396301
2733	0.00132100396301
4518	0.00131926121372
30899	0.00126422250316
41031	0.00125628140704
1628	0.00125313283208
18584	0.00123304562269
18960	0.00120918984281
39447	0.00120192307692
18307	0.0011862396204
2290	0.00116754232341
30980	0.00116009280742
1503	0.00111731843575
2007	0.00110741971207
38203	0.00109950522265
4654	0.00109769484083
2898	0.00109529025192
4578	0.0010764262648
28742	0.0010718113612
9200	0.0010593220339
4937	0.00103626943005
2	0.00102040816327
5157	0.0010157440325
36398	0.000980392156863
869	0.000977517106549
1048	0.000954198473282
7312	0.000943396226415
4563	0.000932835820896
34367	0.000920810313076
2333	0.000915750915751
921	0.000912408759124
5809	0.000907441016334
38794	0.000892060660125
2840	0.000887311446318
22744	0.000884173297966
6427	0.000883392226148
25738	0.000874125874126
9538	0.000859845227859
35563	0.00082135523614
6812	0.000820344544709
4430	0.000746825989544
19601	0.000733137829912
5432	0.000697836706211
4655	0.000676818950931
5112	0.000665778961385
19598	0.000653167864141
1118	0.000644745325596
13111	0.00058858151854
38793	0.000581395348837
1497	0.000540248514317
5231	0.000521920668058
26805	0.000446030330062
