30999	0.125
6318	0.1
7827	0.1
8331	0.1
8369	0.1
9735	0.1
13726	0.1
15261	0.1
17648	0.1
17799	0.1
18081	0.1
19730	0.1
24464	0.1
28257	0.1
30243	0.1
35928	0.1
40441	0.1
40908	0.1
49794	0.1
54184	0.1
56409	0.1
57997	0.1
58518	0.1
59859	0.1
9892	0.0909090909091
12741	0.0909090909091
18704	0.0909090909091
19337	0.0909090909091
20257	0.0909090909091
23636	0.0909090909091
26763	0.0909090909091
27336	0.0909090909091
42494	0.0909090909091
43010	0.0909090909091
46091	0.0909090909091
49014	0.0909090909091
50119	0.0909090909091
51841	0.0909090909091
53865	0.0909090909091
61216	0.0909090909091
2155	0.0833333333333
3707	0.0833333333333
8840	0.0833333333333
8959	0.0833333333333
11287	0.0833333333333
11745	0.0833333333333
13647	0.0833333333333
15142	0.0833333333333
16444	0.0833333333333
17202	0.0833333333333
19277	0.0833333333333
19626	0.0833333333333
21847	0.0833333333333
24861	0.0833333333333
27769	0.0833333333333
29040	0.0833333333333
38489	0.0833333333333
42429	0.0833333333333
42595	0.0833333333333
43829	0.0833333333333
44713	0.0833333333333
47341	0.0833333333333
48201	0.0833333333333
52830	0.0833333333333
55349	0.0833333333333
55553	0.0833333333333
56166	0.0833333333333
57923	0.0833333333333
59207	0.0833333333333
14962	0.08
15610	0.08
52814	0.08
3923	0.0769230769231
4555	0.0769230769231
7808	0.0769230769231
9479	0.0769230769231
12209	0.0769230769231
15230	0.0769230769231
15414	0.0769230769231
18617	0.0769230769231
19397	0.0769230769231
22622	0.0769230769231
28521	0.0769230769231
34978	0.0769230769231
37777	0.0769230769231
38506	0.0769230769231
42223	0.0769230769231
44769	0.0769230769231
48561	0.0769230769231
48632	0.0769230769231
51603	0.0769230769231
52040	0.0769230769231
61287	0.0769230769231
37408	0.0740740740741
6068	0.0714285714286
6388	0.0714285714286
9495	0.0714285714286
14338	0.0714285714286
14358	0.0714285714286
14958	0.0714285714286
26188	0.0714285714286
28940	0.0714285714286
31287	0.0714285714286
31620	0.0714285714286
38317	0.0714285714286
39188	0.0714285714286
44503	0.0714285714286
47950	0.0714285714286
48360	0.0714285714286
49790	0.0714285714286
51238	0.0714285714286
51534	0.0714285714286
52209	0.0714285714286
53799	0.0714285714286
56732	0.0714285714286
2198	0.0666666666667
2843	0.0666666666667
4735	0.0666666666667
9558	0.0666666666667
14712	0.0666666666667
16432	0.0666666666667
19565	0.0666666666667
23713	0.0666666666667
28309	0.0666666666667
34316	0.0666666666667
36447	0.0666666666667
42028	0.0666666666667
42104	0.0666666666667
45575	0.0666666666667
48053	0.0666666666667
48464	0.0666666666667
49086	0.0666666666667
49510	0.0666666666667
50451	0.0666666666667
50658	0.0666666666667
53188	0.0666666666667
53617	0.0666666666667
56074	0.0666666666667
58460	0.0666666666667
18737	0.0645161290323
3401	0.0625
8585	0.0625
14938	0.0625
15981	0.0625
18358	0.0625
25048	0.0625
25580	0.0625
29542	0.0625
29795	0.0625
31273	0.0625
33234	0.0625
34496	0.0625
35008	0.0625
35177	0.0625
35835	0.0625
40369	0.0625
48038	0.0625
49035	0.0625
49108	0.0625
7540	0.0612244897959
261	0.0588235294118
839	0.0588235294118
923	0.0588235294118
4559	0.0588235294118
9361	0.0588235294118
12308	0.0588235294118
14728	0.0588235294118
15136	0.0588235294118
19010	0.0588235294118
23161	0.0588235294118
33389	0.0588235294118
33726	0.0588235294118
38316	0.0588235294118
40128	0.0588235294118
42166	0.0588235294118
42967	0.0588235294118
43258	0.0588235294118
52081	0.0588235294118
52671	0.0588235294118
59432	0.0588235294118
60381	0.0588235294118
70	0.0555555555556
829	0.0555555555556
3259	0.0555555555556
3546	0.0555555555556
5013	0.0555555555556
6118	0.0555555555556
10969	0.0555555555556
11763	0.0555555555556
16954	0.0555555555556
26137	0.0555555555556
33831	0.0555555555556
35680	0.0555555555556
37401	0.0555555555556
39779	0.0555555555556
41947	0.0555555555556
43595	0.0555555555556
48617	0.0555555555556
49081	0.0555555555556
52352	0.0555555555556
331	0.0526315789474
464	0.0526315789474
2537	0.0526315789474
3246	0.0526315789474
7985	0.0526315789474
14328	0.0526315789474
17665	0.0526315789474
25996	0.0526315789474
27000	0.0526315789474
27718	0.0526315789474
30883	0.0526315789474
32768	0.0526315789474
38596	0.0526315789474
41267	0.0526315789474
41463	0.0526315789474
42793	0.0526315789474
42844	0.0526315789474
42860	0.0526315789474
43183	0.0526315789474
45727	0.0526315789474
49902	0.0526315789474
52668	0.0526315789474
53674	0.0526315789474
55767	0.0526315789474
59496	0.0526315789474
59915	0.0526315789474
15802	0.0512820512821
7424	0.05
9638	0.05
17675	0.05
20820	0.05
23008	0.05
29442	0.05
34616	0.05
39205	0.05
39613	0.05
42668	0.05
42913	0.05
43007	0.05
43136	0.05
45795	0.05
50259	0.05
50597	0.05
1171	0.047619047619
1614	0.047619047619
9856	0.047619047619
15955	0.047619047619
19068	0.047619047619
19704	0.047619047619
20243	0.047619047619
20462	0.047619047619
21400	0.047619047619
26824	0.047619047619
33899	0.047619047619
40280	0.047619047619
40631	0.047619047619
41424	0.047619047619
42244	0.047619047619
49067	0.047619047619
50438	0.047619047619
55681	0.047619047619
59693	0.047619047619
4648	0.0454545454545
10528	0.0454545454545
11291	0.0454545454545
12764	0.0454545454545
15314	0.0454545454545
16564	0.0454545454545
25228	0.0454545454545
30219	0.0454545454545
30650	0.0454545454545
33966	0.0454545454545
37152	0.0454545454545
41728	0.0454545454545
45605	0.0454545454545
52628	0.0454545454545
4064	0.0434782608696
7324	0.0434782608696
20871	0.0434782608696
29121	0.0434782608696
31621	0.0434782608696
37059	0.0434782608696
48687	0.0434782608696
52061	0.0434782608696
58885	0.0434782608696
60989	0.0434782608696
2131	0.0416666666667
2958	0.0416666666667
4742	0.0416666666667
6478	0.0416666666667
6933	0.0416666666667
8227	0.0416666666667
12754	0.0416666666667
19947	0.0416666666667
29308	0.0416666666667
40629	0.0416666666667
41520	0.0416666666667
50324	0.0416666666667
52743	0.0416666666667
56616	0.0416666666667
43603	0.0408163265306
1052	0.04
5260	0.04
10935	0.04
13471	0.04
17935	0.04
18306	0.04
21754	0.04
27082	0.04
28493	0.04
30113	0.04
34828	0.04
42269	0.04
51660	0.04
51927	0.04
24698	0.0394736842105
8611	0.0392156862745
4545	0.0384615384615
9418	0.0384615384615
11897	0.0384615384615
17958	0.0384615384615
18683	0.0384615384615
23053	0.0384615384615
24193	0.0384615384615
27436	0.0384615384615
32562	0.0384615384615
34735	0.0384615384615
37864	0.0384615384615
39374	0.0384615384615
39750	0.0384615384615
40003	0.0384615384615
41966	0.0384615384615
43107	0.0384615384615
48381	0.0384615384615
57864	0.0384615384615
59728	0.0384615384615
59741	0.0384615384615
60266	0.0384615384615
1159	0.037037037037
12115	0.037037037037
18723	0.037037037037
18786	0.037037037037
24221	0.037037037037
30886	0.037037037037
31208	0.037037037037
32306	0.037037037037
42125	0.037037037037
42192	0.037037037037
42843	0.037037037037
44750	0.037037037037
52207	0.037037037037
52621	0.037037037037
52889	0.037037037037
55172	0.037037037037
1157	0.0357142857143
5079	0.0357142857143
9517	0.0357142857143
15622	0.0357142857143
23669	0.0357142857143
32162	0.0357142857143
35471	0.0357142857143
37796	0.0357142857143
42767	0.0357142857143
43039	0.0357142857143
43339	0.0357142857143
46727	0.0357142857143
47360	0.0357142857143
51358	0.0357142857143
52031	0.0357142857143
52696	0.0357142857143
59871	0.0357142857143
363	0.0350877192982
33772	0.0350877192982
349	0.0344827586207
4961	0.0344827586207
13091	0.0344827586207
29279	0.0344827586207
29872	0.0344827586207
32850	0.0344827586207
36770	0.0344827586207
37118	0.0344827586207
41837	0.0344827586207
43159	0.0344827586207
29822	0.0338983050847
1449	0.0333333333333
10583	0.0333333333333
13998	0.0333333333333
14455	0.0333333333333
16430	0.0333333333333
19996	0.0333333333333
23496	0.0333333333333
24547	0.0333333333333
30056	0.0333333333333
31937	0.0333333333333
32685	0.0333333333333
32913	0.0333333333333
35186	0.0333333333333
36440	0.0333333333333
43323	0.0333333333333
45513	0.0333333333333
45875	0.0333333333333
49745	0.0333333333333
53053	0.0333333333333
60137	0.0333333333333
60556	0.0333333333333
5159	0.0322580645161
19118	0.0322580645161
25125	0.0322580645161
28319	0.0322580645161
28532	0.0322580645161
29907	0.0322580645161
41761	0.0322580645161
42070	0.0322580645161
42690	0.0322580645161
45134	0.0322580645161
46117	0.0322580645161
51831	0.0322580645161
52899	0.0322580645161
51865	0.031746031746
11488	0.03125
25947	0.03125
35211	0.03125
37750	0.03125
40640	0.03125
44424	0.03125
49960	0.03125
52115	0.03125
52401	0.03125
44602	0.0307692307692
1847	0.030303030303
4587	0.030303030303
17449	0.030303030303
20881	0.030303030303
37592	0.030303030303
37770	0.030303030303
38006	0.030303030303
42837	0.030303030303
50598	0.030303030303
52750	0.030303030303
17886	0.03
2548	0.0294117647059
5207	0.0294117647059
18632	0.0294117647059
30259	0.0294117647059
30525	0.0294117647059
34124	0.0294117647059
35139	0.0294117647059
38458	0.0294117647059
40621	0.0294117647059
45130	0.0294117647059
50098	0.0294117647059
51305	0.0294117647059
51860	0.0294117647059
60140	0.0294117647059
10012	0.0285714285714
15680	0.0285714285714
28334	0.0285714285714
29700	0.0285714285714
31115	0.0285714285714
32869	0.0285714285714
40530	0.0285714285714
44257	0.0285714285714
51536	0.0285714285714
60108	0.0285714285714
2276	0.0281690140845
3126	0.0277777777778
3721	0.0277777777778
12581	0.0277777777778
12968	0.0277777777778
15648	0.0277777777778
25156	0.0277777777778
36888	0.0277777777778
41586	0.0277777777778
42571	0.0277777777778
42824	0.0277777777778
46882	0.0277777777778
50626	0.0277777777778
33940	0.027397260274
3589	0.027027027027
8195	0.027027027027
8663	0.027027027027
12784	0.027027027027
13735	0.027027027027
17361	0.027027027027
24590	0.027027027027
25836	0.027027027027
27232	0.027027027027
32775	0.027027027027
38307	0.027027027027
43643	0.027027027027
51175	0.027027027027
51439	0.027027027027
59966	0.027027027027
60071	0.027027027027
60283	0.027027027027
51884	0.0266666666667
18956	0.0263157894737
26855	0.0263157894737
28348	0.0263157894737
30191	0.0263157894737
31403	0.0263157894737
36387	0.0263157894737
42188	0.0263157894737
42300	0.0263157894737
43529	0.0263157894737
60252	0.0263157894737
20335	0.025974025974
18641	0.0258620689655
5162	0.025641025641
13295	0.025641025641
31731	0.025641025641
34211	0.025641025641
34463	0.025641025641
39207	0.025641025641
42030	0.025641025641
42088	0.025641025641
51523	0.025641025641
53443	0.025641025641
55861	0.025641025641
2420	0.025
6210	0.025
8034	0.025
18313	0.025
18749	0.025
22765	0.025
26526	0.025
26715	0.025
29063	0.025
35103	0.025
35883	0.025
38315	0.025
41199	0.025
41812	0.025
44923	0.025
59909	0.025
60731	0.025
11503	0.0243902439024
15300	0.0243902439024
17789	0.0243902439024
24999	0.0243902439024
25799	0.0243902439024
29654	0.0243902439024
40594	0.0243902439024
48238	0.0243902439024
51383	0.0243902439024
134	0.0238095238095
1972	0.0238095238095
7280	0.0238095238095
8621	0.0238095238095
16562	0.0238095238095
19301	0.0238095238095
22205	0.0238095238095
31471	0.0238095238095
36731	0.0238095238095
36743	0.0238095238095
39201	0.0238095238095
40677	0.0238095238095
45653	0.0238095238095
51601	0.0238095238095
51933	0.0238095238095
52699	0.0238095238095
52935	0.0238095238095
55950	0.0238095238095
6363	0.0232558139535
8906	0.0232558139535
11386	0.0232558139535
13999	0.0232558139535
15471	0.0232558139535
19683	0.0232558139535
21412	0.0232558139535
28825	0.0232558139535
31007	0.0232558139535
39582	0.0232558139535
42315	0.0232558139535
42431	0.0232558139535
52123	0.0232558139535
13394	0.0229885057471
17723	0.0229885057471
52817	0.0229885057471
2202	0.0227272727273
2600	0.0227272727273
3828	0.0227272727273
4305	0.0227272727273
6788	0.0227272727273
9207	0.0227272727273
17286	0.0227272727273
24564	0.0227272727273
26502	0.0227272727273
29027	0.0227272727273
29648	0.0227272727273
33886	0.0227272727273
41878	0.0227272727273
42093	0.0227272727273
42285	0.0227272727273
49609	0.0227272727273
51042	0.0227272727273
51559	0.0227272727273
7124	0.0222222222222
8774	0.0222222222222
13128	0.0222222222222
15356	0.0222222222222
15447	0.0222222222222
26038	0.0222222222222
28542	0.0222222222222
29384	0.0222222222222
31991	0.0222222222222
32851	0.0222222222222
41445	0.0222222222222
50584	0.0222222222222
52759	0.0222222222222
60456	0.0222222222222
60610	0.0222222222222
41269	0.021978021978
2211	0.0217391304348
3199	0.0217391304348
3566	0.0217391304348
12776	0.0217391304348
15218	0.0217391304348
20522	0.0217391304348
20747	0.0217391304348
27596	0.0217391304348
28437	0.0217391304348
34311	0.0217391304348
34971	0.0217391304348
43461	0.0217391304348
51391	0.0217391304348
51620	0.0217391304348
53168	0.0217391304348
11761	0.0212765957447
18378	0.0212765957447
32215	0.0212765957447
41449	0.0212765957447
42919	0.0212765957447
47225	0.0212765957447
59557	0.0212765957447
5165	0.0208333333333
12608	0.0208333333333
13373	0.0208333333333
13943	0.0208333333333
15820	0.0208333333333
31516	0.0208333333333
39126	0.0208333333333
41431	0.0208333333333
41895	0.0208333333333
41956	0.0208333333333
48224	0.0208333333333
59935	0.0208333333333
8159	0.020725388601
59627	0.020618556701
3575	0.0204081632653
4959	0.0204081632653
7911	0.0204081632653
8754	0.0204081632653
15602	0.0204081632653
25027	0.0204081632653
29533	0.0204081632653
31902	0.0204081632653
39438	0.0204081632653
52260	0.0204081632653
52491	0.0204081632653
52513	0.0204081632653
550	0.02
6592	0.02
12819	0.02
28971	0.02
29291	0.02
42332	0.02
42701	0.02
48498	0.02
51020	0.02
51023	0.02
51368	0.02
10613	0.0196078431373
13870	0.0196078431373
22773	0.0196078431373
22939	0.0196078431373
24691	0.0196078431373
33267	0.0196078431373
38685	0.0196078431373
41442	0.0196078431373
41768	0.0196078431373
53348	0.0196078431373
18403	0.0194174757282
32626	0.0194174757282
890	0.0192307692308
3559	0.0192307692308
5649	0.0192307692308
12873	0.0192307692308
21912	0.0192307692308
52865	0.0192307692308
3107	0.0188679245283
3398	0.0188679245283
5458	0.0188679245283
7417	0.0188679245283
20245	0.0188679245283
20363	0.0188679245283
22813	0.0188679245283
31105	0.0188679245283
36948	0.0188679245283
37156	0.0188679245283
37591	0.0188679245283
41205	0.0188679245283
42132	0.0188679245283
10646	0.018691588785
18643	0.018691588785
1690	0.0185185185185
5603	0.0185185185185
14189	0.0185185185185
14714	0.0185185185185
36379	0.0185185185185
39078	0.0185185185185
39528	0.0185185185185
47431	0.0185185185185
4044	0.0181818181818
12849	0.0181818181818
15515	0.0181818181818
18625	0.0181818181818
20070	0.0181818181818
22553	0.0181818181818
24862	0.0181818181818
34165	0.0181818181818
43277	0.0181818181818
43723	0.0181818181818
52336	0.0181818181818
3481	0.018018018018
26772	0.0178571428571
33975	0.0178571428571
35164	0.0178571428571
4195	0.0175438596491
12311	0.0175438596491
23530	0.0175438596491
24610	0.0175438596491
29328	0.0175438596491
29564	0.0175438596491
31911	0.0175438596491
33871	0.0175438596491
35316	0.0175438596491
42713	0.0175438596491
1328	0.0173913043478
31875	0.0173913043478
28700	0.0173410404624
7293	0.0172413793103
17583	0.0172413793103
19962	0.0172413793103
32226	0.0172413793103
37169	0.0172413793103
37480	0.0172413793103
51232	0.0172413793103
51765	0.0172413793103
51918	0.0172413793103
52715	0.0172413793103
52845	0.0172413793103
5354	0.017094017094
41421	0.017094017094
11502	0.0169491525424
17932	0.0169491525424
25618	0.0169491525424
26724	0.0169491525424
28797	0.0169491525424
33166	0.0169491525424
41251	0.0169491525424
41656	0.0169491525424
41870	0.0169491525424
42248	0.0169491525424
42905	0.0169491525424
43744	0.0169491525424
45117	0.0169491525424
51624	0.0169491525424
52230	0.0169491525424
213	0.0166666666667
1533	0.0166666666667
2137	0.0166666666667
5367	0.0166666666667
9309	0.0166666666667
15325	0.0166666666667
28755	0.0166666666667
29554	0.0166666666667
29628	0.0166666666667
42096	0.0166666666667
42845	0.0166666666667
47668	0.0166666666667
52144	0.0166666666667
59509	0.0166666666667
3996	0.016393442623
14002	0.016393442623
17598	0.016393442623
19292	0.016393442623
34576	0.016393442623
35198	0.016393442623
35722	0.016393442623
51282	0.016393442623
52132	0.016393442623
15357	0.0161290322581
15850	0.0161290322581
22234	0.0161290322581
34524	0.0161290322581
50056	0.0161290322581
53	0.015873015873
4289	0.015873015873
13099	0.015873015873
33930	0.015873015873
5679	0.015625
16722	0.015625
38995	0.015625
46509	0.015625
51419	0.015625
51571	0.015625
2144	0.015503875969
12860	0.0153846153846
38572	0.0153846153846
52239	0.0153846153846
7421	0.0151515151515
25806	0.0151515151515
35467	0.0151515151515
42014	0.0151515151515
45206	0.0151515151515
52581	0.0151515151515
54435	0.0151515151515
2087	0.0149253731343
4104	0.0149253731343
11060	0.0149253731343
24460	0.0149253731343
37997	0.0149253731343
38864	0.0149253731343
41527	0.0149253731343
51319	0.0149253731343
11782	0.0148514851485
7095	0.0148148148148
28750	0.0148148148148
2096	0.0147058823529
2282	0.0147058823529
4035	0.0147058823529
11558	0.0147058823529
7449	0.0144927536232
19843	0.0144927536232
21582	0.0144927536232
32974	0.0144927536232
41390	0.0144927536232
42883	0.0144927536232
50391	0.0144927536232
947	0.0142857142857
23372	0.0142857142857
27594	0.0142857142857
28824	0.0142857142857
32728	0.0142857142857
33947	0.0142857142857
35117	0.0142857142857
35940	0.0142857142857
42928	0.0142857142857
48246	0.0142857142857
49889	0.0142857142857
143	0.0140845070423
2816	0.0140845070423
4561	0.0140845070423
37774	0.0140845070423
51353	0.0140845070423
53004	0.0140845070423
59646	0.0140845070423
4128	0.0138888888889
4728	0.0138888888889
5124	0.0138888888889
16302	0.0138888888889
25442	0.0138888888889
34276	0.0138888888889
37163	0.0138888888889
41244	0.0138888888889
44993	0.0138888888889
51746	0.0138888888889
52476	0.0138888888889
11519	0.0137931034483
2355	0.013698630137
4047	0.013698630137
38099	0.013698630137
38642	0.013698630137
39544	0.013698630137
43195	0.013698630137
2722	0.0135746606335
11079	0.0135135135135
15354	0.0135135135135
16919	0.0135135135135
18366	0.0135135135135
18838	0.0135135135135
23825	0.0135135135135
39713	0.0135135135135
12756	0.0133928571429
9205	0.0133333333333
38547	0.0133333333333
13036	0.0132450331126
41552	0.0132450331126
41274	0.0132158590308
14353	0.0131578947368
27379	0.0131578947368
33704	0.0131578947368
41313	0.0131578947368
45459	0.0131578947368
49398	0.0131578947368
50929	0.0131578947368
4464	0.0130718954248
17095	0.012987012987
28415	0.012987012987
52981	0.012987012987
4227	0.0128205128205
7311	0.0128205128205
10326	0.0128205128205
11069	0.0128205128205
29582	0.0128205128205
38758	0.0128205128205
41139	0.0128205128205
41450	0.0128205128205
41791	0.0128205128205
41856	0.0128205128205
42932	0.0128205128205
21204	0.0127388535032
38861	0.0127388535032
41041	0.0127118644068
283	0.0126582278481
1365	0.0126582278481
4515	0.0126582278481
21298	0.0126582278481
25117	0.0126582278481
26567	0.0126582278481
34190	0.0126582278481
38748	0.0126582278481
39213	0.0126582278481
41147	0.0126582278481
43813	0.0126582278481
49401	0.0126582278481
52072	0.0126582278481
33709	0.0125
35275	0.0125
39548	0.0125
42035	0.0125
51364	0.0125
39383	0.0123966942149
41032	0.0123839009288
26218	0.0123456790123
27387	0.0123456790123
30913	0.0123456790123
41272	0.0123456790123
41581	0.0123456790123
43920	0.0123456790123
51290	0.0123456790123
41164	0.0122448979592
511	0.0121951219512
17915	0.0121951219512
34225	0.0121951219512
35516	0.0121951219512
37409	0.0121951219512
37806	0.0121951219512
41156	0.0121951219512
50871	0.0121951219512
52442	0.0121951219512
22805	0.0121212121212
763	0.0120481927711
3187	0.0120481927711
6381	0.0120481927711
16028	0.0120481927711
19506	0.0120481927711
37686	0.0120481927711
42954	0.0120481927711
9142	0.0119047619048
41024	0.0119047619048
42040	0.0119047619048
42414	0.0119047619048
5230	0.0118343195266
123	0.0117647058824
3369	0.0117647058824
11775	0.0117647058824
14361	0.0117647058824
18317	0.0117647058824
25295	0.0117647058824
34619	0.0117647058824
49336	0.0116959064327
1068	0.0116279069767
10082	0.0116279069767
17686	0.0116279069767
26572	0.0116279069767
43150	0.0116279069767
51250	0.0116279069767
25078	0.0115273775216
871	0.0114942528736
3947	0.0114942528736
41608	0.0114942528736
42339	0.0114942528736
51242	0.0114942528736
35698	0.0113636363636
61042	0.0113636363636
4769	0.0112359550562
8724	0.0112359550562
18214	0.0112359550562
41525	0.0112359550562
41694	0.0112359550562
51211	0.0112359550562
53060	0.0112359550562
41132	0.0111731843575
17277	0.0111111111111
21379	0.0111111111111
29394	0.0111111111111
50924	0.0111111111111
3690	0.010989010989
13258	0.010989010989
14656	0.010989010989
17570	0.010989010989
36894	0.010989010989
39265	0.010989010989
45076	0.010989010989
48221	0.010989010989
52416	0.010989010989
52711	0.010989010989
12188	0.0109289617486
10973	0.0108695652174
11886	0.0108695652174
12719	0.0108695652174
32483	0.0108695652174
41610	0.0108695652174
42704	0.0108695652174
4391	0.010752688172
15188	0.010752688172
17922	0.010752688172
18234	0.010752688172
30938	0.010752688172
37588	0.010752688172
39286	0.010752688172
41083	0.010752688172
41570	0.010752688172
3204	0.0106951871658
10266	0.0106951871658
876	0.0106382978723
3861	0.0106382978723
6748	0.0106382978723
17383	0.0106382978723
42249	0.0106382978723
51505	0.0106382978723
51212	0.0105633802817
9292	0.0105263157895
31962	0.0105263157895
33564	0.0105263157895
36686	0.0105263157895
41934	0.0105263157895
51869	0.0105263157895
4174	0.0104166666667
27045	0.0104166666667
32711	0.0104166666667
51590	0.0104166666667
52283	0.0104166666667
53194	0.0104166666667
2401	0.0103092783505
11314	0.0103092783505
30874	0.0103092783505
41618	0.0103092783505
48608	0.0103092783505
49791	0.0103092783505
59562	0.0103092783505
4943	0.0102040816327
15009	0.0102040816327
23514	0.0102040816327
28486	0.0102040816327
29705	0.0102040816327
35486	0.0102040816327
52092	0.0102040816327
40541	0.010152284264
5455	0.010101010101
12552	0.010101010101
14839	0.010101010101
25169	0.010101010101
33716	0.010101010101
42514	0.010101010101
43542	0.010101010101
41109	0.0100806451613
492	0.0100502512563
1975	0.01
4836	0.01
6305	0.01
6375	0.01
9651	0.01
10492	0.01
21312	0.01
28805	0.01
33639	0.01
50884	0.01
2544	0.00990099009901
9625	0.00990099009901
17306	0.00990099009901
32784	0.00990099009901
43824	0.00990099009901
55841	0.00990099009901
15306	0.00985221674877
1821	0.00980392156863
3515	0.00980392156863
4156	0.00980392156863
4998	0.00980392156863
6369	0.00980392156863
11397	0.00980392156863
12182	0.00980392156863
13313	0.00980392156863
24612	0.00980392156863
34096	0.00980392156863
41426	0.00980392156863
42483	0.00980392156863
50938	0.00980392156863
51573	0.00980392156863
52024	0.00980392156863
52350	0.00980392156863
50901	0.00974025974026
5056	0.00970873786408
19695	0.00970873786408
33775	0.00970873786408
59879	0.00970873786408
1489	0.00966183574879
3077	0.00961538461538
6428	0.00961538461538
11145	0.00961538461538
28141	0.00961538461538
29583	0.00961538461538
42194	0.00961538461538
47475	0.00961538461538
34525	0.00956937799043
20669	0.00952380952381
26251	0.00952380952381
41606	0.00952380952381
42053	0.00952380952381
52521	0.00952380952381
2639	0.00943396226415
36105	0.00943396226415
39288	0.00943396226415
20529	0.0093896713615
12467	0.009375
27649	0.00934579439252
27859	0.00934579439252
51139	0.00934579439252
57862	0.00934579439252
38795	0.0093023255814
34373	0.00925925925926
40982	0.00925925925926
41182	0.00925925925926
41236	0.00925925925926
50936	0.00925925925926
51011	0.00925925925926
68	0.00917431192661
3986	0.00917431192661
10340	0.00917431192661
13071	0.00917431192661
26741	0.00917431192661
41943	0.00917431192661
32823	0.00913242009132
4745	0.00909090909091
28298	0.00909090909091
41023	0.00909090909091
41303	0.00909090909091
41338	0.00909090909091
41146	0.00904977375566
3120	0.00900900900901
11871	0.00900900900901
47430	0.00900900900901
50330	0.00900900900901
51721	0.00900900900901
3535	0.0089552238806
26279	0.00892857142857
33971	0.00892857142857
40964	0.00892857142857
41826	0.00892857142857
49408	0.00892857142857
52056	0.00892857142857
59890	0.00892857142857
26310	0.00884955752212
27925	0.00884955752212
29855	0.00884955752212
41245	0.00884955752212
3316	0.00877192982456
11383	0.00877192982456
14360	0.00877192982456
20205	0.00877192982456
32411	0.00877192982456
23786	0.00874635568513
13960	0.00873362445415
14749	0.00873362445415
2367	0.00869565217391
14646	0.00869565217391
37947	0.00869565217391
29055	0.00865800865801
2353	0.00862068965517
3544	0.00862068965517
25240	0.00862068965517
30925	0.00862068965517
24126	0.00858369098712
6218	0.00854700854701
26674	0.00854700854701
37599	0.00854700854701
41444	0.00854700854701
52471	0.00851063829787
4644	0.00849858356941
6404	0.00847457627119
15720	0.00847457627119
20647	0.00847457627119
25305	0.00847457627119
38701	0.00847457627119
6657	0.00840336134454
9753	0.00840336134454
14686	0.00840336134454
1324	0.00833333333333
17015	0.00833333333333
18276	0.00833333333333
21377	0.00833333333333
30799	0.00833333333333
32146	0.00833333333333
51039	0.00833333333333
27404	0.00829875518672
7420	0.00826446280992
18199	0.00826446280992
22351	0.00826446280992
30324	0.00826446280992
47628	0.00826446280992
28830	0.00824175824176
50327	0.0082304526749
1028	0.00819672131148
1362	0.00819672131148
26711	0.00819672131148
53114	0.00819672131148
3826	0.00813008130081
7357	0.00813008130081
7427	0.00813008130081
22319	0.00813008130081
30835	0.00813008130081
52331	0.00813008130081
27949	0.00808625336927
4658	0.00806451612903
50881	0.00806451612903
51666	0.00806451612903
4153	0.00804289544236
39771	0.008
23667	0.00796812749004
5552	0.00793650793651
22408	0.00793650793651
22479	0.00793650793651
33895	0.00793650793651
41693	0.00793650793651
41793	0.00793650793651
47050	0.00793650793651
2171	0.00787401574803
17986	0.00787401574803
21657	0.00787401574803
34143	0.00787401574803
41108	0.00787401574803
41536	0.00787401574803
50941	0.00787401574803
43376	0.0078125
3793	0.0077519379845
27048	0.0077519379845
24688	0.00769230769231
49749	0.00769230769231
56100	0.00769230769231
5575	0.00763358778626
17790	0.00760456273764
38080	0.00760456273764
10162	0.00757575757576
27087	0.00757575757576
44184	0.00757575757576
49403	0.00757575757576
51164	0.00757575757576
51709	0.00757575757576
51811	0.00757575757576
51133	0.00755667506297
18556	0.00754716981132
28673	0.00754716981132
28820	0.00751879699248
29818	0.00751879699248
39323	0.00751879699248
41398	0.00751879699248
41326	0.00749063670412
12830	0.00746268656716
16831	0.00746268656716
50864	0.00746268656716
35021	0.00743494423792
18130	0.00740740740741
40344	0.00740740740741
41198	0.00740740740741
41468	0.00740740740741
51019	0.00740740740741
2070	0.00735294117647
2789	0.00735294117647
17904	0.00735294117647
41092	0.00733496332518
172	0.00729927007299
26486	0.00729927007299
27063	0.00729927007299
30635	0.00729927007299
42312	0.00729927007299
52555	0.00729927007299
30794	0.00727272727273
4704	0.00724637681159
4977	0.00719424460432
28709	0.00719424460432
30828	0.00719424460432
38907	0.00719424460432
41061	0.00719424460432
42750	0.00719424460432
23337	0.00714285714286
35535	0.00714285714286
20573	0.00709219858156
37201	0.00709219858156
38657	0.00709219858156
39874	0.00709219858156
34254	0.00704225352113
36897	0.00704225352113
7518	0.00702576112412
494	0.00699300699301
3957	0.00699300699301
14459	0.00699300699301
27642	0.00699300699301
36594	0.00699300699301
33634	0.00698324022346
51246	0.00694444444444
3445	0.00692041522491
497	0.00691244239631
632	0.00689655172414
2610	0.00689655172414
10010	0.00689655172414
37747	0.00689655172414
1039	0.00684931506849
41331	0.00684931506849
3499	0.00683371298405
9762	0.00680272108844
23244	0.00680272108844
27715	0.00680272108844
6444	0.00675675675676
13040	0.00675675675676
35047	0.00675675675676
43473	0.00675675675676
51179	0.00675675675676
4418	0.00671140939597
12432	0.00671140939597
1399	0.00669642857143
4337	0.00666666666667
10096	0.00666666666667
5206	0.00662251655629
10248	0.00662251655629
17152	0.00662251655629
18967	0.00662251655629
23299	0.00662251655629
33922	0.00662251655629
34522	0.00662251655629
34548	0.00662251655629
52525	0.00662251655629
14253	0.00660066006601
1422	0.00658761528327
24958	0.00657894736842
35100	0.00657894736842
37557	0.00657894736842
40893	0.00657894736842
51027	0.00657894736842
51784	0.00657894736842
17637	0.00653594771242
18129	0.00653594771242
32935	0.00653594771242
52225	0.00653594771242
7175	0.00652528548124
3554	0.00649350649351
41246	0.00649350649351
50868	0.00649350649351
37225	0.00647249190939
4135	0.00645161290323
10089	0.00645161290323
19687	0.00645161290323
50105	0.00643776824034
41403	0.0064308681672
12511	0.00641025641026
15233	0.00641025641026
23628	0.00641025641026
27125	0.00641025641026
712	0.00636942675159
40989	0.00636942675159
41224	0.00636942675159
24373	0.00632911392405
41250	0.00632911392405
41940	0.00632911392405
30020	0.00630914826498
1984	0.00629921259843
2403	0.0062893081761
3486	0.0062893081761
4508	0.0062893081761
23782	0.0062893081761
29309	0.0062893081761
50870	0.0062893081761
50883	0.0062893081761
23222	0.00625
27906	0.00625
28737	0.00625
38663	0.00625
59661	0.00625
4937	0.00621118012422
38800	0.00621118012422
8210	0.00617283950617
52738	0.00617283950617
17625	0.00613496932515
18340	0.00613496932515
51159	0.00613496932515
22104	0.00609756097561
23415	0.00609756097561
30789	0.00609756097561
34217	0.00609756097561
1537	0.00606060606061
4144	0.00606060606061
12194	0.00606060606061
25384	0.00606060606061
50652	0.00606060606061
51699	0.00606060606061
3946	0.00602409638554
16723	0.00602409638554
18835	0.00602409638554
22026	0.00602409638554
25487	0.00602409638554
34121	0.00602409638554
50987	0.00602409638554
14140	0.00600600600601
6679	0.0059880239521
10852	0.0059880239521
14343	0.00595238095238
41609	0.00593471810089
3943	0.00591715976331
13120	0.00591715976331
28047	0.00591715976331
28810	0.00591715976331
41062	0.00591715976331
48076	0.00591715976331
3214	0.00588235294118
7751	0.00588235294118
14206	0.00588235294118
36710	0.00588235294118
40992	0.00588235294118
7349	0.0058651026393
9488	0.00584795321637
37198	0.00584795321637
51394	0.00584795321637
51485	0.00584795321637
50897	0.00581395348837
4708	0.00578871201158
6194	0.00578034682081
33862	0.00578034682081
40975	0.00578034682081
27723	0.00574712643678
52383	0.00571428571429
3788	0.00569800569801
11776	0.00568181818182
25732	0.00568181818182
41040	0.00568181818182
41544	0.00568181818182
5116	0.00561797752809
50760	0.00561797752809
52065	0.00561797752809
52494	0.00561797752809
32862	0.00560747663551
27651	0.00560224089636
10792	0.00558659217877
37776	0.00558659217877
41177	0.00558659217877
216	0.00557103064067
32612	0.00556586270872
7317	0.00555555555556
7472	0.00555555555556
37238	0.00555555555556
41546	0.00555555555556
41968	0.00555555555556
5622	0.00554016620499
8229	0.00552486187845
38659	0.00552486187845
41404	0.00552486187845
42378	0.00552486187845
879	0.00550964187328
35136	0.00550458715596
18112	0.00549450549451
30471	0.00547945205479
921	0.00546946216955
32042	0.00546448087432
41050	0.00546448087432
41374	0.00546448087432
3059	0.00545702592087
11749	0.0054347826087
16917	0.0054347826087
50913	0.0054347826087
16273	0.00540540540541
38822	0.00540540540541
39343	0.00540540540541
2865	0.00537634408602
23373	0.00537634408602
24889	0.00537634408602
2419	0.00536193029491
2312	0.00535714285714
40980	0.00535714285714
4675	0.00534759358289
949	0.00530035335689
54	0.00529100529101
26599	0.00529100529101
31307	0.00529100529101
41227	0.00529100529101
3720	0.00524934383202
21507	0.00523560209424
29902	0.00523560209424
39358	0.00523560209424
867	0.00522193211488
870	0.00520833333333
2216	0.00520833333333
23481	0.00520833333333
41129	0.00519480519481
41452	0.00518134715026
12969	0.0051724137931
31868	0.00515463917526
38787	0.00515463917526
19601	0.00513196480938
13317	0.00512820512821
41070	0.00512820512821
11655	0.00511945392491
3689	0.00511508951407
21337	0.00510204081633
29360	0.00510204081633
7956	0.00505050505051
18972	0.00505050505051
41047	0.00505050505051
51697	0.00505050505051
1853	0.00502512562814
31440	0.00500417014178
2084	0.005
90	0.00497512437811
2595	0.00497512437811
5419	0.00497512437811
12824	0.00497512437811
21321	0.00497512437811
37689	0.00497512437811
41090	0.00497512437811
2745	0.0049504950495
15083	0.0049504950495
59604	0.0049504950495
52029	0.00492610837438
11294	0.00490196078431
40965	0.00489795918367
29287	0.00487804878049
35049	0.00487012987013
4705	0.00485436893204
50885	0.00485436893204
39366	0.0048309178744
18960	0.00481927710843
41071	0.00479616306954
23388	0.00478468899522
29399	0.00478468899522
4173	0.00477326968974
3733	0.00477099236641
1739	0.0047619047619
27051	0.00473933649289
1064	0.00472440944882
11165	0.00471698113208
32490	0.00471698113208
7300	0.00469483568075
41037	0.00469483568075
900	0.00468018720749
17611	0.00467289719626
40289	0.00467289719626
4951	0.004662004662
21845	0.0046511627907
25113	0.00462962962963
29444	0.00462962962963
34929	0.00462962962963
11230	0.00460829493088
5643	0.0045871559633
53069	0.0045871559633
1361	0.00456621004566
13095	0.00456621004566
51099	0.00454545454545
2787	0.00452488687783
40981	0.00452488687783
41045	0.00452488687783
52697	0.00452488687783
689	0.00451467268623
37660	0.0045045045045
10727	0.00448430493274
3273	0.00446428571429
2848	0.00444444444444
20075	0.00444444444444
33377	0.00444444444444
52055	0.00444444444444
27255	0.00442477876106
26934	0.00440528634361
29492	0.00440528634361
40977	0.00440528634361
41091	0.00440528634361
21545	0.00438596491228
29780	0.00438596491228
41140	0.00438596491228
631	0.00437636761488
9656	0.00437317784257
6816	0.00436681222707
38493	0.00436681222707
4137	0.00431965442765
5693	0.00431965442765
2127	0.00431034482759
2785	0.00431034482759
41329	0.00431034482759
4057	0.00429184549356
15794	0.00429184549356
35703	0.00429184549356
37392	0.00428571428571
4876	0.0042735042735
4900	0.0042735042735
28043	0.0042735042735
51724	0.0042735042735
41003	0.00425531914894
2037	0.0042492917847
4390	0.00423728813559
10920	0.00423728813559
22717	0.00423728813559
27927	0.00423728813559
34356	0.00423728813559
34519	0.00423728813559
41270	0.00423728813559
23742	0.0042194092827
39483	0.0042194092827
28633	0.00418410041841
22383	0.00417246175243
76	0.00417014178482
18205	0.00416666666667
29854	0.00413223140496
36392	0.00412371134021
13111	0.00412007062978
1902	0.00411522633745
50845	0.00411522633745
34145	0.00408163265306
39027	0.00408163265306
5157	0.00406297613002
5593	0.00405679513185
10287	0.00404858299595
4339	0.00403225806452
44117	0.00403225806452
6803	0.004
30445	0.004
1921	0.00398406374502
40970	0.00398406374502
14352	0.00397350993377
17147	0.00396825396825
20875	0.00396825396825
27358	0.00396825396825
41194	0.00396825396825
35345	0.00395256916996
40984	0.00395256916996
40995	0.00393700787402
47637	0.00393700787402
31312	0.00392156862745
5673	0.00391389432485
15207	0.00389105058366
16956	0.00387596899225
1118	0.00386597938144
2110	0.003861003861
41253	0.003861003861
34199	0.00384615384615
41188	0.00384615384615
13216	0.00380228136882
26416	0.00380228136882
17939	0.00378787878788
31877	0.00378787878788
51178	0.00378787878788
2152	0.00377358490566
29992	0.00377358490566
30899	0.00377358490566
39852	0.00377358490566
11727	0.00377002827521
41208	0.00375939849624
1117	0.00374531835206
10251	0.00374531835206
28128	0.00374531835206
40334	0.00374531835206
2313	0.00373134328358
33142	0.00373134328358
4430	0.00372856077554
3312	0.00372439478585
2757	0.0037037037037
11769	0.0037037037037
39602	0.0037037037037
34367	0.00367309458219
28443	0.003663003663
29739	0.003663003663
51158	0.003663003663
37775	0.0036496350365
5599	0.00363636363636
37426	0.00362976406534
5809	0.00361990950226
41705	0.00361010830325
39447	0.00358851674641
4335	0.00358422939068
18414	0.00358422939068
29277	0.00358422939068
41364	0.00357142857143
41583	0.00356506238859
4489	0.00355871886121
22654	0.00355871886121
3747	0.00353356890459
6564	0.00353356890459
41368	0.00353356890459
52018	0.00353356890459
22744	0.00352733686067
11381	0.00352112676056
27890	0.00352112676056
38807	0.00352112676056
32832	0.00350877192982
14750	0.00350058343057
21558	0.00348432055749
28407	0.00348432055749
53040	0.00348432055749
29863	0.00347222222222
30980	0.00346420323326
19090	0.00346020761246
42609	0.00346020761246
40969	0.00344827586207
3991	0.00343642611684
18278	0.00343642611684
2448	0.00342465753425
28055	0.00340136054422
6954	0.00338983050847
41106	0.00338983050847
1743	0.00337837837838
38925	0.00337837837838
29145	0.00335570469799
18699	0.00333333333333
34224	0.00332594235033
14115	0.00331125827815
7312	0.003300330033
1239	0.00328947368421
8681	0.00328947368421
30625	0.00328947368421
35563	0.00328542094456
41307	0.00327868852459
19598	0.00326157860404
684	0.00325732899023
1918	0.00324675324675
2326	0.00324675324675
23999	0.00324675324675
4121	0.00323624595469
11481	0.00323624595469
41039	0.00323624595469
41098	0.00323624595469
12610	0.0032310177706
20416	0.0032310177706
2409	0.0032154340836
5204	0.0032154340836
51156	0.0032154340836
4396	0.00320718409237
12121	0.00319488817891
7299	0.0031847133758
27809	0.0031847133758
35237	0.0031847133758
13339	0.0031746031746
38987	0.0031746031746
40979	0.0031746031746
9200	0.00316455696203
41972	0.00314465408805
5231	0.00312989045383
5616	0.00311526479751
38584	0.00311526479751
17008	0.00310559006211
38262	0.00310559006211
26893	0.0030959752322
868	0.00307692307692
23150	0.00307692307692
33621	0.00307692307692
4518	0.0030755711775
2	0.0030487804878
4868	0.0030487804878
18613	0.00304414003044
38959	0.00303951367781
2344	0.0030303030303
20542	0.00302114803625
27535	0.00302114803625
893	0.00301356102461
5774	0.003003003003
17987	0.003003003003
41434	0.00299401197605
39546	0.00298507462687
41029	0.00298507462687
39785	0.00297914597815
29686	0.00297619047619
2030	0.00294985250737
3260	0.00293255131965
29591	0.00293255131965
4485	0.00292397660819
2142	0.00291545189504
2290	0.00291375291375
10250	0.00290697674419
41016	0.00290275761974
18301	0.0028901734104
2613	0.002886002886
2186	0.0028818443804
41034	0.00286532951289
50863	0.00286532951289
41068	0.00286259541985
29453	0.00285714285714
47611	0.00285714285714
5503	0.00285442435775
50939	0.00284090909091
50957	0.0028328611898
34897	0.00282485875706
41048	0.00282485875706
40987	0.00282087447109
25324	0.00281690140845
742	0.00280112044818
50855	0.00280112044818
1503	0.00278862242052
4563	0.00278810408922
3553	0.00277777777778
9251	0.00276243093923
3933	0.00275735294118
11359	0.00274725274725
51989	0.00274725274725
6689	0.0027397260274
41097	0.0027397260274
7419	0.00273224043716
15373	0.00273224043716
29971	0.00273224043716
4916	0.002722323049
20506	0.00269541778976
21323	0.00268817204301
4578	0.00268672756582
37993	0.00268096514745
8709	0.00267737617135
7442	0.00267379679144
35809	0.00266666666667
24522	0.00265957446809
2840	0.0026525198939
1438	0.0026455026455
29218	0.0026455026455
36999	0.00263852242744
41018	0.00262812089356
12017	0.00262467191601
25738	0.00261324041812
20630	0.00260416666667
35514	0.0025974025974
9538	0.0025706940874
23642	0.0025641025641
31483	0.00253807106599
20818	0.00250626566416
51096	0.00250626566416
15636	0.00249376558603
9642	0.00249066002491
932	0.00248138957816
24684	0.00248138957816
39709	0.00248138957816
22743	0.00245499181669
869	0.00244379276637
7100	0.00243309002433
4711	0.00242424242424
2515	0.00242130750605
41467	0.0024154589372
3365	0.00238663484487
27525	0.00238663484487
28051	0.00238473767886
4655	0.00236806495264
18307	0.00235849056604
4846	0.00235663786332
6427	0.00235501913453
35045	0.00234741784038
11778	0.002331002331
11675	0.00229885057471
22251	0.00229357798165
31830	0.00229357798165
3827	0.00225225225225
28832	0.00224215246637
29861	0.00223713646532
26805	0.00222816399287
2007	0.00220264317181
38203	0.00219418540867
49394	0.00218340611354
41332	0.00217864923747
253	0.00217627856366
1497	0.00215749730313
18311	0.00215517241379
15228	0.00215053763441
3419	0.00214592274678
11169	0.00214132762313
7340	0.00212992545261
19599	0.0021186440678
5432	0.00208768267223
36394	0.00208768267223
3531	0.00208333333333
25051	0.00205761316872
39549	0.00204498977505
17938	0.00204081632653
17711	0.00201612903226
41355	0.00201612903226
5768	0.00200803212851
5112	0.00199203187251
3729	0.00198412698413
33841	0.00195694716243
36398	0.0019512195122
21797	0.00194174757282
9647	0.00193798449612
3527	0.0019305019305
17586	0.0019267822736
34369	0.00192307692308
2463	0.00191387559809
40971	0.00190114068441
28821	0.00189393939394
41985	0.00189393939394
9826	0.00188323917137
30269	0.0018691588785
40999	0.0018691588785
51041	0.00185185185185
12998	0.0018315018315
13935	0.0018315018315
27489	0.00182481751825
39915	0.0018018018018
40962	0.00179372197309
17566	0.00178571428571
37737	0.00175746924429
38793	0.00174013921114
13955	0.00173310225303
41074	0.00173310225303
41116	0.00170068027211
37111	0.00167224080268
7261	0.00166389351082
6812	0.0016339869281
32188	0.0016051364366
17355	0.00160256410256
6304	0.00153609831029
17596	0.00152207001522
992	0.00151745068285
1135	0.00151515151515
26584	0.00142653352354
38492	0.00138312586445
3133	0.00132802124834
2381	0.00131061598952
2733	0.00131061598952
41031	0.00124688279302
1628	0.00124378109453
5420	0.00123915737299
18584	0.00122399020808
38191	0.00116686114352
28405	0.00115340253749
5000	0.00110619469027
2898	0.00108813928183
28742	0.0010649627263
11	0.000992063492063
1048	0.000948766603416
22929	0.00091407678245
38794	0.000887311446318
5519	0.000864304235091
18777	0.000848896434635
39136	0.000771604938272
