20249	0.0909090909091
16517	0.0869565217391
28309	0.0869565217391
41014	0.0833333333333
22878	0.0769230769231
24728	0.0666666666667
26392	0.0666666666667
10337	0.0645161290323
10476	0.0645161290323
15208	0.0645161290323
36257	0.0645161290323
58301	0.0645161290323
59150	0.0645161290323
51275	0.0588235294118
28247	0.0571428571429
50393	0.0571428571429
20515	0.0555555555556
29378	0.0555555555556
23497	0.0540540540541
51428	0.0540540540541
2369	0.0526315789474
6104	0.0526315789474
6675	0.0526315789474
10818	0.0526315789474
13054	0.0526315789474
16941	0.0526315789474
22250	0.0526315789474
22718	0.0526315789474
23007	0.0526315789474
23101	0.0526315789474
24267	0.0526315789474
24274	0.0526315789474
25410	0.0526315789474
28339	0.0526315789474
31834	0.0526315789474
33093	0.0526315789474
33918	0.0526315789474
35502	0.0526315789474
38284	0.0526315789474
39741	0.0526315789474
40066	0.0526315789474
42364	0.0526315789474
44182	0.0526315789474
44481	0.0526315789474
45090	0.0526315789474
48436	0.0526315789474
52355	0.0526315789474
53716	0.0526315789474
54876	0.0526315789474
55501	0.0526315789474
56580	0.0526315789474
56818	0.0526315789474
56891	0.0526315789474
58160	0.0526315789474
59491	0.0526315789474
60287	0.0526315789474
61401	0.0526315789474
61173	0.051724137931
23186	0.0512820512821
37740	0.0512820512821
49965	0.0512820512821
61153	0.0512820512821
2018	0.05
4088	0.05
6552	0.05
6664	0.05
7498	0.05
9683	0.05
11094	0.05
12302	0.05
18143	0.05
18572	0.05
22556	0.05
22595	0.05
23548	0.05
24574	0.05
25872	0.05
34394	0.05
36727	0.05
38470	0.05
41341	0.05
42411	0.05
42789	0.05
43090	0.05
43186	0.05
43548	0.05
44517	0.05
45721	0.05
46403	0.05
48003	0.05
49355	0.05
50394	0.05
52449	0.05
52570	0.05
54170	0.05
54796	0.05
56386	0.05
56896	0.05
57852	0.05
58268	0.05
58524	0.05
59487	0.05
59773	0.05
61364	0.05
61513	0.05
21142	0.0487804878049
29230	0.0487804878049
51816	0.0487804878049
52922	0.0487804878049
6064	0.047619047619
6618	0.047619047619
7607	0.047619047619
7905	0.047619047619
9970	0.047619047619
10617	0.047619047619
11074	0.047619047619
16524	0.047619047619
19629	0.047619047619
20202	0.047619047619
21649	0.047619047619
22630	0.047619047619
23365	0.047619047619
24962	0.047619047619
28505	0.047619047619
29069	0.047619047619
29413	0.047619047619
30204	0.047619047619
33535	0.047619047619
35856	0.047619047619
37380	0.047619047619
37900	0.047619047619
38271	0.047619047619
38443	0.047619047619
40911	0.047619047619
42559	0.047619047619
42622	0.047619047619
42711	0.047619047619
45193	0.047619047619
46177	0.047619047619
46225	0.047619047619
47371	0.047619047619
47461	0.047619047619
47584	0.047619047619
51732	0.047619047619
56040	0.047619047619
57713	0.047619047619
57744	0.047619047619
60209	0.047619047619
20320	0.046511627907
6506	0.0454545454545
7900	0.0454545454545
9401	0.0454545454545
10648	0.0454545454545
13082	0.0454545454545
13084	0.0454545454545
13166	0.0454545454545
14653	0.0454545454545
18093	0.0454545454545
19615	0.0454545454545
20266	0.0454545454545
21842	0.0454545454545
22134	0.0454545454545
22302	0.0454545454545
22661	0.0454545454545
23947	0.0454545454545
24840	0.0454545454545
27367	0.0454545454545
33861	0.0454545454545
36795	0.0454545454545
40396	0.0454545454545
42187	0.0454545454545
42223	0.0454545454545
42337	0.0454545454545
45230	0.0454545454545
46100	0.0454545454545
46293	0.0454545454545
46729	0.0454545454545
48009	0.0454545454545
55147	0.0454545454545
56105	0.0454545454545
56129	0.0454545454545
56306	0.0454545454545
58755	0.0454545454545
59828	0.0454545454545
60229	0.0454545454545
61293	0.0454545454545
754	0.0434782608696
1555	0.0434782608696
6293	0.0434782608696
6388	0.0434782608696
8376	0.0434782608696
9000	0.0434782608696
13721	0.0434782608696
14172	0.0434782608696
14385	0.0434782608696
14836	0.0434782608696
15827	0.0434782608696
19455	0.0434782608696
19548	0.0434782608696
20145	0.0434782608696
20176	0.0434782608696
20255	0.0434782608696
20270	0.0434782608696
21678	0.0434782608696
21953	0.0434782608696
24847	0.0434782608696
25423	0.0434782608696
27242	0.0434782608696
28544	0.0434782608696
29123	0.0434782608696
33696	0.0434782608696
34658	0.0434782608696
40947	0.0434782608696
41772	0.0434782608696
41936	0.0434782608696
43975	0.0434782608696
45087	0.0434782608696
45700	0.0434782608696
46855	0.0434782608696
48801	0.0434782608696
48947	0.0434782608696
49708	0.0434782608696
50047	0.0434782608696
50798	0.0434782608696
51333	0.0434782608696
51463	0.0434782608696
51564	0.0434782608696
51984	0.0434782608696
52369	0.0434782608696
52788	0.0434782608696
54154	0.0434782608696
59472	0.0434782608696
60590	0.0434782608696
2177	0.0416666666667
4757	0.0416666666667
8034	0.0416666666667
9379	0.0416666666667
11248	0.0416666666667
11634	0.0416666666667
14114	0.0416666666667
14590	0.0416666666667
16177	0.0416666666667
18734	0.0416666666667
19816	0.0416666666667
21486	0.0416666666667
22445	0.0416666666667
23986	0.0416666666667
24908	0.0416666666667
25797	0.0416666666667
28602	0.0416666666667
31550	0.0416666666667
33352	0.0416666666667
34711	0.0416666666667
36064	0.0416666666667
36279	0.0416666666667
38614	0.0416666666667
39079	0.0416666666667
42287	0.0416666666667
42469	0.0416666666667
42871	0.0416666666667
43855	0.0416666666667
46739	0.0416666666667
46974	0.0416666666667
47006	0.0416666666667
48026	0.0416666666667
48340	0.0416666666667
48588	0.0416666666667
53047	0.0416666666667
53439	0.0416666666667
54230	0.0416666666667
57892	0.0416666666667
4804	0.041095890411
60601	0.0408163265306
6315	0.0405405405405
3098	0.04
4122	0.04
4154	0.04
4768	0.04
4970	0.04
5046	0.04
6389	0.04
7761	0.04
8055	0.04
8190	0.04
8255	0.04
8374	0.04
9446	0.04
11278	0.04
16969	0.04
18012	0.04
22437	0.04
22904	0.04
23413	0.04
24176	0.04
25763	0.04
26699	0.04
29424	0.04
29830	0.04
30376	0.04
35177	0.04
35438	0.04
37109	0.04
41021	0.04
41785	0.04
43215	0.04
46456	0.04
46775	0.04
47208	0.04
51262	0.04
52545	0.04
52616	0.04
56463	0.04
56790	0.04
59692	0.04
60018	0.04
60390	0.04
8906	0.0392156862745
2623	0.0384615384615
3424	0.0384615384615
5762	0.0384615384615
9719	0.0384615384615
9940	0.0384615384615
12471	0.0384615384615
14854	0.0384615384615
17268	0.0384615384615
18982	0.0384615384615
19945	0.0384615384615
20644	0.0384615384615
24423	0.0384615384615
31707	0.0384615384615
32331	0.0384615384615
33726	0.0384615384615
34899	0.0384615384615
35596	0.0384615384615
38441	0.0384615384615
41574	0.0384615384615
42278	0.0384615384615
43175	0.0384615384615
43460	0.0384615384615
45640	0.0384615384615
47419	0.0384615384615
49405	0.0384615384615
49425	0.0384615384615
50928	0.0384615384615
51628	0.0384615384615
51788	0.0384615384615
52818	0.0384615384615
52967	0.0384615384615
53369	0.0384615384615
55748	0.0384615384615
57313	0.0384615384615
60181	0.0384615384615
7113	0.037037037037
7400	0.037037037037
9582	0.037037037037
10740	0.037037037037
11292	0.037037037037
11860	0.037037037037
12674	0.037037037037
12931	0.037037037037
13042	0.037037037037
16416	0.037037037037
17010	0.037037037037
17602	0.037037037037
18312	0.037037037037
18357	0.037037037037
20962	0.037037037037
22329	0.037037037037
22451	0.037037037037
23193	0.037037037037
25514	0.037037037037
25646	0.037037037037
27655	0.037037037037
27955	0.037037037037
28539	0.037037037037
29765	0.037037037037
30362	0.037037037037
32914	0.037037037037
37816	0.037037037037
38145	0.037037037037
39333	0.037037037037
40099	0.037037037037
40990	0.037037037037
41464	0.037037037037
43808	0.037037037037
51280	0.037037037037
52527	0.037037037037
52695	0.037037037037
54316	0.037037037037
54926	0.037037037037
60122	0.037037037037
61029	0.037037037037
61140	0.037037037037
2049	0.0357142857143
3283	0.0357142857143
3573	0.0357142857143
4182	0.0357142857143
4459	0.0357142857143
5506	0.0357142857143
8788	0.0357142857143
10516	0.0357142857143
10903	0.0357142857143
11646	0.0357142857143
12112	0.0357142857143
15124	0.0357142857143
17044	0.0357142857143
17763	0.0357142857143
18624	0.0357142857143
20502	0.0357142857143
21514	0.0357142857143
21573	0.0357142857143
22166	0.0357142857143
22778	0.0357142857143
22788	0.0357142857143
25089	0.0357142857143
25116	0.0357142857143
27035	0.0357142857143
28392	0.0357142857143
29112	0.0357142857143
33191	0.0357142857143
35380	0.0357142857143
36274	0.0357142857143
39832	0.0357142857143
40725	0.0357142857143
41362	0.0357142857143
41676	0.0357142857143
44491	0.0357142857143
47704	0.0357142857143
48089	0.0357142857143
51633	0.0357142857143
52117	0.0357142857143
52478	0.0357142857143
52681	0.0357142857143
56214	0.0357142857143
60641	0.0357142857143
60933	0.0357142857143
26047	0.0350877192982
47445	0.0350877192982
2029	0.0344827586207
6554	0.0344827586207
7636	0.0344827586207
8090	0.0344827586207
9500	0.0344827586207
12747	0.0344827586207
13026	0.0344827586207
15819	0.0344827586207
17071	0.0344827586207
17895	0.0344827586207
20215	0.0344827586207
21907	0.0344827586207
23391	0.0344827586207
24935	0.0344827586207
25362	0.0344827586207
25847	0.0344827586207
28716	0.0344827586207
29675	0.0344827586207
32553	0.0344827586207
34520	0.0344827586207
34616	0.0344827586207
36838	0.0344827586207
39137	0.0344827586207
39460	0.0344827586207
41064	0.0344827586207
42229	0.0344827586207
42828	0.0344827586207
45746	0.0344827586207
48828	0.0344827586207
50507	0.0344827586207
51190	0.0344827586207
51688	0.0344827586207
52270	0.0344827586207
53296	0.0344827586207
57433	0.0344827586207
59155	0.0344827586207
59841	0.0344827586207
60738	0.0344827586207
55884	0.0338983050847
35229	0.0337078651685
713	0.0333333333333
11485	0.0333333333333
12594	0.0333333333333
13257	0.0333333333333
18088	0.0333333333333
20462	0.0333333333333
22156	0.0333333333333
23907	0.0333333333333
25552	0.0333333333333
25878	0.0333333333333
26164	0.0333333333333
29538	0.0333333333333
31532	0.0333333333333
32992	0.0333333333333
33339	0.0333333333333
33812	0.0333333333333
38096	0.0333333333333
40715	0.0333333333333
41507	0.0333333333333
42013	0.0333333333333
43093	0.0333333333333
47602	0.0333333333333
49344	0.0333333333333
49674	0.0333333333333
59822	0.0333333333333
60946	0.0333333333333
2831	0.0327868852459
1674	0.0322580645161
6854	0.0322580645161
7976	0.0322580645161
8451	0.0322580645161
9156	0.0322580645161
9966	0.0322580645161
13247	0.0322580645161
14663	0.0322580645161
15050	0.0322580645161
17259	0.0322580645161
18993	0.0322580645161
20378	0.0322580645161
24808	0.0322580645161
27196	0.0322580645161
28605	0.0322580645161
30713	0.0322580645161
33556	0.0322580645161
34675	0.0322580645161
34893	0.0322580645161
36021	0.0322580645161
36378	0.0322580645161
38963	0.0322580645161
39372	0.0322580645161
40071	0.0322580645161
40176	0.0322580645161
41209	0.0322580645161
43334	0.0322580645161
43563	0.0322580645161
52374	0.0322580645161
52954	0.0322580645161
53126	0.0322580645161
27899	0.0320512820513
37795	0.031746031746
60068	0.0315789473684
1879	0.03125
2664	0.03125
6782	0.03125
10960	0.03125
15149	0.03125
16137	0.03125
20228	0.03125
23945	0.03125
25724	0.03125
33035	0.03125
33231	0.03125
34304	0.03125
38939	0.03125
39311	0.03125
41469	0.03125
41494	0.03125
41624	0.03125
41682	0.03125
41995	0.03125
42222	0.03125
42232	0.03125
42873	0.03125
42960	0.03125
43937	0.03125
45179	0.03125
47059	0.03125
50919	0.03125
51920	0.03125
51974	0.03125
60047	0.03125
2410	0.0309278350515
101	0.030303030303
2958	0.030303030303
3932	0.030303030303
4984	0.030303030303
6342	0.030303030303
8454	0.030303030303
9664	0.030303030303
9757	0.030303030303
15380	0.030303030303
17522	0.030303030303
18238	0.030303030303
19670	0.030303030303
19808	0.030303030303
20461	0.030303030303
23120	0.030303030303
24767	0.030303030303
26930	0.030303030303
27198	0.030303030303
27581	0.030303030303
29367	0.030303030303
29647	0.030303030303
29886	0.030303030303
30227	0.030303030303
30524	0.030303030303
32084	0.030303030303
32123	0.030303030303
32737	0.030303030303
34449	0.030303030303
38021	0.030303030303
38451	0.030303030303
39507	0.030303030303
41130	0.030303030303
41693	0.030303030303
42384	0.030303030303
45065	0.030303030303
51289	0.030303030303
52248	0.030303030303
59560	0.030303030303
59737	0.030303030303
60075	0.030303030303
19761	0.0298507462687
23750	0.0298507462687
51050	0.0298507462687
1091	0.0294117647059
2053	0.0294117647059
6780	0.0294117647059
7495	0.0294117647059
11243	0.0294117647059
12915	0.0294117647059
14146	0.0294117647059
15686	0.0294117647059
18306	0.0294117647059
20795	0.0294117647059
34186	0.0294117647059
34903	0.0294117647059
35908	0.0294117647059
39607	0.0294117647059
41502	0.0294117647059
41944	0.0294117647059
45641	0.0294117647059
46253	0.0294117647059
52326	0.0294117647059
52496	0.0294117647059
59733	0.0294117647059
1323	0.0288461538462
1240	0.0285714285714
1965	0.0285714285714
3108	0.0285714285714
3630	0.0285714285714
4049	0.0285714285714
6201	0.0285714285714
8222	0.0285714285714
8736	0.0285714285714
11758	0.0285714285714
21669	0.0285714285714
22493	0.0285714285714
24368	0.0285714285714
25022	0.0285714285714
28816	0.0285714285714
35106	0.0285714285714
39581	0.0285714285714
41984	0.0285714285714
42659	0.0285714285714
43107	0.0285714285714
47233	0.0285714285714
47659	0.0285714285714
52630	0.0285714285714
53335	0.0285714285714
55367	0.0285714285714
56686	0.0285714285714
41075	0.0281690140845
1163	0.0277777777778
4442	0.0277777777778
17634	0.0277777777778
17877	0.0277777777778
20418	0.0277777777778
22670	0.0277777777778
22885	0.0277777777778
27104	0.0277777777778
29623	0.0277777777778
31208	0.0277777777778
35016	0.0277777777778
35574	0.0277777777778
38039	0.0277777777778
41446	0.0277777777778
42192	0.0277777777778
48765	0.0277777777778
51073	0.0277777777778
52296	0.0277777777778
52923	0.0277777777778
53039	0.0277777777778
6369	0.0275229357798
27910	0.027397260274
1157	0.027027027027
3939	0.027027027027
7421	0.027027027027
8158	0.027027027027
9754	0.027027027027
10185	0.027027027027
16934	0.027027027027
26467	0.027027027027
31037	0.027027027027
31149	0.027027027027
31459	0.027027027027
32626	0.027027027027
33501	0.027027027027
34665	0.027027027027
36399	0.027027027027
41020	0.027027027027
41344	0.027027027027
41633	0.027027027027
42163	0.027027027027
42203	0.027027027027
47978	0.027027027027
50857	0.027027027027
51868	0.027027027027
52444	0.027027027027
56753	0.027027027027
59670	0.027027027027
24460	0.0266666666667
26529	0.0266666666667
52962	0.0266666666667
474	0.0263157894737
7499	0.0263157894737
9212	0.0263157894737
10327	0.0263157894737
11788	0.0263157894737
12485	0.0263157894737
22367	0.0263157894737
22827	0.0263157894737
26067	0.0263157894737
29258	0.0263157894737
31963	0.0263157894737
33808	0.0263157894737
34467	0.0263157894737
36218	0.0263157894737
37341	0.0263157894737
41290	0.0263157894737
41466	0.0263157894737
41476	0.0263157894737
41986	0.0263157894737
42593	0.0263157894737
45460	0.0263157894737
46033	0.0263157894737
51303	0.0263157894737
51963	0.0263157894737
51982	0.0263157894737
54916	0.0263157894737
56078	0.0263157894737
18503	0.025974025974
23944	0.025974025974
201	0.025641025641
2059	0.025641025641
6343	0.025641025641
7339	0.025641025641
8045	0.025641025641
9208	0.025641025641
10868	0.025641025641
12483	0.025641025641
13965	0.025641025641
16847	0.025641025641
20312	0.025641025641
22395	0.025641025641
25844	0.025641025641
25859	0.025641025641
29355	0.025641025641
29670	0.025641025641
32844	0.025641025641
32893	0.025641025641
34518	0.025641025641
34738	0.025641025641
35186	0.025641025641
38989	0.025641025641
41439	0.025641025641
41509	0.025641025641
43691	0.025641025641
45138	0.025641025641
48853	0.025641025641
51056	0.025641025641
54244	0.025641025641
50935	0.0253164556962
51353	0.0253164556962
53004	0.0253164556962
41826	0.0252100840336
42973	0.0252100840336
17637	0.0251572327044
3568	0.025
5739	0.025
6576	0.025
6747	0.025
7678	0.025
17695	0.025
30002	0.025
30154	0.025
30195	0.025
34793	0.025
41155	0.025
52237	0.025
20205	0.0247933884298
1082	0.0243902439024
1542	0.0243902439024
4877	0.0243902439024
5625	0.0243902439024
7614	0.0243902439024
12306	0.0243902439024
15442	0.0243902439024
16523	0.0243902439024
18737	0.0243902439024
19688	0.0243902439024
20283	0.0243902439024
21451	0.0243902439024
31733	0.0243902439024
41696	0.0243902439024
43532	0.0243902439024
45354	0.0243902439024
49060	0.0243902439024
49390	0.0243902439024
49415	0.0243902439024
7509	0.0239520958084
1013	0.0238095238095
16858	0.0238095238095
16995	0.0238095238095
20290	0.0238095238095
20891	0.0238095238095
22009	0.0238095238095
23321	0.0238095238095
23626	0.0238095238095
24538	0.0238095238095
24951	0.0238095238095
26745	0.0238095238095
28088	0.0238095238095
31028	0.0238095238095
32050	0.0238095238095
32472	0.0238095238095
42491	0.0238095238095
43611	0.0238095238095
43675	0.0238095238095
48158	0.0238095238095
50536	0.0238095238095
4322	0.0232558139535
4336	0.0232558139535
9356	0.0232558139535
10348	0.0232558139535
17258	0.0232558139535
18668	0.0232558139535
25273	0.0232558139535
27514	0.0232558139535
32228	0.0232558139535
33902	0.0232558139535
34149	0.0232558139535
34660	0.0232558139535
39190	0.0232558139535
41193	0.0232558139535
41663	0.0232558139535
42660	0.0232558139535
44233	0.0232558139535
51646	0.0232558139535
51669	0.0232558139535
51689	0.0232558139535
54601	0.0232558139535
54960	0.0232558139535
42977	0.0230769230769
7346	0.0229885057471
39213	0.0229885057471
52276	0.0229885057471
961	0.0227272727273
1887	0.0227272727273
11947	0.0227272727273
12953	0.0227272727273
21516	0.0227272727273
25507	0.0227272727273
31358	0.0227272727273
32013	0.0227272727273
32590	0.0227272727273
34861	0.0227272727273
36262	0.0227272727273
43134	0.0227272727273
46690	0.0227272727273
51441	0.0227272727273
51585	0.0227272727273
52125	0.0227272727273
52712	0.0227272727273
55890	0.0227272727273
57807	0.0227272727273
60525	0.0227272727273
33	0.0222222222222
845	0.0222222222222
1060	0.0222222222222
1071	0.0222222222222
1146	0.0222222222222
1778	0.0222222222222
3692	0.0222222222222
4334	0.0222222222222
6095	0.0222222222222
7525	0.0222222222222
8659	0.0222222222222
12968	0.0222222222222
20748	0.0222222222222
26600	0.0222222222222
30552	0.0222222222222
30618	0.0222222222222
33994	0.0222222222222
38471	0.0222222222222
39934	0.0222222222222
42824	0.0222222222222
42849	0.0222222222222
48494	0.0222222222222
48807	0.0222222222222
51033	0.0222222222222
51118	0.0222222222222
51186	0.0222222222222
51229	0.0222222222222
53113	0.0222222222222
53250	0.0222222222222
53380	0.0222222222222
61218	0.0222222222222
52383	0.0220994475138
60331	0.0220588235294
4867	0.021978021978
17556	0.021978021978
29280	0.021978021978
1740	0.0217391304348
2293	0.0217391304348
2598	0.0217391304348
2943	0.0217391304348
3589	0.0217391304348
3852	0.0217391304348
6378	0.0217391304348
11095	0.0217391304348
17239	0.0217391304348
18336	0.0217391304348
30261	0.0217391304348
38676	0.0217391304348
39335	0.0217391304348
40994	0.0217391304348
42280	0.0217391304348
42800	0.0217391304348
43815	0.0217391304348
43884	0.0217391304348
44560	0.0217391304348
51716	0.0217391304348
60283	0.0217391304348
50937	0.0215517241379
41274	0.0213675213675
924	0.0212765957447
1307	0.0212765957447
1375	0.0212765957447
2072	0.0212765957447
4159	0.0212765957447
4193	0.0212765957447
18256	0.0212765957447
20728	0.0212765957447
26829	0.0212765957447
34622	0.0212765957447
38605	0.0212765957447
38727	0.0212765957447
43698	0.0212765957447
48552	0.0212765957447
51291	0.0212765957447
51835	0.0212765957447
52868	0.0212765957447
57364	0.0212765957447
57521	0.0212765957447
14518	0.020979020979
9323	0.0208333333333
13394	0.0208333333333
18441	0.0208333333333
27268	0.0208333333333
30453	0.0208333333333
37316	0.0208333333333
37665	0.0208333333333
39207	0.0208333333333
40996	0.0208333333333
41510	0.0208333333333
42700	0.0208333333333
45205	0.0208333333333
49943	0.0208333333333
51523	0.0208333333333
52136	0.0208333333333
59554	0.0208333333333
59814	0.0208333333333
59875	0.0208333333333
60463	0.0208333333333
4769	0.020618556701
41525	0.020618556701
1752	0.0205479452055
11171	0.0204081632653
12971	0.0204081632653
13073	0.0204081632653
15802	0.0204081632653
19032	0.0204081632653
23850	0.0204081632653
29958	0.0204081632653
31860	0.0204081632653
35180	0.0204081632653
41558	0.0204081632653
42199	0.0204081632653
42306	0.0204081632653
42678	0.0204081632653
43722	0.0204081632653
49719	0.0204081632653
51268	0.0204081632653
59707	0.0204081632653
8189	0.020202020202
32058	0.020202020202
41649	0.020202020202
48221	0.020202020202
22524	0.0201005025126
338	0.02
10952	0.02
11346	0.02
20800	0.02
26875	0.02
29645	0.02
32522	0.02
41231	0.02
41337	0.02
42117	0.02
43632	0.02
45277	0.02
51205	0.02
51383	0.02
57790	0.02
28156	0.0198675496689
22426	0.019801980198
34168	0.019801980198
12777	0.0197368421053
134	0.0196078431373
387	0.0196078431373
876	0.0196078431373
885	0.0196078431373
913	0.0196078431373
13086	0.0196078431373
16562	0.0196078431373
25046	0.0196078431373
26840	0.0196078431373
31471	0.0196078431373
39683	0.0196078431373
41187	0.0196078431373
41254	0.0196078431373
41892	0.0196078431373
42920	0.0196078431373
45481	0.0196078431373
46970	0.0196078431373
48295	0.0196078431373
51097	0.0196078431373
2941	0.0192307692308
5803	0.0192307692308
9604	0.0192307692308
10694	0.0192307692308
11386	0.0192307692308
16171	0.0192307692308
25006	0.0192307692308
25297	0.0192307692308
26407	0.0192307692308
26713	0.0192307692308
29135	0.0192307692308
30680	0.0192307692308
31107	0.0192307692308
33068	0.0192307692308
38983	0.0192307692308
43805	0.0192307692308
44375	0.0192307692308
51456	0.0192307692308
52771	0.0192307692308
49791	0.0190476190476
618	0.0189873417722
849	0.0188679245283
6788	0.0188679245283
13261	0.0188679245283
13560	0.0188679245283
15009	0.0188679245283
18292	0.0188679245283
25827	0.0188679245283
25885	0.0188679245283
26954	0.0188679245283
30806	0.0188679245283
31022	0.0188679245283
32398	0.0188679245283
38019	0.0188679245283
38880	0.0188679245283
41103	0.0188679245283
49784	0.0188679245283
51559	0.0188679245283
51979	0.0188679245283
52421	0.0188679245283
52523	0.0188679245283
52589	0.0188679245283
53372	0.0188679245283
56215	0.0188679245283
59608	0.0188679245283
41082	0.018691588785
2838	0.0185185185185
10428	0.0185185185185
10958	0.0185185185185
10967	0.0185185185185
13254	0.0185185185185
17982	0.0185185185185
19534	0.0185185185185
21353	0.0185185185185
22922	0.0185185185185
26038	0.0185185185185
27076	0.0185185185185
30792	0.0185185185185
31157	0.0185185185185
31399	0.0185185185185
41135	0.0185185185185
41445	0.0185185185185
41713	0.0185185185185
43827	0.0185185185185
50771	0.0185185185185
51348	0.0185185185185
52511	0.0185185185185
52973	0.0185185185185
60400	0.0185185185185
21458	0.0184331797235
47553	0.0183486238532
1895	0.0181818181818
2211	0.0181818181818
5135	0.0181818181818
16774	0.0181818181818
19802	0.0181818181818
20747	0.0181818181818
23090	0.0181818181818
26652	0.0181818181818
27593	0.0181818181818
29785	0.0181818181818
38757	0.0181818181818
40875	0.0181818181818
41923	0.0181818181818
42206	0.0181818181818
43219	0.0181818181818
45345	0.0181818181818
53158	0.0181818181818
55923	0.0181818181818
50883	0.0180722891566
7513	0.018018018018
41935	0.018018018018
456	0.0178571428571
2129	0.0178571428571
2559	0.0178571428571
4221	0.0178571428571
6428	0.0178571428571
9721	0.0178571428571
11145	0.0178571428571
11854	0.0178571428571
18290	0.0178571428571
32215	0.0178571428571
38051	0.0178571428571
41449	0.0178571428571
45163	0.0178571428571
51370	0.0178571428571
59525	0.0178571428571
17605	0.017793594306
50250	0.0176991150442
2639	0.0175438596491
4611	0.0175438596491
13627	0.0175438596491
15869	0.0175438596491
17139	0.0175438596491
19321	0.0175438596491
19657	0.0175438596491
20490	0.0175438596491
22876	0.0175438596491
22949	0.0175438596491
30762	0.0175438596491
41004	0.0175438596491
41948	0.0175438596491
46469	0.0175438596491
46975	0.0175438596491
48212	0.0175438596491
49413	0.0175438596491
50585	0.0175438596491
51699	0.0174418604651
17188	0.0173913043478
30949	0.0173913043478
2716	0.0172413793103
10317	0.0172413793103
10369	0.0172413793103
10646	0.0172413793103
26275	0.0172413793103
35338	0.0172413793103
40489	0.0172413793103
41110	0.0172413793103
41379	0.0172413793103
44333	0.0172413793103
44862	0.0172413793103
50252	0.0172413793103
52491	0.0172413793103
60613	0.0172413793103
68	0.017094017094
13071	0.017094017094
31895	0.017094017094
550	0.0169491525424
1973	0.0169491525424
2092	0.0169491525424
4696	0.0169491525424
5881	0.0169491525424
7470	0.0169491525424
12503	0.0169491525424
12819	0.0169491525424
23141	0.0169491525424
32892	0.0169491525424
34618	0.0169491525424
37936	0.0169491525424
41338	0.0169491525424
41503	0.0169491525424
42317	0.0169491525424
42401	0.0169491525424
43603	0.0169491525424
43943	0.0169491525424
51023	0.0169491525424
51064	0.0169491525424
52367	0.0169491525424
52423	0.0169491525424
53237	0.0169491525424
59869	0.0169491525424
39210	0.0168067226891
23001	0.0167597765363
3481	0.0166666666667
8211	0.0166666666667
8729	0.0166666666667
9897	0.0166666666667
13870	0.0166666666667
31309	0.0166666666667
32524	0.0166666666667
34192	0.0166666666667
41471	0.0166666666667
41851	0.0166666666667
44704	0.0166666666667
47630	0.0166666666667
41444	0.0165975103734
18134	0.0165289256198
40036	0.0165289256198
5311	0.016393442623
22271	0.016393442623
23117	0.016393442623
29431	0.016393442623
29743	0.016393442623
32412	0.016393442623
33840	0.016393442623
34724	0.016393442623
36941	0.016393442623
39226	0.016393442623
41255	0.016393442623
41967	0.016393442623
42319	0.016393442623
51015	0.016393442623
51339	0.016393442623
51449	0.016393442623
53174	0.016393442623
45093	0.0162601626016
23248	0.0162162162162
779	0.0161290322581
1435	0.0161290322581
3107	0.0161290322581
3427	0.0161290322581
3544	0.0161290322581
4438	0.0161290322581
6075	0.0161290322581
6904	0.0161290322581
9444	0.0161290322581
9749	0.0161290322581
10961	0.0161290322581
20363	0.0161290322581
25050	0.0161290322581
26650	0.0161290322581
28349	0.0161290322581
53216	0.0161290322581
61083	0.0161290322581
10789	0.016
2310	0.015873015873
25305	0.015873015873
29186	0.015873015873
32210	0.015873015873
33155	0.015873015873
35926	0.015873015873
40921	0.015873015873
41375	0.015873015873
41625	0.015873015873
41883	0.015873015873
51983	0.015873015873
784	0.015625
1168	0.015625
1936	0.015625
5395	0.015625
9598	0.015625
12641	0.015625
16273	0.015625
19204	0.015625
20187	0.015625
21281	0.015625
27236	0.015625
28285	0.015625
32146	0.015625
38564	0.015625
38968	0.015625
41914	0.015625
48902	0.015625
2071	0.015503875969
1976	0.0153846153846
6259	0.0153846153846
13383	0.0153846153846
39657	0.0153846153846
39985	0.0153846153846
43034	0.0153846153846
46447	0.0153846153846
51003	0.0153846153846
60486	0.0153846153846
31312	0.0153256704981
106	0.0152671755725
42019	0.0152671755725
51988	0.0152671755725
14667	0.0151515151515
16501	0.0151515151515
20642	0.0151515151515
23143	0.0151515151515
27207	0.0151515151515
33926	0.0151515151515
35316	0.0151515151515
39848	0.0151515151515
41321	0.0151515151515
42360	0.0151515151515
59759	0.0151515151515
23080	0.0150753768844
6352	0.015037593985
363	0.0149253731343
3798	0.0149253731343
5611	0.0149253731343
13149	0.0149253731343
18108	0.0149253731343
26437	0.0149253731343
28074	0.0149253731343
32226	0.0149253731343
34932	0.0149253731343
35030	0.0149253731343
36596	0.0149253731343
38330	0.0149253731343
38787	0.0149253731343
41158	0.0149253731343
45671	0.0149253731343
51805	0.0149253731343
52845	0.0149253731343
41156	0.014880952381
35581	0.0147783251232
259	0.0147058823529
881	0.0147058823529
3492	0.0147058823529
15825	0.0147058823529
16963	0.0147058823529
26724	0.0147058823529
28559	0.0147058823529
30952	0.0147058823529
35569	0.0147058823529
41251	0.0147058823529
42427	0.0147058823529
42942	0.0147058823529
43376	0.0147058823529
43924	0.0147058823529
49044	0.0147058823529
50204	0.0147058823529
50907	0.0147058823529
1117	0.014652014652
14277	0.014598540146
28294	0.014598540146
128	0.0144927536232
1228	0.0144927536232
4341	0.0144927536232
4405	0.0144927536232
5658	0.0144927536232
12355	0.0144927536232
13076	0.0144927536232
29628	0.0144927536232
32785	0.0144927536232
40557	0.0144927536232
41976	0.0144927536232
47668	0.0144927536232
37689	0.0144230769231
2850	0.0143884892086
11087	0.0143884892086
1636	0.0142857142857
10162	0.0142857142857
14476	0.0142857142857
17691	0.0142857142857
19292	0.0142857142857
21734	0.0142857142857
27087	0.0142857142857
29365	0.0142857142857
29617	0.0142857142857
30751	0.0142857142857
33113	0.0142857142857
36635	0.0142857142857
48998	0.0142857142857
52128	0.0142857142857
52148	0.0142857142857
52931	0.0142857142857
13633	0.0141843971631
43414	0.0141843971631
398	0.0140845070423
4695	0.0140845070423
5884	0.0140845070423
9327	0.0140845070423
15357	0.0140845070423
15730	0.0140845070423
16831	0.0140845070423
23284	0.0140845070423
35953	0.0140845070423
36418	0.0140845070423
37845	0.0140845070423
41174	0.0140845070423
41616	0.0140845070423
42377	0.0140845070423
45793	0.0140845070423
50056	0.0140845070423
18414	0.0140350877193
41198	0.013986013986
2415	0.0138888888889
3981	0.0138888888889
7073	0.0138888888889
13338	0.0138888888889
17280	0.0138888888889
26060	0.0138888888889
34672	0.0138888888889
40689	0.0138888888889
41576	0.0138888888889
41931	0.0138888888889
51498	0.0138888888889
52017	0.0138888888889
61099	0.0138888888889
1147	0.013698630137
3964	0.013698630137
30672	0.013698630137
33301	0.013698630137
38569	0.013698630137
38995	0.013698630137
41994	0.013698630137
42390	0.013698630137
51026	0.013698630137
51419	0.013698630137
53286	0.013698630137
4625	0.0136054421769
4977	0.0136054421769
42750	0.0136054421769
12860	0.0135135135135
19597	0.0135135135135
38572	0.0135135135135
41577	0.0135135135135
42191	0.0135135135135
43251	0.0135135135135
44525	0.0135135135135
45610	0.0135135135135
46211	0.0135135135135
52239	0.0135135135135
38795	0.0134529147982
2028	0.0134228187919
41011	0.0134228187919
41287	0.0134228187919
2401	0.0133779264214
1342	0.0133333333333
10633	0.0133333333333
21425	0.0133333333333
27070	0.0133333333333
28719	0.0133333333333
41022	0.0133333333333
42460	0.0133333333333
50240	0.0133333333333
52121	0.0133333333333
54435	0.0133333333333
6954	0.0132890365449
494	0.0132450331126
2087	0.0131578947368
2937	0.0131578947368
3436	0.0131578947368
13119	0.0131578947368
23273	0.0131578947368
29145	0.0131578947368
33890	0.0131578947368
37117	0.0131578947368
37997	0.0131578947368
41146	0.0131004366812
50903	0.0130718954248
2282	0.012987012987
3581	0.012987012987
13121	0.012987012987
26233	0.012987012987
28781	0.012987012987
29806	0.012987012987
41579	0.012987012987
50249	0.012987012987
52319	0.012987012987
9762	0.0129032258065
14122	0.0129032258065
27715	0.0129032258065
30625	0.0129032258065
38194	0.0129032258065
44847	0.0129032258065
51676	0.0129032258065
41307	0.0128617363344
18	0.0128205128205
2874	0.0128205128205
16784	0.0128205128205
21582	0.0128205128205
25700	0.0128205128205
31393	0.0128205128205
32974	0.0128205128205
34109	0.0128205128205
35514	0.0128205128205
41180	0.0128205128205
41916	0.0128205128205
42883	0.0128205128205
50391	0.0128205128205
57430	0.0128205128205
59681	0.0128205128205
23999	0.0127388535032
51071	0.0127388535032
52802	0.0127388535032
6271	0.0126582278481
6415	0.0126582278481
8259	0.0126582278481
10046	0.0126582278481
10096	0.0126582278481
13960	0.0126582278481
18698	0.0126582278481
23760	0.0126582278481
30209	0.0126582278481
30973	0.0126582278481
32753	0.0126582278481
35117	0.0126582278481
35940	0.0126582278481
59906	0.0126582278481
2816	0.0125
4766	0.0125
13063	0.0125
14823	0.0125
18119	0.0125
33868	0.0125
38661	0.0125
42056	0.0125
42556	0.0125
44323	0.0125
51049	0.0125
6372	0.0124481327801
32895	0.0124223602484
32935	0.0124223602484
3554	0.0123456790123
4007	0.0123456790123
19469	0.0123456790123
49141	0.0123456790123
51746	0.0123456790123
19314	0.0122699386503
1922	0.0121951219512
4047	0.0121951219512
26830	0.0121951219512
29756	0.0121951219512
30694	0.0121951219512
48899	0.0121951219512
51173	0.0121951219512
51683	0.0121951219512
3787	0.0120481927711
16919	0.0120481927711
21204	0.0120481927711
32822	0.0120481927711
33720	0.0120481927711
33940	0.0120481927711
40982	0.0120481927711
60334	0.0120481927711
16912	0.0119760479042
32009	0.0119760479042
652	0.0119047619048
14511	0.0119047619048
14527	0.0119047619048
25930	0.0119047619048
28456	0.0119047619048
39426	0.0119047619048
40942	0.0119047619048
41122	0.0119047619048
41712	0.0119047619048
46558	0.0119047619048
51847	0.0119047619048
53282	0.0119047619048
59731	0.0119047619048
1877	0.0117647058824
2574	0.0117647058824
2917	0.0117647058824
3582	0.0117647058824
20080	0.0117647058824
22881	0.0117647058824
26295	0.0117647058824
35630	0.0117647058824
41689	0.0117647058824
47995	0.0117647058824
49024	0.0117647058824
51307	0.0117647058824
51884	0.0117647058824
2934	0.0116959064327
11887	0.0116959064327
18340	0.0116959064327
767	0.0116279069767
3876	0.0116279069767
9032	0.0116279069767
13092	0.0116279069767
13634	0.0116279069767
13642	0.0116279069767
17095	0.0116279069767
22838	0.0116279069767
41096	0.0116279069767
43338	0.0116279069767
50494	0.0116279069767
50992	0.0116279069767
51615	0.0116279069767
52981	0.0116279069767
59506	0.0116279069767
27358	0.011583011583
10443	0.0115606936416
17915	0.0115606936416
37427	0.0115384615385
16073	0.0114942528736
16723	0.0114942528736
25487	0.0114942528736
32762	0.0114942528736
40843	0.0114942528736
41348	0.0114942528736
41433	0.0114942528736
41791	0.0114942528736
41856	0.0114942528736
52102	0.0114942528736
29532	0.0114285714286
283	0.0113636363636
2316	0.0113636363636
4515	0.0113636363636
8142	0.0113636363636
10328	0.0113636363636
12597	0.0113636363636
16770	0.0113636363636
33934	0.0113636363636
38748	0.0113636363636
41775	0.0113636363636
46731	0.0113636363636
49401	0.0113636363636
52613	0.0113636363636
1390	0.0112994350282
13120	0.0112994350282
41062	0.0112994350282
41378	0.0112994350282
41253	0.0112781954887
25554	0.0112676056338
730	0.0112359550562
1553	0.0112359550562
3214	0.0112359550562
12610	0.0112359550562
25078	0.0112359550562
29366	0.0112359550562
35701	0.0112359550562
50335	0.0112359550562
50959	0.0112359550562
51418	0.0112359550562
3788	0.0111731843575
10736	0.0111731843575
14361	0.0111731843575
31850	0.0111731843575
26218	0.0111111111111
29603	0.0111111111111
40202	0.0111111111111
41581	0.0111111111111
50897	0.0111111111111
51041	0.0110294117647
4149	0.010989010989
12831	0.010989010989
15542	0.010989010989
24717	0.010989010989
35516	0.010989010989
39262	0.010989010989
41343	0.010989010989
48475	0.010989010989
50642	0.010989010989
52442	0.010989010989
1170	0.0109289617486
21801	0.0109090909091
31138	0.0109090909091
2720	0.0108695652174
22843	0.0108695652174
35431	0.0108695652174
37224	0.0108695652174
2757	0.0108303249097
11359	0.0108108108108
16516	0.0108108108108
5116	0.010752688172
9142	0.010752688172
14505	0.010752688172
14573	0.010752688172
21983	0.010752688172
22121	0.010752688172
30471	0.010752688172
42040	0.010752688172
50760	0.010752688172
37775	0.0106761565836
218	0.0106382978723
5702	0.0106382978723
7472	0.0106382978723
9609	0.0106382978723
34471	0.0106382978723
37238	0.0106382978723
38287	0.0106382978723
40752	0.0106382978723
30794	0.0106007067138
1068	0.0105263157895
1676	0.0105263157895
1788	0.0105263157895
3754	0.0105263157895
5371	0.0105263157895
7505	0.0105263157895
17686	0.0105263157895
31220	0.0105263157895
32130	0.0105263157895
41533	0.0105263157895
42344	0.0105263157895
43834	0.0105263157895
51250	0.0105263157895
51283	0.0105263157895
41003	0.0105042016807
4335	0.0104895104895
6772	0.0104712041885
8890	0.0104166666667
32778	0.0104166666667
35968	0.0104166666667
41608	0.0104166666667
41629	0.0104166666667
43371	0.0104166666667
48252	0.0104166666667
44456	0.0103626943005
51038	0.0103626943005
819	0.0103092783505
6440	0.0103092783505
7739	0.0103092783505
24889	0.0103092783505
33855	0.0103092783505
34191	0.0103092783505
36632	0.0103092783505
4675	0.0102564102564
30938	0.0102564102564
1256	0.0102040816327
6353	0.0102040816327
16449	0.0102040816327
23619	0.0102040816327
41197	0.0102040816327
46620	0.0102040816327
49335	0.0102040816327
52576	0.0102040816327
53060	0.0102040816327
54	0.010152284264
11655	0.0101351351351
2245	0.010101010101
33990	0.010101010101
40969	0.010101010101
41019	0.010101010101
42326	0.010101010101
50924	0.010101010101
43575	0.01
37392	0.00992907801418
95	0.00990099009901
8901	0.00990099009901
34865	0.00990099009901
40962	0.00986547085202
13317	0.00985221674877
30874	0.00985221674877
33656	0.00985221674877
41070	0.00985221674877
15188	0.00980392156863
22589	0.00980392156863
24164	0.00980392156863
30185	0.00980392156863
32509	0.00980392156863
37588	0.00980392156863
41083	0.00980392156863
41228	0.00980392156863
41653	0.00980392156863
48910	0.00980392156863
29705	0.00975609756098
3781	0.00970873786408
33645	0.00970873786408
38338	0.00970873786408
51209	0.00970873786408
51505	0.00970873786408
51697	0.00970873786408
51892	0.00970873786408
52089	0.00970873786408
52362	0.00970873786408
156	0.00961538461538
3488	0.00961538461538
5916	0.00961538461538
16802	0.00961538461538
24958	0.00961538461538
26592	0.00961538461538
27033	0.00961538461538
31962	0.00961538461538
38585	0.00961538461538
46493	0.00961538461538
51027	0.00961538461538
52016	0.00961538461538
90	0.00956937799043
10653	0.00956937799043
27471	0.00956937799043
3182	0.00952380952381
31692	0.00952380952381
32711	0.00952380952381
41634	0.00952380952381
47473	0.00952380952381
52029	0.00947867298578
6632	0.00943396226415
9288	0.00943396226415
11294	0.00943396226415
13927	0.00943396226415
13943	0.00943396226415
37670	0.00943396226415
41618	0.00943396226415
48608	0.00943396226415
51563	0.00943396226415
3515	0.0093896713615
4173	0.0093896713615
10166	0.0093896713615
29287	0.0093896713615
41942	0.0093896713615
42328	0.0093896713615
309	0.00934579439252
4705	0.00934579439252
16408	0.00934579439252
27580	0.00934579439252
29707	0.00934579439252
52092	0.00934579439252
35728	0.00931677018634
1489	0.00925925925926
12552	0.00925925925926
12856	0.00925925925926
14716	0.00925925925926
15052	0.00925925925926
20010	0.00925925925926
20785	0.00925925925926
41655	0.00925925925926
42463	0.00925925925926
42514	0.00925925925926
7518	0.00919540229885
4836	0.00917431192661
9651	0.00917431192661
11760	0.00917431192661
11784	0.00917431192661
23643	0.00917431192661
40819	0.00917431192661
42799	0.00917431192661
46277	0.00917431192661
27051	0.00913242009132
12467	0.00911854103343
17008	0.00911854103343
3720	0.00911458333333
9636	0.00909090909091
28396	0.00909090909091
41206	0.00909090909091
47265	0.00909090909091
50506	0.00909090909091
55841	0.00909090909091
562	0.00904977375566
11748	0.00900900900901
13313	0.00900900900901
13891	0.00900900900901
17886	0.00900900900901
24612	0.00900900900901
33785	0.00900900900901
34096	0.00900900900901
41032	0.00900900900901
41137	0.00900900900901
52024	0.00900900900901
52350	0.00900900900901
20542	0.00899550224888
32453	0.00898203592814
19695	0.00892857142857
34929	0.00892857142857
52062	0.00892857142857
11230	0.00888888888889
18403	0.00884955752212
24922	0.00884955752212
28141	0.00884955752212
28711	0.00884955752212
32074	0.00884955752212
42194	0.00884955752212
42320	0.00884955752212
43749	0.00884955752212
53069	0.00884955752212
29861	0.00883002207506
13095	0.00881057268722
26251	0.00877192982456
47633	0.00877192982456
51099	0.00877192982456
52521	0.00877192982456
18172	0.00873362445415
52697	0.00873362445415
3317	0.00869565217391
13933	0.00869565217391
16231	0.00869565217391
17690	0.00869565217391
20636	0.00869565217391
22031	0.00869565217391
37060	0.00869565217391
37660	0.00869565217391
43828	0.00869565217391
2030	0.00867052023121
2722	0.00865800865801
8839	0.00862068965517
11250	0.00862068965517
20511	0.00862068965517
39039	0.00862068965517
50553	0.00862068965517
52536	0.00862068965517
57862	0.00862068965517
52055	0.00858369098712
18701	0.00857142857143
29790	0.00854700854701
31306	0.00854700854701
34373	0.00854700854701
35400	0.00854700854701
41182	0.00854700854701
52382	0.00854700854701
3986	0.00847457627119
5113	0.00847457627119
5603	0.00847457627119
10340	0.00847457627119
22238	0.00847457627119
41140	0.00847457627119
41704	0.00847457627119
14360	0.0084388185654
5237	0.00841514726508
13428	0.00840336134454
27225	0.00840336134454
28298	0.00840336134454
30880	0.00840336134454
41303	0.00840336134454
41322	0.00840336134454
52368	0.00840336134454
3120	0.00833333333333
7645	0.00833333333333
11871	0.00833333333333
19201	0.00833333333333
26868	0.00833333333333
29055	0.00833333333333
41329	0.00833333333333
21648	0.00829875518672
37111	0.00829187396352
4644	0.00828729281768
47774	0.00828729281768
14275	0.00826446280992
17068	0.00826446280992
18973	0.00826446280992
24126	0.00826446280992
49408	0.00826446280992
59890	0.00826446280992
27651	0.00821917808219
18307	0.00821596244131
15986	0.00819672131148
19313	0.00819672131148
26310	0.00819672131148
27865	0.00819672131148
34356	0.00819672131148
210	0.00816326530612
20779	0.00816326530612
23742	0.00816326530612
25453	0.00815217391304
11383	0.00813008130081
14525	0.00813008130081
32411	0.00813008130081
41041	0.00813008130081
41499	0.00813008130081
47292	0.00813008130081
47503	0.00813008130081
10045	0.00806451612903
11239	0.00806451612903
17938	0.00806451612903
18205	0.00806451612903
22895	0.00806451612903
26199	0.00806451612903
31656	0.00806451612903
39140	0.00806451612903
43787	0.00806451612903
51632	0.00806451612903
41374	0.00802139037433
10803	0.008
30925	0.008
35245	0.008
51549	0.008
17952	0.00796812749004
50933	0.0079575596817
5768	0.00793650793651
26674	0.00793650793651
51232	0.00793650793651
51765	0.00793650793651
11	0.00792079207921
21323	0.00791556728232
888	0.00787401574803
3006	0.00787401574803
5354	0.00787401574803
6404	0.00787401574803
7442	0.00787401574803
15720	0.00787401574803
18641	0.00787401574803
20647	0.00787401574803
30923	0.00787401574803
40394	0.00787401574803
28155	0.0078431372549
2215	0.0078125
4339	0.0078125
19429	0.0078125
31340	0.0078125
40995	0.0078125
44351	0.0078125
52188	0.0078125
18515	0.00779220779221
4775	0.0077519379845
18276	0.0077519379845
21377	0.0077519379845
30445	0.0077519379845
41056	0.0077519379845
59919	0.0077519379845
38584	0.00771604938272
5672	0.00769230769231
7420	0.00769230769231
15325	0.00769230769231
21252	0.00769230769231
23667	0.00769230769231
41642	0.00769230769231
44951	0.00769230769231
51340	0.00769230769231
2007	0.00767543859649
867	0.0076726342711
9647	0.00766283524904
40984	0.00766283524904
1028	0.00763358778626
1362	0.00763358778626
2090	0.00763358778626
3527	0.00763358778626
41068	0.00760456273764
1048	0.00757575757576
1273	0.00757575757576
2094	0.00757575757576
3826	0.00757575757576
7357	0.00757575757576
10987	0.00755667506297
3689	0.00751879699248
9471	0.00751879699248
13418	0.00751879699248
16956	0.00751879699248
25810	0.00751879699248
27934	0.00751879699248
51313	0.00751879699248
51666	0.00751879699248
53377	0.00751879699248
2110	0.00749063670412
1167	0.00746268656716
14698	0.00746268656716
26508	0.00746268656716
34199	0.00746268656716
42302	0.00746268656716
9826	0.00744878957169
616	0.00740740740741
4136	0.00740740740741
21742	0.00740740740741
39478	0.00740740740741
5420	0.00739827373613
51096	0.00738916256158
1954	0.00735294117647
2171	0.00735294117647
3312	0.00735294117647
3865	0.00735294117647
17939	0.00735294117647
41536	0.00735294117647
3933	0.00732600732601
29992	0.00732600732601
44184	0.00732600732601
39709	0.00731707317073
100	0.00729927007299
10047	0.00729927007299
32809	0.00729927007299
38708	0.00729927007299
51281	0.00729927007299
19288	0.00727272727273
40334	0.00727272727273
4070	0.00724637681159
5618	0.00724637681159
10281	0.00724637681159
33142	0.00724637681159
3116	0.0072202166065
1380	0.00721153846154
2144	0.00719424460432
3426	0.00719424460432
21550	0.00719424460432
24688	0.00719424460432
35021	0.00719424460432
4937	0.00718685831622
1113	0.00717703349282
7100	0.00717703349282
2130	0.00714285714286
5575	0.00714285714286
41079	0.00714285714286
3365	0.00711743772242
29277	0.00711743772242
30917	0.00709219858156
35044	0.00709219858156
57496	0.00709219858156
2	0.00707785642063
2312	0.00704225352113
4582	0.00704225352113
7451	0.00704225352113
11004	0.00704225352113
25440	0.00704225352113
27525	0.00704225352113
51274	0.00704225352113
41705	0.00701754385965
2037	0.0070126227209
1931	0.00700525394046
9295	0.00699300699301
12830	0.00699300699301
13058	0.00699300699301
16228	0.00699300699301
51225	0.00699300699301
27094	0.00696864111498
4242	0.00694444444444
6222	0.00694444444444
12393	0.00694444444444
17315	0.00694444444444
31864	0.00694444444444
39324	0.00694444444444
5519	0.00690250215703
6928	0.00689655172414
17904	0.00689655172414
28750	0.00689655172414
51568	0.00689655172414
28407	0.00688468158348
5460	0.00687285223368
6564	0.00687285223368
38492	0.00686813186813
8397	0.00686498855835
172	0.00684931506849
2411	0.00684931506849
18997	0.00684931506849
26486	0.00684931506849
30635	0.00684931506849
38807	0.00684931506849
52555	0.00684931506849
31400	0.00682593856655
29854	0.00682128240109
4280	0.00680272108844
4704	0.00680272108844
21558	0.00677966101695
53040	0.00677966101695
5231	0.00677436164669
4347	0.00675675675676
29724	0.00675675675676
51415	0.00675675675676
52240	0.00675675675676
19090	0.00673400673401
27226	0.00671140939597
40847	0.00671140939597
41181	0.00671140939597
50879	0.00671140939597
15114	0.00666666666667
20573	0.00666666666667
37201	0.00666666666667
3827	0.00665188470067
2419	0.00663129973475
2829	0.00662251655629
15638	0.00662251655629
34254	0.00662251655629
41106	0.00660066006601
3133	0.0065963060686
3957	0.00657894736842
51246	0.00653594771242
35345	0.0065274151436
41018	0.00651890482399
1928	0.00651465798046
41154	0.00651465798046
632	0.00649350649351
18699	0.00649350649351
50915	0.00649350649351
21545	0.00646551724138
5164	0.00645161290323
6781	0.00645161290323
41331	0.00645161290323
34548	0.0064308681672
7444	0.00641025641026
26318	0.00641025641026
41066	0.00641025641026
57861	0.00641025641026
20416	0.00638977635783
5693	0.00636942675159
13040	0.00636942675159
17483	0.00636942675159
51179	0.00636942675159
51605	0.00636942675159
15228	0.00635593220339
684	0.00634920634921
12432	0.00632911392405
11481	0.00630914826498
5809	0.00630063006301
4337	0.0062893081761
37225	0.0062893081761
50901	0.0062893081761
2409	0.00626959247649
10248	0.00625
17152	0.00625
23440	0.00625
33922	0.00625
51575	0.00625
52525	0.00625
30899	0.00623441396509
118	0.00623052959502
1984	0.00621118012422
3156	0.00621118012422
27128	0.00621118012422
35237	0.00621118012422
36364	0.00621118012422
37557	0.00621118012422
40893	0.00621118012422
41672	0.00621118012422
42145	0.00621118012422
38987	0.0061919504644
17979	0.00617283950617
18129	0.00617283950617
49398	0.00617283950617
39136	0.00616332819723
35563	0.00615510874025
22744	0.00614035087719
4464	0.00613496932515
7161	0.00613496932515
26059	0.00613496932515
41972	0.00613496932515
51117	0.00613496932515
1503	0.00612472160356
27527	0.00611620795107
4135	0.00609756097561
6213	0.00609756097561
10089	0.00609756097561
25113	0.00609756097561
35019	0.00609756097561
5616	0.00607902735562
27906	0.00607902735562
10844	0.00606060606061
12511	0.00606060606061
27125	0.00606060606061
39549	0.00604838709677
5643	0.00604229607251
38203	0.00602739726027
384	0.00602409638554
12501	0.00602409638554
13212	0.00602409638554
20335	0.00602409638554
38758	0.00602409638554
41059	0.00602409638554
41224	0.00602409638554
893	0.00601805416249
24373	0.0059880239521
38861	0.0059880239521
41250	0.0059880239521
51680	0.0059880239521
5112	0.00596421471173
17711	0.00596421471173
3486	0.00595238095238
4868	0.00595238095238
18283	0.00595238095238
21989	0.00595238095238
46832	0.00595238095238
50870	0.00595238095238
38959	0.00593471810089
23222	0.00591715976331
28737	0.00591715976331
38663	0.00591715976331
41109	0.00591715976331
59661	0.00591715976331
4578	0.00590128755365
39548	0.00588235294118
41060	0.00588235294118
13111	0.0058651026393
17987	0.0058651026393
34967	0.00584795321637
35360	0.00584795321637
41000	0.00584795321637
41434	0.00584795321637
39546	0.00583090379009
41029	0.00583090379009
36398	0.00582524271845
27890	0.0058207217695
4743	0.00581395348837
17625	0.00581395348837
31440	0.00579950289975
3535	0.00579710144928
11232	0.00579710144928
41016	0.0057845263919
22104	0.00578034682081
34217	0.00578034682081
34858	0.00578034682081
41609	0.00578034682081
28047	0.00576368876081
1537	0.00574712643678
3598	0.00574712643678
7344	0.00574712643678
10157	0.00574712643678
21662	0.00574712643678
51155	0.00574712643678
51838	0.00574712643678
3260	0.00573065902579
29591	0.00573065902579
2613	0.00571428571429
4485	0.00571428571429
4708	0.00571428571429
22026	0.00571428571429
22401	0.00571428571429
22805	0.00571428571429
41391	0.00571428571429
34751	0.00569259962049
6679	0.00568181818182
10852	0.00568181818182
41593	0.00568181818182
50863	0.00567375886525
14343	0.00564971751412
18301	0.00564971751412
5230	0.00558659217877
12149	0.00558659217877
14206	0.00558659217877
23211	0.00558659217877
29024	0.00558659217877
36710	0.00558659217877
47611	0.00558659217877
955	0.00555555555556
20527	0.00555555555556
33727	0.00555555555556
51485	0.00555555555556
28051	0.0055423594616
50957	0.00554016620499
2660	0.00552486187845
23285	0.00552486187845
32087	0.00552486187845
40625	0.00552486187845
44599	0.00552486187845
32862	0.00551470588235
33634	0.00550964187328
34224	0.00550055005501
13660	0.00549450549451
22070	0.00549450549451
33862	0.00549450549451
34667	0.00549450549451
50855	0.00547945205479
27723	0.00546448087432
28712	0.00546448087432
51121	0.00546448087432
7317	0.00542005420054
41132	0.00542005420054
35136	0.00541516245487
4655	0.00541271989175
2898	0.00541125541126
5622	0.00540540540541
9251	0.00540540540541
51655	0.00540540540541
879	0.00537634408602
24970	0.00537634408602
30802	0.00537634408602
18311	0.00535331905782
775	0.00534759358289
23121	0.00534759358289
28830	0.00534759358289
33692	0.00534759358289
52494	0.00534759358289
41050	0.00533333333333
4479	0.00531914893617
5218	0.00531914893617
37776	0.00531914893617
40887	0.00531914893617
41177	0.00531914893617
51211	0.00531914893617
26602	0.00531511009871
28742	0.00529661016949
17566	0.00529100529101
25376	0.00529100529101
39510	0.00529100529101
41204	0.00529100529101
38822	0.00527704485488
41583	0.00527240773286
4489	0.00526315789474
17277	0.00526315789474
18813	0.00526315789474
42378	0.00526315789474
51151	0.00526315789474
452	0.00523560209424
5367	0.00523560209424
9200	0.00523560209424
25047	0.00523560209424
4153	0.00522193211488
949	0.00521739130435
38793	0.00521134916039
18661	0.00520833333333
21557	0.00520833333333
32042	0.00520833333333
37737	0.00520833333333
25738	0.0051993067591
4430	0.00519287833828
1438	0.00518134715026
3842	0.00518134715026
14207	0.00518134715026
30812	0.00518134715026
33879	0.00518134715026
36967	0.00518134715026
48489	0.00518134715026
50913	0.00518134715026
51212	0.0051724137931
34073	0.00515463917526
39343	0.00515463917526
12969	0.00513259195894
23373	0.00512820512821
20630	0.00510204081633
11664	0.00507614213198
5157	0.00506072874494
23688	0.00505050505051
26599	0.00505050505051
31307	0.00505050505051
41157	0.00505050505051
50980	0.00505050505051
41010	0.00501253132832
1743	0.005
3250	0.005
9292	0.005
16076	0.005
21507	0.005
26158	0.005
29902	0.005
36686	0.005
896	0.0049504950495
2169	0.0049504950495
1628	0.00493827160494
17066	0.00492610837438
44433	0.00490196078431
15636	0.00488997555012
3288	0.00487804878049
8159	0.00487804878049
23174	0.00487804878049
932	0.00486618004866
24684	0.00486618004866
40965	0.00486223662885
26863	0.0048465266559
40541	0.0048309178744
41047	0.0048309178744
3198	0.00480769230769
4121	0.00479233226837
492	0.00478468899522
9761	0.00478468899522
26195	0.00478468899522
47787	0.00478468899522
18456	0.00477707006369
2595	0.0047619047619
32188	0.0047619047619
2463	0.00475737392959
41467	0.00473933649289
9625	0.00471698113208
20173	0.00471698113208
6427	0.00470865214832
7312	0.00470145745181
26760	0.00469483568075
27529	0.00469483568075
4846	0.00469116497263
41027	0.00468384074941
21978	0.00467289719626
8709	0.00466666666667
1064	0.00465838509317
4706	0.0046511627907
22971	0.0046511627907
28290	0.0046511627907
41171	0.0046511627907
50885	0.0046511627907
5056	0.00462962962963
20802	0.00462962962963
25586	0.00460829493088
35045	0.00460829493088
7300	0.00459770114943
868	0.00459066564652
11778	0.0045766590389
40289	0.0045766590389
1739	0.00456621004566
3859	0.00456621004566
34999	0.00456621004566
41366	0.00456621004566
41521	0.00456621004566
6304	0.00455927051672
23150	0.00455927051672
41012	0.00454545454545
11165	0.00452488687783
921	0.00451671183379
992	0.0045045045045
41037	0.0045045045045
1118	0.00448717948718
17611	0.00448430493274
20529	0.00448430493274
51341	0.00448430493274
4396	0.00446998722861
17946	0.00446428571429
3499	0.00445434298441
5120	0.00444444444444
689	0.00442477876106
5918	0.00442477876106
28832	0.00440528634361
869	0.00439775225996
5000	0.0043956043956
1361	0.00438596491228
19601	0.00436681222707
20075	0.00435729847495
41045	0.00434782608696
4654	0.00433369447454
25413	0.004329004329
29852	0.004329004329
42374	0.004329004329
10727	0.00431034482759
50851	0.00431034482759
1497	0.00430338891877
4764	0.00429799426934
21331	0.00429184549356
40988	0.00428265524625
2186	0.0042735042735
39209	0.0042735042735
27255	0.00425531914894
4137	0.00423728813559
26934	0.00423728813559
40977	0.00423728813559
40978	0.00423728813559
7340	0.00422832980973
40318	0.0042194092827
11169	0.00421052631579
12423	0.00421052631579
18759	0.00420168067227
31879	0.00420168067227
32811	0.00420168067227
38493	0.00420168067227
19599	0.00416666666667
37052	0.00416666666667
2127	0.00414937759336
22383	0.00414651002073
4057	0.00413223140496
15794	0.00413223140496
28043	0.00411522633745
33495	0.00411522633745
51724	0.00411522633745
23782	0.0041067761807
29309	0.0041067761807
36394	0.0041067761807
10920	0.00408163265306
22717	0.00408163265306
34519	0.00408163265306
30805	0.00406504065041
7419	0.00405405405405
36392	0.00404858299595
37762	0.00401606425703
2344	0.00400801603206
5593	0.00398406374502
47628	0.00396825396825
39785	0.00394088669951
18607	0.00393700787402
39027	0.00393700787402
52332	0.00392156862745
1422	0.0038961038961
19598	0.00389357560026
44117	0.00389105058366
1921	0.00384615384615
17147	0.00383141762452
1680	0.00382653061224
47637	0.00380228136882
17586	0.00379506641366
18613	0.00378214826021
40971	0.00374531835206
41347	0.00374531835206
50944	0.00369003690037
40999	0.0036832412523
13216	0.00367647058824
26416	0.00367647058824
41001	0.00367647058824
17790	0.003663003663
31877	0.003663003663
38080	0.003663003663
51178	0.003663003663
2152	0.0036496350365
11769	0.00364298724954
32612	0.00364298724954
18584	0.00364077669903
22929	0.00363636363636
28673	0.00363636363636
38790	0.00363636363636
10251	0.0036231884058
29372	0.0036231884058
2313	0.00361010830325
13935	0.00361010830325
41326	0.00361010830325
27489	0.00359712230216
38232	0.00359712230216
50864	0.00359712230216
39602	0.00358422939068
18960	0.00357142857143
37426	0.00357142857143
4399	0.00355871886121
21745	0.00355871886121
35178	0.00355239786856
28443	0.00354609929078
29739	0.00354609929078
17771	0.00353356890459
5599	0.00352112676056
2745	0.00350877192982
24017	0.00350877192982
40980	0.00350877192982
13056	0.00348432055749
25414	0.00348432055749
2290	0.00348027842227
41061	0.00347222222222
5432	0.00346260387812
41364	0.00346020761246
22654	0.00344827586207
41417	0.00343642611684
30980	0.00342857142857
3747	0.00342465753425
41368	0.00342465753425
29863	0.0034188034188
1020	0.00341296928328
11381	0.00341296928328
9538	0.00340425531915
32832	0.00340136054422
25937	0.00338983050847
18777	0.00337837837838
28286	0.00337837837838
41116	0.00335570469799
42609	0.00335570469799
18278	0.00333333333333
51006	0.00333333333333
38925	0.00332778702163
2448	0.00332225913621
3273	0.00331125827815
76	0.00330851943755
28055	0.003300330033
7261	0.00328407224959
7214	0.00327868852459
23011	0.00327868852459
6444	0.00326797385621
42424	0.00323624595469
14115	0.0032154340836
7175	0.00320512820513
5204	0.00319693094629
1239	0.00319488817891
5512	0.00319488817891
35049	0.00319488817891
17355	0.00316455696203
41039	0.00314465408805
41067	0.00314465408805
41098	0.00314465408805
27809	0.00313971742543
22643	0.003125
51156	0.003125
40979	0.00308641975309
900	0.00307219662058
30020	0.00305810397554
1902	0.0030549898167
16927	0.0030487804878
17715	0.0030487804878
17596	0.00300751879699
41015	0.003003003003
27535	0.00298062593145
18361	0.00297619047619
511	0.00294117647059
5774	0.00292397660819
14140	0.00291545189504
41165	0.00290697674419
29686	0.00289855072464
34683	0.00289855072464
29845	0.0028901734104
3239	0.0028818443804
40964	0.0028818443804
48572	0.0028818443804
3943	0.00287356321839
28810	0.00287356321839
22579	0.00285714285714
37198	0.00284090909091
3733	0.0028328611898
10250	0.0028328611898
34147	0.0028328611898
5503	0.00283018867925
41034	0.00279329608939
29453	0.00278551532033
40987	0.00278551532033
21906	0.00277777777778
50939	0.00277008310249
33850	0.00276243093923
34897	0.00275482093664
25324	0.00274725274725
742	0.00273224043716
34367	0.00272975432211
2333	0.0027149321267
34830	0.0027027027027
30799	0.00269541778976
3059	0.00268817204301
23265	0.00268817204301
51989	0.00268096514745
6689	0.00267379679144
41097	0.00267379679144
15373	0.00266666666667
26805	0.00266429840142
38794	0.0026455026455
2840	0.00263157894737
4518	0.00262467191601
27949	0.00261780104712
14352	0.00261437908497
9135	0.00261096605744
2381	0.00259403372244
2733	0.00259403372244
29218	0.00258397932817
36999	0.00257731958763
19547	0.0025706940874
870	0.00253807106599
41129	0.00253164556962
23642	0.00250626566416
42156	0.0025
41031	0.00246913580247
1119	0.00246609124538
41090	0.00245398773006
20818	0.00245098039216
51133	0.00245098039216
6812	0.00243506493506
51019	0.00240384615385
4711	0.00239808153477
41092	0.00238095238095
2515	0.00236966824645
39447	0.00236406619385
31536	0.00235294117647
33678	0.00234741784038
38191	0.00231213872832
5553	0.00230414746544
12388	0.00229885057471
4951	0.00227790432802
22251	0.00224719101124
31830	0.00224719101124
23666	0.00218340611354
1399	0.00217864923747
253	0.00215517241379
631	0.00214132762313
3280	0.00213675213675
41332	0.00213675213675
3419	0.00210526315789
35703	0.00210084033613
41044	0.00210084033613
41058	0.0020964360587
33762	0.00209205020921
3531	0.00204498977505
41355	0.0019801980198
34169	0.00196078431373
3729	0.00194931773879
33841	0.00192307692308
5673	0.00191938579655
34369	0.00189035916824
11727	0.00186567164179
28821	0.00186219739292
41985	0.00186219739292
4563	0.00184162062615
30269	0.00183823529412
12998	0.0018018018018
11201	0.00177304964539
33887	0.00177304964539
39915	0.00177304964539
41074	0.00170648464164
14253	0.00161812297735
2326	0.00159744408946
16209	0.00159489633174
13339	0.0015625
1135	0.00149476831091
20506	0.00132978723404
14750	0.00115207373272
28405	0.00114155251142
4916	0.000898472596586
22743	0.00081103000811
