51245	0.192307692308
2644	0.147058823529
31616	0.105263157895
20417	0.1
45409	0.0909090909091
51628	0.0909090909091
9617	0.0769230769231
57495	0.0740740740741
52609	0.0666666666667
2369	0.0625
4815	0.0625
7043	0.0625
8344	0.0625
9231	0.0625
16972	0.0625
18052	0.0625
22719	0.0625
24462	0.0625
26701	0.0625
28339	0.0625
28564	0.0625
31627	0.0625
31886	0.0625
32279	0.0625
32996	0.0625
34284	0.0625
34387	0.0625
34472	0.0625
34674	0.0625
34855	0.0625
39415	0.0625
40439	0.0625
45283	0.0625
45414	0.0625
46599	0.0625
46941	0.0625
48436	0.0625
49366	0.0625
56139	0.0625
56388	0.0625
57470	0.0625
58538	0.0625
59196	0.0625
60953	0.0625
6787	0.0588235294118
9508	0.0588235294118
10200	0.0588235294118
18451	0.0588235294118
19765	0.0588235294118
33294	0.0588235294118
33867	0.0588235294118
34467	0.0588235294118
34837	0.0588235294118
35807	0.0588235294118
36114	0.0588235294118
36373	0.0588235294118
37446	0.0588235294118
39364	0.0588235294118
39494	0.0588235294118
42116	0.0588235294118
43059	0.0588235294118
43090	0.0588235294118
43548	0.0588235294118
43996	0.0588235294118
44383	0.0588235294118
45914	0.0588235294118
48779	0.0588235294118
52951	0.0588235294118
55682	0.0588235294118
56386	0.0588235294118
60282	0.0588235294118
61167	0.0588235294118
8635	0.0571428571429
41439	0.0571428571429
469	0.0555555555556
1459	0.0555555555556
1662	0.0555555555556
4203	0.0555555555556
5212	0.0555555555556
6011	0.0555555555556
6287	0.0555555555556
7181	0.0555555555556
7607	0.0555555555556
8004	0.0555555555556
9122	0.0555555555556
12518	0.0555555555556
12914	0.0555555555556
14479	0.0555555555556
15201	0.0555555555556
16329	0.0555555555556
17593	0.0555555555556
19104	0.0555555555556
19277	0.0555555555556
19316	0.0555555555556
20444	0.0555555555556
20616	0.0555555555556
25199	0.0555555555556
28434	0.0555555555556
28505	0.0555555555556
29423	0.0555555555556
29946	0.0555555555556
33535	0.0555555555556
35631	0.0555555555556
35856	0.0555555555556
38489	0.0555555555556
38859	0.0555555555556
43838	0.0555555555556
46093	0.0555555555556
46626	0.0555555555556
47799	0.0555555555556
49187	0.0555555555556
50141	0.0555555555556
52586	0.0555555555556
54171	0.0555555555556
58283	0.0555555555556
1286	0.0526315789474
2351	0.0526315789474
4805	0.0526315789474
5170	0.0526315789474
6452	0.0526315789474
13166	0.0526315789474
15200	0.0526315789474
15946	0.0526315789474
21661	0.0526315789474
22349	0.0526315789474
22661	0.0526315789474
25018	0.0526315789474
28552	0.0526315789474
34773	0.0526315789474
35712	0.0526315789474
36405	0.0526315789474
38831	0.0526315789474
40348	0.0526315789474
42717	0.0526315789474
42794	0.0526315789474
46100	0.0526315789474
48059	0.0526315789474
48660	0.0526315789474
48959	0.0526315789474
49700	0.0526315789474
50066	0.0526315789474
50397	0.0526315789474
53906	0.0526315789474
54203	0.0526315789474
56105	0.0526315789474
57666	0.0526315789474
59535	0.0526315789474
59892	0.0526315789474
52009	0.0512820512821
1936	0.0508474576271
4981	0.05
9821	0.05
10515	0.05
11891	0.05
13390	0.05
16606	0.05
18853	0.05
21516	0.05
21555	0.05
21678	0.05
24741	0.05
26819	0.05
27783	0.05
29123	0.05
29737	0.05
29937	0.05
30234	0.05
32437	0.05
36140	0.05
40539	0.05
41460	0.05
43417	0.05
44327	0.05
45661	0.05
48440	0.05
51806	0.05
51984	0.05
52755	0.05
53502	0.05
53562	0.05
58715	0.05
60156	0.05
60834	0.05
51940	0.0493827160494
27648	0.0491803278689
26094	0.0487804878049
99	0.047619047619
3106	0.047619047619
9750	0.047619047619
10508	0.047619047619
11364	0.047619047619
12344	0.047619047619
16517	0.047619047619
22052	0.047619047619
24461	0.047619047619
25406	0.047619047619
33924	0.047619047619
36022	0.047619047619
38305	0.047619047619
39074	0.047619047619
46684	0.047619047619
49803	0.047619047619
50277	0.047619047619
50509	0.047619047619
51439	0.047619047619
51730	0.047619047619
52659	0.047619047619
53241	0.047619047619
56590	0.047619047619
58162	0.047619047619
60864	0.047619047619
455	0.0454545454545
4749	0.0454545454545
6273	0.0454545454545
7615	0.0454545454545
8255	0.0454545454545
12309	0.0454545454545
13466	0.0454545454545
21866	0.0454545454545
22447	0.0454545454545
23363	0.0454545454545
24082	0.0454545454545
24335	0.0454545454545
24593	0.0454545454545
26157	0.0454545454545
30070	0.0454545454545
31476	0.0454545454545
33626	0.0454545454545
41014	0.0454545454545
43614	0.0454545454545
47201	0.0454545454545
50342	0.0454545454545
52823	0.0454545454545
52847	0.0454545454545
53139	0.0454545454545
53802	0.0454545454545
54297	0.0454545454545
56790	0.0454545454545
59565	0.0454545454545
59692	0.0454545454545
60102	0.0454545454545
22765	0.0444444444444
4120	0.0434782608696
4920	0.0434782608696
9678	0.0434782608696
9904	0.0434782608696
16389	0.0434782608696
17652	0.0434782608696
18228	0.0434782608696
18982	0.0434782608696
19692	0.0434782608696
20869	0.0434782608696
21077	0.0434782608696
21683	0.0434782608696
22550	0.0434782608696
23432	0.0434782608696
23503	0.0434782608696
24423	0.0434782608696
29912	0.0434782608696
32922	0.0434782608696
36162	0.0434782608696
42653	0.0434782608696
43080	0.0434782608696
48359	0.0434782608696
48518	0.0434782608696
48869	0.0434782608696
51035	0.0434782608696
51629	0.0434782608696
52106	0.0434782608696
52334	0.0434782608696
52634	0.0434782608696
53226	0.0434782608696
53238	0.0434782608696
54668	0.0434782608696
58607	0.0434782608696
59294	0.0434782608696
59868	0.0434782608696
59925	0.0434782608696
60601	0.0434782608696
153	0.0416666666667
1548	0.0416666666667
5956	0.0416666666667
11292	0.0416666666667
12674	0.0416666666667
19413	0.0416666666667
19888	0.0416666666667
20772	0.0416666666667
22451	0.0416666666667
23386	0.0416666666667
28596	0.0416666666667
29765	0.0416666666667
35306	0.0416666666667
35963	0.0416666666667
36696	0.0416666666667
43191	0.0416666666667
44450	0.0416666666667
51388	0.0416666666667
51513	0.0416666666667
51727	0.0416666666667
52098	0.0416666666667
53339	0.0416666666667
56084	0.0416666666667
58112	0.0416666666667
60536	0.0416666666667
486	0.04
4730	0.04
6849	0.04
8491	0.04
11919	0.04
11997	0.04
12433	0.04
12642	0.04
13015	0.04
14915	0.04
18987	0.04
19678	0.04
20641	0.04
21369	0.04
21722	0.04
23662	0.04
29361	0.04
31790	0.04
35761	0.04
36274	0.04
37495	0.04
41732	0.04
41987	0.04
42031	0.04
43154	0.04
45879	0.04
48451	0.04
50375	0.04
51506	0.04
51650	0.04
52663	0.04
52687	0.04
52973	0.04
54595	0.04
59934	0.04
61509	0.04
45994	0.0392156862745
2029	0.0384615384615
8090	0.0384615384615
14652	0.0384615384615
15819	0.0384615384615
18762	0.0384615384615
23370	0.0384615384615
29675	0.0384615384615
32462	0.0384615384615
33228	0.0384615384615
35894	0.0384615384615
38030	0.0384615384615
38259	0.0384615384615
41118	0.0384615384615
41302	0.0384615384615
42447	0.0384615384615
42746	0.0384615384615
52277	0.0384615384615
20465	0.0377358490566
43794	0.0377358490566
744	0.037037037037
1289	0.037037037037
4175	0.037037037037
6840	0.037037037037
27530	0.037037037037
33030	0.037037037037
36241	0.037037037037
36323	0.037037037037
40325	0.037037037037
42304	0.037037037037
42695	0.037037037037
42808	0.037037037037
43070	0.037037037037
43764	0.037037037037
45714	0.037037037037
46049	0.037037037037
47504	0.037037037037
47602	0.037037037037
49330	0.037037037037
50754	0.037037037037
52181	0.037037037037
60327	0.037037037037
42701	0.0363636363636
44034	0.0363636363636
51020	0.0363636363636
58913	0.0363636363636
5343	0.0357142857143
6521	0.0357142857143
8166	0.0357142857143
10124	0.0357142857143
18619	0.0357142857143
24138	0.0357142857143
24463	0.0357142857143
24728	0.0357142857143
26364	0.0357142857143
28460	0.0357142857143
30622	0.0357142857143
37570	0.0357142857143
41209	0.0357142857143
42276	0.0357142857143
46183	0.0357142857143
46188	0.0357142857143
46550	0.0357142857143
50858	0.0357142857143
51545	0.0357142857143
51891	0.0357142857143
51986	0.0357142857143
60386	0.0357142857143
43991	0.0350877192982
190	0.0344827586207
843	0.0344827586207
1879	0.0344827586207
4457	0.0344827586207
8684	0.0344827586207
9695	0.0344827586207
9845	0.0344827586207
15208	0.0344827586207
17302	0.0344827586207
17724	0.0344827586207
35584	0.0344827586207
35734	0.0344827586207
38086	0.0344827586207
38546	0.0344827586207
41474	0.0344827586207
41494	0.0344827586207
48120	0.0344827586207
48569	0.0344827586207
48753	0.0344827586207
51609	0.0344827586207
51974	0.0344827586207
53038	0.0344827586207
53354	0.0344827586207
57361	0.0344827586207
58301	0.0344827586207
35926	0.0338983050847
2969	0.0333333333333
3968	0.0333333333333
4984	0.0333333333333
5271	0.0333333333333
11505	0.0333333333333
15915	0.0333333333333
16311	0.0333333333333
17666	0.0333333333333
17705	0.0333333333333
18015	0.0333333333333
18262	0.0333333333333
19204	0.0333333333333
23120	0.0333333333333
23992	0.0333333333333
29006	0.0333333333333
29308	0.0333333333333
42997	0.0333333333333
45732	0.0333333333333
46423	0.0333333333333
48193	0.0333333333333
49735	0.0333333333333
51171	0.0333333333333
11404	0.0327868852459
38063	0.0327868852459
1091	0.0322580645161
1357	0.0322580645161
2203	0.0322580645161
11830	0.0322580645161
15686	0.0322580645161
20323	0.0322580645161
22373	0.0322580645161
26156	0.0322580645161
32195	0.0322580645161
34122	0.0322580645161
34352	0.0322580645161
39084	0.0322580645161
41502	0.0322580645161
42823	0.0322580645161
43455	0.0322580645161
52496	0.0322580645161
56485	0.0322580645161
59733	0.0322580645161
60587	0.0322580645161
4049	0.03125
6201	0.03125
11758	0.03125
13787	0.03125
14465	0.03125
17710	0.03125
19495	0.03125
19761	0.03125
24212	0.03125
24368	0.03125
35106	0.03125
37537	0.03125
37608	0.03125
39581	0.03125
41982	0.03125
42850	0.03125
43506	0.03125
43569	0.03125
44585	0.03125
48381	0.03125
52814	0.03125
59613	0.03125
4758	0.030303030303
22218	0.030303030303
22670	0.030303030303
24357	0.030303030303
25049	0.030303030303
26431	0.030303030303
36208	0.030303030303
38039	0.030303030303
41437	0.030303030303
42373	0.030303030303
47018	0.030303030303
48765	0.030303030303
48998	0.030303030303
52744	0.030303030303
52923	0.030303030303
59796	0.030303030303
60065	0.030303030303
1969	0.0294117647059
9691	0.0294117647059
9754	0.0294117647059
10389	0.0294117647059
11015	0.0294117647059
18772	0.0294117647059
18784	0.0294117647059
20216	0.0294117647059
22425	0.0294117647059
25716	0.0294117647059
29082	0.0294117647059
30969	0.0294117647059
32958	0.0294117647059
38731	0.0294117647059
41020	0.0294117647059
41104	0.0294117647059
41724	0.0294117647059
42015	0.0294117647059
42203	0.0294117647059
42348	0.0294117647059
42767	0.0294117647059
43192	0.0294117647059
51085	0.0294117647059
51210	0.0294117647059
51839	0.0294117647059
51868	0.0294117647059
51899	0.0294117647059
58146	0.0294117647059
59670	0.0294117647059
61032	0.0294117647059
42463	0.0291262135922
911	0.0285714285714
2124	0.0285714285714
3545	0.0285714285714
6932	0.0285714285714
7499	0.0285714285714
11180	0.0285714285714
11379	0.0285714285714
11788	0.0285714285714
12421	0.0285714285714
14492	0.0285714285714
17894	0.0285714285714
18079	0.0285714285714
20477	0.0285714285714
23984	0.0285714285714
26067	0.0285714285714
26289	0.0285714285714
26377	0.0285714285714
27629	0.0285714285714
28714	0.0285714285714
29279	0.0285714285714
31636	0.0285714285714
34363	0.0285714285714
34529	0.0285714285714
42524	0.0285714285714
51486	0.0285714285714
52038	0.0285714285714
52250	0.0285714285714
52522	0.0285714285714
53312	0.0285714285714
55202	0.0285714285714
2490	0.0281690140845
41022	0.0281690140845
52309	0.0281690140845
927	0.0277777777778
2059	0.0277777777778
4009	0.0277777777778
12483	0.0277777777778
27101	0.0277777777778
27223	0.0277777777778
29670	0.0277777777778
34796	0.0277777777778
43691	0.0277777777778
46703	0.0277777777778
51016	0.0277777777778
51695	0.0277777777778
52941	0.0277777777778
56123	0.0277777777778
59985	0.0277777777778
60556	0.0277777777778
2404	0.027027027027
5076	0.027027027027
7512	0.027027027027
8137	0.027027027027
8790	0.027027027027
13399	0.027027027027
23186	0.027027027027
29304	0.027027027027
37181	0.027027027027
37740	0.027027027027
39642	0.027027027027
41430	0.027027027027
41761	0.027027027027
49965	0.027027027027
51831	0.027027027027
55031	0.027027027027
31306	0.0267857142857
27594	0.0266666666667
30209	0.0266666666667
35022	0.0266666666667
2826	0.0263157894737
6196	0.0263157894737
6552	0.0263157894737
11204	0.0263157894737
13548	0.0263157894737
18737	0.0263157894737
19747	0.0263157894737
27972	0.0263157894737
32096	0.0263157894737
38265	0.0263157894737
42840	0.0263157894737
43483	0.0263157894737
43532	0.0263157894737
47575	0.0263157894737
49060	0.0263157894737
49390	0.0263157894737
51292	0.0263157894737
1013	0.025641025641
4047	0.025641025641
8268	0.025641025641
14132	0.025641025641
15458	0.025641025641
16858	0.025641025641
16995	0.025641025641
21142	0.025641025641
22791	0.025641025641
22915	0.025641025641
23196	0.025641025641
24369	0.025641025641
24538	0.025641025641
31024	0.025641025641
38639	0.025641025641
41133	0.025641025641
50536	0.025641025641
52546	0.025641025641
60164	0.025641025641
41111	0.0254237288136
9337	0.025
10348	0.025
17258	0.025
19960	0.025
22848	0.025
26659	0.025
30525	0.025
33902	0.025
34660	0.025
37810	0.025
38307	0.025
39165	0.025
39190	0.025
40651	0.025
42896	0.025
44190	0.025
48574	0.025
51669	0.025
52015	0.025
26762	0.0246913580247
52231	0.0246913580247
733	0.0243902439024
12953	0.0243902439024
12964	0.0243902439024
14004	0.0243902439024
14739	0.0243902439024
20657	0.0243902439024
22439	0.0243902439024
23438	0.0243902439024
27121	0.0243902439024
28951	0.0243902439024
31115	0.0243902439024
31358	0.0243902439024
32590	0.0243902439024
34861	0.0243902439024
39233	0.0243902439024
40530	0.0243902439024
41316	0.0243902439024
41535	0.0243902439024
42502	0.0243902439024
43588	0.0243902439024
51623	0.0243902439024
60130	0.0243902439024
16073	0.0240963855422
41100	0.0240963855422
785	0.0238095238095
1060	0.0238095238095
7525	0.0238095238095
14669	0.0238095238095
18771	0.0238095238095
19803	0.0238095238095
29742	0.0238095238095
33662	0.0238095238095
35067	0.0238095238095
39387	0.0238095238095
41512	0.0238095238095
41955	0.0238095238095
42210	0.0238095238095
44309	0.0238095238095
47598	0.0238095238095
51186	0.0238095238095
51487	0.0238095238095
52503	0.0238095238095
16170	0.0235294117647
7476	0.0232558139535
11012	0.0232558139535
18354	0.0232558139535
19489	0.0232558139535
30287	0.0232558139535
32439	0.0232558139535
34151	0.0232558139535
36382	0.0232558139535
40994	0.0232558139535
42715	0.0232558139535
44560	0.0232558139535
51175	0.0232558139535
52211	0.0232558139535
53034	0.0232558139535
48475	0.0229885057471
1375	0.0227272727273
11146	0.0227272727273
26855	0.0227272727273
31854	0.0227272727273
35166	0.0227272727273
35240	0.0227272727273
38291	0.0227272727273
38727	0.0227272727273
41131	0.0227272727273
50930	0.0227272727273
51315	0.0227272727273
51607	0.0227272727273
51835	0.0227272727273
52396	0.0227272727273
57364	0.0227272727273
5352	0.0222222222222
11154	0.0222222222222
12609	0.0222222222222
29343	0.0222222222222
32923	0.0222222222222
34832	0.0222222222222
35167	0.0222222222222
39207	0.0222222222222
40996	0.0222222222222
45712	0.0222222222222
48253	0.0222222222222
49943	0.0222222222222
51066	0.0222222222222
51893	0.0222222222222
52644	0.0222222222222
59720	0.0222222222222
36606	0.021978021978
25440	0.021897810219
403	0.0217391304348
13920	0.0217391304348
19032	0.0217391304348
24355	0.0217391304348
24888	0.0217391304348
35194	0.0217391304348
36125	0.0217391304348
39487	0.0217391304348
41203	0.0217391304348
42283	0.0217391304348
43262	0.0217391304348
43722	0.0217391304348
50337	0.0217391304348
59933	0.0217391304348
7413	0.0214285714286
1474	0.0212765957447
18997	0.0212765957447
41196	0.0212765957447
42388	0.0212765957447
45900	0.0212765957447
47807	0.0212765957447
51001	0.0212765957447
52232	0.0212765957447
53242	0.0212765957447
49985	0.0210526315789
4343	0.0208333333333
8189	0.0208333333333
12970	0.0208333333333
14209	0.0208333333333
17570	0.0208333333333
19096	0.0208333333333
25313	0.0208333333333
26841	0.0208333333333
29898	0.0208333333333
36743	0.0208333333333
39683	0.0208333333333
40641	0.0208333333333
41157	0.0208333333333
41550	0.0208333333333
42651	0.0208333333333
45653	0.0208333333333
48295	0.0208333333333
51097	0.0208333333333
51262	0.0208333333333
51285	0.0208333333333
51681	0.0208333333333
52160	0.0208333333333
52935	0.0208333333333
15114	0.0206896551724
33544	0.020618556701
3698	0.0204081632653
5563	0.0204081632653
5946	0.0204081632653
14214	0.0204081632653
14335	0.0204081632653
29656	0.0204081632653
31007	0.0204081632653
41915	0.0204081632653
42431	0.0204081632653
46895	0.0204081632653
50287	0.0204081632653
51314	0.0204081632653
3488	0.02
12570	0.02
22934	0.02
26954	0.02
32584	0.02
38880	0.02
41934	0.02
41970	0.02
42285	0.02
49597	0.02
51327	0.02
52589	0.02
52953	0.02
56215	0.02
31891	0.019801980198
3822	0.0196078431373
7715	0.0196078431373
17982	0.0196078431373
18992	0.0196078431373
26038	0.0196078431373
29384	0.0196078431373
33788	0.0196078431373
41445	0.0196078431373
45605	0.0196078431373
50584	0.0196078431373
50771	0.0196078431373
59548	0.0196078431373
10890	0.0194174757282
2108	0.0192307692308
11132	0.0192307692308
17204	0.0192307692308
17602	0.0192307692308
19698	0.0192307692308
27596	0.0192307692308
34971	0.0192307692308
37735	0.0192307692308
37952	0.0192307692308
38649	0.0192307692308
40875	0.0192307692308
51466	0.0192307692308
51468	0.0192307692308
52930	0.0192307692308
55923	0.0192307692308
6305	0.0190476190476
45587	0.0190476190476
8	0.0188679245283
2559	0.0188679245283
4221	0.0188679245283
12057	0.0188679245283
13770	0.0188679245283
18161	0.0188679245283
26773	0.0188679245283
45163	0.0188679245283
47265	0.0188679245283
52772	0.0188679245283
53039	0.0188679245283
59525	0.0188679245283
41095	0.0187265917603
17886	0.018691588785
778	0.0185185185185
1814	0.0185185185185
15127	0.0185185185185
18679	0.0185185185185
27516	0.0185185185185
41895	0.0185185185185
42936	0.0185185185185
46441	0.0185185185185
47638	0.0185185185185
48701	0.0185185185185
49413	0.0185185185185
3189	0.0181818181818
10843	0.0181818181818
19606	0.0181818181818
22831	0.0181818181818
22982	0.0181818181818
25075	0.0181818181818
26047	0.0181818181818
31866	0.0181818181818
41479	0.0181818181818
41872	0.0181818181818
45636	0.0181818181818
48358	0.0181818181818
49329	0.0181818181818
52491	0.0181818181818
1973	0.0178571428571
4015	0.0178571428571
4983	0.0178571428571
7482	0.0178571428571
10050	0.0178571428571
11384	0.0178571428571
11743	0.0178571428571
16944	0.0178571428571
32406	0.0178571428571
32493	0.0178571428571
33120	0.0178571428571
37001	0.0178571428571
38732	0.0178571428571
39137	0.0178571428571
39341	0.0178571428571
43603	0.0178571428571
51023	0.0178571428571
53320	0.0178571428571
29790	0.0176991150442
44035	0.0176991150442
5113	0.0175438596491
5390	0.0175438596491
6235	0.0175438596491
10613	0.0175438596491
24380	0.0175438596491
30778	0.0175438596491
33004	0.0175438596491
41704	0.0175438596491
41943	0.0175438596491
49842	0.0175438596491
61173	0.0175438596491
34241	0.0174418604651
30880	0.0173913043478
6473	0.0172413793103
15865	0.0172413793103
17331	0.0172413793103
36941	0.0172413793103
39210	0.0172413793103
42013	0.0172413793103
51449	0.0172413793103
52112	0.0172413793103
52235	0.0172413793103
18973	0.017094017094
41225	0.017094017094
42973	0.017094017094
2448	0.0170068027211
2831	0.0169491525424
42132	0.0169491525424
1257	0.0166666666667
3846	0.0166666666667
6003	0.0166666666667
7425	0.0166666666667
14663	0.0166666666667
20450	0.0166666666667
40921	0.0166666666667
43026	0.0166666666667
47282	0.0166666666667
59714	0.0166666666667
59790	0.0166666666667
25453	0.0165745856354
18205	0.0164609053498
887	0.016393442623
15515	0.016393442623
15967	0.016393442623
18625	0.016393442623
18985	0.016393442623
21915	0.016393442623
24862	0.016393442623
26657	0.016393442623
37795	0.016393442623
40887	0.016393442623
51232	0.016393442623
888	0.0162601626016
3006	0.0162601626016
6832	0.0161290322581
21841	0.0161290322581
26772	0.0161290322581
33975	0.0161290322581
41469	0.0161290322581
50973	0.0161290322581
52864	0.0161290322581
48902	0.016
4490	0.015873015873
7466	0.015873015873
13380	0.015873015873
17734	0.015873015873
21252	0.015873015873
21396	0.015873015873
21750	0.015873015873
33792	0.015873015873
41235	0.015873015873
41401	0.015873015873
42360	0.015873015873
51488	0.015873015873
52567	0.015873015873
53114	0.0157480314961
106	0.015625
5611	0.015625
9669	0.015625
14710	0.015625
37480	0.015625
40503	0.015625
52845	0.015625
53377	0.015503875969
3250	0.0153846153846
3328	0.0153846153846
16510	0.0153846153846
17969	0.0153846153846
18427	0.0153846153846
32988	0.0153846153846
33672	0.0153846153846
42905	0.0153846153846
49044	0.0153846153846
55981	0.0153846153846
28379	0.0152671755725
41793	0.0152671755725
2171	0.0151515151515
4405	0.0151515151515
4668	0.0151515151515
5538	0.0151515151515
5658	0.0151515151515
21561	0.0151515151515
28201	0.0151515151515
29554	0.0151515151515
42396	0.0151515151515
42941	0.0151515151515
51462	0.0151515151515
60092	0.0151515151515
13317	0.0150753768844
21337	0.015
1636	0.0149253731343
3258	0.0149253731343
4194	0.0149253731343
5876	0.0149253731343
15608	0.0149253731343
27048	0.0149253731343
35198	0.0149253731343
46148	0.0149253731343
47064	0.0149253731343
51421	0.0149253731343
52148	0.0149253731343
53164	0.0149253731343
28673	0.0148698884758
41063	0.0148148148148
103	0.0147058823529
16902	0.0147058823529
27235	0.0147058823529
34658	0.0147058823529
41334	0.0147058823529
41616	0.0147058823529
50056	0.0147058823529
51024	0.0147058823529
52906	0.0147058823529
10162	0.014598540146
1098	0.0144927536232
13099	0.0144927536232
16281	0.0144927536232
17275	0.0144927536232
32803	0.0144927536232
39239	0.0144927536232
41075	0.0144927536232
42270	0.0144927536232
51157	0.0144927536232
51692	0.0144927536232
5884	0.0143884892086
5679	0.0142857142857
20418	0.0142857142857
21982	0.0142857142857
28111	0.0142857142857
28579	0.0142857142857
30672	0.0142857142857
38569	0.0142857142857
40212	0.0142857142857
41468	0.0142857142857
46509	0.0142857142857
50885	0.0142857142857
51745	0.0142857142857
52296	0.0142857142857
20802	0.0142180094787
28610	0.0142180094787
14518	0.0141843971631
4656	0.0140845070423
7197	0.0140845070423
12838	0.0140845070423
19816	0.0140845070423
22856	0.0140845070423
26530	0.0140845070423
29399	0.0140845070423
38682	0.0140845070423
40923	0.0140845070423
41273	0.0140845070423
42191	0.0140845070423
51401	0.0140845070423
6382	0.0138888888889
7421	0.0138888888889
10633	0.0138888888889
35467	0.0138888888889
39342	0.0138888888889
42460	0.0138888888889
44602	0.0138888888889
45206	0.0138888888889
48070	0.0138888888889
52876	0.0138888888889
2087	0.013698630137
5219	0.013698630137
6315	0.013698630137
24460	0.013698630137
34985	0.013698630137
37201	0.013698630137
39874	0.013698630137
40351	0.013698630137
52962	0.013698630137
34929	0.0136363636364
2401	0.0135135135135
2618	0.0135135135135
11168	0.0135135135135
29806	0.0135135135135
41579	0.0135135135135
41716	0.0135135135135
52319	0.0135135135135
632	0.0133333333333
7295	0.0133333333333
12777	0.0133333333333
21582	0.0133333333333
23944	0.0133333333333
28734	0.0133333333333
29746	0.0133333333333
39085	0.0133333333333
41210	0.0133333333333
41627	0.0133333333333
51004	0.0133333333333
51641	0.0133333333333
1990	0.0132450331126
41331	0.0132450331126
688	0.0131578947368
7462	0.0131578947368
12454	0.0131578947368
16847	0.0131578947368
19572	0.0131578947368
22534	0.0131578947368
23372	0.0131578947368
41066	0.0131578947368
51336	0.0131578947368
51820	0.0131578947368
52255	0.0131578947368
186	0.012987012987
15917	0.012987012987
50937	0.012987012987
51071	0.012987012987
52549	0.012987012987
3684	0.0128205128205
11196	0.0128205128205
13653	0.0128205128205
16302	0.0128205128205
21311	0.0128205128205
25442	0.0128205128205
30195	0.0128205128205
33864	0.0128205128205
34522	0.0128205128205
37208	0.0128205128205
49141	0.0128205128205
51102	0.0128205128205
51746	0.0128205128205
51822	0.0128205128205
52946	0.0128205128205
53136	0.0128205128205
42145	0.0127388535032
29055	0.0127118644068
1922	0.0126582278481
4318	0.0126582278481
10914	0.0126582278481
18145	0.0126582278481
27864	0.0126582278481
30069	0.0126582278481
32895	0.0126582278481
48899	0.0126582278481
6372	0.0126050420168
35728	0.0125786163522
42335	0.0125786163522
3669	0.0125
6213	0.0125
18838	0.0125
19688	0.0125
27173	0.0125
33940	0.0125
41708	0.0125
44270	0.0125
45354	0.0125
51087	0.0125
52227	0.0125
52471	0.0125
23742	0.0124481327801
34676	0.0124223602484
652	0.0123456790123
932	0.0123456790123
4760	0.0123456790123
15197	0.0123456790123
20335	0.0123456790123
26172	0.0123456790123
29095	0.0123456790123
30834	0.0123456790123
30866	0.0123456790123
38547	0.0123456790123
41122	0.0123456790123
41712	0.0123456790123
42029	0.0123456790123
46558	0.0123456790123
59731	0.0123456790123
38861	0.0122699386503
1877	0.0121951219512
2403	0.0121951219512
5754	0.0121951219512
8894	0.0121951219512
14353	0.0121951219512
21870	0.0121951219512
25555	0.0121951219512
26295	0.0121951219512
35679	0.0121951219512
41380	0.0121951219512
45459	0.0121951219512
47995	0.0121951219512
50870	0.0121951219512
50929	0.0121951219512
59558	0.0121951219512
1655	0.0121212121212
39426	0.0121212121212
59661	0.0121212121212
3876	0.0120481927711
17095	0.0120481927711
25930	0.0120481927711
28415	0.0120481927711
41175	0.0120481927711
50494	0.0120481927711
4227	0.0119047619048
7311	0.0119047619048
11887	0.0119047619048
17303	0.0119047619048
19465	0.0119047619048
24698	0.0119047619048
28799	0.0119047619048
29582	0.0119047619048
36736	0.0119047619048
38530	0.0119047619048
42932	0.0119047619048
47918	0.0119047619048
52693	0.0119047619048
59617	0.0119047619048
1537	0.0117647058824
3598	0.0117647058824
4515	0.0117647058824
7346	0.0117647058824
20077	0.0117647058824
22241	0.0117647058824
34659	0.0117647058824
41147	0.0117647058824
50949	0.0117647058824
51838	0.0117647058824
52613	0.0117647058824
25487	0.0116959064327
34121	0.0116959064327
40984	0.011673151751
1553	0.0116279069767
3260	0.0116279069767
6693	0.0116279069767
8197	0.0116279069767
21795	0.0116279069767
41593	0.0116279069767
59507	0.0116279069767
59944	0.0116279069767
9720	0.0114942528736
17948	0.0114942528736
43920	0.0114942528736
51290	0.0114942528736
57798	0.0114942528736
24717	0.0113636363636
26600	0.0113636363636
31850	0.0113636363636
43391	0.0113636363636
45199	0.0113636363636
50642	0.0113636363636
2660	0.0112994350282
2679	0.0112359550562
2720	0.0112359550562
4867	0.0112359550562
6381	0.0112359550562
8129	0.0112359550562
13660	0.0112359550562
16028	0.0112359550562
18673	0.0112359550562
29067	0.0112359550562
29280	0.0112359550562
37224	0.0112359550562
41001	0.0112359550562
45033	0.0112359550562
50958	0.0112359550562
51121	0.0111731843575
9142	0.0111111111111
14505	0.0111111111111
14573	0.0111111111111
19420	0.0111111111111
22121	0.0111111111111
41081	0.0111111111111
43276	0.0111111111111
53234	0.0111111111111
41544	0.0110497237569
51655	0.0110497237569
123	0.010989010989
18317	0.010989010989
18326	0.010989010989
38287	0.010989010989
40752	0.010989010989
48676	0.010989010989
51967	0.010989010989
35021	0.0109489051095
11359	0.0108991825613
1068	0.0108695652174
2288	0.0108695652174
3754	0.0108695652174
7734	0.0108695652174
10082	0.0108695652174
28793	0.0108695652174
31220	0.0108695652174
32130	0.0108695652174
41533	0.0108695652174
42344	0.0108695652174
42369	0.0108695652174
43834	0.0108695652174
51283	0.0108695652174
41013	0.0108108108108
37775	0.0107913669065
3542	0.010752688172
9588	0.010752688172
41608	0.010752688172
41778	0.010752688172
42378	0.010752688172
41065	0.0106761565836
819	0.0106382978723
6772	0.0106382978723
13394	0.0106382978723
21557	0.0106382978723
25221	0.0106382978723
33143	0.0106382978723
33599	0.0106382978723
33855	0.0106382978723
34191	0.0106382978723
36632	0.0106382978723
33879	0.010582010582
4452	0.0105263157895
10343	0.0105263157895
26509	0.0105263157895
33523	0.0105263157895
41525	0.0105263157895
50984	0.0105263157895
18231	0.0104166666667
21379	0.0104166666667
34649	0.0104166666667
41019	0.0104166666667
25937	0.0103448275862
11746	0.0103092783505
18223	0.0103092783505
36894	0.0103092783505
40936	0.0103092783505
41222	0.0103092783505
41271	0.0103092783505
41385	0.0103092783505
45076	0.0103092783505
48221	0.0103092783505
9502	0.0102040816327
29902	0.0102040816327
41101	0.0102040816327
14406	0.010101010101
15188	0.010101010101
34168	0.010101010101
41228	0.010101010101
6954	0.0100334448161
3861	0.01
17383	0.01
17767	0.01
38338	0.01
41070	0.01
45381	0.01
51505	0.01
52089	0.01
60987	0.01
8159	0.00995024875622
29145	0.00993377483444
156	0.00990099009901
4752	0.00990099009901
16802	0.00990099009901
18378	0.00990099009901
33564	0.00990099009901
51044	0.00990099009901
51804	0.00990099009901
52016	0.00990099009901
42424	0.00986842105263
3198	0.00980392156863
28749	0.00980392156863
33751	0.00980392156863
47473	0.00980392156863
2084	0.00975609756098
9761	0.00975609756098
9288	0.00970873786408
13943	0.00970873786408
37302	0.00970873786408
37670	0.00970873786408
50943	0.00970873786408
51901	0.00970873786408
52357	0.00970873786408
9647	0.00965250965251
309	0.00961538461538
6254	0.00961538461538
9625	0.00961538461538
15009	0.00961538461538
25165	0.00961538461538
27580	0.00961538461538
29707	0.00961538461538
36366	0.00961538461538
49350	0.00961538461538
27529	0.00956937799043
2409	0.00952380952381
9715	0.00952380952381
12552	0.00952380952381
14839	0.00952380952381
15602	0.00952380952381
19922	0.00952380952381
20010	0.00952380952381
25027	0.00952380952381
41082	0.00952380952381
41655	0.00952380952381
42328	0.00952380952381
42514	0.00952380952381
43337	0.00952380952381
43542	0.00952380952381
4836	0.00943396226415
9651	0.00943396226415
11784	0.00943396226415
42799	0.00943396226415
1489	0.0093896713615
2681	0.00934579439252
43824	0.00934579439252
47553	0.00934579439252
59508	0.00934579439252
694	0.00925925925926
11748	0.00925925925926
11774	0.00925925925926
25432	0.00925925925926
52024	0.00925925925926
11165	0.00921658986175
7513	0.00917431192661
19695	0.00917431192661
22195	0.00917431192661
33572	0.00917431192661
52062	0.00917431192661
59684	0.00917431192661
6428	0.00909090909091
28141	0.00909090909091
29583	0.00909090909091
32074	0.00909090909091
41160	0.00909090909091
42194	0.00909090909091
47475	0.00909090909091
51359	0.00909090909091
29444	0.00904977375566
11230	0.00900900900901
20669	0.00900900900901
35551	0.00900900900901
41606	0.00900900900901
51152	0.00900900900901
689	0.0089485458613
39785	0.00893743793446
1361	0.00892857142857
4611	0.00892857142857
9722	0.00892857142857
36105	0.00892857142857
51429	0.00892857142857
17566	0.00889679715302
38794	0.00889679715302
6634	0.00884955752212
8839	0.00884955752212
14730	0.00884955752212
18172	0.00884955752212
20511	0.00884955752212
41002	0.00884955752212
52536	0.00884955752212
13933	0.00881057268722
41146	0.00881057268722
42374	0.00881057268722
10646	0.00877192982456
41236	0.00877192982456
21331	0.00873362445415
2848	0.00869565217391
39209	0.00869565217391
51854	0.00869565217391
52055	0.00869565217391
12756	0.00865800865801
2142	0.00864553314121
13428	0.00862068965517
21719	0.00862068965517
29492	0.00862068965517
41023	0.00862068965517
41136	0.00862068965517
41303	0.00862068965517
40318	0.00858369098712
41134	0.00858369098712
5693	0.00856531049251
11871	0.00854700854701
26403	0.00854700854701
27582	0.00854700854701
31879	0.00854700854701
13960	0.00851063829787
14749	0.00851063829787
25554	0.00849858356941
41058	0.00849256900212
8729	0.00847457627119
14275	0.00847457627119
20111	0.00847457627119
26279	0.00847457627119
41826	0.00847457627119
49408	0.00847457627119
21906	0.00845070422535
41329	0.0084388185654
937	0.00840336134454
15794	0.00840336134454
40036	0.00840336134454
41127	0.00840336134454
1062	0.00836820083682
4900	0.00836820083682
4644	0.008356545961
14525	0.00833333333333
20205	0.00833333333333
32411	0.00833333333333
34724	0.00833333333333
37111	0.00833333333333
41444	0.00833333333333
47292	0.00833333333333
47503	0.00833333333333
10920	0.00829875518672
22717	0.00829875518672
41270	0.00829875518672
2367	0.00826446280992
11239	0.00826446280992
20779	0.00826446280992
22895	0.00826446280992
29564	0.00826446280992
36494	0.00826446280992
37947	0.00826446280992
39140	0.00826446280992
41328	0.00826446280992
41353	0.00826446280992
41132	0.00821917808219
10803	0.00819672131148
25240	0.00819672131148
35245	0.00819672131148
51549	0.00819672131148
61083	0.00819672131148
37762	0.00816326530612
49392	0.00816326530612
26863	0.00814332247557
10789	0.00813008130081
17583	0.00813008130081
40562	0.00813008130081
59505	0.00813008130081
9138	0.0080971659919
9188	0.0080971659919
41374	0.00808625336927
5354	0.00806451612903
6404	0.00806451612903
15720	0.00806451612903
30923	0.00806451612903
34521	0.00806451612903
38701	0.00806451612903
41421	0.00806451612903
50845	0.00806451612903
1096	0.008
18607	0.008
31340	0.008
21323	0.00797872340426
27949	0.0079575596817
392	0.00793650793651
4006	0.00793650793651
4775	0.00793650793651
41164	0.00793650793651
41284	0.00793650793651
4153	0.00791556728232
2071	0.00787401574803
7420	0.00787401574803
22351	0.00787401574803
22877	0.00787401574803
41425	0.00787401574803
51340	0.00787401574803
1422	0.00785340314136
36999	0.00783289817232
2090	0.0078125
3273	0.00778642936596
41194	0.00778210116732
13098	0.0077519379845
37427	0.0077519379845
38078	0.0077519379845
42019	0.0077519379845
42977	0.0077519379845
23481	0.00771208226221
35514	0.00771208226221
18226	0.00769230769231
29567	0.00769230769231
50881	0.00769230769231
14698	0.00763358778626
17596	0.00758725341426
2264	0.00757575757576
5552	0.00757575757576
13149	0.00757575757576
22690	0.00757575757576
27209	0.00757575757576
1954	0.00751879699248
51496	0.00751879699248
50944	0.00749063670412
100	0.00746268656716
13216	0.00746268656716
23532	0.00746268656716
28559	0.00746268656716
761	0.00740740740741
2152	0.00740740740741
14277	0.00740740740741
28294	0.00740740740741
29543	0.00740740740741
35920	0.00740740740741
37577	0.00740740740741
39852	0.00740740740741
3312	0.00739371534196
18556	0.00738007380074
41208	0.00738007380074
128	0.00735294117647
1117	0.00735294117647
11769	0.00735294117647
19288	0.00735294117647
21550	0.00735294117647
49749	0.00735294117647
21801	0.00732600732601
11087	0.00729927007299
11095	0.00729927007299
41079	0.00729927007299
51019	0.00729927007299
2333	0.00729261622607
27087	0.00724637681159
43785	0.00724637681159
51164	0.00724637681159
51709	0.00724637681159
51811	0.00724637681159
7100	0.00722891566265
11504	0.0072202166065
4764	0.00721500721501
4582	0.00719424460432
11004	0.00719424460432
13633	0.00719424460432
25405	0.00719424460432
28443	0.00719424460432
29739	0.00719424460432
39323	0.00719424460432
41398	0.00719424460432
2613	0.00718390804598
5599	0.00714285714286
9295	0.00714285714286
12830	0.00714285714286
19799	0.00714285714286
36418	0.00714285714286
41890	0.00714285714286
51225	0.00714285714286
17315	0.00709219858156
32318	0.00709219858156
39324	0.00709219858156
40344	0.00709219858156
1676	0.00706713780919
25414	0.00706713780919
1931	0.00704225352113
4335	0.00704225352113
7390	0.00704225352113
17904	0.00704225352113
18414	0.00704225352113
41061	0.00704225352113
51568	0.00704225352113
4242	0.00701754385965
26486	0.00699300699301
42312	0.00699300699301
51266	0.00699300699301
52555	0.00699300699301
27171	0.00696864111498
39136	0.00695517774343
4280	0.00694444444444
6564	0.00694444444444
9245	0.00694444444444
51393	0.00694444444444
4625	0.00689655172414
13955	0.00689655172414
31400	0.00689655172414
32832	0.00689655172414
38293	0.00689655172414
51415	0.00689655172414
52240	0.00689655172414
16449	0.00684931506849
23337	0.00684931506849
27226	0.00684931506849
29854	0.00684931506849
35535	0.00684931506849
3022	0.00682593856655
27288	0.00680272108844
38657	0.00680272108844
42609	0.00680272108844
3445	0.00677966101695
40969	0.00677966101695
50879	0.00677966101695
41116	0.00676818950931
14515	0.00675675675676
34254	0.00675675675676
36897	0.00675675675676
9178	0.00671140939597
13067	0.00671140939597
3436	0.00666666666667
7214	0.00664451827243
2610	0.00662251655629
7261	0.00662251655629
27952	0.00662251655629
41038	0.00662251655629
1039	0.00657894736842
5164	0.00657894736842
41154	0.00657894736842
14122	0.00653594771242
23244	0.00653594771242
26318	0.00653594771242
38194	0.00653594771242
44847	0.00653594771242
34637	0.00651465798046
16784	0.00649350649351
34109	0.00649350649351
34548	0.00649350649351
41596	0.00649350649351
43473	0.00649350649351
51179	0.00649350649351
51605	0.00649350649351
40988	0.00647948164147
41332	0.00647948164147
874	0.00645161290323
4418	0.00645161290323
14833	0.00645161290323
35958	0.00645161290323
41307	0.00645161290323
16209	0.00644122383253
37961	0.00643776824034
684	0.00641025641026
4137	0.00641025641026
4337	0.00641025641026
18456	0.00641025641026
52225	0.00641025641026
15228	0.00639658848614
1918	0.00638977635783
618	0.00636942675159
23299	0.00636942675159
23440	0.00636942675159
24429	0.00636942675159
27899	0.00636942675159
33922	0.00636942675159
51575	0.00636942675159
52525	0.00636942675159
40893	0.00632911392405
51784	0.00632911392405
53344	0.00632911392405
41403	0.00630914826498
16368	0.0062893081761
17637	0.0062893081761
49398	0.0062893081761
7161	0.00625
15851	0.00625
26059	0.00625
36078	0.00625
40979	0.00625
51117	0.00625
1984	0.00624024960998
19687	0.00621118012422
1364	0.00617283950617
17715	0.00617283950617
27125	0.00617283950617
27527	0.00617283950617
384	0.00613496932515
4739	0.00613496932515
12467	0.00611620795107
24373	0.00609756097561
26893	0.00609756097561
37114	0.00609756097561
41250	0.00609756097561
51680	0.00609756097561
18613	0.00607902735562
16912	0.00606060606061
18283	0.00606060606061
18361	0.00602409638554
28737	0.00602409638554
37680	0.00602409638554
40942	0.00602409638554
8709	0.00602006688963
456	0.0059880239521
41060	0.0059880239521
2574	0.00595238095238
8210	0.00595238095238
29277	0.00594530321046
137	0.00591715976331
15714	0.00591715976331
17625	0.00591715976331
51159	0.00591715976331
259	0.00588235294118
30762	0.00588235294118
39546	0.00588235294118
40482	0.00588235294118
4144	0.00584795321637
7344	0.00584795321637
10157	0.00584795321637
11128	0.00584795321637
11232	0.00584795321637
17461	0.00584795321637
17915	0.00584795321637
21662	0.00584795321637
25942	0.00584795321637
50652	0.00584795321637
36398	0.00584225900682
48572	0.00583090379009
3946	0.00581395348837
22026	0.00581395348837
22805	0.00581395348837
28047	0.00581395348837
28810	0.00581395348837
41391	0.00581395348837
50987	0.00581395348837
6679	0.00578034682081
21797	0.00578034682081
29532	0.00578034682081
18701	0.00574712643678
32594	0.00574712643678
17586	0.0057361376673
34369	0.00572519083969
1390	0.00571428571429
27218	0.00571428571429
41068	0.00570884871551
11307	0.00569800569801
18301	0.00569800569801
50863	0.00569800569801
23211	0.00568181818182
36710	0.00568181818182
40992	0.00568181818182
40971	0.00566037735849
955	0.00564971751412
3369	0.00564971751412
14361	0.00564971751412
20527	0.00564971751412
51485	0.00564971751412
29453	0.0056338028169
2037	0.0056258790436
23001	0.00561797752809
35162	0.00561797752809
50897	0.00561797752809
40987	0.00561009817672
9826	0.00560747663551
22070	0.00558659217877
33850	0.00558659217877
34667	0.00558659217877
40975	0.00558659217877
4563	0.00556070435589
27723	0.00555555555556
28051	0.00555555555556
47774	0.00555555555556
32862	0.00554528650647
1456	0.00552486187845
16935	0.00552486187845
50855	0.00552486187845
52383	0.00552486187845
25732	0.00549450549451
41040	0.00549450549451
2007	0.00548847420417
16516	0.00546448087432
51197	0.00546448087432
9251	0.00544959128065
775	0.0054347826087
5116	0.0054347826087
30901	0.0054347826087
2898	0.00542888165038
4479	0.00540540540541
11300	0.00540540540541
37776	0.00540540540541
41097	0.00540540540541
30471	0.00539083557951
1231	0.00537634408602
21745	0.00537634408602
25376	0.00537634408602
34471	0.00537634408602
41050	0.00537634408602
41968	0.00537634408602
4578	0.00537056928034
39915	0.00536672629696
5218	0.00534759358289
6573	0.00534759358289
17277	0.00534759358289
7505	0.00531914893617
25047	0.00531914893617
3133	0.00529100529101
18661	0.00529100529101
39265	0.00529100529101
13111	0.00528479154433
9135	0.00527704485488
3842	0.00526315789474
11749	0.00526315789474
14352	0.00526315789474
30812	0.00526315789474
48489	0.00526315789474
16273	0.00523560209424
34073	0.00523560209424
44456	0.00523560209424
14207	0.00522193211488
3720	0.00520833333333
4675	0.00518134715026
25891	0.00518134715026
10266	0.00515463917526
51112	0.00515463917526
20630	0.00514138817481
54	0.00512820512821
31307	0.00512820512821
41227	0.00512820512821
4396	0.00512163892446
26235	0.00510204081633
36686	0.00507614213198
2	0.00506072874494
40983	0.00505050505051
41010	0.00505050505051
2169	0.00502512562814
22230	0.00502512562814
41452	0.00502512562814
31483	0.00501253132832
31440	0.00497925311203
33656	0.00497512437811
41031	0.00496894409938
11	0.0049504950495
20818	0.0049504950495
35581	0.0049504950495
41085	0.0049504950495
35563	0.0049240869922
23174	0.004914004914
3781	0.00490196078431
41047	0.00490196078431
51697	0.00490196078431
14253	0.00489396411093
492	0.00485436893204
41223	0.00485436893204
7175	0.00483870967742
90	0.0048309178744
5419	0.0048309178744
10653	0.0048309178744
37689	0.0048309178744
1113	0.00480769230769
15083	0.00480769230769
20416	0.00480769230769
41092	0.00480769230769
2089	0.00478468899522
2515	0.00478468899522
18960	0.00478468899522
52029	0.00478468899522
11294	0.0047619047619
11782	0.0047619047619
20173	0.00475059382423
10166	0.00473933649289
33678	0.00473933649289
41308	0.00473933649289
41071	0.00472813238771
4695	0.00471698113208
4706	0.00471698113208
27525	0.00471698113208
28290	0.00471698113208
41025	0.00471698113208
41171	0.00471698113208
5056	0.00469483568075
18307	0.00469483568075
1064	0.00468018720749
7303	0.00467289719626
14716	0.00467289719626
27579	0.00467289719626
5553	0.0046511627907
1309	0.00462962962963
1739	0.00462962962963
7518	0.00460829493088
11778	0.00460829493088
27051	0.00460829493088
25113	0.0045871559633
3933	0.00457875457875
41037	0.00456621004566
26602	0.00456273764259
5643	0.00454545454545
11675	0.00454545454545
51341	0.00454545454545
22251	0.00453514739229
17946	0.00452488687783
13742	0.0045045045045
25431	0.0045045045045
38795	0.0045045045045
17346	0.00448430493274
40962	0.00447227191413
1503	0.00445434298441
6427	0.00441696113074
34224	0.00441014332966
40981	0.00440528634361
4655	0.00439783491204
29852	0.00438596491228
38203	0.00438356164384
50875	0.00436681222707
51721	0.00436681222707
4654	0.00434782608696
41016	0.00434153400868
1632	0.00431034482759
3280	0.00431034482759
27255	0.00431034482759
35400	0.00431034482759
4708	0.00429799426934
2186	0.00429184549356
18311	0.00429184549356
40978	0.00429184549356
29780	0.0042735042735
6816	0.00425531914894
18759	0.00425531914894
32811	0.00425531914894
38493	0.00425531914894
28742	0.00424628450106
11169	0.00423728813559
35703	0.00423728813559
7312	0.00423529411765
33762	0.0042194092827
5237	0.00420757363254
2127	0.00420168067227
19201	0.00420168067227
41003	0.00420168067227
31882	0.00418410041841
5432	0.00416666666667
24126	0.00416666666667
28043	0.00416666666667
44281	0.00416666666667
51724	0.00416666666667
22383	0.00415512465374
76	0.00414937759336
37169	0.00414937759336
38206	0.00414937759336
4390	0.00413223140496
23782	0.00413223140496
27927	0.00413223140496
29309	0.00413223140496
34356	0.00413223140496
3531	0.00412371134021
210	0.00411522633745
4327	0.00411522633745
30805	0.00411522633745
39483	0.00411522633745
4937	0.0041067761807
41041	0.00409836065574
41499	0.00409836065574
28633	0.00408163265306
51173	0.00408163265306
22743	0.00407830342577
25051	0.0040733197556
36392	0.0040733197556
17938	0.0040404040404
27404	0.00403225806452
30849	0.00403225806452
17952	0.00401606425703
20506	0.00401606425703
45139	0.00401606425703
47628	0.00401606425703
893	0.00401002506266
5593	0.00400801603206
5768	0.00397614314115
52332	0.00396825396825
28155	0.00395256916996
34169	0.00395256916996
4518	0.00394736842105
44117	0.00393700787402
50923	0.00393700787402
41018	0.00391644908616
512	0.00390625
6803	0.00390625
30445	0.00390625
19598	0.00390117035111
1921	0.00389105058366
20875	0.00387596899225
23667	0.00387596899225
33841	0.00387596899225
34858	0.00386847195358
47637	0.00384615384615
2463	0.00381315538608
15207	0.00380228136882
34920	0.00380228136882
16956	0.00378787878788
41347	0.00378787878788
2110	0.00377358490566
41253	0.00377358490566
26508	0.00375939849624
9642	0.00371287128713
31877	0.0037037037037
38080	0.0037037037037
51178	0.0037037037037
8732	0.00367647058824
38790	0.00367647058824
51041	0.00366972477064
10251	0.003663003663
29372	0.003663003663
32612	0.003663003663
34367	0.00365296803653
2313	0.0036496350365
30691	0.0036496350365
22929	0.00364630811304
3116	0.00363636363636
38232	0.00363636363636
50995	0.00363636363636
35136	0.0036231884058
39602	0.0036231884058
27489	0.00361663652803
5809	0.003600360036
4399	0.00359712230216
29394	0.00359712230216
51158	0.00358422939068
17771	0.00357142857143
39447	0.00356294536817
26805	0.00356030262572
3365	0.00355871886121
3139	0.00354609929078
30794	0.00354609929078
2312	0.00352733686067
4489	0.00352112676056
13952	0.00352112676056
22744	0.00350877192982
27094	0.00350877192982
27890	0.0034965034965
41417	0.00347222222222
25738	0.00346921075455
41368	0.00346020761246
52018	0.00346020761246
862	0.00344827586207
28407	0.00344827586207
38807	0.00344827586207
28405	0.00344431687715
29863	0.00343642611684
12969	0.00342465753425
869	0.00341963849536
9538	0.00341296928328
21558	0.00341296928328
53040	0.00341296928328
29724	0.00340136054422
19090	0.00338983050847
38925	0.00334448160535
42912	0.00334448160535
28055	0.00333333333333
5112	0.00331125827815
5000	0.00330396475771
1928	0.00327868852459
41042	0.00325732899023
14115	0.00324675324675
7444	0.00322580645161
30625	0.00322580645161
2326	0.0032154340836
41258	0.0032154340836
35049	0.00321027287319
4121	0.00320512820513
6360	0.00320512820513
41093	0.00319488817891
23999	0.0031847133758
32188	0.0031847133758
7340	0.00317796610169
5100	0.0031746031746
41067	0.0031746031746
50901	0.00316455696203
22643	0.00315457413249
27809	0.00315457413249
51156	0.00315457413249
13339	0.00314465408805
118	0.00313479623824
7299	0.003125
27128	0.003125
41126	0.003125
5231	0.00312012480499
38987	0.00311526479751
900	0.00308641975309
38584	0.00308641975309
41243	0.00307692307692
868	0.00306278713629
27906	0.00305810397554
6304	0.0030487804878
40982	0.00301204819277
1135	0.00300751879699
5774	0.00294985250737
14140	0.00294117647059
41000	0.00294117647059
41434	0.00294117647059
41165	0.00293255131965
34683	0.00292397660819
29845	0.00291545189504
19601	0.00291332847779
3239	0.00290697674419
41609	0.00290697674419
2290	0.00290360046458
38793	0.00289351851852
9656	0.002886002886
29591	0.0028818443804
7349	0.00287356321839
10250	0.00285714285714
23786	0.002849002849
1700	0.00284090909091
5503	0.00283822138127
41034	0.00281690140845
2745	0.00281096275474
11727	0.00280898876404
25078	0.00280898876404
47611	0.00280898876404
3788	0.00279329608939
34897	0.00277777777778
25324	0.00277008310249
9252	0.00275482093664
7317	0.00272479564033
34830	0.00272479564033
5622	0.00271739130435
30799	0.00271739130435
921	0.00271247739602
38932	0.00271002710027
4916	0.00270758122744
51989	0.0027027027027
28830	0.00268817204301
2419	0.0026525198939
2840	0.00263852242744
37993	0.00263852242744
7442	0.00263157894737
35345	0.00261096605744
1438	0.00260416666667
2381	0.00260416666667
29218	0.00260416666667
19547	0.00259067357513
867	0.0025641025641
5204	0.00256081946223
18777	0.00253807106599
23688	0.00253807106599
10987	0.00252525252525
23642	0.00252525252525
42156	0.00251889168766
3689	0.00251256281407
1119	0.00247524752475
51133	0.00246913580247
5420	0.00246305418719
15636	0.002457002457
24684	0.00244498777506
39709	0.00244498777506
6812	0.00244100895037
18584	0.00243309002433
40965	0.00243111831442
10281	0.00242130750605
1380	0.00240963855422
4711	0.00240673886883
31536	0.00236966824645
4173	0.00234741784038
14750	0.00231481481481
35045	0.00231481481481
7300	0.00230946882217
40289	0.00229885057471
4951	0.00229357798165
8397	0.00229357798165
30980	0.00229095074456
562	0.00226244343891
31830	0.00226244343891
4430	0.00222386953299
28832	0.00221238938053
23666	0.0021978021978
1399	0.00219298245614
20075	0.00218818380744
16447	0.00218340611354
45223	0.00217391304348
253	0.00216216216216
21545	0.00215982721382
631	0.00215517241379
3419	0.0021186440678
12423	0.00211416490486
41044	0.00211416490486
50105	0.00210970464135
27865	0.00204918032787
1902	0.00204081632653
5157	0.00202122283982
39549	0.0020202020202
17711	0.00199203187251
41355	0.00199203187251
41109	0.00197628458498
1118	0.00192184497117
3527	0.00190839694656
34751	0.00190114068441
1048	0.00188857412653
28821	0.00187265917603
41985	0.00187265917603
30269	0.00184842883549
40999	0.00184842883549
13935	0.0018115942029
37426	0.00179211469534
35178	0.0017825311943
40980	0.00176056338028
13056	0.00174825174825
949	0.00174216027875
37737	0.00173913043478
51212	0.00172711571675
5519	0.00172117039587
11655	0.0016835016835
1743	0.0016694490818
12610	0.00159744408946
23150	0.00152207001522
992	0.0015037593985
27535	0.00149476831091
5120	0.00148367952522
26584	0.001414427157
37392	0.00141242937853
33634	0.00137741046832
38492	0.00137174211248
7419	0.00135317997294
2733	0.00130039011704
40995	0.0012987012987
1680	0.00127713920817
38191	0.00115874855156
1497	0.00107411385607
2344	0.00100200400802
3733	0.000945179584121
4846	0.000780640124902
