20082	0.0666666666667
40563	0.0666666666667
50453	0.0666666666667
54745	0.0666666666667
39240	0.0645161290323
4411	0.0625
27484	0.0625
4224	0.0606060606061
26210	0.0588235294118
28846	0.0588235294118
61218	0.0588235294118
40177	0.0579710144928
58969	0.0571428571429
12030	0.0555555555556
14927	0.0540540540541
35121	0.0540540540541
7302	0.0526315789474
36378	0.0526315789474
41026	0.0526315789474
52388	0.0526315789474
11329	0.05
38879	0.05
22729	0.0487804878049
27239	0.0487804878049
50177	0.0481927710843
60293	0.047619047619
1763	0.046511627907
10007	0.046511627907
10074	0.046511627907
46726	0.046511627907
2542	0.0454545454545
38817	0.0454545454545
48885	0.0454545454545
50402	0.0454545454545
10435	0.0444444444444
48580	0.0444444444444
779	0.0441176470588
3796	0.0441176470588
8406	0.0434782608696
21407	0.0434782608696
30101	0.0434782608696
31139	0.0434782608696
43691	0.0434782608696
51653	0.0434782608696
38968	0.0428571428571
44826	0.0425531914894
52475	0.0425531914894
59642	0.0425531914894
41030	0.0421052631579
42258	0.0416666666667
24069	0.0408163265306
41178	0.0408163265306
51759	0.0408163265306
42660	0.04
13379	0.0392156862745
16129	0.0392156862745
41492	0.0392156862745
3979	0.038961038961
41334	0.038961038961
28461	0.0384615384615
51033	0.0384615384615
18149	0.0377358490566
41577	0.0375
48662	0.0373831775701
702	0.037037037037
2799	0.037037037037
6080	0.037037037037
9161	0.037037037037
11317	0.037037037037
12513	0.037037037037
18167	0.037037037037
18182	0.037037037037
20707	0.037037037037
22696	0.037037037037
24413	0.037037037037
25318	0.037037037037
25556	0.037037037037
29466	0.037037037037
30513	0.037037037037
31943	0.037037037037
35303	0.037037037037
36084	0.037037037037
36660	0.037037037037
36990	0.037037037037
40265	0.037037037037
42133	0.037037037037
42300	0.037037037037
42489	0.037037037037
42918	0.037037037037
43234	0.037037037037
43607	0.037037037037
45090	0.037037037037
45805	0.037037037037
47576	0.037037037037
49351	0.037037037037
49983	0.037037037037
51672	0.037037037037
51779	0.037037037037
54200	0.037037037037
54350	0.037037037037
54672	0.037037037037
54963	0.037037037037
55130	0.037037037037
55287	0.037037037037
56252	0.037037037037
57143	0.037037037037
58280	0.037037037037
58411	0.037037037037
59071	0.037037037037
60287	0.037037037037
60533	0.037037037037
60789	0.037037037037
60974	0.037037037037
61005	0.037037037037
6685	0.0363636363636
27504	0.0363636363636
52063	0.0363636363636
2599	0.0357142857143
3971	0.0357142857143
5073	0.0357142857143
5464	0.0357142857143
6969	0.0357142857143
7071	0.0357142857143
7084	0.0357142857143
10917	0.0357142857143
10922	0.0357142857143
11725	0.0357142857143
12533	0.0357142857143
13563	0.0357142857143
13582	0.0357142857143
14323	0.0357142857143
15456	0.0357142857143
16662	0.0357142857143
17687	0.0357142857143
17701	0.0357142857143
18298	0.0357142857143
18458	0.0357142857143
19963	0.0357142857143
24312	0.0357142857143
24911	0.0357142857143
28135	0.0357142857143
30095	0.0357142857143
30133	0.0357142857143
32451	0.0357142857143
32947	0.0357142857143
33968	0.0357142857143
35244	0.0357142857143
35910	0.0357142857143
38029	0.0357142857143
39425	0.0357142857143
39784	0.0357142857143
39954	0.0357142857143
40182	0.0357142857143
40459	0.0357142857143
41478	0.0357142857143
41836	0.0357142857143
44089	0.0357142857143
44719	0.0357142857143
44881	0.0357142857143
44922	0.0357142857143
45368	0.0357142857143
45558	0.0357142857143
46522	0.0357142857143
46948	0.0357142857143
48165	0.0357142857143
49158	0.0357142857143
49355	0.0357142857143
51598	0.0357142857143
52194	0.0357142857143
52641	0.0357142857143
53730	0.0357142857143
54248	0.0357142857143
56130	0.0357142857143
57562	0.0357142857143
58378	0.0357142857143
58555	0.0357142857143
58802	0.0357142857143
59324	0.0357142857143
60977	0.0357142857143
3664	0.0350877192982
2387	0.0344827586207
3046	0.0344827586207
3597	0.0344827586207
4020	0.0344827586207
6602	0.0344827586207
7150	0.0344827586207
7453	0.0344827586207
8364	0.0344827586207
8484	0.0344827586207
8818	0.0344827586207
10308	0.0344827586207
10820	0.0344827586207
10931	0.0344827586207
15792	0.0344827586207
16444	0.0344827586207
18656	0.0344827586207
20083	0.0344827586207
20387	0.0344827586207
21409	0.0344827586207
21966	0.0344827586207
23230	0.0344827586207
24020	0.0344827586207
24345	0.0344827586207
24587	0.0344827586207
25459	0.0344827586207
27008	0.0344827586207
29088	0.0344827586207
29994	0.0344827586207
30454	0.0344827586207
33091	0.0344827586207
35614	0.0344827586207
35898	0.0344827586207
38803	0.0344827586207
39518	0.0344827586207
40350	0.0344827586207
41939	0.0344827586207
42268	0.0344827586207
43114	0.0344827586207
45552	0.0344827586207
45945	0.0344827586207
46556	0.0344827586207
47263	0.0344827586207
49061	0.0344827586207
49642	0.0344827586207
50483	0.0344827586207
50856	0.0344827586207
51814	0.0344827586207
52090	0.0344827586207
52877	0.0344827586207
52893	0.0344827586207
53478	0.0344827586207
53567	0.0344827586207
54673	0.0344827586207
55106	0.0344827586207
56704	0.0344827586207
58515	0.0344827586207
58624	0.0344827586207
60268	0.0344827586207
61223	0.0344827586207
61257	0.0344827586207
34115	0.0340909090909
9358	0.0338983050847
31007	0.0338983050847
36024	0.0338983050847
50482	0.0338983050847
51566	0.0338983050847
234	0.0333333333333
1966	0.0333333333333
2877	0.0333333333333
2916	0.0333333333333
3805	0.0333333333333
4842	0.0333333333333
6960	0.0333333333333
8251	0.0333333333333
8399	0.0333333333333
9924	0.0333333333333
10043	0.0333333333333
11010	0.0333333333333
13492	0.0333333333333
13544	0.0333333333333
14664	0.0333333333333
14986	0.0333333333333
15054	0.0333333333333
15230	0.0333333333333
15319	0.0333333333333
16048	0.0333333333333
17048	0.0333333333333
19037	0.0333333333333
19621	0.0333333333333
21842	0.0333333333333
22029	0.0333333333333
22604	0.0333333333333
23417	0.0333333333333
24840	0.0333333333333
25434	0.0333333333333
26007	0.0333333333333
28708	0.0333333333333
29107	0.0333333333333
29215	0.0333333333333
30604	0.0333333333333
33829	0.0333333333333
34766	0.0333333333333
36490	0.0333333333333
37416	0.0333333333333
37485	0.0333333333333
37569	0.0333333333333
41674	0.0333333333333
42110	0.0333333333333
42282	0.0333333333333
42613	0.0333333333333
42974	0.0333333333333
44216	0.0333333333333
44524	0.0333333333333
45790	0.0333333333333
46005	0.0333333333333
46488	0.0333333333333
49031	0.0333333333333
49517	0.0333333333333
49634	0.0333333333333
51312	0.0333333333333
51347	0.0333333333333
51696	0.0333333333333
53310	0.0333333333333
53670	0.0333333333333
54890	0.0333333333333
56468	0.0333333333333
57578	0.0333333333333
57903	0.0333333333333
58233	0.0333333333333
58559	0.0333333333333
58663	0.0333333333333
58796	0.0333333333333
59217	0.0333333333333
59272	0.0333333333333
61069	0.0333333333333
35679	0.032967032967
22922	0.0327868852459
662	0.0322580645161
1014	0.0322580645161
2360	0.0322580645161
3506	0.0322580645161
6313	0.0322580645161
7089	0.0322580645161
9595	0.0322580645161
10118	0.0322580645161
11864	0.0322580645161
12307	0.0322580645161
13282	0.0322580645161
14859	0.0322580645161
16001	0.0322580645161
17412	0.0322580645161
17641	0.0322580645161
19091	0.0322580645161
19370	0.0322580645161
19839	0.0322580645161
20170	0.0322580645161
20946	0.0322580645161
20972	0.0322580645161
20982	0.0322580645161
21154	0.0322580645161
23105	0.0322580645161
24238	0.0322580645161
24407	0.0322580645161
24863	0.0322580645161
25023	0.0322580645161
25423	0.0322580645161
26010	0.0322580645161
26148	0.0322580645161
26734	0.0322580645161
27783	0.0322580645161
29634	0.0322580645161
30484	0.0322580645161
33946	0.0322580645161
34226	0.0322580645161
34256	0.0322580645161
34993	0.0322580645161
37516	0.0322580645161
37587	0.0322580645161
38637	0.0322580645161
40576	0.0322580645161
42252	0.0322580645161
42682	0.0322580645161
43249	0.0322580645161
43746	0.0322580645161
45176	0.0322580645161
47407	0.0322580645161
50114	0.0322580645161
51904	0.0322580645161
52102	0.0322580645161
52680	0.0322580645161
52866	0.0322580645161
52978	0.0322580645161
53041	0.0322580645161
53043	0.0322580645161
55975	0.0322580645161
56732	0.0322580645161
57022	0.0322580645161
57927	0.0322580645161
58804	0.0322580645161
59651	0.0322580645161
59762	0.0322580645161
59874	0.0322580645161
59941	0.0322580645161
60046	0.0322580645161
60156	0.0322580645161
60301	0.0322580645161
60663	0.0322580645161
13621	0.031847133758
3223	0.031746031746
53240	0.031746031746
187	0.03125
240	0.03125
2307	0.03125
4115	0.03125
5847	0.03125
6944	0.03125
7195	0.03125
7378	0.03125
11634	0.03125
13115	0.03125
13144	0.03125
13145	0.03125
13272	0.03125
15849	0.03125
16177	0.03125
19027	0.03125
19593	0.03125
20584	0.03125
21472	0.03125
22260	0.03125
22528	0.03125
24027	0.03125
29037	0.03125
30936	0.03125
33090	0.03125
33979	0.03125
34000	0.03125
34089	0.03125
38011	0.03125
38736	0.03125
39126	0.03125
39313	0.03125
42449	0.03125
42908	0.03125
43216	0.03125
44846	0.03125
45521	0.03125
46701	0.03125
47181	0.03125
48760	0.03125
49413	0.03125
50009	0.03125
50420	0.03125
50509	0.03125
51862	0.03125
52052	0.03125
55373	0.03125
56692	0.03125
57687	0.03125
59405	0.03125
59534	0.03125
60024	0.03125
26600	0.0309278350515
7911	0.0307692307692
10803	0.0307692307692
26275	0.0307692307692
31909	0.0307692307692
35508	0.0307692307692
42349	0.0307692307692
60330	0.0307692307692
189	0.030303030303
292	0.030303030303
2812	0.030303030303
4653	0.030303030303
6796	0.030303030303
7799	0.030303030303
8190	0.030303030303
8237	0.030303030303
8468	0.030303030303
9142	0.030303030303
9389	0.030303030303
12709	0.030303030303
14661	0.030303030303
15175	0.030303030303
16997	0.030303030303
18322	0.030303030303
20293	0.030303030303
20830	0.030303030303
21665	0.030303030303
25231	0.030303030303
28149	0.030303030303
28320	0.030303030303
28900	0.030303030303
29501	0.030303030303
30416	0.030303030303
31687	0.030303030303
34423	0.030303030303
35647	0.030303030303
39481	0.030303030303
41435	0.030303030303
41462	0.030303030303
41622	0.030303030303
42026	0.030303030303
42101	0.030303030303
42611	0.030303030303
42819	0.030303030303
49155	0.030303030303
50925	0.030303030303
51023	0.030303030303
52282	0.030303030303
52481	0.030303030303
56196	0.030303030303
56368	0.030303030303
56544	0.030303030303
58562	0.030303030303
59619	0.030303030303
61094	0.030303030303
22663	0.0298507462687
34192	0.0298507462687
41149	0.0298507462687
44704	0.0298507462687
51039	0.0298507462687
4	0.0294117647059
10223	0.0294117647059
10998	0.0294117647059
11951	0.0294117647059
12047	0.0294117647059
12471	0.0294117647059
16505	0.0294117647059
16586	0.0294117647059
17276	0.0294117647059
17308	0.0294117647059
18750	0.0294117647059
22603	0.0294117647059
23432	0.0294117647059
23927	0.0294117647059
24504	0.0294117647059
26087	0.0294117647059
27546	0.0294117647059
28647	0.0294117647059
29962	0.0294117647059
36231	0.0294117647059
36981	0.0294117647059
39764	0.0294117647059
42288	0.0294117647059
42340	0.0294117647059
42548	0.0294117647059
45544	0.0294117647059
47105	0.0294117647059
47555	0.0294117647059
48213	0.0294117647059
51126	0.0294117647059
52245	0.0294117647059
52287	0.0294117647059
52805	0.0294117647059
53055	0.0294117647059
53357	0.0294117647059
60174	0.0294117647059
60452	0.0294117647059
61471	0.0294117647059
22731	0.0291262135922
1850	0.0289855072464
10149	0.0289855072464
43202	0.0289855072464
2284	0.0285714285714
6003	0.0285714285714
6265	0.0285714285714
6547	0.0285714285714
7377	0.0285714285714
7563	0.0285714285714
8580	0.0285714285714
9582	0.0285714285714
12441	0.0285714285714
12897	0.0285714285714
13208	0.0285714285714
14819	0.0285714285714
15833	0.0285714285714
17021	0.0285714285714
17881	0.0285714285714
18741	0.0285714285714
19798	0.0285714285714
21746	0.0285714285714
25868	0.0285714285714
26430	0.0285714285714
26455	0.0285714285714
26972	0.0285714285714
28563	0.0285714285714
32405	0.0285714285714
32434	0.0285714285714
32599	0.0285714285714
32914	0.0285714285714
33998	0.0285714285714
34873	0.0285714285714
37545	0.0285714285714
38575	0.0285714285714
38655	0.0285714285714
39113	0.0285714285714
39638	0.0285714285714
41340	0.0285714285714
41448	0.0285714285714
42075	0.0285714285714
42307	0.0285714285714
42771	0.0285714285714
42909	0.0285714285714
43250	0.0285714285714
43350	0.0285714285714
43492	0.0285714285714
45616	0.0285714285714
46134	0.0285714285714
46339	0.0285714285714
47282	0.0285714285714
49583	0.0285714285714
49992	0.0285714285714
50407	0.0285714285714
50910	0.0285714285714
51354	0.0285714285714
51798	0.0285714285714
52280	0.0285714285714
52348	0.0285714285714
52602	0.0285714285714
56838	0.0285714285714
57431	0.0285714285714
59544	0.0285714285714
60186	0.0285714285714
61140	0.0285714285714
36894	0.0283018867925
17087	0.0281690140845
44999	0.0281690140845
1755	0.0280373831776
8482	0.0277777777778
8785	0.0277777777778
9220	0.0277777777778
13936	0.0277777777778
14328	0.0277777777778
15124	0.0277777777778
15433	0.0277777777778
15739	0.0277777777778
17665	0.0277777777778
19649	0.0277777777778
19793	0.0277777777778
20751	0.0277777777778
23170	0.0277777777778
23336	0.0277777777778
25303	0.0277777777778
27205	0.0277777777778
27518	0.0277777777778
29112	0.0277777777778
30529	0.0277777777778
31328	0.0277777777778
31410	0.0277777777778
32701	0.0277777777778
34863	0.0277777777778
37597	0.0277777777778
37615	0.0277777777778
38934	0.0277777777778
39418	0.0277777777778
39832	0.0277777777778
40113	0.0277777777778
41676	0.0277777777778
41706	0.0277777777778
42785	0.0277777777778
44042	0.0277777777778
44491	0.0277777777778
45101	0.0277777777778
45127	0.0277777777778
46770	0.0277777777778
48451	0.0277777777778
51181	0.0277777777778
51200	0.0277777777778
53033	0.0277777777778
53352	0.0277777777778
53388	0.0277777777778
54984	0.0277777777778
56214	0.0277777777778
58313	0.0277777777778
59538	0.0277777777778
59853	0.0277777777778
60984	0.0277777777778
2130	0.0275862068966
22513	0.027397260274
22621	0.027397260274
14206	0.0273224043716
156	0.0272727272727
14303	0.0272727272727
1348	0.027027027027
2390	0.027027027027
3219	0.027027027027
3937	0.027027027027
4321	0.027027027027
4618	0.027027027027
6554	0.027027027027
9638	0.027027027027
14883	0.027027027027
17376	0.027027027027
17754	0.027027027027
18110	0.027027027027
18865	0.027027027027
19509	0.027027027027
19623	0.027027027027
19962	0.027027027027
20659	0.027027027027
23067	0.027027027027
24742	0.027027027027
25762	0.027027027027
28686	0.027027027027
28993	0.027027027027
29675	0.027027027027
30281	0.027027027027
31631	0.027027027027
32282	0.027027027027
32666	0.027027027027
33527	0.027027027027
34688	0.027027027027
37364	0.027027027027
37480	0.027027027027
37554	0.027027027027
37641	0.027027027027
38259	0.027027027027
38785	0.027027027027
38813	0.027027027027
39205	0.027027027027
39613	0.027027027027
39958	0.027027027027
40551	0.027027027027
40809	0.027027027027
42630	0.027027027027
42867	0.027027027027
42968	0.027027027027
45897	0.027027027027
50357	0.027027027027
50697	0.027027027027
51673	0.027027027027
51688	0.027027027027
51844	0.027027027027
52210	0.027027027027
58346	0.027027027027
60231	0.027027027027
60915	0.027027027027
60956	0.027027027027
1323	0.0267857142857
6601	0.0267857142857
49791	0.0267857142857
17932	0.0266666666667
33672	0.0266666666667
2872	0.0263157894737
3040	0.0263157894737
3829	0.0263157894737
3945	0.0263157894737
4116	0.0263157894737
4874	0.0263157894737
7790	0.0263157894737
8870	0.0263157894737
9245	0.0263157894737
10718	0.0263157894737
14964	0.0263157894737
20322	0.0263157894737
20767	0.0263157894737
22125	0.0263157894737
22522	0.0263157894737
22709	0.0263157894737
24446	0.0263157894737
25179	0.0263157894737
26782	0.0263157894737
27190	0.0263157894737
27374	0.0263157894737
28378	0.0263157894737
29163	0.0263157894737
29857	0.0263157894737
33161	0.0263157894737
34988	0.0263157894737
35187	0.0263157894737
36676	0.0263157894737
41491	0.0263157894737
42845	0.0263157894737
43546	0.0263157894737
43860	0.0263157894737
47283	0.0263157894737
48460	0.0263157894737
49064	0.0263157894737
49674	0.0263157894737
51413	0.0263157894737
51464	0.0263157894737
52430	0.0263157894737
52486	0.0263157894737
52492	0.0263157894737
52791	0.0263157894737
53236	0.0263157894737
53340	0.0263157894737
60028	0.0263157894737
60271	0.0263157894737
61093	0.0263157894737
26	0.025641025641
790	0.025641025641
4583	0.025641025641
4635	0.025641025641
4894	0.025641025641
5984	0.025641025641
6854	0.025641025641
8765	0.025641025641
9350	0.025641025641
10528	0.025641025641
11492	0.025641025641
13138	0.025641025641
13247	0.025641025641
13850	0.025641025641
15975	0.025641025641
23093	0.025641025641
26138	0.025641025641
29449	0.025641025641
31293	0.025641025641
31701	0.025641025641
33893	0.025641025641
34437	0.025641025641
36252	0.025641025641
36495	0.025641025641
40398	0.025641025641
40895	0.025641025641
41984	0.025641025641
42301	0.025641025641
42923	0.025641025641
43589	0.025641025641
44580	0.025641025641
46130	0.025641025641
48573	0.025641025641
50168	0.025641025641
52069	0.025641025641
53126	0.025641025641
57736	0.025641025641
59888	0.025641025641
41576	0.0253164556962
52064	0.0253164556962
202	0.025
3039	0.025
7481	0.025
9688	0.025
10960	0.025
12378	0.025
15208	0.025
16722	0.025
20521	0.025
20531	0.025
20873	0.025
29552	0.025
29592	0.025
30642	0.025
31487	0.025
33035	0.025
33719	0.025
35734	0.025
35848	0.025
36242	0.025
41084	0.025
41268	0.025
41405	0.025
42222	0.025
42247	0.025
42681	0.025
42960	0.025
47025	0.025
47093	0.025
49714	0.025
51182	0.025
52497	0.025
58834	0.025
60048	0.025
60407	0.025
2776	0.0248447204969
1468	0.0243902439024
9198	0.0243902439024
10406	0.0243902439024
10631	0.0243902439024
15461	0.0243902439024
15846	0.0243902439024
18273	0.0243902439024
18817	0.0243902439024
21103	0.0243902439024
24865	0.0243902439024
25964	0.0243902439024
26277	0.0243902439024
27736	0.0243902439024
28606	0.0243902439024
29308	0.0243902439024
30225	0.0243902439024
30524	0.0243902439024
33154	0.0243902439024
34640	0.0243902439024
34921	0.0243902439024
35195	0.0243902439024
35467	0.0243902439024
37681	0.0243902439024
41035	0.0243902439024
41825	0.0243902439024
41927	0.0243902439024
44029	0.0243902439024
51011	0.0243902439024
51176	0.0243902439024
51898	0.0243902439024
51994	0.0243902439024
52215	0.0243902439024
53279	0.0243902439024
59546	0.0243902439024
59552	0.0243902439024
60075	0.0243902439024
60248	0.0243902439024
60323	0.0243902439024
21311	0.0242424242424
20345	0.0240963855422
41072	0.0240963855422
41527	0.0240963855422
2618	0.0238095238095
3475	0.0238095238095
7495	0.0238095238095
12512	0.0238095238095
12915	0.0238095238095
17935	0.0238095238095
18964	0.0238095238095
21753	0.0238095238095
26233	0.0238095238095
32157	0.0238095238095
32796	0.0238095238095
33797	0.0238095238095
34341	0.0238095238095
34996	0.0238095238095
35064	0.0238095238095
38769	0.0238095238095
42743	0.0238095238095
43075	0.0238095238095
43879	0.0238095238095
43944	0.0238095238095
46601	0.0238095238095
50330	0.0238095238095
51107	0.0238095238095
51410	0.0238095238095
51610	0.0238095238095
51714	0.0238095238095
51728	0.0238095238095
52122	0.0238095238095
55196	0.0238095238095
59733	0.0238095238095
59739	0.0238095238095
60150	0.0238095238095
1281	0.0235294117647
18022	0.0235294117647
23944	0.0235294117647
53029	0.0235294117647
53184	0.0235294117647
44776	0.0234375
1006	0.0232558139535
3282	0.0232558139535
3938	0.0232558139535
5469	0.0232558139535
7963	0.0232558139535
8222	0.0232558139535
8963	0.0232558139535
12454	0.0232558139535
14525	0.0232558139535
18185	0.0232558139535
18240	0.0232558139535
19492	0.0232558139535
22683	0.0232558139535
26640	0.0232558139535
29047	0.0232558139535
32718	0.0232558139535
34439	0.0232558139535
39034	0.0232558139535
39742	0.0232558139535
41277	0.0232558139535
42638	0.0232558139535
42659	0.0232558139535
47233	0.0232558139535
47293	0.0232558139535
50425	0.0232558139535
52630	0.0232558139535
52860	0.0232558139535
54252	0.0232558139535
57733	0.0232558139535
57814	0.0232558139535
59600	0.0232558139535
59613	0.0232558139535
59668	0.0232558139535
60986	0.0232558139535
61072	0.0232558139535
29564	0.0230769230769
33780	0.0229885057471
7509	0.0228571428571
39548	0.0228571428571
466	0.0227272727273
1983	0.0227272727273
3760	0.0227272727273
10426	0.0227272727273
17341	0.0227272727273
17634	0.0227272727273
18186	0.0227272727273
22885	0.0227272727273
29330	0.0227272727273
30675	0.0227272727273
32306	0.0227272727273
36208	0.0227272727273
41446	0.0227272727273
52134	0.0227272727273
52164	0.0227272727273
52476	0.0227272727273
52882	0.0227272727273
53144	0.0227272727273
60314	0.0227272727273
41754	0.0224719101124
48899	0.0224719101124
51380	0.0224719101124
14686	0.0223880597015
380	0.0222222222222
1560	0.0222222222222
5986	0.0222222222222
6629	0.0222222222222
7078	0.0222222222222
7614	0.0222222222222
8643	0.0222222222222
9517	0.0222222222222
10810	0.0222222222222
14521	0.0222222222222
20216	0.0222222222222
21377	0.0222222222222
22546	0.0222222222222
23825	0.0222222222222
25081	0.0222222222222
25785	0.0222222222222
25825	0.0222222222222
27377	0.0222222222222
28853	0.0222222222222
32805	0.0222222222222
33207	0.0222222222222
34166	0.0222222222222
38257	0.0222222222222
39466	0.0222222222222
42299	0.0222222222222
43039	0.0222222222222
43488	0.0222222222222
48532	0.0222222222222
50679	0.0222222222222
50857	0.0222222222222
51101	0.0222222222222
51239	0.0222222222222
51358	0.0222222222222
51682	0.0222222222222
59520	0.0222222222222
59670	0.0222222222222
59931	0.0222222222222
14527	0.021978021978
30866	0.021978021978
38201	0.021978021978
51847	0.021978021978
1028	0.021897810219
41682	0.021897810219
503	0.0217391304348
533	0.0217391304348
1016	0.0217391304348
4917	0.0217391304348
5754	0.0217391304348
5823	0.0217391304348
6494	0.0217391304348
6787	0.0217391304348
6932	0.0217391304348
10327	0.0217391304348
11180	0.0217391304348
14353	0.0217391304348
17006	0.0217391304348
17342	0.0217391304348
22924	0.0217391304348
29061	0.0217391304348
30451	0.0217391304348
31963	0.0217391304348
34363	0.0217391304348
34467	0.0217391304348
35135	0.0217391304348
36770	0.0217391304348
40158	0.0217391304348
41114	0.0217391304348
41654	0.0217391304348
42140	0.0217391304348
42186	0.0217391304348
43604	0.0217391304348
45459	0.0217391304348
47731	0.0217391304348
47922	0.0217391304348
48731	0.0217391304348
48812	0.0217391304348
51167	0.0217391304348
51172	0.0217391304348
51177	0.0217391304348
51196	0.0217391304348
51970	0.0217391304348
2905	0.0215827338129
4753	0.0215053763441
41096	0.0215053763441
1602	0.0212765957447
1607	0.0212765957447
1857	0.0212765957447
2849	0.0212765957447
3366	0.0212765957447
5183	0.0212765957447
13528	0.0212765957447
14254	0.0212765957447
21820	0.0212765957447
24005	0.0212765957447
24698	0.0212765957447
29252	0.0212765957447
29670	0.0212765957447
37124	0.0212765957447
39195	0.0212765957447
39332	0.0212765957447
40377	0.0212765957447
41256	0.0212765957447
41681	0.0212765957447
41901	0.0212765957447
41929	0.0212765957447
43522	0.0212765957447
45138	0.0212765957447
45513	0.0212765957447
49256	0.0212765957447
49745	0.0212765957447
51063	0.0212765957447
51244	0.0212765957447
51664	0.0212765957447
51752	0.0212765957447
52448	0.0212765957447
53265	0.0212765957447
1365	0.0210526315789
2316	0.0210526315789
10328	0.0210526315789
31634	0.0210526315789
39213	0.0210526315789
43813	0.0210526315789
28559	0.020979020979
3450	0.0208333333333
6693	0.0208333333333
7184	0.0208333333333
11636	0.0208333333333
12272	0.0208333333333
15113	0.0208333333333
17992	0.0208333333333
18345	0.0208333333333
20834	0.0208333333333
25125	0.0208333333333
28718	0.0208333333333
32722	0.0208333333333
35701	0.0208333333333
42408	0.0208333333333
42698	0.0208333333333
43145	0.0208333333333
45061	0.0208333333333
48195	0.0208333333333
49644	0.0208333333333
50398	0.0208333333333
51405	0.0208333333333
51593	0.0208333333333
53411	0.0208333333333
55200	0.0208333333333
40477	0.020618556701
50952	0.0205479452055
883	0.0204081632653
4351	0.0204081632653
5122	0.0204081632653
8766	0.0204081632653
10162	0.0204081632653
10220	0.0204081632653
13357	0.0204081632653
13840	0.0204081632653
16448	0.0204081632653
25630	0.0204081632653
25803	0.0204081632653
30335	0.0204081632653
30987	0.0204081632653
31460	0.0204081632653
35211	0.0204081632653
42000	0.0204081632653
42153	0.0204081632653
47783	0.0204081632653
48475	0.0204081632653
49406	0.0204081632653
50871	0.0204081632653
51043	0.0204081632653
52604	0.0204081632653
57496	0.0204081632653
58279	0.0204081632653
17068	0.0202429149798
6381	0.020202020202
37224	0.020202020202
4309	0.02
4869	0.02
9667	0.02
11150	0.02
14573	0.02
15025	0.02
18481	0.02
18713	0.02
20891	0.02
21142	0.02
21265	0.02
22113	0.02
22294	0.02
23321	0.02
24369	0.02
26745	0.02
27862	0.02
31796	0.02
32050	0.02
32472	0.02
36559	0.02
38654	0.02
41133	0.02
41531	0.02
42371	0.02
43177	0.02
51140	0.02
51816	0.02
60164	0.02
60307	0.02
61010	0.02
218	0.019801980198
3204	0.019801980198
32923	0.019801980198
38287	0.019801980198
52197	0.019801980198
450	0.0196078431373
2548	0.0196078431373
5180	0.0196078431373
10086	0.0196078431373
10595	0.0196078431373
11190	0.0196078431373
11812	0.0196078431373
13293	0.0196078431373
18603	0.0196078431373
20858	0.0196078431373
21649	0.0196078431373
26850	0.0196078431373
30978	0.0196078431373
33428	0.0196078431373
39030	0.0196078431373
41414	0.0196078431373
43252	0.0196078431373
44310	0.0196078431373
45453	0.0196078431373
46201	0.0196078431373
48574	0.0196078431373
50533	0.0196078431373
51026	0.0196078431373
51551	0.0196078431373
51860	0.0196078431373
51966	0.0196078431373
54601	0.0196078431373
16076	0.019512195122
38907	0.0194805194805
50327	0.0194552529183
35968	0.0194174757282
493	0.0192307692308
733	0.0192307692308
1341	0.0192307692308
2630	0.0192307692308
7157	0.0192307692308
7440	0.0192307692308
7739	0.0192307692308
10332	0.0192307692308
10658	0.0192307692308
11050	0.0192307692308
12401	0.0192307692308
12964	0.0192307692308
14004	0.0192307692308
15721	0.0192307692308
17066	0.0192307692308
18611	0.0192307692308
19675	0.0192307692308
23438	0.0192307692308
27537	0.0192307692308
28334	0.0192307692308
29325	0.0192307692308
32289	0.0192307692308
32590	0.0192307692308
33622	0.0192307692308
35052	0.0192307692308
36221	0.0192307692308
36288	0.0192307692308
36557	0.0192307692308
38665	0.0192307692308
39233	0.0192307692308
40985	0.0192307692308
41846	0.0192307692308
42822	0.0192307692308
49285	0.0192307692308
51441	0.0192307692308
52690	0.0192307692308
52817	0.0192307692308
13317	0.0191387559809
1256	0.0190476190476
52576	0.0190476190476
3692	0.0188679245283
8659	0.0188679245283
13173	0.0188679245283
13534	0.0188679245283
14341	0.0188679245283
15648	0.0188679245283
18972	0.0188679245283
20640	0.0188679245283
21379	0.0188679245283
26412	0.0188679245283
27308	0.0188679245283
30618	0.0188679245283
35067	0.0188679245283
41484	0.0188679245283
42640	0.0188679245283
51188	0.0188679245283
51652	0.0188679245283
52044	0.0188679245283
52185	0.0188679245283
53113	0.0188679245283
33895	0.0187969924812
47637	0.0187265917603
18223	0.018691588785
34136	0.018691588785
52711	0.018691588785
95	0.0185185185185
555	0.0185185185185
4875	0.0185185185185
5099	0.0185185185185
6124	0.0185185185185
9686	0.0185185185185
10886	0.0185185185185
10973	0.0185185185185
11012	0.0185185185185
11569	0.0185185185185
16458	0.0185185185185
19489	0.0185185185185
19628	0.0185185185185
21478	0.0185185185185
23244	0.0185185185185
24964	0.0185185185185
27232	0.0185185185185
27632	0.0185185185185
28190	0.0185185185185
28789	0.0185185185185
30671	0.0185185185185
31006	0.0185185185185
32439	0.0185185185185
36249	0.0185185185185
41742	0.0185185185185
41748	0.0185185185185
42280	0.0185185185185
42715	0.0185185185185
43282	0.0185185185185
44560	0.0185185185185
50097	0.0185185185185
59537	0.0185185185185
20752	0.0183486238532
41653	0.0183486238532
52560	0.0183486238532
12432	0.0182926829268
52802	0.0182926829268
1666	0.0181818181818
2975	0.0181818181818
3966	0.0181818181818
4159	0.0181818181818
5239	0.0181818181818
5773	0.0181818181818
6961	0.0181818181818
7637	0.0181818181818
11258	0.0181818181818
13707	0.0181818181818
14748	0.0181818181818
15717	0.0181818181818
16297	0.0181818181818
18256	0.0181818181818
24585	0.0181818181818
26818	0.0181818181818
28808	0.0181818181818
37761	0.0181818181818
37879	0.0181818181818
39189	0.0181818181818
41185	0.0181818181818
41921	0.0181818181818
45237	0.0181818181818
50173	0.0181818181818
50343	0.0181818181818
51315	0.0181818181818
51333	0.0181818181818
51607	0.0181818181818
51835	0.0181818181818
52089	0.0181818181818
54298	0.0181818181818
60009	0.0181818181818
60338	0.0181818181818
11196	0.0180722891566
18378	0.018018018018
13063	0.0179640718563
37557	0.0179640718563
558	0.0178571428571
2754	0.0178571428571
10471	0.0178571428571
14330	0.0178571428571
14642	0.0178571428571
17591	0.0178571428571
18441	0.0178571428571
22396	0.0178571428571
27268	0.0178571428571
31010	0.0178571428571
31374	0.0178571428571
32814	0.0178571428571
39013	0.0178571428571
43242	0.0178571428571
51066	0.0178571428571
51323	0.0178571428571
51523	0.0178571428571
51740	0.0178571428571
52136	0.0178571428571
52377	0.0178571428571
52644	0.0178571428571
53026	0.0178571428571
53443	0.0178571428571
55861	0.0178571428571
37670	0.0176991150442
41200	0.0176991150442
48608	0.0176991150442
52357	0.0176991150442
309	0.0175438596491
1799	0.0175438596491
7437	0.0175438596491
9338	0.0175438596491
11252	0.0175438596491
13992	0.0175438596491
18562	0.0175438596491
21933	0.0175438596491
27541	0.0175438596491
31032	0.0175438596491
35180	0.0175438596491
36060	0.0175438596491
36125	0.0175438596491
39419	0.0175438596491
40109	0.0175438596491
42306	0.0175438596491
43262	0.0175438596491
43732	0.0175438596491
44923	0.0175438596491
49719	0.0175438596491
51228	0.0175438596491
55962	0.0175438596491
59587	0.0175438596491
60731	0.0175438596491
61148	0.0175438596491
40989	0.0174418604651
37775	0.0174216027875
3575	0.0173913043478
5599	0.0173611111111
21204	0.0173410404624
38861	0.0173410404624
41940	0.0173410404624
3911	0.0172413793103
4488	0.0172413793103
11346	0.0172413793103
11378	0.0172413793103
14270	0.0172413793103
17789	0.0172413793103
20716	0.0172413793103
24999	0.0172413793103
29654	0.0172413793103
39536	0.0172413793103
41231	0.0172413793103
41413	0.0172413793103
41888	0.0172413793103
45878	0.0172413793103
47807	0.0172413793103
52334	0.0172413793103
58620	0.0172413793103
59233	0.0172413793103
60999	0.0172413793103
61098	0.0172413793103
26566	0.0171428571429
41061	0.0171232876712
47265	0.017094017094
47553	0.017094017094
50886	0.017094017094
59508	0.017094017094
597	0.0169491525424
1215	0.0169491525424
1972	0.0169491525424
2707	0.0169491525424
4156	0.0169491525424
4343	0.0169491525424
6800	0.0169491525424
7712	0.0169491525424
8248	0.0169491525424
9123	0.0169491525424
13086	0.0169491525424
14347	0.0169491525424
16720	0.0169491525424
18334	0.0169491525424
22563	0.0169491525424
24936	0.0169491525424
26809	0.0169491525424
30760	0.0169491525424
33785	0.0169491525424
35360	0.0169491525424
39682	0.0169491525424
50850	0.0169491525424
51601	0.0169491525424
52699	0.0169491525424
52886	0.0169491525424
55096	0.0169491525424
59583	0.0169491525424
4743	0.0168539325843
11887	0.0168539325843
15714	0.0168539325843
15228	0.0168421052632
22195	0.0168067226891
33775	0.0168067226891
40482	0.0167597765363
1537	0.0166666666667
9824	0.0166666666667
11770	0.0166666666667
16283	0.0166666666667
18403	0.0166666666667
18834	0.0166666666667
19877	0.0166666666667
21662	0.0166666666667
25384	0.0166666666667
25942	0.0166666666667
28711	0.0166666666667
29583	0.0166666666667
30311	0.0166666666667
35400	0.0166666666667
37190	0.0166666666667
37930	0.0166666666667
41679	0.0166666666667
43265	0.0166666666667
51034	0.0166666666667
51881	0.0166666666667
59618	0.0166666666667
22805	0.0165745856354
17764	0.0165289256198
29596	0.0165289256198
50250	0.0165289256198
31879	0.0164609053498
75	0.016393442623
849	0.016393442623
3828	0.016393442623
5448	0.016393442623
5572	0.016393442623
6788	0.016393442623
7325	0.016393442623
10400	0.016393442623
12601	0.016393442623
13560	0.016393442623
13960	0.016393442623
25885	0.016393442623
28181	0.016393442623
32584	0.016393442623
34241	0.016393442623
34897	0.016393442623
38019	0.016393442623
39288	0.016393442623
41230	0.016393442623
41795	0.016393442623
41878	0.016393442623
42135	0.016393442623
43517	0.016393442623
50849	0.016393442623
51327	0.016393442623
51979	0.016393442623
52523	0.016393442623
52541	0.016393442623
53191	0.016393442623
60272	0.016393442623
26890	0.0163043478261
41378	0.0163043478261
57862	0.0162601626016
1903	0.0161290322581
2861	0.0161290322581
3369	0.0161290322581
8774	0.0161290322581
10646	0.0161290322581
10736	0.0161290322581
12928	0.0161290322581
15192	0.0161290322581
19534	0.0161290322581
24437	0.0161290322581
28043	0.0161290322581
29384	0.0161290322581
30792	0.0161290322581
32600	0.0161290322581
33927	0.0161290322581
39006	0.0161290322581
39550	0.0161290322581
41617	0.0161290322581
43827	0.0161290322581
44281	0.0161290322581
44425	0.0161290322581
50771	0.0161290322581
50912	0.0161290322581
51348	0.0161290322581
51749	0.0161290322581
52465	0.0161290322581
52759	0.0161290322581
52973	0.0161290322581
59548	0.0161290322581
60456	0.0161290322581
68	0.016
13124	0.016
31895	0.016
52471	0.016
18699	0.0159744408946
22070	0.0159574468085
2211	0.015873015873
4476	0.015873015873
10054	0.015873015873
17264	0.015873015873
17602	0.015873015873
19126	0.015873015873
19660	0.015873015873
20747	0.015873015873
23409	0.015873015873
26652	0.015873015873
28514	0.015873015873
32200	0.015873015873
37985	0.015873015873
41166	0.015873015873
41289	0.015873015873
41338	0.015873015873
42012	0.015873015873
43066	0.015873015873
50792	0.015873015873
55923	0.015873015873
56707	0.015873015873
3120	0.0157480314961
39210	0.0157480314961
51345	0.0157480314961
41088	0.0157068062827
38822	0.0156657963446
2480	0.015625
3271	0.015625
4221	0.015625
8729	0.015625
9421	0.015625
11854	0.015625
15211	0.015625
16397	0.015625
18161	0.015625
24981	0.015625
26773	0.015625
27500	0.015625
32589	0.015625
34918	0.015625
35951	0.015625
40862	0.015625
41359	0.015625
41449	0.015625
42634	0.015625
42973	0.015625
47225	0.015625
51495	0.015625
52592	0.015625
52772	0.015625
59525	0.015625
59557	0.015625
52494	0.0155440414508
41039	0.0155279503106
2488	0.0153846153846
5165	0.0153846153846
9447	0.0153846153846
13306	0.0153846153846
17299	0.0153846153846
18515	0.0153846153846
20465	0.0153846153846
21690	0.0153846153846
28477	0.0153846153846
28627	0.0153846153846
31516	0.0153846153846
34471	0.0153846153846
40993	0.0153846153846
41948	0.0153846153846
43164	0.0153846153846
53102	0.0153846153846
28832	0.0153172866521
29861	0.0152838427948
11239	0.0152671755725
13829	0.0152671755725
47675	0.0152671755725
35728	0.015243902439
25047	0.0152284263959
4048	0.0151515151515
7415	0.0151515151515
22143	0.0151515151515
22831	0.0151515151515
22982	0.0151515151515
26047	0.0151515151515
28828	0.0151515151515
29317	0.0151515151515
41455	0.0151515151515
41479	0.0151515151515
49329	0.0151515151515
50252	0.0151515151515
60613	0.0151515151515
30020	0.0151057401813
27527	0.0150602409639
6394	0.015037593985
9104	0.015037593985
18563	0.015037593985
51765	0.015037593985
2272	0.0149253731343
4650	0.0149253731343
5280	0.0149253731343
5330	0.0149253731343
6592	0.0149253731343
7482	0.0149253731343
11384	0.0149253731343
18107	0.0149253731343
23141	0.0149253731343
26286	0.0149253731343
32493	0.0149253731343
33120	0.0149253731343
34094	0.0149253731343
38701	0.0149253731343
38732	0.0149253731343
39767	0.0149253731343
41503	0.0149253731343
42401	0.0149253731343
45068	0.0149253731343
51386	0.0149253731343
51813	0.0149253731343
52837	0.0149253731343
53237	0.0149253731343
44351	0.0148148148148
44486	0.0148148148148
1232	0.0147058823529
4775	0.0147058823529
5390	0.0147058823529
6235	0.0147058823529
11661	0.0147058823529
15596	0.0147058823529
17015	0.0147058823529
17644	0.0147058823529
30778	0.0147058823529
32524	0.0147058823529
33680	0.0147058823529
35152	0.0147058823529
41553	0.0147058823529
44286	0.0147058823529
51217	0.0147058823529
52238	0.0147058823529
52472	0.0147058823529
61173	0.0147058823529
30324	0.014598540146
182	0.0144927536232
285	0.0144927536232
1111	0.0144927536232
3824	0.0144927536232
4556	0.0144927536232
5703	0.0144927536232
6136	0.0144927536232
7182	0.0144927536232
15865	0.0144927536232
17462	0.0144927536232
18506	0.0144927536232
21912	0.0144927536232
23117	0.0144927536232
23648	0.0144927536232
29538	0.0144927536232
32889	0.0144927536232
34391	0.0144927536232
36941	0.0144927536232
40068	0.0144927536232
40966	0.0144927536232
41967	0.0144927536232
42319	0.0144927536232
43910	0.0144927536232
51339	0.0144927536232
53239	0.0144927536232
59872	0.0144927536232
13098	0.0143884892086
17790	0.0143884892086
42019	0.0143884892086
42977	0.0143884892086
269	0.0142857142857
1435	0.0142857142857
3561	0.0142857142857
5055	0.0142857142857
13418	0.0142857142857
17098	0.0142857142857
25050	0.0142857142857
28349	0.0142857142857
33782	0.0142857142857
33826	0.0142857142857
35747	0.0142857142857
39884	0.0142857142857
42132	0.0142857142857
42657	0.0142857142857
44433	0.0142857142857
50527	0.0142857142857
50848	0.0142857142857
51146	0.0142857142857
51313	0.0142857142857
51519	0.0142857142857
53377	0.0142857142857
59533	0.0142857142857
19288	0.0142348754448
21337	0.0142180094787
7100	0.0141843971631
41279	0.0141843971631
1257	0.0140845070423
1927	0.0140845070423
2310	0.0140845070423
3820	0.0140845070423
3846	0.0140845070423
7425	0.0140845070423
8218	0.0140845070423
12325	0.0140845070423
22690	0.0140845070423
32720	0.0140845070423
35021	0.0140845070423
35926	0.0140845070423
38523	0.0140845070423
38573	0.0140845070423
41375	0.0140845070423
41793	0.0140845070423
44978	0.0140845070423
50508	0.0140845070423
51144	0.0140845070423
52879	0.0140845070423
53396	0.0140845070423
9818	0.013986013986
41108	0.013986013986
784	0.0138888888889
1356	0.0138888888889
1936	0.0138888888889
2343	0.0138888888889
9598	0.0138888888889
12849	0.0138888888889
15825	0.0138888888889
18495	0.0138888888889
18985	0.0138888888889
19835	0.0138888888889
29515	0.0138888888889
30681	0.0138888888889
34165	0.0138888888889
37795	0.0138888888889
37989	0.0138888888889
38564	0.0138888888889
38708	0.0138888888889
40630	0.0138888888889
41297	0.0138888888889
42652	0.0138888888889
43372	0.0138888888889
51086	0.0138888888889
51118	0.0138888888889
52336	0.0138888888889
52934	0.0138888888889
53206	0.0138888888889
761	0.0137931034483
17605	0.0137931034483
128	0.013698630137
982	0.013698630137
2104	0.013698630137
3538	0.013698630137
7942	0.013698630137
13383	0.013698630137
16378	0.013698630137
21550	0.013698630137
22247	0.013698630137
24688	0.013698630137
25952	0.013698630137
28450	0.013698630137
28938	0.013698630137
32631	0.013698630137
33975	0.013698630137
37380	0.013698630137
39985	0.013698630137
40997	0.013698630137
41275	0.013698630137
41864	0.013698630137
42200	0.013698630137
42454	0.013698630137
46447	0.013698630137
51003	0.013698630137
52843	0.013698630137
59504	0.013698630137
50957	0.0136612021858
12182	0.0136363636364
29287	0.0136363636364
42328	0.0136363636364
51875	0.0136054421769
742	0.0135135135135
938	0.0135135135135
3050	0.0135135135135
3925	0.0135135135135
4195	0.0135135135135
6505	0.0135135135135
6517	0.0135135135135
7466	0.0135135135135
14476	0.0135135135135
16913	0.0135135135135
17734	0.0135135135135
30917	0.0135135135135
38587	0.0135135135135
41152	0.0135135135135
41858	0.0135135135135
42360	0.0135135135135
44120	0.0135135135135
48926	0.0135135135135
1020	0.0134228187919
29818	0.0134228187919
101	0.0133333333333
363	0.0133333333333
3859	0.0133333333333
5611	0.0133333333333
7293	0.0133333333333
12830	0.0133333333333
16194	0.0133333333333
27522	0.0133333333333
28074	0.0133333333333
30585	0.0133333333333
32226	0.0133333333333
36418	0.0133333333333
39310	0.0133333333333
43616	0.0133333333333
45671	0.0133333333333
51403	0.0133333333333
51616	0.0133333333333
51918	0.0133333333333
52845	0.0133333333333
11746	0.0132890365449
755	0.0132450331126
30793	0.0132450331126
31864	0.0132450331126
39324	0.0132450331126
41161	0.0132450331126
28830	0.0131926121372
11502	0.0131578947368
13403	0.0131578947368
16510	0.0131578947368
23750	0.0131578947368
25383	0.0131578947368
25466	0.0131578947368
28750	0.0131578947368
34532	0.0131578947368
40969	0.0131578947368
42942	0.0131578947368
43585	0.0131578947368
45117	0.0131578947368
50204	0.0131578947368
51050	0.0131578947368
51636	0.0131578947368
52180	0.0131578947368
52230	0.0131578947368
25444	0.0130718954248
27063	0.0130718954248
30635	0.0130718954248
34607	0.0130718954248
42312	0.0130718954248
52555	0.0130718954248
213	0.012987012987
4704	0.012987012987
5658	0.012987012987
7392	0.012987012987
9309	0.012987012987
10177	0.012987012987
12355	0.012987012987
12731	0.012987012987
22252	0.012987012987
26608	0.012987012987
29444	0.012987012987
32785	0.012987012987
41908	0.012987012987
42096	0.012987012987
42941	0.012987012987
45715	0.012987012987
51497	0.012987012987
52144	0.012987012987
52573	0.012987012987
60092	0.012987012987
17346	0.0129310344828
1752	0.0129032258065
4977	0.0129032258065
23011	0.0129032258065
53069	0.0128755364807
846	0.0128205128205
5876	0.0128205128205
14002	0.0128205128205
29053	0.0128205128205
35722	0.0128205128205
36145	0.0128205128205
36635	0.0128205128205
41381	0.0128205128205
41717	0.0128205128205
42352	0.0128205128205
43890	0.0128205128205
51282	0.0128205128205
51925	0.0128205128205
52128	0.0128205128205
52148	0.0128205128205
14207	0.0127877237852
41154	0.0127795527157
9646	0.0127388535032
18172	0.0127118644068
103	0.0126582278481
7330	0.0126582278481
8948	0.0126582278481
9327	0.0126582278481
16902	0.0126582278481
28721	0.0126582278481
34254	0.0126582278481
34658	0.0126582278481
34824	0.0126582278481
42377	0.0126582278481
53257	0.0126582278481
51721	0.0126050420168
3957	0.0125786163522
7444	0.0125786163522
2037	0.0125523012552
3419	0.0125523012552
21331	0.0125523012552
11169	0.0125260960334
53	0.0125
2578	0.0125
4567	0.0125
13451	0.0125
17318	0.0125
32432	0.0125
41145	0.0125
43179	0.0125
45143	0.0125
52450	0.0125
41093	0.01246105919
27952	0.0124223602484
50903	0.0124223602484
42156	0.0123762376238
1147	0.0123456790123
1612	0.0123456790123
9920	0.0123456790123
12585	0.0123456790123
20418	0.0123456790123
28111	0.0123456790123
29780	0.0123456790123
37225	0.0123456790123
38569	0.0123456790123
38995	0.0123456790123
40212	0.0123456790123
41169	0.0123456790123
51419	0.0123456790123
51865	0.0123456790123
52296	0.0123456790123
59547	0.0123456790123
38493	0.0122950819672
9762	0.0122699386503
14122	0.0122699386503
38194	0.0122699386503
51676	0.0122699386503
8965	0.0121951219512
12860	0.0121951219512
17483	0.0121951219512
22856	0.0121951219512
26530	0.0121951219512
30679	0.0121951219512
41273	0.0121951219512
41596	0.0121951219512
43473	0.0121951219512
51401	0.0121951219512
52034	0.0121951219512
52239	0.0121951219512
59578	0.0121951219512
29055	0.0121457489879
4418	0.0121212121212
5089	0.0121212121212
51071	0.0121212121212
31882	0.0120967741935
830	0.0120481927711
7421	0.0120481927711
10096	0.0120481927711
10633	0.0120481927711
14105	0.0120481927711
14860	0.0120481927711
22050	0.0120481927711
34652	0.0120481927711
37186	0.0120481927711
38072	0.0120481927711
41022	0.0120481927711
41397	0.0120481927711
41633	0.0120481927711
41972	0.0120481927711
51037	0.0120481927711
53048	0.0120481927711
54435	0.0120481927711
24684	0.0120192307692
39709	0.0120192307692
34522	0.0119760479042
51575	0.0119760479042
28407	0.0119453924915
210	0.0119047619048
2087	0.0119047619048
2937	0.0119047619048
5219	0.0119047619048
6315	0.0119047619048
11350	0.0119047619048
24460	0.0119047619048
28458	0.0119047619048
33890	0.0119047619048
36193	0.0119047619048
41325	0.0119047619048
41438	0.0119047619048
53344	0.0119047619048
26893	0.0118694362018
41499	0.0118577075099
1380	0.0118483412322
49398	0.0118343195266
22929	0.0118289353958
51173	0.011811023622
2646	0.0117647058824
4464	0.0117647058824
5810	0.0117647058824
10110	0.0117647058824
11168	0.0117647058824
16969	0.0117647058824
29530	0.0117647058824
35148	0.0117647058824
36078	0.0117647058824
41579	0.0117647058824
51760	0.0117647058824
51825	0.0117647058824
52890	0.0117647058824
14352	0.0117493472585
4868	0.0116959064327
35019	0.0116959064327
41054	0.011673151751
18	0.0116279069767
3729	0.0116279069767
7295	0.0116279069767
21913	0.0116279069767
22681	0.0116279069767
25700	0.0116279069767
31393	0.0116279069767
36120	0.0116279069767
36395	0.0116279069767
41430	0.0116279069767
42883	0.0116279069767
43630	0.0116279069767
45139	0.0116279069767
50845	0.0116279069767
52857	0.0116279069767
59792	0.0116279069767
41027	0.0115740740741
38758	0.0115606936416
688	0.0114942528736
947	0.0114942528736
1389	0.0114942528736
1714	0.0114942528736
2460	0.0114942528736
2690	0.0114942528736
6415	0.0114942528736
19775	0.0114942528736
23275	0.0114942528736
23760	0.0114942528736
27874	0.0114942528736
30209	0.0114942528736
30614	0.0114942528736
32753	0.0114942528736
35022	0.0114942528736
35117	0.0114942528736
35940	0.0114942528736
37114	0.0114942528736
41250	0.0114942528736
41620	0.0114942528736
41818	0.0114942528736
48246	0.0114942528736
52682	0.0114942528736
10287	0.0114503816794
4508	0.0114285714286
16912	0.0114285714286
21989	0.0114285714286
50883	0.0114285714286
2840	0.0114235500879
50923	0.0114068441065
143	0.0113636363636
12280	0.0113636363636
14555	0.0113636363636
20996	0.0113636363636
25987	0.0113636363636
42295	0.0113636363636
42389	0.0113636363636
42531	0.0113636363636
43872	0.0113636363636
48572	0.0113636363636
50079	0.0113636363636
51506	0.0113636363636
51589	0.0113636363636
59646	0.0113636363636
59661	0.0113636363636
7518	0.0113122171946
11778	0.0113122171946
38800	0.0112994350282
2574	0.0112359550562
4007	0.0112359550562
5124	0.0112359550562
17442	0.0112359550562
20481	0.0112359550562
20875	0.0112359550562
34967	0.0112359550562
37208	0.0112359550562
41194	0.0112359550562
51822	0.0112359550562
52946	0.0112359550562
10914	0.0111111111111
16920	0.0111111111111
18301	0.0111111111111
22104	0.0111111111111
22332	0.0111111111111
26175	0.0111111111111
28821	0.0111111111111
29756	0.0111111111111
30069	0.0111111111111
34788	0.0111111111111
38642	0.0111111111111
43016	0.0111111111111
51509	0.0111111111111
52043	0.0111111111111
52190	0.0111111111111
59506	0.0111111111111
4144	0.0110497237569
10157	0.0110497237569
10443	0.0110497237569
11128	0.0110497237569
17915	0.0110497237569
51155	0.0110497237569
3669	0.010989010989
5279	0.010989010989
6920	0.010989010989
18366	0.010989010989
18838	0.010989010989
27550	0.010989010989
28982	0.010989010989
35526	0.010989010989
40974	0.010989010989
41347	0.010989010989
41391	0.010989010989
42111	0.010989010989
47611	0.010989010989
52227	0.010989010989
60334	0.010989010989
34224	0.0109649122807
13318	0.0109489051095
3788	0.0109289617486
42954	0.0109289617486
51168	0.0109289617486
3312	0.0109090909091
26172	0.0108695652174
28456	0.0108695652174
30834	0.0108695652174
41241	0.0108695652174
41571	0.0108695652174
42450	0.0108695652174
53338	0.0108695652174
59731	0.0108695652174
17948	0.0108108108108
27218	0.0108108108108
48076	0.0108108108108
13216	0.0107913669065
26416	0.0107913669065
41001	0.0107913669065
451	0.010752688172
1180	0.010752688172
5230	0.010752688172
8894	0.010752688172
21870	0.010752688172
26295	0.010752688172
36409	0.010752688172
36710	0.010752688172
41380	0.010752688172
50911	0.010752688172
51178	0.010752688172
51422	0.010752688172
51470	0.010752688172
14361	0.0106951871658
7317	0.0106666666667
3876	0.0106382978723
5622	0.0106382978723
7749	0.0106382978723
32087	0.0106382978723
35162	0.0106382978723
40961	0.0106382978723
43338	0.0106382978723
49336	0.0106382978723
50992	0.0106382978723
51937	0.0106382978723
2313	0.0106007067138
23150	0.0105740181269
2757	0.0105263157895
4227	0.0105263157895
6339	0.0105263157895
16073	0.0105263157895
18139	0.0105263157895
21575	0.0105263157895
29582	0.0105263157895
38530	0.0105263157895
41100	0.0105263157895
41139	0.0105263157895
41433	0.0105263157895
41791	0.0105263157895
42649	0.0105263157895
42932	0.0105263157895
50291	0.0105263157895
54577	0.0105263157895
41050	0.010498687664
28700	0.0104712041885
41278	0.0104712041885
29394	0.0104529616725
4515	0.0104166666667
7346	0.0104166666667
11776	0.0104166666667
18596	0.0104166666667
20629	0.0104166666667
21298	0.0104166666667
25117	0.0104166666667
25732	0.0104166666667
33934	0.0104166666667
35703	0.0104166666667
41147	0.0104166666667
52072	0.0104166666667
52613	0.0104166666667
21323	0.0103626943005
24970	0.0103626943005
51197	0.0103626943005
2733	0.0103492884864
1618	0.0103092783505
16170	0.0103092783505
21795	0.0103092783505
26274	0.0103092783505
30794	0.0103092783505
30901	0.0103092783505
42035	0.0103092783505
50959	0.0103092783505
51418	0.0103092783505
59944	0.0103092783505
41065	0.0102739726027
37776	0.0102564102564
25414	0.0102389078498
21715	0.0102040816327
26313	0.0102040816327
30913	0.0102040816327
37046	0.0102040816327
41204	0.0102040816327
41272	0.0102040816327
41581	0.0102040816327
42642	0.0102040816327
57798	0.0102040816327
4242	0.0101694915254
17277	0.010152284264
18813	0.010152284264
51151	0.010152284264
22654	0.0101351351351
12017	0.0101265822785
5367	0.010101010101
7505	0.010101010101
20089	0.010101010101
34225	0.010101010101
35229	0.010101010101
35516	0.010101010101
52442	0.010101010101
52733	0.010101010101
6564	0.010067114094
32042	0.0100502512563
35514	0.0100250626566
763	0.01
2679	0.01
3842	0.01
4867	0.01
5656	0.01
5698	0.01
8129	0.01
16028	0.01
17556	0.01
19506	0.01
29067	0.01
31400	0.01
32832	0.01
36967	0.01
37686	0.01
45033	0.01
50958	0.01
16273	0.00995024875622
41610	0.00995024875622
28286	0.00993377483444
4708	0.00992907801418
7301	0.00990099009901
7654	0.00990099009901
9601	0.00990099009901
18604	0.00990099009901
21983	0.00990099009901
24889	0.00990099009901
29724	0.00990099009901
35699	0.00990099009901
41024	0.00990099009901
41249	0.00990099009901
42414	0.00990099009901
53234	0.00990099009901
19090	0.00986842105263
25891	0.00985221674877
17711	0.0098231827112
41355	0.0098231827112
123	0.00980392156863
4733	0.00980392156863
5352	0.00980392156863
11775	0.00980392156863
18278	0.00980392156863
28134	0.00980392156863
51967	0.00980392156863
26599	0.00975609756098
50980	0.00975609756098
2401	0.00974025974026
34169	0.00972762645914
2288	0.00970873786408
17686	0.00970873786408
26572	0.00970873786408
28793	0.00970873786408
34208	0.00970873786408
50979	0.00970873786408
51250	0.00970873786408
51283	0.00970873786408
6954	0.00967741935484
26158	0.00966183574879
36686	0.00966183574879
39358	0.00966183574879
15636	0.00963855421687
2216	0.00961538461538
8890	0.00961538461538
10463	0.00961538461538
22744	0.00961538461538
29243	0.00961538461538
32778	0.00961538461538
40983	0.00961538461538
41608	0.00961538461538
41629	0.00961538461538
41778	0.00961538461538
48252	0.00961538461538
50898	0.00961538461538
51000	0.00961538461538
51242	0.00961538461538
51792	0.00961538461538
52415	0.00961538461538
29145	0.00958466453674
896	0.00956937799043
2169	0.00956937799043
22572	0.00956937799043
1928	0.00955414012739
6440	0.00952380952381
13385	0.00952380952381
17723	0.00952380952381
25221	0.00952380952381
29816	0.00952380952381
33599	0.00952380952381
33855	0.00952380952381
34858	0.00952380952381
35698	0.00952380952381
41833	0.00952380952381
52991	0.00952380952381
9647	0.00945179584121
4452	0.00943396226415
4769	0.00943396226415
10343	0.00943396226415
26509	0.00943396226415
29360	0.00943396226415
33523	0.00943396226415
35581	0.00943396226415
39447	0.00943396226415
41490	0.00943396226415
42825	0.00943396226415
50984	0.00943396226415
53065	0.00943396226415
41092	0.00941176470588
5512	0.00940438871473
32418	0.0093896713615
32738	0.0093896713615
9200	0.00938477580813
5231	0.00936524453694
160	0.00934579439252
8519	0.00934579439252
27687	0.00934579439252
33990	0.00934579439252
41467	0.00934579439252
42326	0.00934579439252
50924	0.00934579439252
1853	0.0093023255814
2084	0.00925925925926
5100	0.00925925925926
8189	0.00925925925926
11481	0.00925925925926
13258	0.00925925925926
26195	0.00925925925926
32058	0.00925925925926
41201	0.00925925925926
41223	0.00925925925926
43575	0.00925925925926
45076	0.00925925925926
48221	0.00925925925926
1064	0.00924499229584
50901	0.00923076923077
90	0.00921658986175
10653	0.00921658986175
2409	0.00920245398773
9826	0.00919117647059
4937	0.00918367346939
256	0.00917431192661
8901	0.00917431192661
9502	0.00917431192661
24067	0.00917431192661
27019	0.00917431192661
33544	0.00917431192661
34104	0.00917431192661
17306	0.00913242009132
27128	0.00911854103343
11782	0.00909090909091
14406	0.00909090909091
17922	0.00909090909091
22426	0.00909090909091
35045	0.00909090909091
37588	0.00909090909091
39286	0.00909090909091
40979	0.00909090909091
6304	0.00904977375566
2381	0.00904392764858
32612	0.00902527075812
3861	0.00900900900901
4695	0.00900900900901
6748	0.00900900900901
21583	0.00900900900901
33645	0.00900900900901
34715	0.00900900900901
41025	0.00900900900901
41171	0.00900900900901
1364	0.00898203592814
41243	0.00898203592814
28610	0.00896860986547
39366	0.00896860986547
41555	0.00896860986547
1489	0.00892857142857
3619	0.00892857142857
4752	0.00892857142857
6812	0.00892857142857
7303	0.00892857142857
14716	0.00892857142857
16802	0.00892857142857
18327	0.00892857142857
31299	0.00892857142857
33564	0.00892857142857
41086	0.00892857142857
51044	0.00892857142857
51869	0.00892857142857
27489	0.00891265597148
497	0.00888888888889
562	0.00888888888889
23388	0.00888888888889
4430	0.00888230940044
2247	0.00884955752212
3194	0.00884955752212
22601	0.00884955752212
27045	0.00884955752212
31891	0.00884955752212
33751	0.00884955752212
34525	0.00884955752212
41366	0.00884955752212
41634	0.00884955752212
44819	0.00884955752212
21458	0.00881057268722
41012	0.00881057268722
35178	0.00880281690141
3273	0.00880088008801
3499	0.00879120879121
1655	0.00877192982456
3294	0.00877192982456
5218	0.00877192982456
12484	0.00877192982456
22170	0.00877192982456
32453	0.00877192982456
41370	0.00877192982456
41618	0.00877192982456
49448	0.00877192982456
50943	0.00877192982456
59562	0.00877192982456
5000	0.00875273522976
19601	0.00872093023256
2312	0.00869565217391
4943	0.00869565217391
5350	0.00869565217391
6254	0.00869565217391
10890	0.00869565217391
15009	0.00869565217391
23054	0.00869565217391
23990	0.00869565217391
27580	0.00869565217391
28486	0.00869565217391
29707	0.00869565217391
30806	0.00869565217391
51079	0.00869565217391
51707	0.00869565217391
41156	0.00867052023121
40972	0.00864553314121
4770	0.00862068965517
5455	0.00862068965517
12552	0.00862068965517
15052	0.00862068965517
15602	0.00862068965517
17987	0.00862068965517
25027	0.00862068965517
25169	0.00862068965517
25431	0.00862068965517
29533	0.00862068965517
38795	0.00862068965517
41082	0.00862068965517
41655	0.00862068965517
42514	0.00862068965517
43542	0.00862068965517
14140	0.00859598853868
41000	0.00859598853868
5112	0.00859220092531
9642	0.00858895705521
11230	0.00858369098712
41165	0.00857142857143
1975	0.00854700854701
5712	0.00854700854701
9651	0.00854700854701
24088	0.00854700854701
28805	0.00854700854701
33639	0.00854700854701
45223	0.00854700854701
50884	0.00854700854701
1361	0.00851063829787
9636	0.00847457627119
14381	0.00847457627119
23831	0.00847457627119
28047	0.00847457627119
41206	0.00847457627119
53039	0.00847457627119
29591	0.00842696629213
1753	0.00840336134454
4541	0.00840336134454
4998	0.00840336134454
6369	0.00840336134454
11397	0.00840336134454
11748	0.00840336134454
11774	0.00840336134454
13313	0.00840336134454
13891	0.00840336134454
21694	0.00840336134454
25432	0.00840336134454
34096	0.00840336134454
36275	0.00840336134454
41137	0.00840336134454
41146	0.00840336134454
42374	0.00840336134454
50938	0.00840336134454
52024	0.00840336134454
10727	0.00836820083682
50851	0.00836820083682
4523	0.00833333333333
7115	0.00833333333333
22231	0.00833333333333
59684	0.00833333333333
41044	0.00831600831601
18613	0.0083081570997
33377	0.00829875518672
39209	0.00829875518672
50105	0.00829875518672
18960	0.00829383886256
4512	0.00826446280992
32626	0.00826446280992
41160	0.00826446280992
42320	0.00826446280992
43749	0.00826446280992
47475	0.00826446280992
25554	0.00824175824176
40978	0.0082304526749
50937	0.0082304526749
20669	0.00819672131148
24971	0.00819672131148
52521	0.00819672131148
32811	0.00816326530612
2639	0.00813008130081
4611	0.00813008130081
9722	0.00813008130081
22031	0.00813008130081
51429	0.00813008130081
23782	0.00811359026369
29309	0.00811359026369
36394	0.00811359026369
25324	0.00810810810811
921	0.00810081008101
3531	0.0080971659919
37052	0.0080971659919
40965	0.00807754442649
2127	0.00806451612903
2361	0.00806451612903
14604	0.00806451612903
17188	0.00806451612903
39002	0.00806451612903
39039	0.00806451612903
41002	0.00806451612903
50855	0.00806451612903
14750	0.00804597701149
14253	0.008038585209
216	0.008
4876	0.008
10369	0.008
12343	0.008
24126	0.008
25051	0.008
31306	0.008
34373	0.008
36392	0.008
41236	0.008
50936	0.008
51724	0.008
52428	0.008
37169	0.00796812749004
41444	0.00796812749004
1272	0.00793650793651
4390	0.00793650793651
10340	0.00793650793651
41270	0.00793650793651
41704	0.00793650793651
51854	0.00793650793651
53200	0.00793650793651
41016	0.00792507204611
51989	0.00791556728232
4327	0.00790513833992
20779	0.00790513833992
23742	0.00790513833992
39483	0.00790513833992
41097	0.00789473684211
28051	0.00788643533123
5593	0.00787401574803
21719	0.00787401574803
30471	0.00787401574803
31720	0.00787401574803
41136	0.00787401574803
41322	0.00787401574803
44538	0.00787401574803
52368	0.00787401574803
41374	0.00785340314136
17355	0.00784929356358
4044	0.0078125
26868	0.0078125
39404	0.0078125
49392	0.0078125
13339	0.00776397515528
3481	0.0077519379845
14275	0.0077519379845
18973	0.0077519379845
25091	0.0077519379845
26279	0.0077519379845
33971	0.0077519379845
34210	0.0077519379845
43088	0.0077519379845
59890	0.0077519379845
3720	0.00772200772201
4153	0.00769230769231
5221	0.00769230769231
15986	0.00769230769231
27925	0.00769230769231
29855	0.00769230769231
36537	0.00769230769231
38818	0.00769230769231
39383	0.00769230769231
41127	0.00769230769231
41245	0.00769230769231
49689	0.00769230769231
3507	0.00763358778626
5311	0.00763358778626
11383	0.00763358778626
29218	0.00763358778626
42753	0.00763358778626
47292	0.00763358778626
47503	0.00763358778626
52332	0.00763358778626
60005	0.00763358778626
900	0.00762195121951
36999	0.00761421319797
5432	0.0076071922545
2164	0.00757575757576
2463	0.00757575757576
22895	0.00757575757576
25416	0.00757575757576
31656	0.00757575757576
44117	0.00757575757576
45093	0.00757575757576
21797	0.00756143667297
4654	0.00754310344828
1497	0.00752283718431
867	0.00751879699248
3565	0.00751879699248
5804	0.00751879699248
30925	0.00751879699248
35245	0.00751879699248
17586	0.00750469043152
23481	0.0075
1921	0.00749063670412
34369	0.00749063670412
40970	0.00749063670412
11664	0.0074812967581
10789	0.00746268656716
17147	0.00746268656716
17583	0.00746268656716
23667	0.00746268656716
27358	0.00746268656716
44951	0.00746268656716
51232	0.00746268656716
59505	0.00746268656716
40984	0.00743494423792
1135	0.0074294205052
888	0.00740740740741
3006	0.00740740740741
5354	0.00740740740741
10987	0.00740740740741
20647	0.00740740740741
22919	0.00740740740741
25305	0.00740740740741
34521	0.00740740740741
41421	0.00740740740741
41985	0.00738007380074
3689	0.00737100737101
28742	0.00736842105263
1096	0.00735294117647
6657	0.00735294117647
9753	0.00735294117647
19429	0.00735294117647
21696	0.00735294117647
31340	0.00735294117647
52188	0.00735294117647
5420	0.00732600732601
1324	0.00729927007299
4006	0.00729927007299
28285	0.00729927007299
41284	0.00729927007299
46619	0.00729927007299
53001	0.00729927007299
30269	0.00728597449909
40999	0.00728597449909
2110	0.00727272727273
83	0.00724637681159
18199	0.00724637681159
22351	0.00724637681159
22877	0.00724637681159
26508	0.00724637681159
34155	0.00724637681159
41425	0.00724637681159
51030	0.00724637681159
51340	0.00724637681159
11769	0.00720720720721
1362	0.00719424460432
2090	0.00719424460432
17554	0.00719424460432
50944	0.00719424460432
51689	0.00719424460432
932	0.00717703349282
2094	0.00714285714286
3826	0.00714285714286
22941	0.00714285714286
52331	0.00714285714286
35136	0.00713012477718
29909	0.00711743772242
39852	0.00711743772242
10281	0.00710900473934
25810	0.00709219858156
29567	0.00709219858156
38790	0.00709219858156
41055	0.00709219858156
41208	0.00709219858156
40334	0.00706713780919
14502	0.00704225352113
21801	0.00704225352113
39771	0.00704225352113
42302	0.00704225352113
3116	0.00701754385965
38232	0.00701754385965
13111	0.00701344243133
2515	0.00700934579439
26584	0.00700280112045
893	0.007
616	0.00699300699301
1087	0.00699300699301
4136	0.00699300699301
5552	0.00699300699301
22408	0.00699300699301
27209	0.00699300699301
28379	0.00699300699301
32246	0.00699300699301
39478	0.00699300699301
39602	0.00699300699301
47050	0.00699300699301
2344	0.00697906281157
31536	0.00696055684455
4399	0.00694444444444
11297	0.00694444444444
11504	0.00694444444444
17986	0.00694444444444
21657	0.00694444444444
33678	0.00694444444444
41536	0.00694444444444
42545	0.00694444444444
41071	0.00692840646651
5237	0.00692520775623
25098	0.00692041522491
25405	0.00692041522491
27525	0.00691244239631
1904	0.00689655172414
4173	0.00689655172414
23532	0.00689655172414
32809	0.00689655172414
39136	0.00689655172414
43376	0.00689655172414
949	0.00687285223368
11	0.00686947988224
4070	0.00684931506849
14277	0.00684931506849
16264	0.00684931506849
24017	0.00684931506849
29543	0.00684931506849
35920	0.00684931506849
37577	0.00684931506849
60331	0.00684931506849
41705	0.00682593856655
2144	0.00680272108844
12388	0.00680272108844
13076	0.00680272108844
25586	0.00680272108844
41063	0.00680272108844
49749	0.00680272108844
56100	0.00680272108844
7390	0.00677966101695
13955	0.00676818950931
41074	0.00676818950931
11087	0.00675675675676
29854	0.00674763832659
4951	0.00674157303371
21734	0.00671140939597
27087	0.00671140939597
35044	0.00671140939597
51164	0.00671140939597
51811	0.00671140939597
5460	0.0066889632107
52018	0.0066889632107
862	0.00666666666667
7451	0.00666666666667
11381	0.00666666666667
13633	0.00666666666667
25440	0.00666666666667
32120	0.00666666666667
36037	0.00666666666667
39323	0.00666666666667
41398	0.00666666666667
43414	0.00666666666667
26805	0.00666370501999
31830	0.00665188470067
8709	0.00664451827243
16228	0.00662251655629
25937	0.00662251655629
16449	0.00660066006601
21558	0.00660066006601
3022	0.00657894736842
6222	0.00657894736842
11060	0.00657894736842
11798	0.00657894736842
17315	0.00657894736842
41198	0.00657894736842
1048	0.00657276995305
689	0.00653594771242
2789	0.00653594771242
3827	0.00653594771242
6928	0.00653594771242
14518	0.00653594771242
17904	0.00653594771242
37111	0.00653594771242
51568	0.00653594771242
2007	0.00651465798046
3991	0.00651465798046
51006	0.00651465798046
2411	0.00649350649351
4035	0.00649350649351
18997	0.00649350649351
26486	0.00649350649351
6427	0.00647058823529
21772	0.00645161290323
28055	0.00645161290323
20075	0.00643776824034
4625	0.00641025641026
7214	0.00641025641026
6444	0.00638977635783
18311	0.00637619553666
19965	0.00636942675159
23337	0.00636942675159
4396	0.00636537237428
3933	0.0063578564941
7175	0.00634920634921
2326	0.00633914421553
2028	0.00632911392405
3280	0.00632911392405
15114	0.00632911392405
16209	0.00632911392405
27288	0.00632911392405
35049	0.00632911392405
37201	0.00632911392405
39874	0.00632911392405
40351	0.00632911392405
40988	0.00632911392405
41011	0.00632911392405
41332	0.00632911392405
12610	0.00630914826498
18456	0.00629921259843
2745	0.00629811056683
554	0.0062893081761
2829	0.0062893081761
14115	0.0062893081761
14515	0.0062893081761
15638	0.0062893081761
34637	0.0062893081761
37961	0.0062893081761
4137	0.0062630480167
9178	0.00625
13067	0.00625
27642	0.00625
30625	0.00625
24958	0.00623052959502
4846	0.00622568093385
12423	0.00622406639004
27809	0.00622083981337
3436	0.00621118012422
13119	0.00621118012422
28156	0.00621118012422
40962	0.00621118012422
52225	0.0061919504644
5012	0.00617283950617
12777	0.00617283950617
17928	0.00617283950617
23999	0.00617283950617
37747	0.00617283950617
41003	0.00617283950617
19599	0.00616016427105
38794	0.00615114235501
1990	0.00613496932515
5164	0.00613496932515
6781	0.00613496932515
13121	0.00613496932515
26098	0.00613496932515
35563	0.00613496932515
1628	0.00611995104039
22643	0.00611620795107
51156	0.00611620795107
7312	0.00609756097561
22830	0.00609756097561
26318	0.00609756097561
38519	0.00609756097561
41066	0.00609756097561
44847	0.00609756097561
51821	0.00609756097561
57861	0.00609756097561
118	0.00607902735562
1902	0.00607902735562
4655	0.00607697501688
13040	0.00606060606061
22684	0.00606060606061
34109	0.00606060606061
35047	0.00606060606061
35237	0.00606060606061
41126	0.00606060606061
27865	0.00603621730382
874	0.00602409638554
25113	0.00602409638554
46722	0.0059880239521
16927	0.00597014925373
17596	0.00596125186289
618	0.00595238095238
5206	0.00595238095238
10248	0.00595238095238
12969	0.00595238095238
17152	0.00595238095238
27899	0.00595238095238
33922	0.00595238095238
39549	0.00595238095238
992	0.00594353640416
5616	0.00593471810089
27906	0.00593471810089
3156	0.00591715976331
12467	0.00591715976331
13036	0.00591715976331
35100	0.00591715976331
36364	0.00591715976331
38262	0.00591715976331
40893	0.00591715976331
40986	0.00591715976331
41552	0.00591715976331
42145	0.00591715976331
51784	0.00591715976331
20542	0.00590841949778
18777	0.00588730025231
16368	0.00588235294118
32895	0.00588235294118
5120	0.0058651026393
33621	0.0058651026393
3554	0.00584795321637
5768	0.00584795321637
7161	0.00584795321637
15851	0.00584795321637
19034	0.00584795321637
41032	0.00584795321637
42335	0.00584795321637
50868	0.00584795321637
51117	0.00584795321637
18361	0.00583090379009
4135	0.00581395348837
19687	0.00581395348837
10844	0.00578034682081
15233	0.00578034682081
23628	0.00578034682081
712	0.00574712643678
4413	0.00574712643678
12501	0.00574712643678
13212	0.00574712643678
38191	0.00574712643678
41059	0.00574712643678
41224	0.00574712643678
24373	0.00571428571429
24606	0.00571428571429
41434	0.00571428571429
51680	0.00571428571429
33841	0.00570342205323
259	0.00569800569801
5673	0.00569259962049
18283	0.00568181818182
29686	0.00568181818182
32009	0.00568181818182
50870	0.00568181818182
30980	0.00567536889898
4764	0.00567375886525
11232	0.0056657223796
28737	0.00564971751412
37680	0.00564971751412
39426	0.00564971751412
41068	0.00564971751412
2030	0.0056338028169
3943	0.0056338028169
28810	0.0056338028169
456	0.00561797752809
869	0.005615234375
3260	0.00560224089636
22579	0.00560224089636
8210	0.00558659217877
52738	0.00558659217877
11727	0.00557620817844
2142	0.00557103064067
18701	0.00557103064067
13064	0.00555555555556
18340	0.00555555555556
34147	0.00555555555556
40971	0.00554528650647
107	0.00552486187845
7411	0.00552486187845
13642	0.00552486187845
18815	0.00552486187845
23415	0.00552486187845
30762	0.00552486187845
30789	0.00552486187845
34217	0.00552486187845
22383	0.00550584996559
3297	0.00549450549451
7344	0.00549450549451
50652	0.00549450549451
51699	0.00549450549451
3946	0.00546448087432
18835	0.00546448087432
22026	0.00546448087432
22401	0.00546448087432
25078	0.00546448087432
25332	0.00546448087432
25487	0.00546448087432
29453	0.00546448087432
34121	0.00546448087432
50987	0.00546448087432
38203	0.00545256270447
33634	0.00544959128065
2588	0.0054347826087
6679	0.0054347826087
10852	0.0054347826087
22018	0.0054347826087
29532	0.0054347826087
32862	0.0054347826087
8732	0.00541516245487
2333	0.00540540540541
14343	0.00540540540541
32594	0.00540540540541
51041	0.00540540540541
1390	0.00537634408602
9252	0.00536193029491
253	0.005359056806
5809	0.00535714285714
3214	0.00534759358289
12149	0.00534759358289
12998	0.00534759358289
13935	0.00534759358289
27651	0.00534759358289
3553	0.00531914893617
9488	0.00531914893617
20527	0.00531914893617
31850	0.00531914893617
51394	0.00531914893617
25453	0.0053050397878
41132	0.0053050397878
9251	0.00529100529101
23001	0.00529100529101
30799	0.00529100529101
37426	0.00529100529101
50897	0.00529100529101
51120	0.00529100529101
20506	0.00528401585205
38932	0.00527704485488
879	0.00526315789474
11359	0.00526315789474
13660	0.00526315789474
34667	0.00526315789474
40975	0.00526315789474
6689	0.00524934383202
4518	0.00524475524476
2419	0.00524246395806
15373	0.00523560209424
27723	0.00523560209424
28712	0.00523560209424
51121	0.00523560209424
17566	0.00521739130435
1170	0.00520833333333
1456	0.00520833333333
16935	0.00520833333333
19338	0.00520833333333
38763	0.00520833333333
52383	0.00520833333333
41583	0.0051993067591
16917	0.00519480519481
38793	0.00518731988473
41040	0.00518134715026
50933	0.00518134715026
19598	0.00517129928895
13056	0.00516351118761
16516	0.00515463917526
30466	0.00515463917526
1422	0.00514800514801
37993	0.00514138817481
37737	0.00513698630137
16420	0.00512820512821
23248	0.00512820512821
33692	0.00512820512821
52065	0.00512820512821
10792	0.00510204081633
11300	0.00510204081633
51211	0.00510204081633
51212	0.00510204081633
5204	0.0050987890376
1438	0.00507614213198
41013	0.00507614213198
41546	0.00507614213198
29863	0.00506756756757
6573	0.00505050505051
18374	0.00505050505051
19547	0.00505050505051
38659	0.00505050505051
42378	0.00505050505051
5157	0.00504032258065
452	0.00502512562814
18183	0.00502512562814
2	0.00500500500501
20630	0.005
21557	0.005
24173	0.005
39265	0.005
870	0.00498753117207
1503	0.00498338870432
11749	0.00497512437811
33879	0.00497512437811
41129	0.00497512437811
23688	0.0049504950495
39343	0.0049504950495
44456	0.0049504950495
31868	0.00493827160494
38925	0.00493421052632
30899	0.00493218249075
2865	0.00492610837438
23642	0.00492610837438
30938	0.00490196078431
41090	0.00487210718636
22743	0.00485436893204
41227	0.00485436893204
26235	0.0048309178744
20818	0.00481927710843
21507	0.00480769230769
7198	0.00478468899522
23174	0.00478468899522
26863	0.00478468899522
4711	0.0047619047619
22230	0.0047619047619
22524	0.0047619047619
41452	0.0047619047619
41102	0.00473933649289
41530	0.00473933649289
51019	0.00472813238771
20416	0.00472440944882
11314	0.00471698113208
30874	0.00471698113208
41070	0.00471698113208
3733	0.00469483568075
4439	0.00469483568075
8159	0.00469483568075
41085	0.00469483568075
3781	0.0046511627907
40541	0.0046511627907
2290	0.00462427745665
9761	0.00460829493088
27890	0.00460829493088
47787	0.00460829493088
1984	0.00459418070444
2595	0.0045871559633
5419	0.0045871559633
21321	0.0045871559633
27471	0.0045871559633
37689	0.0045871559633
4563	0.00458295142071
7533	0.00456621004566
22971	0.00456621004566
868	0.00456273764259
38584	0.00455927051672
2089	0.00454545454545
9625	0.00454545454545
28405	0.00454029511918
5553	0.00453514739229
15306	0.00452488687783
26602	0.00452488687783
26760	0.00452488687783
7300	0.00451467268623
21978	0.0045045045045
41308	0.0045045045045
40289	0.00449438202247
4705	0.00448430493274
53342	0.00448430493274
4916	0.00447627573859
5643	0.00447093889717
1118	0.00446428571429
5056	0.00446428571429
22251	0.00442477876106
27535	0.00442477876106
29399	0.00442477876106
1309	0.00440528634361
34999	0.00440528634361
17611	0.004329004329
20529	0.004329004329
51341	0.004329004329
17946	0.00431034482759
21845	0.00431034482759
23666	0.00430107526882
25738	0.00429922613929
34929	0.00429184549356
5519	0.0042735042735
5918	0.0042735042735
16447	0.0042735042735
13095	0.00423728813559
2613	0.00423131170663
9538	0.00423011844332
21545	0.00422832980973
32823	0.0042194092827
49394	0.0042194092827
51099	0.0042194092827
41045	0.00420168067227
52697	0.00420168067227
13933	0.00418410041841
25413	0.00418410041841
29852	0.00418410041841
37392	0.00418410041841
37660	0.00418410041841
50875	0.00416666666667
2848	0.00413223140496
40411	0.00413223140496
41058	0.00413223140496
52055	0.00413223140496
1632	0.00411522633745
31440	0.00410846343468
21523	0.00409836065574
40977	0.00409836065574
41134	0.00408163265306
41140	0.00408163265306
6816	0.00406504065041
14360	0.00406504065041
38492	0.00406504065041
41274	0.00406504065041
14749	0.00404858299595
19201	0.00401606425703
15794	0.004
3059	0.00399467376831
1062	0.00398406374502
6372	0.00398406374502
1144	0.00395256916996
27927	0.00395256916996
30805	0.00393700787402
37104	0.00392156862745
41041	0.00392156862745
39785	0.0039100684262
37762	0.00389105058366
41109	0.00387596899225
9138	0.003861003861
9188	0.003861003861
17952	0.00384615384615
31170	0.00384615384615
36398	0.00384615384615
47628	0.00384615384615
18607	0.00381679389313
25930	0.00381679389313
34145	0.00381679389313
28155	0.00378787878788
30835	0.00378787878788
5503	0.0037488284911
512	0.00374531835206
3527	0.00374531835206
30445	0.00374531835206
40968	0.00374531835206
35847	0.00371747211896
37427	0.0037037037037
6789	0.00363636363636
16956	0.00363636363636
41188	0.00361010830325
18584	0.00360576923077
2811	0.00358422939068
17939	0.00355871886121
38080	0.00355871886121
29992	0.00354609929078
41095	0.00354609929078
44184	0.00354609929078
28673	0.00353356890459
1117	0.00352112676056
28128	0.00352112676056
29372	0.00352112676056
29277	0.00351288056206
30691	0.00350877192982
31138	0.00350877192982
33142	0.00350877192982
11201	0.00350262697023
50864	0.0034965034965
50995	0.0034965034965
40980	0.00346020761246
4489	0.00345423143351
29739	0.00344827586207
1931	0.00344234079174
17771	0.00343642611684
3139	0.00341296928328
1676	0.00338983050847
4335	0.00337837837838
18414	0.00337837837838
27094	0.00337837837838
41417	0.00334448160535
3747	0.00333333333333
41368	0.00333333333333
38807	0.00332225913621
38293	0.00331125827815
41116	0.00331125827815
39585	0.003300330033
42609	0.00326797385621
3445	0.00325732899023
50879	0.00325732899023
7261	0.0032414910859
2898	0.00321199143469
42424	0.00315457413249
41042	0.00314465408805
7340	0.00314136125654
32188	0.00312989045383
34548	0.003125
1239	0.00311526479751
8681	0.00311526479751
35958	0.00310559006211
41307	0.00310559006211
51027	0.00310559006211
6360	0.0030959752322
684	0.00308641975309
1918	0.00307692307692
41067	0.00306748466258
41403	0.00303951367781
12121	0.0030303030303
7299	0.00302114803625
38987	0.00301204819277
41015	0.00293255131965
38959	0.0028901734104
511	0.00287356321839
9656	0.00284090909091
39546	0.00284090909091
41029	0.00284090909091
34683	0.0028328611898
3535	0.00282485875706
41609	0.00281690140845
2186	0.0028129395218
4485	0.00278551532033
37198	0.00277777777778
10250	0.00277008310249
23786	0.00276243093923
1700	0.00275482093664
11307	0.00275482093664
40987	0.00275482093664
41034	0.00273224043716
21906	0.00271739130435
34367	0.00271002710027
50939	0.00271002710027
4644	0.00268817204301
47774	0.00268817204301
7419	0.00267022696929
4578	0.00266240681576
29971	0.00261096605744
35345	0.002574002574
41018	0.0025706940874
27949	0.0025641025641
7442	0.00255754475703
9135	0.00255754475703
35809	0.00255102040816
24522	0.00254452926209
1680	0.00252206809584
76	0.00246305418719
1119	0.002442002442
51133	0.00240384615385
3365	0.00233918128655
18307	0.00231213872832
1399	0.00214132762313
631	0.00210526315789
33762	0.00205761316872
17938	0.00197238658777
34751	0.00186219739292
21745	0.00175131348511
33887	0.00174825174825
39915	0.00174825174825
11655	0.00165289256198
1743	0.0016393442623
4121	0.00157232704403
50863	0.00139664804469
3133	0.0012987012987
40995	0.00128040973111
41031	0.001221001221
