4854	0.25
10555	0.25
13072	0.25
21093	0.25
28783	0.25
38712	0.25
40763	0.25
57047	0.25
61103	0.25
6138	0.2
9622	0.2
9769	0.2
10455	0.2
26913	0.2
34296	0.2
34975	0.2
35336	0.2
36373	0.2
38556	0.2
4066	0.166666666667
10049	0.166666666667
18691	0.166666666667
25268	0.166666666667
27398	0.166666666667
29346	0.166666666667
35060	0.166666666667
36001	0.166666666667
39825	0.166666666667
43329	0.166666666667
3612	0.142857142857
12209	0.142857142857
12537	0.142857142857
14783	0.142857142857
16696	0.142857142857
46545	0.142857142857
52524	0.142857142857
52725	0.142857142857
1551	0.125
21928	0.125
23105	0.125
32654	0.125
49810	0.125
52755	0.125
2855	0.111111111111
4788	0.111111111111
29974	0.111111111111
31586	0.111111111111
44689	0.111111111111
55980	0.111111111111
292	0.1
2475	0.1
5836	0.1
18294	0.1
46330	0.1
53375	0.1
57094	0.1
266	0.0909090909091
4386	0.0909090909091
10133	0.0909090909091
18860	0.0909090909091
23116	0.0909090909091
24571	0.0909090909091
34605	0.0909090909091
42340	0.0909090909091
42788	0.0909090909091
5956	0.0833333333333
6998	0.0833333333333
13683	0.0833333333333
15828	0.0833333333333
23035	0.0833333333333
32949	0.0833333333333
50186	0.0833333333333
4385	0.0769230769231
4459	0.0769230769231
16557	0.0769230769231
22245	0.0769230769231
27071	0.0769230769231
33191	0.0769230769231
33509	0.0769230769231
37467	0.0769230769231
41422	0.0769230769231
13026	0.0714285714286
28322	0.0714285714286
29260	0.0714285714286
39625	0.0714285714286
43901	0.0714285714286
45887	0.0714285714286
50278	0.0714285714286
51062	0.0714285714286
59841	0.0714285714286
13197	0.0666666666667
14404	0.0666666666667
20462	0.0666666666667
23144	0.0666666666667
30287	0.0666666666667
49840	0.0666666666667
4779	0.0625
12871	0.0625
26392	0.0625
35153	0.0625
40071	0.0625
41847	0.0625
42601	0.0625
52855	0.0625
2485	0.0588235294118
16439	0.0588235294118
29093	0.0588235294118
30642	0.0588235294118
38920	0.0588235294118
40566	0.0588235294118
53960	0.0588235294118
4236	0.0555555555556
4984	0.0555555555556
17705	0.0555555555556
29006	0.0555555555556
33985	0.0555555555556
45732	0.0555555555556
50751	0.0555555555556
5273	0.0526315789474
18423	0.0526315789474
39607	0.0526315789474
41718	0.0526315789474
46601	0.0526315789474
9534	0.05
13505	0.05
17127	0.05
30283	0.05
39328	0.05
14271	0.047619047619
21701	0.047619047619
22891	0.047619047619
28782	0.047619047619
45044	0.047619047619
46604	0.047619047619
60065	0.047619047619
8571	0.0454545454545
27377	0.0454545454545
35036	0.0454545454545
37623	0.0454545454545
43768	0.0454545454545
52387	0.0454545454545
52835	0.0454545454545
10746	0.0434782608696
13984	0.0434782608696
19879	0.0434782608696
26377	0.0434782608696
27338	0.0434782608696
31176	0.0434782608696
36684	0.0434782608696
37990	0.0434782608696
45460	0.0434782608696
6630	0.0416666666667
7294	0.0416666666667
20908	0.0416666666667
26657	0.0416666666667
32844	0.0416666666667
45427	0.0416666666667
1885	0.04
7332	0.04
19280	0.04
29062	0.04
32204	0.04
19324	0.0384615384615
50965	0.0384615384615
9667	0.037037037037
35437	0.037037037037
38639	0.037037037037
41178	0.037037037037
42550	0.037037037037
43675	0.037037037037
46728	0.037037037037
4336	0.0357142857143
5180	0.0357142857143
16328	0.0357142857143
42466	0.0357142857143
52296	0.0350877192982
12964	0.0344827586207
29257	0.0344827586207
37167	0.0344827586207
60554	0.0344827586207
23106	0.0333333333333
32874	0.0333333333333
50964	0.0322580645161
53276	0.0322580645161
51058	0.03125
51835	0.03125
39041	0.030303030303
50951	0.030303030303
23850	0.0294117647059
26659	0.0294117647059
29416	0.0294117647059
36064	0.0294117647059
39487	0.0294117647059
43732	0.0294117647059
26643	0.0285714285714
42008	0.0285714285714
21412	0.027027027027
43475	0.027027027027
51881	0.027027027027
52771	0.027027027027
41970	0.0263157894737
24437	0.025641025641
50584	0.025641025641
12795	0.025
22625	0.025
34971	0.025
42568	0.025
51993	0.025
24981	0.0243902439024
52667	0.0243902439024
18679	0.0238095238095
24575	0.0238095238095
25266	0.0238095238095
41658	0.0238095238095
4048	0.0232558139535
41379	0.0232558139535
52058	0.0227272727273
53237	0.0227272727273
21666	0.0224719101124
26596	0.0222222222222
41149	0.0222222222222
41851	0.0222222222222
21806	0.0208333333333
38575	0.0208333333333
42196	0.0208333333333
1936	0.0204081632653
18495	0.0204081632653
24431	0.0204081632653
24862	0.0204081632653
53206	0.0204081632653
4630	0.02
26772	0.02
43086	0.02
20642	0.0196078431373
33926	0.0196078431373
41858	0.0196078431373
59759	0.0196078431373
24487	0.0192307692308
52715	0.0192307692308
34532	0.0188679245283
21561	0.0185185185185
42941	0.0185185185185
60092	0.0185185185185
846	0.0181818181818
4216	0.0181818181818
6404	0.018018018018
46039	0.0178571428571
25336	0.0175438596491
41351	0.0175438596491
41483	0.0175438596491
44787	0.0175438596491
30672	0.0172413793103
1123	0.0169491525424
12860	0.0169491525424
28745	0.0169491525424
4499	0.0166666666667
28719	0.0166666666667
41397	0.0166666666667
52666	0.0166666666667
2087	0.016393442623
5219	0.016393442623
28458	0.016393442623
34985	0.016393442623
38864	0.016393442623
51319	0.016393442623
2646	0.0161290322581
11168	0.0161290322581
26777	0.0161290322581
41262	0.0161290322581
27087	0.016
22681	0.015873015873
41818	0.015625
16302	0.0151515151515
33864	0.0151515151515
52476	0.0151515151515
16920	0.0149253731343
34115	0.0149253731343
51087	0.0147058823529
652	0.0144927536232
4510	0.0144927536232
28456	0.0144927536232
46558	0.0144927536232
51821	0.0142857142857
9794	0.0140845070423
39722	0.0140845070423
50992	0.0140845070423
10326	0.0138888888889
16073	0.0138888888889
24698	0.0138888888889
59617	0.0138888888889
1365	0.013698630137
38748	0.013698630137
730	0.0135135135135
6693	0.0135135135135
10607	0.0133333333333
26218	0.0133333333333
41030	0.0133333333333
51290	0.0133333333333
41940	0.0132450331126
34225	0.0131578947368
39262	0.0131578947368
637	0.012987012987
35431	0.012987012987
50958	0.012987012987
36054	0.0128205128205
41081	0.0128205128205
11888	0.0126582278481
17686	0.0125
26572	0.0125
42344	0.0125
51114	0.0125
3947	0.0123456790123
4398	0.0123456790123
51242	0.0123456790123
13385	0.0121951219512
3205	0.0119047619048
8519	0.0119047619048
18974	0.0119047619048
34105	0.0119047619048
8189	0.0117647058824
14656	0.0117647058824
17570	0.0117647058824
59133	0.0117647058824
41269	0.0116279069767
17922	0.0114942528736
4752	0.0112359550562
16802	0.0112359550562
32483	0.0112359550562
41934	0.0112359550562
51804	0.0112359550562
22396	0.0111111111111
25092	0.010989010989
51901	0.010989010989
26158	0.0108695652174
36366	0.0108695652174
20010	0.010752688172
41655	0.010752688172
42463	0.010752688172
28805	0.0106382978723
2681	0.0105263157895
43219	0.0104166666667
22231	0.0103092783505
26531	0.0103092783505
52062	0.0103092783505
7533	0.0102564102564
4512	0.0102040816327
11145	0.0102040816327
18958	0.0102040816327
42320	0.0102040816327
47475	0.0102040816327
20669	0.010101010101
42053	0.010101010101
4611	0.01
397	0.00990099009901
22238	0.00970873786408
41023	0.00961538461538
51345	0.00952380952381
25091	0.00943396226415
41179	0.00943396226415
33377	0.00917431192661
1328	0.00909090909091
10803	0.00909090909091
9104	0.00900900900901
10789	0.00900900900901
3006	0.00892857142857
19429	0.00884955752212
21252	0.00869565217391
22351	0.00869565217391
53114	0.00862068965517
38078	0.00854700854701
51988	0.00854700854701
41055	0.00847457627119
2264	0.00833333333333
12325	0.00833333333333
28379	0.00833333333333
44117	0.00829875518672
41819	0.00826446280992
38708	0.00819672131148
761	0.00813008130081
21550	0.00806451612903
49749	0.00806451612903
2850	0.008
22798	0.008
29818	0.00787401574803
42270	0.00787401574803
6222	0.0077519379845
30793	0.0077519379845
41468	0.0077519379845
10251	0.00769230769231
17904	0.00769230769231
31138	0.00766283524904
4977	0.00751879699248
39874	0.00740740740741
21745	0.00733944954128
51254	0.00729927007299
34350	0.00724637681159
38671	0.00724637681159
41038	0.00719424460432
17301	0.00709219858156
22830	0.00709219858156
26318	0.00709219858156
41073	0.00709219858156
57861	0.00709219858156
51179	0.00704225352113
5089	0.00699300699301
51071	0.00699300699301
52802	0.00699300699301
11172	0.00694444444444
37557	0.00684931506849
41672	0.00684931506849
18129	0.00680272108844
19034	0.00675675675676
41246	0.00675675675676
50868	0.00675675675676
19314	0.00671140939597
631	0.00666666666667
12511	0.00666666666667
12501	0.00662251655629
38758	0.00662251655629
41224	0.00662251655629
1389	0.00657894736842
38861	0.00657894736842
18283	0.00653594771242
21989	0.00653594771242
33405	0.00653594771242
26566	0.00649350649351
40942	0.00649350649351
2825	0.00641025641026
34967	0.00641025641026
1064	0.00636942675159
22104	0.00632911392405
23415	0.00632911392405
3297	0.0062893081761
11128	0.0062893081761
17915	0.0062893081761
37409	0.0062893081761
50652	0.0062893081761
51699	0.0062893081761
1655	0.00625
22026	0.00625
22401	0.00625
22805	0.00625
40489	0.00621118012422
50961	0.00621118012422
9720	0.00613496932515
27218	0.00613496932515
41062	0.00613496932515
5230	0.00609756097561
26579	0.00609756097561
36710	0.00609756097561
10736	0.00606060606061
20527	0.00606060606061
33727	0.00606060606061
51394	0.00606060606061
23001	0.00602409638554
7349	0.00597014925373
19338	0.00591715976331
52383	0.00591715976331
16516	0.00584795321637
25554	0.00584795321637
33692	0.00581395348837
11300	0.00578034682081
41968	0.00574712643678
8229	0.00571428571429
17277	0.00571428571429
21557	0.00564971751412
32042	0.00564971751412
16273	0.00558659217877
51038	0.00558659217877
13935	0.00557620817844
24889	0.00555555555556
51112	0.00549450549451
54	0.00546448087432
35809	0.0054347826087
36686	0.00540540540541
2169	0.00534759358289
22572	0.00534759358289
41530	0.00531914893617
3288	0.00526315789474
32418	0.00523560209424
51697	0.00520833333333
26195	0.00515463917526
41223	0.00515463917526
5419	0.00512820512821
10653	0.00512820512821
12824	0.00512820512821
27471	0.00512820512821
52029	0.00507614213198
15306	0.00505050505051
24684	0.00505050505051
27529	0.00505050505051
4695	0.005
10281	0.005
41555	0.00497512437811
7100	0.0049504950495
14716	0.0049504950495
41037	0.0048309178744
21845	0.00478468899522
32823	0.00467289719626
18172	0.0046511627907
41146	0.00462962962963
21331	0.0045871559633
27255	0.00454545454545
40318	0.0045045045045
1062	0.00438596491228
6372	0.00438596491228
24126	0.00438596491228
44281	0.00438596491228
41353	0.004329004329
37104	0.00431034482759
28633	0.00429184549356
37762	0.0042735042735
49392	0.0042735042735
9188	0.00423728813559
41054	0.00423728813559
25930	0.00418410041841
28155	0.00414937759336
39549	0.00414937759336
41164	0.00414937759336
1921	0.00408163265306
20875	0.00406504065041
3133	0.00402684563758
2110	0.00395256916996
41253	0.00395256916996
34199	0.00393700787402
50944	0.00390625
26416	0.00389105058366
31877	0.00387596899225
41985	0.00383877159309
28128	0.00383141762452
50995	0.00380228136882
40999	0.00378787878788
4399	0.00375939849624
7062	0.00375939849624
28443	0.00374531835206
51158	0.00374531835206
37775	0.00373134328358
24017	0.0037037037037
11201	0.0036496350365
3747	0.00361010830325
6564	0.00361010830325
41368	0.00361010830325
2312	0.0036036036036
31400	0.00358422939068
25937	0.00357142857143
16449	0.00355871886121
42609	0.00353356890459
51212	0.00353356890459
3445	0.00352112676056
29863	0.00350877192982
51006	0.00350877192982
2448	0.0034965034965
2401	0.00348432055749
42912	0.00348432055749
21772	0.00347222222222
41154	0.00341296928328
18699	0.00340136054422
42424	0.00340136054422
5512	0.00335570469799
51027	0.00334448160535
684	0.00332225913621
41093	0.00332225913621
52225	0.00332225913621
23999	0.00331125827815
5616	0.0031746031746
18361	0.00311526479751
511	0.00307692307692
14140	0.0030487804878
41000	0.0030487804878
41434	0.0030487804878
259	0.00303951367781
39546	0.00303951367781
3535	0.00302114803625
29845	0.00302114803625
41609	0.00301204819277
48572	0.00301204819277
22579	0.00298507462687
37198	0.00296735905045
18301	0.00294117647059
3788	0.0028901734104
50939	0.0028901734104
34897	0.00287356321839
25324	0.00286532951289
5237	0.002849002849
34830	0.00281690140845
9251	0.00280898876404
38932	0.00280112044818
38492	0.00279329608939
6689	0.00278551532033
15373	0.00277777777778
30471	0.00277777777778
29854	0.00277392510402
50933	0.00274725274725
38822	0.0027397260274
21323	0.00273224043716
9135	0.00271739130435
4153	0.00271002710027
18515	0.00268817204301
19547	0.00267379679144
867	0.0026455026455
2381	0.0026455026455
23481	0.00263852242744
31868	0.00261096605744
23642	0.00260416666667
42156	0.0025974025974
3689	0.00259067357513
31483	0.00257731958763
51096	0.00254452926209
30899	0.00253164556962
1119	0.00251256281407
1380	0.00248138957816
41092	0.00246913580247
2515	0.002457002457
20173	0.00243902439024
31536	0.00243902439024
4173	0.0024154589372
5553	0.00238663484487
25586	0.00238095238095
11778	0.00236406619385
4951	0.00235849056604
38191	0.00235294117647
11675	0.002331002331
562	0.00232558139535
28832	0.00227272727273
1399	0.00225225225225
20075	0.00224719101124
2007	0.00221729490022
41332	0.00220750551876
37961	0.00219298245614
5693	0.00218340611354
15228	0.00217864923747
35703	0.00216919739696
41044	0.00216919739696
19599	0.00214592274678
23782	0.00211416490486
36392	0.00208333333333
4937	0.00207468879668
5593	0.00204918032787
2	0.00204290091931
5768	0.0020325203252
41109	0.00202429149798
33841	0.0019801980198
5673	0.00197628458498
21797	0.00196463654224
34369	0.00194552529183
34751	0.00194552529183
4396	0.00192926045016
2463	0.00192492781521
40971	0.00192307692308
30269	0.00189035916824
32862	0.00188323917137
51041	0.00187265917603
27489	0.00184501845018
22929	0.00183992640294
39915	0.00182149362477
5809	0.00181653042688
40962	0.00180342651037
25098	0.00179211469534
13056	0.00178571428571
949	0.0017793594306
2840	0.00177619893428
37737	0.00177619893428
22744	0.00176991150442
11655	0.00171821305842
41116	0.00171821305842
1743	0.00170357751278
37111	0.00168918918919
31440	0.00167084377611
16209	0.0016339869281
4121	0.00163132137031
20416	0.00162866449511
18456	0.00162601626016
32188	0.00162074554295
27809	0.0016051364366
28051	0.00159616919393
4846	0.00157728706625
900	0.00156985871272
38584	0.00156985871272
25113	0.00155279503106
26602	0.00153022188217
27535	0.00152207001522
9656	0.00146627565982
2613	0.00145348837209
4708	0.00145348837209
2186	0.00145137880987
40987	0.00142045454545
2745	0.00141542816702
33634	0.00140056022409
22383	0.00139275766017
20506	0.00135685210312
8709	0.00134228187919
14352	0.00133155792277
35345	0.00132450331126
1422	0.00132100396301
40995	0.00131926121372
19598	0.00130718954248
1680	0.00129701686122
1118	0.00129032258065
1628	0.00125313283208
9642	0.00125313283208
5420	0.00124843945069
35563	0.0012325390304
3365	0.00120048019208
29277	0.00120048019208
18307	0.0011862396204
6427	0.00117820324006
38793	0.00116346713205
30980	0.00116009280742
1503	0.00111731843575
5000	0.0011135857461
4654	0.00109769484083
2898	0.00109529025192
18311	0.00108342361863
1497	0.00108108108108
5231	0.00104438642298
39785	0.000997008973081
36398	0.000980392156863
869	0.000977517106549
41068	0.00095785440613
3733	0.000956022944551
1048	0.000954198473282
11727	0.000945179584121
7312	0.000943396226415
4563	0.000932835820896
3933	0.000922509225092
34367	0.000920810313076
921	0.000912408759124
26805	0.000892458723784
38794	0.000892060660125
4518	0.000879120879121
5519	0.000868809730669
12969	0.000862812769629
9538	0.000859845227859
18777	0.000853242320819
39136	0.00077519379845
18613	0.000762776506484
4430	0.000746825989544
19601	0.000733137829912
41016	0.000727272727273
4655	0.000676818950931
5204	0.00064391500322
2290	0.000583430571762
38203	0.000549450549451
4578	0.000537923614847
893	0.000502512562814
