26763	0.5
26774	0.5
38938	0.333333333333
7612	0.25
23322	0.25
6336	0.2
38779	0.2
46588	0.2
49263	0.2
50217	0.2
5580	0.166666666667
60994	0.166666666667
32175	0.142857142857
49363	0.142857142857
31707	0.125
45507	0.125
6757	0.111111111111
42003	0.111111111111
53204	0.111111111111
24499	0.1
26565	0.1
31790	0.1
56077	0.1
42668	0.0909090909091
42773	0.0909090909091
1703	0.0833333333333
8745	0.0833333333333
11677	0.0833333333333
37354	0.0833333333333
43053	0.0833333333333
51626	0.0833333333333
23157	0.0769230769231
25817	0.0769230769231
34826	0.0769230769231
20870	0.0714285714286
28172	0.0714285714286
35527	0.0714285714286
43162	0.0714285714286
51440	0.0714285714286
52061	0.0714285714286
41927	0.0666666666667
60075	0.0666666666667
60323	0.0666666666667
60571	0.0666666666667
47458	0.0625
42843	0.0555555555556
43380	0.0555555555556
53160	0.0555555555556
59837	0.0555555555556
12584	0.0526315789474
533	0.05
33808	0.05
34140	0.05
51527	0.05
34268	0.047619047619
45113	0.047619047619
60265	0.047619047619
11435	0.0454545454545
46117	0.0454545454545
43177	0.0416666666667
59838	0.0416666666667
25637	0.04
60446	0.0384615384615
1071	0.037037037037
36382	0.0357142857143
27634	0.0344827586207
27268	0.0333333333333
52136	0.0333333333333
7437	0.0322580645161
23281	0.0322580645161
23341	0.0322580645161
15300	0.03125
21729	0.03125
59233	0.03125
26391	0.030303030303
40633	0.0277777777778
43780	0.0277777777778
47038	0.0277777777778
60352	0.0277777777778
3189	0.025
7415	0.025
48452	0.0243902439024
22939	0.0238095238095
51891	0.0238095238095
25559	0.0232558139535
33826	0.0227272727273
43202	0.0227272727273
30864	0.0222222222222
42196	0.0222222222222
39458	0.0217391304348
41297	0.0217391304348
18688	0.0212765957447
35164	0.0212765957447
35708	0.0212765957447
6517	0.0208333333333
27643	0.0208333333333
51403	0.0204081632653
881	0.02
17932	0.02
43585	0.02
28201	0.0196078431373
40356	0.0196078431373
42845	0.0196078431373
32931	0.0192307692308
47064	0.0192307692308
50056	0.0188679245283
34691	0.0181818181818
51419	0.0181818181818
59547	0.0181818181818
1123	0.0178571428571
14126	0.0178571428571
38572	0.0178571428571
41022	0.0175438596491
3581	0.0169491525424
24104	0.0169491525424
32770	0.0169491525424
51292	0.0161290322581
16193	0.015625
3843	0.0151515151515
42029	0.0151515151515
767	0.0147058823529
41096	0.0147058823529
24717	0.013698630137
45199	0.013698630137
48475	0.013698630137
41081	0.0133333333333
18317	0.0131578947368
28621	0.012987012987
1950	0.0128205128205
3542	0.0128205128205
33599	0.0126582278481
36632	0.0126582278481
18214	0.0125
50984	0.0125
13258	0.0121951219512
34136	0.0121951219512
1755	0.0120481927711
41269	0.0120481927711
24164	0.0119047619048
6748	0.0117647058824
51892	0.0117647058824
52741	0.0117647058824
60987	0.0117647058824
1252	0.0116279069767
46493	0.0116279069767
31692	0.0114942528736
12552	0.0111111111111
9636	0.0108695652174
23831	0.0108695652174
4156	0.010752688172
13891	0.010752688172
28711	0.0105263157895
4611	0.0103092783505
41807	0.0103092783505
397	0.0102040816327
10646	0.010101010101
52428	0.010101010101
26403	0.00980392156863
44776	0.00961538461538
59611	0.00943396226415
10803	0.00934579439252
41392	0.00909090909091
50812	0.00909090909091
51689	0.00884955752212
18226	0.00869565217391
41279	0.00862068965517
41693	0.00854700854701
41819	0.00847457627119
2144	0.00826446280992
32457	0.00826446280992
18130	0.00793650793651
41161	0.00793650793651
28750	0.00787401574803
34607	0.0078125
51266	0.0078125
15114	0.00757575757576
38657	0.00757575757576
27642	0.00746268656716
50915	0.00735294117647
43473	0.00719424460432
10096	0.00709219858156
46722	0.00709219858156
23299	0.00704225352113
51575	0.00704225352113
7161	0.00689655172414
26059	0.00689655172414
42335	0.00689655172414
28737	0.00662251655629
107	0.00645161290323
15381	0.00645161290323
22838	0.00645161290323
34217	0.00645161290323
16723	0.00636942675159
34121	0.00636942675159
34241	0.0062893081761
41062	0.00625
19897	0.00613496932515
50897	0.00613496932515
27723	0.00606060606061
33692	0.00591715976331
11749	0.00571428571429
33879	0.00571428571429
44456	0.00568181818182
36686	0.00549450549451
33656	0.00537634408602
3288	0.00534759358289
44978	0.00529100529101
492	0.00523560209424
9761	0.00523560209424
15306	0.00512820512821
12182	0.00510204081633
4695	0.00507614213198
41025	0.00507614213198
50885	0.00507614213198
28610	0.00505050505051
1739	0.00497512437811
34525	0.00497512437811
34999	0.00497512437811
41521	0.00497512437811
28812	0.0049504950495
17346	0.00480769230769
41091	0.0045871559633
37052	0.0045045045045
2785	0.00448430493274
15794	0.00446428571429
4876	0.00444444444444
51724	0.00444444444444
1144	0.00440528634361
41353	0.00438596491228
37104	0.00436681222707
28633	0.00434782608696
17952	0.0042735042735
4339	0.00418410041841
40968	0.00414937759336
41194	0.00411522633745
29992	0.00390625
38790	0.00389105058366
51158	0.00378787878788
17605	0.00374531835206
27171	0.003663003663
38807	0.00363636363636
38293	0.0036231884058
51006	0.00354609929078
21772	0.00350877192982
41106	0.0034965034965
6444	0.00347222222222
1239	0.00338983050847
23999	0.00334448160535
41039	0.00333333333333
50901	0.00332225913621
7299	0.00327868852459
27128	0.00327868852459
35237	0.00327868852459
30020	0.00323624595469
27906	0.00320512820513
29845	0.0030487804878
28810	0.0030303030303
29591	0.00301204819277
10250	0.00298507462687
34147	0.00298507462687
47611	0.00293255131965
50939	0.00291545189504
41048	0.00289855072464
11359	0.00281690140845
14207	0.00271002710027
36999	0.0027027027027
12017	0.00268817204301
11664	0.0026525198939
15636	0.00255102040816
51019	0.00251256281407
1113	0.00248756218905
41092	0.00248756218905
4173	0.00243309002433
22971	0.00242130750605
28832	0.00228832951945
16447	0.00225733634312
3280	0.00222222222222
3419	0.00218818380744
41044	0.00218340611354
50105	0.00217864923747
17938	0.002079002079
5593	0.0020618556701
41355	0.00205338809035
21797	0.00197628458498
17586	0.00196078431373
30269	0.00190114068441
40999	0.00190114068441
51041	0.00188323917137
39915	0.0018315018315
949	0.00178890876565
28407	0.0017667844523
13955	0.00176056338028
29863	0.00176056338028
41074	0.00176056338028
11655	0.00172711571675
14253	0.00166666666667
2326	0.00164473684211
20416	0.00163666121113
32188	0.00162866449511
17355	0.00162601626016
27809	0.00161290322581
13339	0.0016077170418
1064	0.0015923566879
900	0.00157728706625
5643	0.0015455950541
17596	0.00154320987654
1135	0.00153609831029
20542	0.00152905198777
27535	0.00152905198777
9656	0.00147275405007
50863	0.00144927536232
26584	0.0014450867052
37392	0.001443001443
2037	0.00143061516452
38492	0.00140056022409
29854	0.00139082058414
7419	0.00138121546961
30899	0.00126903553299
41031	0.00126103404792
9642	0.00125786163522
4711	0.00122399020808
3365	0.00120481927711
18307	0.00119047619048
5000	0.00111731843575
34224	0.00111731843575
7340	0.00107411385607
39785	0.001
41068	0.000960614793468
4563	0.000935453695042
22929	0.000921658986175
921	0.000914913083257
5809	0.00090991810737
38794	0.000894454382826
2840	0.000889679715302
22744	0.000886524822695
5519	0.000871080139373
18777	0.000855431993157
31440	0.000836820083682
6812	0.000822368421053
26602	0.000766283524904
19601	0.000734753857458
2745	0.000708717221828
5112	0.000667111407605
19598	0.00065445026178
5204	0.000645161290323
4396	0.000643500643501
13111	0.000589622641509
2290	0.000584453535944
38793	0.000582411182295
1497	0.000541125541126
5231	0.000522739153163
5157	0.000508388408744
893	0.000503271263211
7312	0.000472143531634
26805	0.00044662795891
4518	0.000439947206335
4655	0.000338638672536
869	0.000244379276637
