6625	0.5
13448	0.5
27066	0.5
34892	0.5
38430	0.5
46634	0.5
56769	0.5
3591	0.333333333333
5690	0.333333333333
13141	0.333333333333
15079	0.333333333333
16945	0.333333333333
17065	0.333333333333
26495	0.333333333333
48254	0.333333333333
48889	0.333333333333
60491	0.333333333333
1796	0.25
12066	0.25
13574	0.25
26435	0.25
29527	0.25
46715	0.25
56162	0.25
60672	0.25
3183	0.2
17201	0.2
24489	0.2
32281	0.2
40396	0.2
48017	0.2
48967	0.2
54901	0.2
57179	0.2
60273	0.2
1526	0.166666666667
17568	0.166666666667
18253	0.166666666667
31744	0.166666666667
34613	0.166666666667
40454	0.166666666667
48183	0.166666666667
3766	0.142857142857
4294	0.142857142857
13700	0.142857142857
15921	0.142857142857
48897	0.142857142857
49076	0.142857142857
51613	0.142857142857
53071	0.142857142857
24154	0.125
27730	0.125
45378	0.125
30189	0.111111111111
42395	0.111111111111
59624	0.111111111111
1963	0.1
8476	0.1
10361	0.1
13031	0.1
20092	0.1
20962	0.1
27183	0.1
28202	0.1
33998	0.1
43029	0.1
49583	0.1
59526	0.1
31675	0.0952380952381
10591	0.0909090909091
13985	0.0909090909091
14313	0.0909090909091
41580	0.0909090909091
43183	0.0909090909091
51946	0.0909090909091
52663	0.0909090909091
14067	0.0833333333333
25866	0.0833333333333
29260	0.0833333333333
31916	0.0833333333333
32295	0.0833333333333
43106	0.0833333333333
44463	0.0833333333333
59281	0.0833333333333
10578	0.0769230769231
11136	0.0769230769231
13524	0.0769230769231
14541	0.0769230769231
42406	0.0769230769231
18016	0.0714285714286
18064	0.0714285714286
22199	0.0714285714286
24138	0.0714285714286
24681	0.0714285714286
28083	0.0714285714286
11156	0.0666666666667
40181	0.0666666666667
42461	0.0666666666667
43668	0.0666666666667
52033	0.0666666666667
1179	0.0625
20990	0.0625
41884	0.0625
47401	0.0625
50741	0.0625
52215	0.0625
52248	0.0625
10524	0.0588235294118
24417	0.0588235294118
24438	0.0588235294118
52553	0.0588235294118
3282	0.0555555555556
17041	0.0555555555556
18767	0.0555555555556
33620	0.0555555555556
49211	0.0555555555556
59728	0.0555555555556
21008	0.0526315789474
29161	0.0526315789474
1560	0.05
10365	0.05
14599	0.05
25308	0.05
25785	0.05
59093	0.05
13091	0.047619047619
41466	0.047619047619
43159	0.047619047619
3368	0.0454545454545
8045	0.0454545454545
36440	0.0454545454545
43421	0.0454545454545
52448	0.0454545454545
2820	0.0434782608696
5076	0.0434782608696
8137	0.0434782608696
13988	0.0434782608696
11488	0.0416666666667
16074	0.0416666666667
36255	0.0416666666667
41696	0.0416666666667
42575	0.0416666666667
43102	0.0416666666667
46113	0.0416666666667
811	0.04
3985	0.04
11096	0.04
15458	0.04
51908	0.04
2277	0.0384615384615
8970	0.0384615384615
12797	0.0384615384615
39744	0.0384615384615
10837	0.037037037037
37691	0.037037037037
43051	0.037037037037
47324	0.037037037037
1820	0.0357142857143
6095	0.0357142857143
35025	0.0357142857143
9273	0.0344827586207
32775	0.0344827586207
60283	0.0344827586207
3742	0.0333333333333
5773	0.0333333333333
20728	0.0333333333333
24804	0.0333333333333
26829	0.0333333333333
26855	0.0333333333333
39034	0.0327868852459
12609	0.0322580645161
18367	0.0322580645161
22659	0.0322580645161
31374	0.0322580645161
33582	0.0322580645161
3172	0.03125
26526	0.03125
29063	0.03125
31860	0.03125
41812	0.03125
11874	0.030303030303
14137	0.030303030303
17080	0.030303030303
19602	0.030303030303
47807	0.030303030303
51205	0.030303030303
1908	0.0294117647059
40677	0.0294117647059
52554	0.0294117647059
14214	0.0285714285714
33068	0.0285714285714
51751	0.0285714285714
17286	0.0277777777778
29648	0.0277777777778
23227	0.027027027027
26909	0.027027027027
29318	0.027027027027
51749	0.027027027027
16192	0.0263157894737
41652	0.0263157894737
10468	0.025641025641
18161	0.025641025641
45163	0.025641025641
59701	0.025641025641
9447	0.025
46441	0.025
42741	0.0243902439024
18304	0.0238095238095
23531	0.0238095238095
45004	0.0238095238095
890	0.0227272727273
12255	0.0227272727273
28438	0.0227272727273
51258	0.0227272727273
779	0.0222222222222
5458	0.0222222222222
6075	0.0222222222222
11875	0.0217391304348
14189	0.0217391304348
14714	0.0217391304348
39528	0.0217391304348
40921	0.0217391304348
52879	0.0217391304348
2343	0.0212765957447
30681	0.0212765957447
34165	0.0212765957447
42652	0.0212765957447
44999	0.0212765957447
51086	0.0212765957447
1673	0.0208333333333
41321	0.0204081632653
817	0.02
27522	0.02
40503	0.02
25383	0.0196078431373
43744	0.0196078431373
43924	0.0196078431373
4405	0.0192307692308
16433	0.0192307692308
17699	0.0192307692308
30751	0.0188679245283
16902	0.0185185185185
40689	0.0181818181818
51745	0.0178571428571
6315	0.0169491525424
51712	0.0169491525424
28781	0.0166666666667
34128	0.0166666666667
52319	0.0166666666667
7449	0.016393442623
20315	0.016393442623
41390	0.016393442623
59543	0.016393442623
6415	0.0161290322581
52841	0.0161290322581
7526	0.015873015873
42056	0.015873015873
51102	0.015625
18366	0.0151515151515
28982	0.0151515151515
40351	0.0151515151515
1487	0.0149253731343
29095	0.0149253731343
41143	0.0149253731343
53282	0.0149253731343
20080	0.0147058823529
34621	0.0147058823529
49465	0.0147058823529
41175	0.0144927536232
17027	0.0142857142857
39024	0.0142857142857
51940	0.0142857142857
52102	0.0142857142857
52802	0.0142857142857
54577	0.0142857142857
4515	0.0140845070423
20629	0.0140845070423
24320	0.0140845070423
26567	0.0140845070423
31634	0.0140845070423
49401	0.0140845070423
1618	0.0138888888889
24878	0.0138888888889
37792	0.0138888888889
26313	0.013698630137
4149	0.0135135135135
4334	0.0135135135135
16448	0.0135135135135
20089	0.0135135135135
37806	0.0135135135135
48475	0.0135135135135
2720	0.0133333333333
18283	0.0133333333333
1740	0.0131578947368
9142	0.0131578947368
18317	0.012987012987
25384	0.0128205128205
34486	0.0128205128205
42344	0.0128205128205
32778	0.0126582278481
51000	0.0126582278481
7739	0.0125
4769	0.0123456790123
2410	0.0121951219512
33990	0.0121951219512
45076	0.0120481927711
53168	0.0117647058824
21583	0.0116279069767
38338	0.0116279069767
42249	0.0116279069767
156	0.0114942528736
18327	0.0114942528736
31692	0.0113636363636
52283	0.0113636363636
52092	0.0111111111111
19922	0.010989010989
20010	0.010989010989
25169	0.010989010989
41167	0.010989010989
41078	0.0108695652174
563	0.010752688172
11748	0.0106382978723
50938	0.0106382978723
51573	0.0106382978723
18002	0.0105263157895
22231	0.0105263157895
29596	0.0103092783505
42053	0.0103092783505
4706	0.010152284264
53342	0.010152284264
37156	0.010101010101
26741	0.00990099009901
10054	0.00980392156863
41136	0.00980392156863
41322	0.00980392156863
51345	0.00970873786408
13095	0.00952380952381
26310	0.00952380952381
38818	0.00952380952381
40036	0.00952380952381
22895	0.00934579439252
37947	0.00934579439252
6394	0.00917431192661
18563	0.00917431192661
51765	0.00917431192661
38701	0.00909090909091
2215	0.00900900900901
392	0.00892857142857
4775	0.00892857142857
18276	0.00892857142857
83	0.00884955752212
2071	0.00884955752212
15325	0.00884955752212
34391	0.00877192982456
22941	0.00869565217391
14502	0.00854700854701
2264	0.00847457627119
18607	0.00847457627119
22690	0.00847457627119
41793	0.00847457627119
1954	0.00840336134454
10112	0.00833333333333
13076	0.00819672131148
32457	0.00819672131148
43785	0.00806451612903
51811	0.00806451612903
4582	0.008
29818	0.008
39323	0.008
16194	0.00793650793651
17315	0.00787401574803
51568	0.0078125
52555	0.0077519379845
2313	0.00772200772201
4347	0.00763358778626
30828	0.00763358778626
51415	0.00763358778626
27226	0.00757575757576
37775	0.00754716981132
41287	0.00751879699248
13119	0.00735294117647
14013	0.00735294117647
5012	0.00729927007299
26098	0.00724637681159
14122	0.00719424460432
17301	0.00719424460432
13040	0.00714285714286
3533	0.00666666666667
24373	0.00666666666667
24606	0.00666666666667
3486	0.00662251655629
7509	0.00653594771242
39548	0.00653594771242
15714	0.00645161290323
30762	0.00641025641026
3297	0.00636942675159
17915	0.00636942675159
21662	0.00636942675159
50652	0.00636942675159
22026	0.00632911392405
6679	0.0062893081761
42954	0.0062893081761
34241	0.00625
3214	0.00617283950617
14206	0.00617283950617
35162	0.00609756097561
38763	0.0059880239521
41040	0.00595238095238
51197	0.00591715976331
33692	0.00588235294118
41034	0.00588235294118
50760	0.00588235294118
52494	0.00588235294118
34471	0.00581395348837
41013	0.00581395348837
41404	0.00578034682081
24173	0.00571428571429
33879	0.00568181818182
30799	0.0056657223796
4675	0.00558659217877
54	0.00552486187845
26599	0.00552486187845
26235	0.00549450549451
39358	0.00546448087432
24522	0.00544959128065
22524	0.00540540540541
44433	0.00534759358289
40541	0.00526315789474
41047	0.00526315789474
1853	0.00523560209424
15083	0.00515463917526
2089	0.00512820512821
28290	0.00505050505051
41171	0.00505050505051
28610	0.00502512562814
23388	0.00497512437811
3859	0.0049504950495
34999	0.0049504950495
41366	0.0049504950495
41037	0.00487804878049
38795	0.00480769230769
4951	0.00475059382423
33377	0.00460829493088
39209	0.00460829493088
52055	0.00460829493088
40318	0.00454545454545
41134	0.00454545454545
41332	0.00444444444444
4876	0.00442477876106
17068	0.00442477876106
22717	0.00438596491228
52471	0.00438596491228
35703	0.00436681222707
28633	0.004329004329
9188	0.0042735042735
45139	0.00425531914894
39383	0.00423728813559
25051	0.0041928721174
36392	0.0041928721174
4339	0.00416666666667
40968	0.00413223140496
41355	0.0041067761807
44951	0.00409836065574
2110	0.00398406374502
17939	0.00390625
31877	0.00390625
1117	0.003861003861
40334	0.003861003861
21801	0.00384615384615
41326	0.00384615384615
2757	0.00381679389313
39602	0.00381679389313
30794	0.00373134328358
41065	0.00371747211896
25414	0.0037037037037
18414	0.00369003690037
41061	0.00369003690037
11381	0.0036231884058
32832	0.00361010830325
11746	0.00358422939068
16449	0.00358422939068
19090	0.00355871886121
50879	0.00354609929078
51006	0.00353356890459
41106	0.00348432055749
23011	0.00347222222222
1928	0.00343642611684
41154	0.00343642611684
1743	0.00342465753425
18699	0.00342465753425
14115	0.00340136054422
34548	0.00338983050847
41307	0.003367003367
1918	0.00333333333333
35049	0.00328407224959
20416	0.00327332242226
40979	0.00325732899023
1364	0.0032154340836
16927	0.0032154340836
900	0.00315457413249
33621	0.00315457413249
41032	0.00314465408805
4868	0.003125
38959	0.00311526479751
17596	0.00308641975309
40972	0.00308641975309
5774	0.00307692307692
41434	0.00306748466258
27535	0.00305810397554
3535	0.00303951367781
18701	0.00298507462687
11307	0.00295857988166
25078	0.00292397660819
9252	0.00286532951289
27651	0.00285714285714
216	0.00284090909091
34830	0.0028328611898
879	0.00280898876404
11359	0.00280898876404
51989	0.00280898876404
38492	0.00280112044818
15373	0.00279329608939
30471	0.00279329608939
38822	0.00275482093664
16420	0.00273224043716
35809	0.00272479564033
1438	0.0027027027027
14207	0.0027027027027
29218	0.0027027027027
19547	0.00268817204301
20630	0.00265957446809
870	0.0026525198939
11664	0.0026455026455
41010	0.00261096605744
42156	0.00261096605744
932	0.00253164556962
39709	0.00253164556962
10281	0.00250626566416
1380	0.00249376558603
41071	0.00243902439024
27525	0.00243309002433
4173	0.00242718446602
12388	0.00239234449761
25586	0.00239234449761
7300	0.00238663484487
7518	0.00237529691211
40289	0.00237529691211
562	0.00233644859813
29861	0.00227790432802
1399	0.00226244343891
631	0.00222222222222
3419	0.00218340611354
28742	0.00215053763441
23782	0.00212314225053
29309	0.00212314225053
36394	0.00212314225053
3531	0.0021186440678
17711	0.00204918032787
2	0.00204708290686
5768	0.00204081632653
5673	0.00198412698413
9647	0.00196850393701
36398	0.00196656833825
3527	0.00196078431373
3312	0.00188679245283
32612	0.00187617260788
4563	0.00187090739008
35136	0.00185528756957
5218	0.00182149362477
17566	0.0018115942029
25098	0.00179856115108
1931	0.00179533213645
949	0.00178571428571
37737	0.0017825311943
29863	0.00175746924429
41074	0.00175746924429
25738	0.00175284837862
12969	0.00173010380623
41116	0.00172413793103
18777	0.00171086398631
37111	0.00169491525424
7261	0.00168634064081
14253	0.00166389351082
26863	0.00165562913907
7175	0.00164473684211
12610	0.0016339869281
13339	0.0016051364366
28051	0.00159872102318
38584	0.00157480314961
6304	0.00155520995334
23150	0.00155520995334
20542	0.00152671755725
2613	0.00145772594752
4708	0.00145772594752
2186	0.00145560407569
26584	0.001443001443
40987	0.0014245014245
2745	0.00141743444366
22383	0.00139470013947
7419	0.00137931034483
20506	0.00136054421769
2419	0.00134952766532
3133	0.00134228187919
41018	0.00132625994695
1422	0.00132450331126
2733	0.00132450331126
40995	0.00132275132275
1118	0.00129198966408
30899	0.00126742712294
1119	0.00125786163522
9642	0.00125628140704
5420	0.00125156445557
41090	0.00125156445557
3365	0.00120336943442
29277	0.00120336943442
2290	0.00116890707189
3273	0.00112233445567
1503	0.00111856823266
34224	0.00111607142857
2007	0.00110987791343
2898	0.00109769484083
253	0.00109649122807
18311	0.00108577633008
7340	0.00107296137339
9200	0.00106157112527
5231	0.00104547830633
1902	0.00103412616339
2344	0.0010162601626
11	0.001
2463	0.000963391136802
3733	0.00095785440613
5503	0.000956937799043
7312	0.000944287063267
22929	0.000920810313076
2333	0.000917431192661
921	0.00091407678245
4916	0.000912408759124
5809	0.000909090909091
2840	0.000888888888889
22744	0.00088573959256
4518	0.00087989441267
5519	0.000870322019147
76	0.000836820083682
31440	0.000836120401338
6812	0.000821692686935
40965	0.000818330605565
39136	0.000776397515528
868	0.000772200772201
26602	0.000765696784074
18613	0.000763941940413
4430	0.00074794315632
19601	0.000734214390602
5432	0.000698812019567
19598	0.000654022236756
5204	0.000644745325596
4396	0.00064308681672
13111	0.000589275191514
6427	0.000589101620029
38793	0.00058207217695
38203	0.000550055005501
1497	0.000540832882639
4578	0.000538502961766
5157	0.000508130081301
869	0.000488758553275
26805	0.000446428571429
35563	0.000410846343468
4655	0.000338524035206
