18030	0.075
41670	0.0697674418605
21407	0.0588235294118
15842	0.0571428571429
52787	0.0571428571429
55316	0.0555555555556
60320	0.0555555555556
61156	0.0555555555556
43202	0.0547945205479
4318	0.054347826087
48474	0.0540540540541
4383	0.0526315789474
11211	0.0526315789474
12046	0.0512820512821
39348	0.0512820512821
43688	0.0512820512821
16348	0.0508474576271
21758	0.05
38658	0.05
41976	0.05
42697	0.05
43250	0.05
13356	0.0487804878049
35157	0.0487804878049
42388	0.0483870967742
59233	0.0483870967742
1176	0.047619047619
4777	0.047619047619
19889	0.047619047619
48828	0.047619047619
51741	0.046875
22522	0.046511627907
42776	0.046511627907
47199	0.046511627907
32584	0.0461538461538
52661	0.0461538461538
16564	0.0454545454545
22242	0.0454545454545
31514	0.0454545454545
32047	0.0454545454545
45994	0.044776119403
5030	0.0444444444444
15122	0.0444444444444
41624	0.0444444444444
39965	0.043956043956
18818	0.0434782608696
22525	0.0434782608696
27581	0.0434782608696
32229	0.0434782608696
34240	0.0434782608696
41242	0.0434782608696
41956	0.0434782608696
49422	0.0434782608696
35508	0.0428571428571
16108	0.0425531914894
17662	0.0425531914894
41516	0.0425531914894
59869	0.0422535211268
3474	0.0416666666667
5200	0.0416666666667
13624	0.0416666666667
52959	0.0416666666667
53180	0.0416666666667
59613	0.0416666666667
40966	0.041095890411
1159	0.0408163265306
10894	0.0408163265306
18265	0.0408163265306
22891	0.0408163265306
34329	0.0408163265306
51160	0.0408163265306
9148	0.04
12175	0.04
30143	0.04
31014	0.04
43037	0.04
45273	0.04
50679	0.04
51329	0.04
53015	0.04
39039	0.0396825396825
1168	0.0394736842105
51949	0.0394736842105
5252	0.0392156862745
10746	0.0392156862745
22855	0.0392156862745
31371	0.0392156862745
41290	0.0392156862745
41654	0.0392156862745
42878	0.0392156862745
51772	0.0392156862745
53390	0.0392156862745
1857	0.0384615384615
14254	0.0384615384615
15733	0.0384615384615
22395	0.0384615384615
39082	0.0384615384615
39332	0.0384615384615
42670	0.0384615384615
50644	0.0384615384615
50861	0.0384615384615
51488	0.0384615384615
59527	0.0384615384615
2820	0.0377358490566
22985	0.0377358490566
27840	0.0377358490566
42817	0.0377358490566
33166	0.0375
43787	0.0373134328358
37561	0.037037037037
37580	0.037037037037
51817	0.037037037037
41490	0.0366972477064
51282	0.0365853658537
5354	0.036496350365
160	0.0363636363636
3985	0.0363636363636
31822	0.0357142857143
32329	0.0357142857143
39744	0.0357142857143
52608	0.0357142857143
41405	0.0352941176471
10658	0.0350877192982
12401	0.0350877192982
19662	0.0350877192982
28951	0.0350877192982
31544	0.0350877192982
37033	0.0350877192982
43417	0.0350877192982
46783	0.0350877192982
1060	0.0344827586207
2562	0.0344827586207
3638	0.0344827586207
4804	0.0344827586207
24385	0.0344827586207
36348	0.0344827586207
37478	0.0344827586207
52345	0.0340909090909
9273	0.0338983050847
11569	0.0338983050847
12106	0.0338983050847
30671	0.0338983050847
42152	0.0338983050847
7449	0.0333333333333
21271	0.0333333333333
29746	0.0333333333333
51253	0.0333333333333
59792	0.0333333333333
49403	0.0331125827815
40307	0.032967032967
5225	0.0327868852459
11061	0.0327868852459
22010	0.0327868852459
36275	0.0327868852459
41454	0.0327868852459
10922	0.0322580645161
16357	0.0322580645161
25096	0.0322580645161
42283	0.0322580645161
59587	0.0322580645161
60432	0.0322580645161
41350	0.031914893617
9245	0.031847133758
22130	0.031746031746
29654	0.031746031746
52334	0.031746031746
44270	0.0315789473684
51087	0.0315789473684
56	0.03125
597	0.03125
4122	0.03125
4510	0.03125
4891	0.03125
6752	0.03125
14527	0.03125
36731	0.03125
49495	0.03125
51567	0.03125
51601	0.03125
7310	0.0307692307692
9358	0.0307692307692
13428	0.0307692307692
16171	0.0307692307692
18959	0.0307692307692
20439	0.0307692307692
25006	0.0307692307692
29135	0.0307692307692
33305	0.0307692307692
36548	0.0307692307692
51482	0.0307692307692
51958	0.0307692307692
4753	0.030612244898
632	0.030487804878
41126	0.030487804878
62	0.030303030303
686	0.030303030303
1480	0.030303030303
1617	0.030303030303
2039	0.030303030303
2098	0.030303030303
5038	0.030303030303
5286	0.030303030303
6682	0.030303030303
7775	0.030303030303
7788	0.030303030303
8202	0.030303030303
8271	0.030303030303
8811	0.030303030303
10150	0.030303030303
10808	0.030303030303
11838	0.030303030303
12232	0.030303030303
13200	0.030303030303
15425	0.030303030303
16360	0.030303030303
17485	0.030303030303
18500	0.030303030303
19062	0.030303030303
19140	0.030303030303
22793	0.030303030303
23535	0.030303030303
23839	0.030303030303
23952	0.030303030303
24118	0.030303030303
24276	0.030303030303
24692	0.030303030303
24874	0.030303030303
24932	0.030303030303
25934	0.030303030303
27278	0.030303030303
27315	0.030303030303
28289	0.030303030303
28570	0.030303030303
30434	0.030303030303
31893	0.030303030303
32273	0.030303030303
32859	0.030303030303
33019	0.030303030303
33056	0.030303030303
33321	0.030303030303
33488	0.030303030303
33492	0.030303030303
33941	0.030303030303
33976	0.030303030303
34267	0.030303030303
36806	0.030303030303
37157	0.030303030303
37769	0.030303030303
39731	0.030303030303
41795	0.030303030303
42769	0.030303030303
43196	0.030303030303
43222	0.030303030303
43232	0.030303030303
44113	0.030303030303
45083	0.030303030303
45295	0.030303030303
45744	0.030303030303
46460	0.030303030303
47009	0.030303030303
47359	0.030303030303
47410	0.030303030303
49247	0.030303030303
50109	0.030303030303
50363	0.030303030303
51128	0.030303030303
51725	0.030303030303
52502	0.030303030303
52568	0.030303030303
53297	0.030303030303
54585	0.030303030303
54752	0.030303030303
55413	0.030303030303
56603	0.030303030303
56979	0.030303030303
57182	0.030303030303
58325	0.030303030303
58396	0.030303030303
59229	0.030303030303
59802	0.030303030303
60896	0.030303030303
61303	0.030303030303
61511	0.030303030303
8229	0.0301507537688
30943	0.03
31634	0.03
49401	0.03
26038	0.0298507462687
41111	0.0298507462687
41445	0.0298507462687
51348	0.0298507462687
52500	0.0298507462687
3022	0.029702970297
618	0.0294117647059
751	0.0294117647059
1115	0.0294117647059
1933	0.0294117647059
3610	0.0294117647059
5761	0.0294117647059
6282	0.0294117647059
9177	0.0294117647059
9950	0.0294117647059
11280	0.0294117647059
11538	0.0294117647059
12368	0.0294117647059
12531	0.0294117647059
12798	0.0294117647059
14076	0.0294117647059
14943	0.0294117647059
15037	0.0294117647059
15218	0.0294117647059
15315	0.0294117647059
15390	0.0294117647059
15576	0.0294117647059
16128	0.0294117647059
16476	0.0294117647059
19932	0.0294117647059
21111	0.0294117647059
22282	0.0294117647059
26899	0.0294117647059
28655	0.0294117647059
28724	0.0294117647059
28841	0.0294117647059
29785	0.0294117647059
29850	0.0294117647059
29897	0.0294117647059
31319	0.0294117647059
31439	0.0294117647059
31862	0.0294117647059
32621	0.0294117647059
32794	0.0294117647059
33823	0.0294117647059
34203	0.0294117647059
34986	0.0294117647059
35048	0.0294117647059
35491	0.0294117647059
36071	0.0294117647059
37188	0.0294117647059
37587	0.0294117647059
37841	0.0294117647059
37958	0.0294117647059
38548	0.0294117647059
40650	0.0294117647059
41478	0.0294117647059
41695	0.0294117647059
41923	0.0294117647059
43100	0.0294117647059
43186	0.0294117647059
43347	0.0294117647059
43405	0.0294117647059
45018	0.0294117647059
45518	0.0294117647059
45684	0.0294117647059
45967	0.0294117647059
46650	0.0294117647059
48003	0.0294117647059
48025	0.0294117647059
48508	0.0294117647059
48700	0.0294117647059
49008	0.0294117647059
49274	0.0294117647059
50043	0.0294117647059
50185	0.0294117647059
51546	0.0294117647059
52453	0.0294117647059
53284	0.0294117647059
53326	0.0294117647059
53984	0.0294117647059
53990	0.0294117647059
54301	0.0294117647059
54393	0.0294117647059
55017	0.0294117647059
55025	0.0294117647059
55179	0.0294117647059
55296	0.0294117647059
55985	0.0294117647059
56711	0.0294117647059
57215	0.0294117647059
58109	0.0294117647059
58407	0.0294117647059
58958	0.0294117647059
60058	0.0294117647059
61499	0.0294117647059
9421	0.0289855072464
11761	0.0289855072464
42692	0.0289855072464
52838	0.0289855072464
3187	0.0288461538462
1988	0.0285714285714
2844	0.0285714285714
4307	0.0285714285714
4663	0.0285714285714
5045	0.0285714285714
5957	0.0285714285714
6229	0.0285714285714
6481	0.0285714285714
7150	0.0285714285714
7352	0.0285714285714
10259	0.0285714285714
11081	0.0285714285714
12478	0.0285714285714
12923	0.0285714285714
13090	0.0285714285714
15532	0.0285714285714
15653	0.0285714285714
15951	0.0285714285714
17469	0.0285714285714
17542	0.0285714285714
18257	0.0285714285714
18679	0.0285714285714
18778	0.0285714285714
19706	0.0285714285714
21627	0.0285714285714
22507	0.0285714285714
23376	0.0285714285714
24038	0.0285714285714
24441	0.0285714285714
24883	0.0285714285714
24954	0.0285714285714
25319	0.0285714285714
26312	0.0285714285714
27258	0.0285714285714
27847	0.0285714285714
27909	0.0285714285714
28115	0.0285714285714
29560	0.0285714285714
29914	0.0285714285714
29966	0.0285714285714
30489	0.0285714285714
30638	0.0285714285714
30674	0.0285714285714
33743	0.0285714285714
34370	0.0285714285714
34625	0.0285714285714
35218	0.0285714285714
35677	0.0285714285714
36222	0.0285714285714
37333	0.0285714285714
38273	0.0285714285714
38854	0.0285714285714
40554	0.0285714285714
40954	0.0285714285714
41895	0.0285714285714
42044	0.0285714285714
42762	0.0285714285714
42884	0.0285714285714
43114	0.0285714285714
43160	0.0285714285714
43333	0.0285714285714
44051	0.0285714285714
45564	0.0285714285714
46080	0.0285714285714
47794	0.0285714285714
47981	0.0285714285714
48398	0.0285714285714
49762	0.0285714285714
52316	0.0285714285714
52985	0.0285714285714
53054	0.0285714285714
54264	0.0285714285714
55789	0.0285714285714
56934	0.0285714285714
57877	0.0285714285714
58108	0.0285714285714
5352	0.0283018867925
28134	0.0283018867925
35338	0.0281690140845
41455	0.0281690140845
52260	0.0281690140845
42369	0.0280373831776
51283	0.0280373831776
37680	0.0279329608939
39426	0.0279329608939
234	0.0277777777778
1950	0.0277777777778
3542	0.0277777777778
4311	0.0277777777778
4952	0.0277777777778
6490	0.0277777777778
6960	0.0277777777778
7470	0.0277777777778
8204	0.0277777777778
8502	0.0277777777778
8713	0.0277777777778
9611	0.0277777777778
10927	0.0277777777778
12070	0.0277777777778
12305	0.0277777777778
12957	0.0277777777778
15382	0.0277777777778
15410	0.0277777777778
16480	0.0277777777778
17367	0.0277777777778
18304	0.0277777777778
18743	0.0277777777778
19924	0.0277777777778
20134	0.0277777777778
20194	0.0277777777778
20555	0.0277777777778
22163	0.0277777777778
22440	0.0277777777778
23070	0.0277777777778
23141	0.0277777777778
23189	0.0277777777778
24907	0.0277777777778
24909	0.0277777777778
26702	0.0277777777778
27661	0.0277777777778
28733	0.0277777777778
30633	0.0277777777778
31389	0.0277777777778
31872	0.0277777777778
34430	0.0277777777778
35145	0.0277777777778
36900	0.0277777777778
37290	0.0277777777778
37485	0.0277777777778
37675	0.0277777777778
37777	0.0277777777778
38018	0.0277777777778
38335	0.0277777777778
38358	0.0277777777778
38574	0.0277777777778
39292	0.0277777777778
39974	0.0277777777778
40761	0.0277777777778
40790	0.0277777777778
42024	0.0277777777778
42208	0.0277777777778
42217	0.0277777777778
42485	0.0277777777778
42543	0.0277777777778
43212	0.0277777777778
43451	0.0277777777778
43652	0.0277777777778
44533	0.0277777777778
44727	0.0277777777778
45599	0.0277777777778
45934	0.0277777777778
46173	0.0277777777778
46662	0.0277777777778
47056	0.0277777777778
47138	0.0277777777778
47364	0.0277777777778
48211	0.0277777777778
48269	0.0277777777778
48642	0.0277777777778
50176	0.0277777777778
50550	0.0277777777778
51023	0.0277777777778
52367	0.0277777777778
52804	0.0277777777778
52833	0.0277777777778
52968	0.0277777777778
53129	0.0277777777778
53395	0.0277777777778
54848	0.0277777777778
55010	0.0277777777778
56828	0.0277777777778
57832	0.0277777777778
59582	0.0277777777778
60039	0.0277777777778
61144	0.0277777777778
42302	0.0275862068966
52615	0.0275229357798
52817	0.0275229357798
52991	0.0275229357798
2934	0.0274725274725
36401	0.027397260274
41443	0.027397260274
55884	0.027397260274
662	0.027027027027
1367	0.027027027027
3494	0.027027027027
3867	0.027027027027
4981	0.027027027027
5141	0.027027027027
6696	0.027027027027
6894	0.027027027027
7089	0.027027027027
7182	0.027027027027
7813	0.027027027027
8686	0.027027027027
10121	0.027027027027
10734	0.027027027027
11551	0.027027027027
12321	0.027027027027
13410	0.027027027027
13668	0.027027027027
14011	0.027027027027
14955	0.027027027027
14995	0.027027027027
17808	0.027027027027
18416	0.027027027027
19091	0.027027027027
19784	0.027027027027
22014	0.027027027027
22273	0.027027027027
23057	0.027027027027
23392	0.027027027027
23828	0.027027027027
24478	0.027027027027
24712	0.027027027027
25020	0.027027027027
25423	0.027027027027
26264	0.027027027027
26861	0.027027027027
28373	0.027027027027
28438	0.027027027027
28915	0.027027027027
28950	0.027027027027
29759	0.027027027027
30995	0.027027027027
31468	0.027027027027
32683	0.027027027027
33126	0.027027027027
33173	0.027027027027
35011	0.027027027027
35319	0.027027027027
41077	0.027027027027
41219	0.027027027027
41780	0.027027027027
41806	0.027027027027
43694	0.027027027027
43874	0.027027027027
43910	0.027027027027
45614	0.027027027027
45772	0.027027027027
45831	0.027027027027
46159	0.027027027027
47296	0.027027027027
47362	0.027027027027
49606	0.027027027027
50411	0.027027027027
51500	0.027027027027
51622	0.027027027027
52182	0.027027027027
52359	0.027027027027
53104	0.027027027027
53209	0.027027027027
53382	0.027027027027
54841	0.027027027027
55465	0.027027027027
59062	0.027027027027
60441	0.027027027027
60476	0.027027027027
60811	0.027027027027
60907	0.027027027027
10166	0.0269058295964
41942	0.0269058295964
761	0.0268456375839
51054	0.0268456375839
3796	0.0266666666667
7430	0.0266666666667
31479	0.0266666666667
51526	0.0266666666667
52156	0.0266666666667
61245	0.0266666666667
5634	0.0264900662252
681	0.0263157894737
1007	0.0263157894737
1927	0.0263157894737
2120	0.0263157894737
3003	0.0263157894737
4412	0.0263157894737
5657	0.0263157894737
6545	0.0263157894737
7455	0.0263157894737
7817	0.0263157894737
8435	0.0263157894737
9079	0.0263157894737
10898	0.0263157894737
12049	0.0263157894737
12370	0.0263157894737
12992	0.0263157894737
14079	0.0263157894737
14262	0.0263157894737
14565	0.0263157894737
14590	0.0263157894737
14591	0.0263157894737
18372	0.0263157894737
18821	0.0263157894737
20584	0.0263157894737
21030	0.0263157894737
22624	0.0263157894737
22972	0.0263157894737
23505	0.0263157894737
25673	0.0263157894737
25797	0.0263157894737
28356	0.0263157894737
28706	0.0263157894737
29362	0.0263157894737
30288	0.0263157894737
30322	0.0263157894737
30864	0.0263157894737
32791	0.0263157894737
33099	0.0263157894737
33304	0.0263157894737
33924	0.0263157894737
34174	0.0263157894737
36210	0.0263157894737
37944	0.0263157894737
38575	0.0263157894737
38631	0.0263157894737
39168	0.0263157894737
41538	0.0263157894737
41862	0.0263157894737
42143	0.0263157894737
43109	0.0263157894737
43256	0.0263157894737
43274	0.0263157894737
43326	0.0263157894737
43351	0.0263157894737
44338	0.0263157894737
45510	0.0263157894737
46974	0.0263157894737
48026	0.0263157894737
48503	0.0263157894737
48782	0.0263157894737
50658	0.0263157894737
50729	0.0263157894737
51555	0.0263157894737
52085	0.0263157894737
52266	0.0263157894737
52437	0.0263157894737
52564	0.0263157894737
54021	0.0263157894737
56480	0.0263157894737
57824	0.0263157894737
58351	0.0263157894737
59799	0.0263157894737
59813	0.0263157894737
60591	0.0263157894737
60987	0.0260869565217
1356	0.025974025974
19835	0.025974025974
22553	0.025974025974
29515	0.025974025974
34901	0.025974025974
52904	0.025974025974
399	0.025641025641
952	0.025641025641
2112	0.025641025641
2789	0.025641025641
3045	0.025641025641
3143	0.025641025641
3362	0.025641025641
3934	0.025641025641
5662	0.025641025641
6259	0.025641025641
6419	0.025641025641
6654	0.025641025641
7508	0.025641025641
8055	0.025641025641
8585	0.025641025641
13010	0.025641025641
13945	0.025641025641
18113	0.025641025641
18305	0.025641025641
20293	0.025641025641
21859	0.025641025641
23021	0.025641025641
23678	0.025641025641
24344	0.025641025641
25287	0.025641025641
26065	0.025641025641
26214	0.025641025641
26891	0.025641025641
27758	0.025641025641
29501	0.025641025641
29721	0.025641025641
29786	0.025641025641
30130	0.025641025641
30435	0.025641025641
32885	0.025641025641
33051	0.025641025641
33096	0.025641025641
33513	0.025641025641
33626	0.025641025641
34002	0.025641025641
36137	0.025641025641
36624	0.025641025641
37147	0.025641025641
37835	0.025641025641
38283	0.025641025641
39349	0.025641025641
39911	0.025641025641
39985	0.025641025641
40765	0.025641025641
42438	0.025641025641
42507	0.025641025641
42620	0.025641025641
43241	0.025641025641
43677	0.025641025641
43775	0.025641025641
44318	0.025641025641
44767	0.025641025641
45689	0.025641025641
45902	0.025641025641
46893	0.025641025641
48907	0.025641025641
49189	0.025641025641
50406	0.025641025641
51136	0.025641025641
51304	0.025641025641
52587	0.025641025641
52607	0.025641025641
52745	0.025641025641
55267	0.025641025641
57094	0.025641025641
57104	0.025641025641
58631	0.025641025641
59910	0.025641025641
60378	0.025641025641
18437	0.0253164556962
33871	0.0253164556962
18172	0.0251046025105
855	0.025
906	0.025
3643	0.025
4176	0.025
4224	0.025
5611	0.025
5689	0.025
6335	0.025
7221	0.025
7448	0.025
7461	0.025
8092	0.025
8835	0.025
9162	0.025
10193	0.025
10494	0.025
13747	0.025
14332	0.025
15136	0.025
16505	0.025
17384	0.025
17490	0.025
18764	0.025
21218	0.025
21698	0.025
22092	0.025
22871	0.025
23471	0.025
24665	0.025
26087	0.025
26655	0.025
27243	0.025
28250	0.025
30983	0.025
33716	0.025
34534	0.025
34785	0.025
35327	0.025
35596	0.025
35615	0.025
35895	0.025
37281	0.025
37352	0.025
40221	0.025
40284	0.025
40341	0.025
41087	0.025
42168	0.025
42288	0.025
43080	0.025
43352	0.025
43443	0.025
44317	0.025
44414	0.025
44593	0.025
44736	0.025
48721	0.025
49854	0.025
50248	0.025
52071	0.025
52081	0.025
52590	0.025
52617	0.025
53096	0.025
53445	0.025
55652	0.025
56959	0.025
59624	0.025
60168	0.025
5712	0.0247933884298
29928	0.0246913580247
32917	0.0246913580247
50204	0.0246913580247
660	0.0243902439024
694	0.0243902439024
2650	0.0243902439024
4158	0.0243902439024
4976	0.0243902439024
5376	0.0243902439024
6702	0.0243902439024
10392	0.0243902439024
10438	0.0243902439024
10740	0.0243902439024
11456	0.0243902439024
11813	0.0243902439024
13208	0.0243902439024
13891	0.0243902439024
14513	0.0243902439024
16374	0.0243902439024
16925	0.0243902439024
18766	0.0243902439024
21694	0.0243902439024
22901	0.0243902439024
23263	0.0243902439024
25514	0.0243902439024
28158	0.0243902439024
28659	0.0243902439024
29193	0.0243902439024
29554	0.0243902439024
30677	0.0243902439024
31040	0.0243902439024
33007	0.0243902439024
33147	0.0243902439024
33831	0.0243902439024
33931	0.0243902439024
34245	0.0243902439024
36337	0.0243902439024
36412	0.0243902439024
36821	0.0243902439024
36964	0.0243902439024
37612	0.0243902439024
38655	0.0243902439024
38903	0.0243902439024
39437	0.0243902439024
39440	0.0243902439024
39517	0.0243902439024
40085	0.0243902439024
41046	0.0243902439024
41582	0.0243902439024
41641	0.0243902439024
41683	0.0243902439024
41834	0.0243902439024
42714	0.0243902439024
42941	0.0243902439024
43960	0.0243902439024
45862	0.0243902439024
46953	0.0243902439024
47259	0.0243902439024
48040	0.0243902439024
48722	0.0243902439024
48983	0.0243902439024
51382	0.0243902439024
51388	0.0243902439024
51464	0.0243902439024
51540	0.0243902439024
52144	0.0243902439024
52219	0.0243902439024
52295	0.0243902439024
52330	0.0243902439024
52498	0.0243902439024
52506	0.0243902439024
53204	0.0243902439024
53233	0.0243902439024
53389	0.0243902439024
53415	0.0243902439024
56178	0.0243902439024
59650	0.0243902439024
60107	0.0243902439024
60300	0.0243902439024
60397	0.0243902439024
60536	0.0243902439024
60983	0.0243902439024
846	0.0240963855422
3258	0.0240963855422
5368	0.0240963855422
17598	0.0240963855422
21569	0.0240963855422
29617	0.0240963855422
36145	0.0240963855422
41381	0.0240963855422
51421	0.0240963855422
37190	0.024
103	0.0238095238095
205	0.0238095238095
2187	0.0238095238095
2697	0.0238095238095
4385	0.0238095238095
4422	0.0238095238095
4971	0.0238095238095
4989	0.0238095238095
5506	0.0238095238095
5827	0.0238095238095
6665	0.0238095238095
7038	0.0238095238095
8164	0.0238095238095
8782	0.0238095238095
10359	0.0238095238095
10903	0.0238095238095
11530	0.0238095238095
11575	0.0238095238095
12642	0.0238095238095
13314	0.0238095238095
13872	0.0238095238095
14915	0.0238095238095
17011	0.0238095238095
17999	0.0238095238095
19291	0.0238095238095
20014	0.0238095238095
20246	0.0238095238095
23159	0.0238095238095
23712	0.0238095238095
25462	0.0238095238095
26245	0.0238095238095
31990	0.0238095238095
33509	0.0238095238095
34109	0.0238095238095
34997	0.0238095238095
35900	0.0238095238095
35971	0.0238095238095
36686	0.0238095238095
37963	0.0238095238095
39736	0.0238095238095
40323	0.0238095238095
41117	0.0238095238095
41422	0.0238095238095
41881	0.0238095238095
43154	0.0238095238095
44956	0.0238095238095
45793	0.0238095238095
46808	0.0238095238095
49045	0.0238095238095
51618	0.0238095238095
52668	0.0238095238095
53033	0.0238095238095
53420	0.0238095238095
54634	0.0238095238095
56127	0.0238095238095
57488	0.0238095238095
58439	0.0238095238095
59344	0.0238095238095
59897	0.0238095238095
60628	0.0238095238095
61508	0.0238095238095
43210	0.0235294117647
20511	0.0234375
27859	0.0234375
23299	0.0233918128655
472	0.0232558139535
1678	0.0232558139535
2677	0.0232558139535
4721	0.0232558139535
7636	0.0232558139535
7706	0.0232558139535
8615	0.0232558139535
11222	0.0232558139535
12085	0.0232558139535
12338	0.0232558139535
12447	0.0232558139535
12859	0.0232558139535
12908	0.0232558139535
14510	0.0232558139535
17532	0.0232558139535
18874	0.0232558139535
19623	0.0232558139535
20036	0.0232558139535
21907	0.0232558139535
22085	0.0232558139535
23991	0.0232558139535
24662	0.0232558139535
27176	0.0232558139535
27916	0.0232558139535
28579	0.0232558139535
28806	0.0232558139535
30156	0.0232558139535
31350	0.0232558139535
32295	0.0232558139535
32553	0.0232558139535
32858	0.0232558139535
34520	0.0232558139535
39375	0.0232558139535
39511	0.0232558139535
41169	0.0232558139535
41784	0.0232558139535
41994	0.0232558139535
42100	0.0232558139535
43255	0.0232558139535
43407	0.0232558139535
43973	0.0232558139535
45328	0.0232558139535
45734	0.0232558139535
48019	0.0232558139535
48893	0.0232558139535
51062	0.0232558139535
51642	0.0232558139535
51973	0.0232558139535
52961	0.0232558139535
57565	0.0232558139535
59674	0.0232558139535
59997	0.0232558139535
60179	0.0232558139535
60576	0.0232558139535
60738	0.0232558139535
60915	0.0232558139535
12838	0.0229885057471
15851	0.0229885057471
9761	0.0228310502283
50879	0.0228013029316
404	0.0227272727273
830	0.0227272727273
2490	0.0227272727273
2827	0.0227272727273
3120	0.0227272727273
4223	0.0227272727273
4902	0.0227272727273
5488	0.0227272727273
5983	0.0227272727273
6522	0.0227272727273
6840	0.0227272727273
7335	0.0227272727273
8870	0.0227272727273
9587	0.0227272727273
12266	0.0227272727273
12790	0.0227272727273
13923	0.0227272727273
14404	0.0227272727273
15740	0.0227272727273
16238	0.0227272727273
16826	0.0227272727273
19068	0.0227272727273
20319	0.0227272727273
21321	0.0227272727273
22050	0.0227272727273
22125	0.0227272727273
22709	0.0227272727273
23714	0.0227272727273
25283	0.0227272727273
25552	0.0227272727273
26164	0.0227272727273
27304	0.0227272727273
29078	0.0227272727273
29967	0.0227272727273
30701	0.0227272727273
31030	0.0227272727273
31194	0.0227272727273
32237	0.0227272727273
32864	0.0227272727273
32992	0.0227272727273
33345	0.0227272727273
35241	0.0227272727273
37192	0.0227272727273
38072	0.0227272727273
39342	0.0227272727273
41288	0.0227272727273
42014	0.0227272727273
42314	0.0227272727273
42406	0.0227272727273
42579	0.0227272727273
42901	0.0227272727273
43223	0.0227272727273
43535	0.0227272727273
47602	0.0227272727273
49205	0.0227272727273
50438	0.0227272727273
50754	0.0227272727273
51037	0.0227272727273
51932	0.0227272727273
53846	0.0227272727273
55228	0.0227272727273
56569	0.0227272727273
59055	0.0227272727273
60271	0.0227272727273
61093	0.0227272727273
2089	0.0225225225225
2087	0.0224719101124
3533	0.0224719101124
24468	0.0224719101124
51220	0.0224719101124
790	0.0222222222222
3178	0.0222222222222
3507	0.0222222222222
4779	0.0222222222222
6423	0.0222222222222
6575	0.0222222222222
8166	0.0222222222222
8451	0.0222222222222
11291	0.0222222222222
15374	0.0222222222222
15813	0.0222222222222
16278	0.0222222222222
17281	0.0222222222222
18498	0.0222222222222
20205	0.0222222222222
20384	0.0222222222222
20731	0.0222222222222
21684	0.0222222222222
21992	0.0222222222222
24827	0.0222222222222
25548	0.0222222222222
25817	0.0222222222222
30289	0.0222222222222
30713	0.0222222222222
31320	0.0222222222222
31419	0.0222222222222
32102	0.0222222222222
33087	0.0222222222222
33510	0.0222222222222
33977	0.0222222222222
34135	0.0222222222222
34893	0.0222222222222
35560	0.0222222222222
35768	0.0222222222222
36250	0.0222222222222
36285	0.0222222222222
37833	0.0222222222222
38713	0.0222222222222
40398	0.0222222222222
42276	0.0222222222222
42675	0.0222222222222
42687	0.0222222222222
43579	0.0222222222222
44504	0.0222222222222
44580	0.0222222222222
45898	0.0222222222222
47866	0.0222222222222
48573	0.0222222222222
50249	0.0222222222222
50767	0.0222222222222
50909	0.0222222222222
51123	0.0222222222222
51375	0.0222222222222
51442	0.0222222222222
51550	0.0222222222222
51698	0.0222222222222
51812	0.0222222222222
51825	0.0222222222222
52374	0.0222222222222
52954	0.0222222222222
53126	0.0222222222222
53145	0.0222222222222
57291	0.0222222222222
59888	0.0222222222222
60990	0.0222222222222
26199	0.0220588235294
45093	0.0220588235294
18	0.021978021978
5145	0.021978021978
18022	0.021978021978
36120	0.021978021978
42259	0.021978021978
42925	0.021978021978
43630	0.021978021978
52738	0.021978021978
53184	0.021978021978
138	0.0217391304348
208	0.0217391304348
688	0.0217391304348
1225	0.0217391304348
2690	0.0217391304348
5348	0.0217391304348
6415	0.0217391304348
7110	0.0217391304348
7450	0.0217391304348
9173	0.0217391304348
9688	0.0217391304348
10334	0.0217391304348
11478	0.0217391304348
11865	0.0217391304348
13861	0.0217391304348
14725	0.0217391304348
15219	0.0217391304348
19572	0.0217391304348
20521	0.0217391304348
20531	0.0217391304348
20870	0.0217391304348
24148	0.0217391304348
27771	0.0217391304348
29552	0.0217391304348
29592	0.0217391304348
30209	0.0217391304348
30452	0.0217391304348
31025	0.0217391304348
31487	0.0217391304348
32478	0.0217391304348
33250	0.0217391304348
33342	0.0217391304348
34760	0.0217391304348
36069	0.0217391304348
37539	0.0217391304348
37743	0.0217391304348
38190	0.0217391304348
39588	0.0217391304348
40210	0.0217391304348
41818	0.0217391304348
42263	0.0217391304348
42784	0.0217391304348
43099	0.0217391304348
44619	0.0217391304348
44839	0.0217391304348
49172	0.0217391304348
51480	0.0217391304348
51609	0.0217391304348
52242	0.0217391304348
52705	0.0217391304348
52841	0.0217391304348
53064	0.0217391304348
53323	0.0217391304348
55074	0.0217391304348
56487	0.0217391304348
57361	0.0217391304348
58885	0.0217391304348
59549	0.0217391304348
60233	0.0217391304348
4144	0.0216216216216
6404	0.0215827338129
1386	0.0215053763441
12280	0.0215053763441
25487	0.0215053763441
29804	0.0215053763441
35057	0.0215053763441
47273	0.0215053763441
50935	0.0215053763441
51506	0.0215053763441
53004	0.0215053763441
59646	0.0215053763441
17611	0.0214592274678
20738	0.0214285714286
671	0.0212765957447
2778	0.0212765957447
2969	0.0212765957447
3534	0.0212765957447
4212	0.0212765957447
4236	0.0212765957447
5060	0.0212765957447
5270	0.0212765957447
5645	0.0212765957447
6478	0.0212765957447
7532	0.0212765957447
9675	0.0212765957447
13158	0.0212765957447
14674	0.0212765957447
16247	0.0212765957447
17054	0.0212765957447
18238	0.0212765957447
19466	0.0212765957447
20007	0.0212765957447
20568	0.0212765957447
20622	0.0212765957447
21660	0.0212765957447
21674	0.0212765957447
24492	0.0212765957447
24865	0.0212765957447
26656	0.0212765957447
26930	0.0212765957447
32146	0.0212765957447
33122	0.0212765957447
34127	0.0212765957447
35028	0.0212765957447
36827	0.0212765957447
37449	0.0212765957447
38645	0.0212765957447
38739	0.0212765957447
39936	0.0212765957447
40663	0.0212765957447
41635	0.0212765957447
41884	0.0212765957447
43377	0.0212765957447
43487	0.0212765957447
43797	0.0212765957447
45081	0.0212765957447
45596	0.0212765957447
45648	0.0212765957447
47140	0.0212765957447
48976	0.0212765957447
49063	0.0212765957447
51289	0.0212765957447
52019	0.0212765957447
52543	0.0212765957447
59607	0.0212765957447
41378	0.021164021164
5528	0.0210526315789
16920	0.0210526315789
29024	0.0210526315789
29756	0.0210526315789
43195	0.0210526315789
48899	0.0210526315789
3369	0.020942408377
3116	0.0209059233449
311	0.0208333333333
1091	0.0208333333333
1715	0.0208333333333
5205	0.0208333333333
7886	0.0208333333333
9430	0.0208333333333
11484	0.0208333333333
11830	0.0208333333333
13630	0.0208333333333
14851	0.0208333333333
15732	0.0208333333333
17292	0.0208333333333
17831	0.0208333333333
18423	0.0208333333333
18908	0.0208333333333
20645	0.0208333333333
21275	0.0208333333333
23892	0.0208333333333
24848	0.0208333333333
25392	0.0208333333333
25729	0.0208333333333
26293	0.0208333333333
27510	0.0208333333333
27978	0.0208333333333
28071	0.0208333333333
28493	0.0208333333333
28982	0.0208333333333
30779	0.0208333333333
32157	0.0208333333333
32796	0.0208333333333
34166	0.0208333333333
35526	0.0208333333333
40409	0.0208333333333
40974	0.0208333333333
41473	0.0208333333333
41718	0.0208333333333
41946	0.0208333333333
42137	0.0208333333333
42823	0.0208333333333
42900	0.0208333333333
43733	0.0208333333333
44178	0.0208333333333
45775	0.0208333333333
47104	0.0208333333333
50931	0.0208333333333
50990	0.0208333333333
51574	0.0208333333333
51660	0.0208333333333
51787	0.0208333333333
52223	0.0208333333333
52873	0.0208333333333
52913	0.0208333333333
60206	0.0208333333333
52638	0.020725388601
4658	0.0206896551724
38262	0.0206489675516
30866	0.020618556701
41428	0.020618556701
17771	0.0205479452055
42308	0.0205479452055
2848	0.0204918032787
451	0.0204081632653
2909	0.0204081632653
5469	0.0204081632653
6662	0.0204081632653
9631	0.0204081632653
10184	0.0204081632653
10375	0.0204081632653
10769	0.0204081632653
11410	0.0204081632653
11431	0.0204081632653
12092	0.0204081632653
14757	0.0204081632653
14962	0.0204081632653
15339	0.0204081632653
15391	0.0204081632653
16303	0.0204081632653
17394	0.0204081632653
18196	0.0204081632653
18715	0.0204081632653
19540	0.0204081632653
21587	0.0204081632653
22458	0.0204081632653
24914	0.0204081632653
26637	0.0204081632653
29425	0.0204081632653
30283	0.0204081632653
33676	0.0204081632653
33704	0.0204081632653
35630	0.0204081632653
35679	0.0204081632653
35952	0.0204081632653
38314	0.0204081632653
38724	0.0204081632653
39161	0.0204081632653
39328	0.0204081632653
39581	0.0204081632653
39719	0.0204081632653
39963	0.0204081632653
41470	0.0204081632653
42383	0.0204081632653
43105	0.0204081632653
43599	0.0204081632653
45297	0.0204081632653
46401	0.0204081632653
47659	0.0204081632653
47995	0.0204081632653
48381	0.0204081632653
48621	0.0204081632653
49465	0.0204081632653
50425	0.0204081632653
51127	0.0204081632653
51543	0.0204081632653
51750	0.0204081632653
57864	0.0204081632653
59883	0.0204081632653
60650	0.0204081632653
24970	0.0203045685279
28559	0.0201342281879
11300	0.0201005025126
1163	0.02
1493	0.02
3760	0.02
6339	0.02
6456	0.02
6698	0.02
7066	0.02
7162	0.02
7237	0.02
7463	0.02
11840	0.02
15204	0.02
15533	0.02
16264	0.02
17027	0.02
17303	0.02
17317	0.02
17341	0.02
18186	0.02
18825	0.02
19443	0.02
21829	0.02
22885	0.02
23107	0.02
23575	0.02
25151	0.02
26061	0.02
26431	0.02
33963	0.02
34952	0.02
39024	0.02
39890	0.02
40832	0.02
41013	0.02
41264	0.02
42125	0.02
42751	0.02
43005	0.02
43065	0.02
43380	0.02
44539	0.02
46604	0.02
47018	0.02
47487	0.02
51028	0.02
51273	0.02
51343	0.02
52621	0.02
56611	0.02
58877	0.02
59980	0.02
60563	0.02
18374	0.0199004975124
128	0.0198675496689
1365	0.019801980198
3866	0.019801980198
10328	0.019801980198
18112	0.019801980198
18596	0.019801980198
41147	0.019801980198
6372	0.0197628458498
41609	0.0197183098592
139	0.0196078431373
465	0.0196078431373
586	0.0196078431373
895	0.0196078431373
1560	0.0196078431373
1592	0.0196078431373
3373	0.0196078431373
3842	0.0196078431373
3881	0.0196078431373
4019	0.0196078431373
4365	0.0196078431373
7543	0.0196078431373
8423	0.0196078431373
10389	0.0196078431373
10483	0.0196078431373
11392	0.0196078431373
11819	0.0196078431373
13353	0.0196078431373
15622	0.0196078431373
17714	0.0196078431373
18105	0.0196078431373
18528	0.0196078431373
19182	0.0196078431373
23669	0.0196078431373
24878	0.0196078431373
25015	0.0196078431373
26467	0.0196078431373
28853	0.0196078431373
29333	0.0196078431373
29363	0.0196078431373
30917	0.0196078431373
31149	0.0196078431373
32103	0.0196078431373
33874	0.0196078431373
35471	0.0196078431373
36399	0.0196078431373
37408	0.0196078431373
39466	0.0196078431373
40637	0.0196078431373
42599	0.0196078431373
43354	0.0196078431373
43488	0.0196078431373
45696	0.0196078431373
47360	0.0196078431373
48532	0.0196078431373
48885	0.0196078431373
51164	0.0196078431373
51418	0.0196078431373
54708	0.0196078431373
55055	0.0196078431373
59520	0.0196078431373
60973	0.0196078431373
61032	0.0196078431373
4582	0.0194805194805
29861	0.0194805194805
42270	0.0194805194805
30913	0.0194174757282
37046	0.0194174757282
42182	0.0194174757282
42811	0.0194174757282
51055	0.0194174757282
57798	0.0194174757282
23666	0.0193965517241
2401	0.0192926045016
474	0.0192307692308
503	0.0192307692308
1022	0.0192307692308
1588	0.0192307692308
5133	0.0192307692308
6222	0.0192307692308
6320	0.0192307692308
9657	0.0192307692308
11234	0.0192307692308
12831	0.0192307692308
14492	0.0192307692308
17006	0.0192307692308
18217	0.0192307692308
24717	0.0192307692308
26538	0.0192307692308
29872	0.0192307692308
30198	0.0192307692308
30793	0.0192307692308
31185	0.0192307692308
35423	0.0192307692308
36684	0.0192307692308
37118	0.0192307692308
37341	0.0192307692308
37514	0.0192307692308
40158	0.0192307692308
40344	0.0192307692308
41466	0.0192307692308
41517	0.0192307692308
41909	0.0192307692308
43539	0.0192307692308
43604	0.0192307692308
51167	0.0192307692308
51172	0.0192307692308
51428	0.0192307692308
52241	0.0192307692308
52250	0.0192307692308
53510	0.0192307692308
59962	0.0192307692308
60600	0.0192307692308
23011	0.0191082802548
51568	0.0191082802548
3480	0.0190476190476
4580	0.0190476190476
4867	0.0190476190476
6381	0.0190476190476
18673	0.0190476190476
19506	0.0190476190476
453	0.0188679245283
835	0.0188679245283
927	0.0188679245283
1253	0.0188679245283
1449	0.0188679245283
1602	0.0188679245283
2911	0.0188679245283
4503	0.0188679245283
7473	0.0188679245283
8045	0.0188679245283
10683	0.0188679245283
10868	0.0188679245283
13442	0.0188679245283
13998	0.0188679245283
17360	0.0188679245283
19420	0.0188679245283
21528	0.0188679245283
22121	0.0188679245283
23849	0.0188679245283
24358	0.0188679245283
25143	0.0188679245283
28387	0.0188679245283
29351	0.0188679245283
29355	0.0188679245283
29844	0.0188679245283
30115	0.0188679245283
30139	0.0188679245283
33086	0.0188679245283
34796	0.0188679245283
36440	0.0188679245283
37605	0.0188679245283
38676	0.0188679245283
38970	0.0188679245283
39409	0.0188679245283
40607	0.0188679245283
40983	0.0188679245283
41439	0.0188679245283
42040	0.0188679245283
42346	0.0188679245283
42400	0.0188679245283
43323	0.0188679245283
43421	0.0188679245283
43472	0.0188679245283
45138	0.0188679245283
45875	0.0188679245283
48414	0.0188679245283
48853	0.0188679245283
49564	0.0188679245283
51026	0.0188679245283
51110	0.0188679245283
51244	0.0188679245283
52474	0.0188679245283
52530	0.0188679245283
59833	0.0188679245283
2169	0.018779342723
37194	0.018779342723
4977	0.01875
11888	0.018691588785
17066	0.018691588785
32923	0.018691588785
2288	0.0185185185185
3754	0.0185185185185
3883	0.0185185185185
4710	0.0185185185185
5159	0.0185185185185
5404	0.0185185185185
7332	0.0185185185185
9117	0.0185185185185
9409	0.0185185185185
11785	0.0185185185185
13727	0.0185185185185
24089	0.0185185185185
29304	0.0185185185185
30154	0.0185185185185
30462	0.0185185185185
31190	0.0185185185185
32722	0.0185185185185
34318	0.0185185185185
35537	0.0185185185185
41132	0.0185185185185
41287	0.0185185185185
41621	0.0185185185185
43218	0.0185185185185
43315	0.0185185185185
43834	0.0185185185185
44826	0.0185185185185
45140	0.0185185185185
45220	0.0185185185185
46064	0.0185185185185
46489	0.0185185185185
47880	0.0185185185185
48195	0.0185185185185
48903	0.0185185185185
49965	0.0185185185185
50520	0.0185185185185
51405	0.0185185185185
51473	0.0185185185185
51593	0.0185185185185
51883	0.0185185185185
52475	0.0185185185185
60466	0.0185185185185
14515	0.0184049079755
5100	0.0183486238532
9588	0.0183486238532
24316	0.0183486238532
32778	0.0183486238532
48252	0.0183486238532
51795	0.0183486238532
3698	0.0182926829268
41374	0.0182291666667
587	0.0181818181818
1287	0.0181818181818
1756	0.0181818181818
2826	0.0181818181818
3074	0.0181818181818
5122	0.0181818181818
5817	0.0181818181818
6440	0.0181818181818
11204	0.0181818181818
11488	0.0181818181818
11625	0.0181818181818
13385	0.0181818181818
15788	0.0181818181818
16148	0.0181818181818
17723	0.0181818181818
19324	0.0181818181818
21451	0.0181818181818
24775	0.0181818181818
27821	0.0181818181818
29403	0.0181818181818
30774	0.0181818181818
30879	0.0181818181818
32096	0.0181818181818
33055	0.0181818181818
33259	0.0181818181818
33855	0.0181818181818
35698	0.0181818181818
37786	0.0181818181818
41218	0.0181818181818
41403	0.0181818181818
42810	0.0181818181818
42840	0.0181818181818
42846	0.0181818181818
43231	0.0181818181818
44401	0.0181818181818
44424	0.0181818181818
47561	0.0181818181818
48284	0.0181818181818
49060	0.0181818181818
49449	0.0181818181818
49960	0.0181818181818
50816	0.0181818181818
52604	0.0181818181818
52633	0.0181818181818
53017	0.0181818181818
59524	0.0181818181818
61081	0.0181818181818
34920	0.018115942029
90	0.0180995475113
10010	0.0180722891566
17928	0.0180722891566
1256	0.018018018018
6353	0.018018018018
41525	0.018018018018
41694	0.018018018018
295	0.0178571428571
401	0.0178571428571
535	0.0178571428571
1638	0.0178571428571
2676	0.0178571428571
7874	0.0178571428571
8506	0.0178571428571
9652	0.0178571428571
10722	0.0178571428571
11380	0.0178571428571
13210	0.0178571428571
15348	0.0178571428571
16379	0.0178571428571
17449	0.0178571428571
17612	0.0178571428571
21265	0.0178571428571
22791	0.0178571428571
23321	0.0178571428571
23521	0.0178571428571
23704	0.0178571428571
24369	0.0178571428571
24951	0.0178571428571
26318	0.0178571428571
27687	0.0178571428571
27862	0.0178571428571
28651	0.0178571428571
29122	0.0178571428571
31024	0.0178571428571
31298	0.0178571428571
33110	0.0178571428571
34649	0.0178571428571
34651	0.0178571428571
34777	0.0178571428571
36416	0.0178571428571
36559	0.0178571428571
37977	0.0178571428571
39473	0.0178571428571
40243	0.0178571428571
42113	0.0178571428571
42763	0.0178571428571
43453	0.0178571428571
49729	0.0178571428571
51183	0.0178571428571
52354	0.0178571428571
12182	0.0177777777778
4695	0.0176991150442
4706	0.0176991150442
11262	0.0176991150442
32058	0.0176991150442
41025	0.0176991150442
52416	0.0176991150442
59133	0.0176991150442
51071	0.0176470588235
29909	0.0176056338028
95	0.0175438596491
524	0.0175438596491
766	0.0175438596491
2952	0.0175438596491
4322	0.0175438596491
5207	0.0175438596491
5526	0.0175438596491
5601	0.0175438596491
8742	0.0175438596491
11172	0.0175438596491
11190	0.0175438596491
12434	0.0175438596491
17272	0.0175438596491
18668	0.0175438596491
19960	0.0175438596491
24600	0.0175438596491
25441	0.0175438596491
32688	0.0175438596491
32782	0.0175438596491
34252	0.0175438596491
34656	0.0175438596491
34660	0.0175438596491
35139	0.0175438596491
36617	0.0175438596491
37983	0.0175438596491
39230	0.0175438596491
40651	0.0175438596491
41101	0.0175438596491
41299	0.0175438596491
41539	0.0175438596491
42064	0.0175438596491
42466	0.0175438596491
42704	0.0175438596491
43462	0.0175438596491
44310	0.0175438596491
45130	0.0175438596491
47336	0.0175438596491
51234	0.0175438596491
51665	0.0175438596491
59784	0.0175438596491
60140	0.0175438596491
33142	0.0174216027875
689	0.0173913043478
4391	0.0173913043478
22426	0.0173913043478
41228	0.0173913043478
38232	0.0173611111111
3156	0.0173410404624
30	0.0172413793103
1580	0.0172413793103
4440	0.0172413793103
8907	0.0172413793103
9759	0.0172413793103
10421	0.0172413793103
16368	0.0172413793103
17439	0.0172413793103
17679	0.0172413793103
18129	0.0172413793103
20320	0.0172413793103
20591	0.0172413793103
22937	0.0172413793103
23287	0.0172413793103
26005	0.0172413793103
27233	0.0172413793103
28245	0.0172413793103
35052	0.0172413793103
35161	0.0172413793103
36221	0.0172413793103
38665	0.0172413793103
38953	0.0172413793103
39233	0.0172413793103
41305	0.0172413793103
43127	0.0172413793103
43588	0.0172413793103
49136	0.0172413793103
51441	0.0172413793103
51585	0.0172413793103
51708	0.0172413793103
51971	0.0172413793103
52012	0.0172413793103
52089	0.0172413793103
52540	0.0172413793103
52809	0.0172413793103
52994	0.0172413793103
59137	0.0172413793103
59237	0.0172413793103
60130	0.0172413793103
60207	0.0172413793103
60274	0.0172413793103
60446	0.0172413793103
60525	0.0172413793103
4464	0.0171428571429
26059	0.0171428571429
36078	0.0171428571429
5637	0.017094017094
14369	0.017094017094
16802	0.017094017094
17987	0.017094017094
41913	0.017094017094
51341	0.017094017094
51804	0.017094017094
10089	0.0170454545455
31483	0.0170316301703
45223	0.0170212765957
785	0.0169491525424
1049	0.0169491525424
1071	0.0169491525424
1558	0.0169491525424
2437	0.0169491525424
3126	0.0169491525424
3692	0.0169491525424
4647	0.0169491525424
6095	0.0169491525424
8659	0.0169491525424
11858	0.0169491525424
12581	0.0169491525424
13173	0.0169491525424
16093	0.0169491525424
19511	0.0169491525424
25431	0.0169491525424
27125	0.0169491525424
28749	0.0169491525424
29444	0.0169491525424
29998	0.0169491525424
32874	0.0169491525424
33817	0.0169491525424
33994	0.0169491525424
36805	0.0169491525424
38471	0.0169491525424
40620	0.0169491525424
41879	0.0169491525424
41955	0.0169491525424
42038	0.0169491525424
42571	0.0169491525424
43786	0.0169491525424
46882	0.0169491525424
48650	0.0169491525424
49119	0.0169491525424
50246	0.0169491525424
50354	0.0169491525424
51251	0.0169491525424
51764	0.0169491525424
52192	0.0169491525424
52503	0.0169491525424
52887	0.0169491525424
59521	0.0169491525424
631	0.0168776371308
3239	0.0168539325843
40989	0.0168539325843
40988	0.0168421052632
3943	0.0168067226891
50943	0.0168067226891
51901	0.0168067226891
41250	0.0167597765363
4242	0.0167224080268
1411	0.0166666666667
2293	0.0166666666667
2403	0.0166666666667
2598	0.0166666666667
3589	0.0166666666667
3817	0.0166666666667
3852	0.0166666666667
4124	0.0166666666667
4875	0.0166666666667
4943	0.0166666666667
6124	0.0166666666667
6254	0.0166666666667
7476	0.0166666666667
8609	0.0166666666667
9708	0.0166666666667
10187	0.0166666666667
12426	0.0166666666667
14832	0.0166666666667
15438	0.0166666666667
16926	0.0166666666667
21373	0.0166666666667
23054	0.0166666666667
23843	0.0166666666667
25165	0.0166666666667
27232	0.0166666666667
27580	0.0166666666667
27918	0.0166666666667
28486	0.0166666666667
29707	0.0166666666667
32799	0.0166666666667
34151	0.0166666666667
36249	0.0166666666667
36382	0.0166666666667
40248	0.0166666666667
40385	0.0166666666667
40440	0.0166666666667
40994	0.0166666666667
42995	0.0166666666667
44369	0.0166666666667
51230	0.0166666666667
51392	0.0166666666667
51494	0.0166666666667
51716	0.0166666666667
59627	0.0166666666667
60283	0.0166666666667
2787	0.0165975103734
9715	0.0165289256198
19922	0.0165289256198
862	0.016501650165
1680	0.0164974619289
7509	0.0164835164835
41060	0.0164835164835
797	0.016393442623
1120	0.016393442623
1307	0.016393442623
2825	0.016393442623
3128	0.016393442623
3664	0.016393442623
6961	0.016393442623
9651	0.016393442623
15198	0.016393442623
15982	0.016393442623
18256	0.016393442623
18331	0.016393442623
22157	0.016393442623
25574	0.016393442623
27634	0.016393442623
29732	0.016393442623
30058	0.016393442623
32085	0.016393442623
35166	0.016393442623
35360	0.016393442623
36977	0.016393442623
38088	0.016393442623
41078	0.016393442623
41962	0.016393442623
41981	0.016393442623
42188	0.016393442623
42503	0.016393442623
42730	0.016393442623
43698	0.016393442623
47098	0.016393442623
50173	0.016393442623
51106	0.016393442623
51291	0.016393442623
51315	0.016393442623
52557	0.016393442623
52675	0.016393442623
52688	0.016393442623
52974	0.016393442623
53267	0.016393442623
54298	0.016393442623
59832	0.016393442623
52055	0.0163265306122
137	0.0163043478261
17625	0.0163043478261
23831	0.0162601626016
28396	0.0162601626016
41206	0.0162601626016
50886	0.0162601626016
30789	0.0162162162162
21523	0.0161943319838
1304	0.0161290322581
1569	0.0161290322581
2687	0.0161290322581
3297	0.0161290322581
4620	0.0161290322581
6308	0.0161290322581
9663	0.0161290322581
10157	0.0161290322581
11126	0.0161290322581
11235	0.0161290322581
11925	0.0161290322581
16617	0.0161290322581
20229	0.0161290322581
20575	0.0161290322581
22498	0.0161290322581
22584	0.0161290322581
25432	0.0161290322581
25942	0.0161290322581
29409	0.0161290322581
29780	0.0161290322581
33102	0.0161290322581
33331	0.0161290322581
34879	0.0161290322581
35549	0.0161290322581
35553	0.0161290322581
35973	0.0161290322581
37110	0.0161290322581
37409	0.0161290322581
39013	0.0161290322581
40297	0.0161290322581
41140	0.0161290322581
41510	0.0161290322581
41534	0.0161290322581
41631	0.0161290322581
50938	0.0161290322581
50951	0.0161290322581
51740	0.0161290322581
52024	0.0161290322581
52644	0.0161290322581
53269	0.0161290322581
55861	0.0161290322581
60220	0.0161290322581
14360	0.0160642570281
742	0.016
10852	0.0159574468085
41593	0.0159574468085
42954	0.0159574468085
523	0.015873015873
2637	0.015873015873
2785	0.015873015873
2933	0.015873015873
8034	0.015873015873
11252	0.015873015873
13073	0.015873015873
18190	0.015873015873
18298	0.015873015873
18313	0.015873015873
18403	0.015873015873
18562	0.015873015873
21386	0.015873015873
21933	0.015873015873
25918	0.015873015873
26539	0.015873015873
27685	0.015873015873
28330	0.015873015873
28711	0.015873015873
29055	0.015873015873
30133	0.015873015873
35883	0.015873015873
36125	0.015873015873
37424	0.015873015873
40109	0.015873015873
41160	0.015873015873
41551	0.015873015873
42273	0.015873015873
43959	0.015873015873
48978	0.015873015873
51556	0.015873015873
51762	0.015873015873
51786	0.015873015873
52259	0.015873015873
7317	0.0158311345646
21648	0.0158102766798
25586	0.0158013544018
30799	0.0157894736842
2419	0.0157687253614
1062	0.0157480314961
28043	0.0157480314961
29596	0.0157480314961
35551	0.0157480314961
50250	0.0157480314961
51152	0.0157480314961
948	0.015625
2808	0.015625
4611	0.015625
7433	0.015625
9722	0.015625
11874	0.015625
11904	0.015625
13605	0.015625
14137	0.015625
14270	0.015625
15373	0.015625
21489	0.015625
21729	0.015625
21903	0.015625
26764	0.015625
28165	0.015625
32184	0.015625
37055	0.015625
40594	0.015625
41337	0.015625
41888	0.015625
42284	0.015625
42886	0.015625
42949	0.015625
43632	0.015625
45900	0.015625
46487	0.015625
47456	0.015625
51001	0.015625
51372	0.015625
51383	0.015625
51429	0.015625
51768	0.015625
53044	0.015625
59815	0.015625
60221	0.015625
61098	0.015625
51120	0.0155440414508
8839	0.015503875969
17188	0.015503875969
37156	0.015503875969
41002	0.015503875969
11675	0.0154867256637
1972	0.0153846153846
2707	0.0153846153846
3590	0.0153846153846
4343	0.0153846153846
4761	0.0153846153846
6360	0.0153846153846
7712	0.0153846153846
9123	0.0153846153846
9149	0.0153846153846
11339	0.0153846153846
12343	0.0153846153846
15360	0.0153846153846
17053	0.0153846153846
17073	0.0153846153846
18205	0.0153846153846
18334	0.0153846153846
22563	0.0153846153846
25046	0.0153846153846
26840	0.0153846153846
29790	0.0153846153846
29898	0.0153846153846
30231	0.0153846153846
33337	0.0153846153846
35144	0.0153846153846
37392	0.0153846153846
40490	0.0153846153846
41254	0.0153846153846
41680	0.0153846153846
41698	0.0153846153846
41961	0.0153846153846
42567	0.0153846153846
46970	0.0153846153846
48295	0.0153846153846
50483	0.0153846153846
50850	0.0153846153846
51933	0.0153846153846
52886	0.0153846153846
55096	0.0153846153846
55950	0.0153846153846
38763	0.015306122449
41278	0.015306122449
3986	0.0152671755725
13071	0.0152671755725
13124	0.0152671755725
26741	0.0152671755725
30849	0.0152671755725
41054	0.0152671755725
41172	0.0152671755725
11481	0.015243902439
25732	0.0152284263959
31170	0.0152091254753
880	0.0151515151515
4745	0.0151515151515
5547	0.0151515151515
5554	0.0151515151515
5563	0.0151515151515
9235	0.0151515151515
12503	0.0151515151515
15206	0.0151515151515
15471	0.0151515151515
16283	0.0151515151515
17639	0.0151515151515
18521	0.0151515151515
19877	0.0151515151515
21412	0.0151515151515
21719	0.0151515151515
26590	0.0151515151515
26713	0.0151515151515
26779	0.0151515151515
29656	0.0151515151515
30177	0.0151515151515
30193	0.0151515151515
31107	0.0151515151515
31696	0.0151515151515
34858	0.0151515151515
36483	0.0151515151515
39400	0.0151515151515
41303	0.0151515151515
43103	0.0151515151515
43475	0.0151515151515
47547	0.0151515151515
51896	0.0151515151515
52123	0.0151515151515
59618	0.0151515151515
25930	0.0150943396226
33692	0.0150753768844
118	0.0150602409639
23150	0.015037593985
39404	0.015037593985
47430	0.015037593985
51345	0.015037593985
52332	0.015037593985
7299	0.015015015015
40887	0.015
75	0.0149253731343
165	0.0149253731343
327	0.0149253731343
849	0.0149253731343
1231	0.0149253731343
2243	0.0149253731343
3828	0.0149253731343
4765	0.0149253731343
5445	0.0149253731343
6217	0.0149253731343
7325	0.0149253731343
7472	0.0149253731343
8399	0.0149253731343
9207	0.0149253731343
13261	0.0149253731343
14872	0.0149253731343
18755	0.0149253731343
22934	0.0149253731343
24605	0.0149253731343
25974	0.0149253731343
26279	0.0149253731343
31022	0.0149253731343
31041	0.0149253731343
34503	0.0149253731343
37923	0.0149253731343
41076	0.0149253731343
41214	0.0149253731343
42285	0.0149253731343
42973	0.0149253731343
43088	0.0149253731343
49597	0.0149253731343
50344	0.0149253731343
50849	0.0149253731343
51327	0.0149253731343
52421	0.0149253731343
52523	0.0149253731343
52953	0.0149253731343
53372	0.0149253731343
59788	0.0149253731343
60272	0.0149253731343
42378	0.0148514851485
5221	0.0148148148148
30445	0.0148148148148
40968	0.0148148148148
41127	0.0148148148148
17715	0.0147928994083
7460	0.0147783251232
18183	0.0147783251232
40970	0.0147601476015
40971	0.0147601476015
1903	0.0147058823529
2196	0.0147058823529
2861	0.0147058823529
4200	0.0147058823529
5311	0.0147058823529
6368	0.0147058823529
7251	0.0147058823529
9670	0.0147058823529
12928	0.0147058823529
13128	0.0147058823529
13254	0.0147058823529
16445	0.0147058823529
19534	0.0147058823529
22922	0.0147058823529
29384	0.0147058823529
31991	0.0147058823529
32550	0.0147058823529
32851	0.0147058823529
33927	0.0147058823529
34724	0.0147058823529
36305	0.0147058823529
39265	0.0147058823529
42207	0.0147058823529
42866	0.0147058823529
45776	0.0147058823529
51926	0.0147058823529
52511	0.0147058823529
52759	0.0147058823529
52973	0.0147058823529
60352	0.0147058823529
60429	0.0147058823529
3689	0.0146341463415
48489	0.0146341463415
2367	0.014598540146
22895	0.014598540146
29564	0.014598540146
47675	0.014598540146
51632	0.014598540146
32483	0.0145631067961
39343	0.0145631067961
20506	0.0145502645503
1895	0.0144927536232
2108	0.0144927536232
2211	0.0144927536232
2353	0.0144927536232
2656	0.0144927536232
2865	0.0144927536232
3199	0.0144927536232
4527	0.0144927536232
12167	0.0144927536232
16774	0.0144927536232
17204	0.0144927536232
19802	0.0144927536232
21835	0.0144927536232
22510	0.0144927536232
24803	0.0144927536232
30967	0.0144927536232
32200	0.0144927536232
37735	0.0144927536232
38649	0.0144927536232
41032	0.0144927536232
41386	0.0144927536232
41652	0.0144927536232
42012	0.0144927536232
43463	0.0144927536232
46515	0.0144927536232
51549	0.0144927536232
52273	0.0144927536232
52930	0.0144927536232
30938	0.0144230769231
6394	0.0143884892086
37599	0.0143884892086
40562	0.0143884892086
11769	0.0143626570916
41253	0.0143369175627
2480	0.0142857142857
2559	0.0142857142857
3223	0.0142857142857
4425	0.0142857142857
4840	0.0142857142857
11022	0.0142857142857
11854	0.0142857142857
14652	0.0142857142857
19320	0.0142857142857
21349	0.0142857142857
32589	0.0142857142857
34521	0.0142857142857
34918	0.0142857142857
35155	0.0142857142857
38051	0.0142857142857
41157	0.0142857142857
41188	0.0142857142857
41192	0.0142857142857
41359	0.0142857142857
42634	0.0142857142857
42854	0.0142857142857
45163	0.0142857142857
48210	0.0142857142857
50991	0.0142857142857
51195	0.0142857142857
52667	0.0142857142857
59557	0.0142857142857
2811	0.0141843971631
6657	0.0141843971631
31340	0.0141843971631
44351	0.0141843971631
41434	0.014164305949
9292	0.0141509433962
13216	0.0141342756184
10281	0.0141176470588
39447	0.0141176470588
3309	0.0140845070423
5498	0.0140845070423
11946	0.0140845070423
13271	0.0140845070423
13373	0.0140845070423
13627	0.0140845070423
15820	0.0140845070423
17139	0.0140845070423
17939	0.0140845070423
18276	0.0140845070423
24575	0.0140845070423
28588	0.0140845070423
28627	0.0140845070423
29990	0.0140845070423
30869	0.0140845070423
31877	0.0140845070423
33680	0.0140845070423
33769	0.0140845070423
35203	0.0140845070423
39126	0.0140845070423
41372	0.0140845070423
41658	0.0140845070423
42262	0.0140845070423
43794	0.0140845070423
45890	0.0140845070423
46975	0.0140845070423
48212	0.0140845070423
48224	0.0140845070423
51178	0.0140845070423
60641	0.0140845070423
22230	0.0140186915888
40964	0.0140056022409
22351	0.013986013986
26584	0.013986013986
33830	0.013986013986
38790	0.013986013986
41642	0.013986013986
41530	0.0139534883721
2515	0.0139211136891
2090	0.0138888888889
3093	0.0138888888889
3189	0.0138888888889
4712	0.0138888888889
7974	0.0138888888889
9184	0.0138888888889
10022	0.0138888888889
10317	0.0138888888889
14672	0.0138888888889
17566	0.0138888888889
19606	0.0138888888889
22143	0.0138888888889
23046	0.0138888888889
26275	0.0138888888889
28828	0.0138888888889
31866	0.0138888888889
31902	0.0138888888889
37695	0.0138888888889
41379	0.0138888888889
41682	0.0138888888889
42349	0.0138888888889
42741	0.0138888888889
44333	0.0138888888889
45636	0.0138888888889
46658	0.0138888888889
47467	0.0138888888889
51146	0.0138888888889
51777	0.0138888888889
52491	0.0138888888889
53114	0.0138888888889
2037	0.0138504155125
8159	0.0138248847926
41085	0.0138248847926
17938	0.0138067061144
106	0.0137931034483
7357	0.0137931034483
35021	0.0137931034483
52331	0.0137931034483
515	0.013698630137
2092	0.013698630137
2272	0.013698630137
2905	0.013698630137
3550	0.013698630137
4507	0.013698630137
5280	0.013698630137
5330	0.013698630137
5593	0.013698630137
5881	0.013698630137
6592	0.013698630137
7482	0.013698630137
9471	0.013698630137
10050	0.013698630137
11384	0.013698630137
11743	0.013698630137
12819	0.013698630137
18107	0.013698630137
24980	0.013698630137
26191	0.013698630137
28971	0.013698630137
31169	0.013698630137
31705	0.013698630137
32493	0.013698630137
33120	0.013698630137
34618	0.013698630137
35860	0.013698630137
37897	0.013698630137
38732	0.013698630137
39767	0.013698630137
42317	0.013698630137
42701	0.013698630137
43679	0.013698630137
43943	0.013698630137
44528	0.013698630137
50472	0.013698630137
50881	0.013698630137
51386	0.013698630137
51813	0.013698630137
52058	0.013698630137
52837	0.013698630137
53317	0.013698630137
37737	0.0136752136752
25405	0.0136518771331
1167	0.0136054421769
14502	0.0136054421769
26195	0.0135746606335
41223	0.0135746606335
616	0.0135135135135
963	0.0135135135135
1354	0.0135135135135
1942	0.0135135135135
7393	0.0135135135135
12889	0.0135135135135
14276	0.0135135135135
15596	0.0135135135135
19139	0.0135135135135
21656	0.0135135135135
22663	0.0135135135135
25439	0.0135135135135
26437	0.0135135135135
28379	0.0135135135135
32246	0.0135135135135
33273	0.0135135135135
35152	0.0135135135135
35420	0.0135135135135
38330	0.0135135135135
39478	0.0135135135135
41149	0.0135135135135
41485	0.0135135135135
44588	0.0135135135135
45412	0.0135135135135
47630	0.0135135135135
51861	0.0135135135135
51891	0.0135135135135
56324	0.0135135135135
57828	0.0135135135135
50939	0.0134770889488
5204	0.0134443021767
7518	0.0134228187919
21657	0.0134228187919
42545	0.0134228187919
51496	0.0134228187919
41048	0.0134048257373
18414	0.0133779264214
285	0.0133333333333
890	0.0133333333333
1111	0.0133333333333
1169	0.0133333333333
1196	0.0133333333333
2925	0.0133333333333
3722	0.0133333333333
5703	0.0133333333333
6473	0.0133333333333
6982	0.0133333333333
10112	0.0133333333333
11294	0.0133333333333
12050	0.0133333333333
12873	0.0133333333333
13125	0.0133333333333
17817	0.0133333333333
19773	0.0133333333333
23532	0.0133333333333
25140	0.0133333333333
26173	0.0133333333333
33921	0.0133333333333
39658	0.0133333333333
41967	0.0133333333333
43376	0.0133333333333
43991	0.0133333333333
51294	0.0133333333333
53239	0.0133333333333
3515	0.0132743362832
5618	0.0132450331126
27409	0.0132450331126
28294	0.0132450331126
29543	0.0132450331126
37577	0.0132450331126
60331	0.0132450331126
5673	0.0132325141777
4705	0.0132158590308
38794	0.0132042253521
6564	0.013201320132
3273	0.01317233809
644	0.0131578947368
1850	0.0131578947368
3398	0.0131578947368
3915	0.0131578947368
4438	0.0131578947368
5055	0.0131578947368
5144	0.0131578947368
5458	0.0131578947368
9653	0.0131578947368
13076	0.0131578947368
18916	0.0131578947368
24109	0.0131578947368
25012	0.0131578947368
25230	0.0131578947368
30272	0.0131578947368
30784	0.0131578947368
33782	0.0131578947368
33826	0.0131578947368
34735	0.0131578947368
34830	0.0131578947368
35747	0.0131578947368
38807	0.0131578947368
41866	0.0131578947368
51297	0.0131578947368
51519	0.0131578947368
52459	0.0131578947368
5000	0.0131004366812
41079	0.0130718954248
50952	0.0130718954248
51875	0.0130718954248
11359	0.0130548302872
1	0.012987012987
1739	0.012987012987
2284	0.012987012987
3820	0.012987012987
10729	0.012987012987
14663	0.012987012987
14684	0.012987012987
14714	0.012987012987
16943	0.012987012987
20450	0.012987012987
26904	0.012987012987
34525	0.012987012987
34694	0.012987012987
35044	0.012987012987
35926	0.012987012987
36379	0.012987012987
38778	0.012987012987
39078	0.012987012987
40921	0.012987012987
43026	0.012987012987
43238	0.012987012987
43663	0.012987012987
45135	0.012987012987
47282	0.012987012987
47294	0.012987012987
50508	0.012987012987
51144	0.012987012987
52879	0.012987012987
53396	0.012987012987
59790	0.012987012987
7261	0.0129659643436
19090	0.0129449838188
28812	0.0129310344828
25440	0.0129032258065
41398	0.0129032258065
43414	0.0129032258065
32490	0.0128755364807
1422	0.01287001287
18278	0.0128617363344
784	0.0128205128205
2343	0.0128205128205
2448	0.0128205128205
5395	0.0128205128205
11348	0.0128205128205
11353	0.0128205128205
12253	0.0128205128205
12641	0.0128205128205
16228	0.0128205128205
16958	0.0128205128205
18492	0.0128205128205
19799	0.0128205128205
24431	0.0128205128205
33693	0.0128205128205
33781	0.0128205128205
37989	0.0128205128205
38564	0.0128205128205
38725	0.0128205128205
38968	0.0128205128205
39458	0.0128205128205
39751	0.0128205128205
41037	0.0128205128205
41914	0.0128205128205
43277	0.0128205128205
51225	0.0128205128205
52934	0.0128205128205
53206	0.0128205128205
59908	0.0128205128205
37993	0.0127551020408
17315	0.0127388535032
21772	0.0127388535032
26863	0.0127388535032
39324	0.0127388535032
40999	0.0126811594203
1673	0.0126582278481
1976	0.0126582278481
2070	0.0126582278481
4630	0.0126582278481
6928	0.0126582278481
7468	0.0126582278481
11404	0.0126582278481
18688	0.0126582278481
23765	0.0126582278481
24087	0.0126582278481
26772	0.0126582278481
27282	0.0126582278481
35039	0.0126582278481
35708	0.0126582278481
36934	0.0126582278481
41864	0.0126582278481
42405	0.0126582278481
42454	0.0126582278481
46447	0.0126582278481
50894	0.0126582278481
50973	0.0126582278481
51200	0.0126582278481
52531	0.0126582278481
29218	0.0125944584383
27063	0.0125786163522
42312	0.0125786163522
51266	0.0125786163522
938	0.0125
4195	0.0125
4280	0.0125
4490	0.0125
4704	0.0125
4967	0.0125
5781	0.0125
11401	0.0125
12311	0.0125
13095	0.0125
13380	0.0125
15589	0.0125
16913	0.0125
20642	0.0125
22513	0.0125
23143	0.0125
27648	0.0125
32651	0.0125
33926	0.0125
41235	0.0125
41286	0.0125
41858	0.0125
42360	0.0125
44120	0.0125
51393	0.0125
52542	0.0125
53019	0.0125
1752	0.0124223602484
4347	0.0124223602484
28709	0.0124223602484
30828	0.0124223602484
38907	0.0124223602484
42750	0.0124223602484
40981	0.0123966942149
27489	0.012389380531
870	0.0123762376238
23481	0.0123762376238
35514	0.0123762376238
363	0.0123456790123
2346	0.0123456790123
5865	0.0123456790123
9669	0.0123456790123
11664	0.0123456790123
14695	0.0123456790123
18108	0.0123456790123
19962	0.0123456790123
19965	0.0123456790123
24487	0.0123456790123
24740	0.0123456790123
33772	0.0123456790123
35535	0.0123456790123
36596	0.0123456790123
40139	0.0123456790123
41069	0.0123456790123
41146	0.0123456790123
41181	0.0123456790123
43171	0.0123456790123
43616	0.0123456790123
45671	0.0123456790123
50146	0.0123456790123
51738	0.0123456790123
60231	0.0123456790123
35958	0.0123076923077
2722	0.0122950819672
50875	0.0122950819672
20573	0.0122699386503
37201	0.0122699386503
40351	0.0122699386503
41011	0.0122699386503
2840	0.0122484689414
33887	0.0122377622378
684	0.0122324159021
554	0.0121951219512
4524	0.0121951219512
11766	0.0121951219512
12153	0.0121951219512
14354	0.0121951219512
17969	0.0121951219512
20744	0.0121951219512
23750	0.0121951219512
25383	0.0121951219512
25466	0.0121951219512
30007	0.0121951219512
33672	0.0121951219512
36390	0.0121951219512
36897	0.0121951219512
39420	0.0121951219512
40411	0.0121951219512
41432	0.0121951219512
41656	0.0121951219512
41870	0.0121951219512
41926	0.0121951219512
42291	0.0121951219512
42942	0.0121951219512
43924	0.0121951219512
45891	0.0121951219512
51050	0.0121951219512
52230	0.0121951219512
55981	0.0121951219512
60482	0.0121951219512
5420	0.0121802679659
41090	0.0121802679659
1632	0.0121457489879
27255	0.0121457489879
35400	0.0121457489879
4513	0.0121212121212
9178	0.0121212121212
51254	0.0121212121212
29492	0.0120967741935
41091	0.0120967741935
50937	0.0120967741935
2409	0.012084592145
51156	0.012084592145
1533	0.0120481927711
3040	0.0120481927711
4405	0.0120481927711
4668	0.0120481927711
5658	0.0120481927711
7392	0.0120481927711
10177	0.0120481927711
16433	0.0120481927711
17699	0.0120481927711
22573	0.0120481927711
25098	0.0120481927711
29628	0.0120481927711
36676	0.0120481927711
38671	0.0120481927711
40557	0.0120481927711
41908	0.0120481927711
42096	0.0120481927711
42097	0.0120481927711
42845	0.0120481927711
51246	0.0120481927711
51462	0.0120481927711
51497	0.0120481927711
52057	0.0120481927711
18759	0.012
12777	0.0119760479042
39085	0.0119760479042
50903	0.0119760479042
50915	0.0119760479042
949	0.0119658119658
20818	0.011961722488
51133	0.011961722488
3996	0.0119047619048
4194	0.0119047619048
5164	0.0119047619048
6781	0.0119047619048
9920	0.0119047619048
15608	0.0119047619048
15636	0.0119047619048
19292	0.0119047619048
19996	0.0119047619048
25840	0.0119047619048
34576	0.0119047619048
34670	0.0119047619048
37052	0.0119047619048
41607	0.0119047619048
42352	0.0119047619048
51656	0.0119047619048
52128	0.0119047619048
52131	0.0119047619048
52148	0.0119047619048
52548	0.0119047619048
53164	0.0119047619048
59648	0.0119047619048
23174	0.0118764845606
2127	0.0118577075099
14604	0.0118577075099
932	0.0118483412322
9762	0.0118343195266
22534	0.0118343195266
22830	0.0118343195266
27715	0.0118343195266
38194	0.0118343195266
41073	0.0118343195266
57861	0.0118343195266
31882	0.011811023622
41074	0.0117845117845
289	0.0117647058824
1490	0.0117647058824
2444	0.0117647058824
4486	0.0117647058824
4635	0.0117647058824
15850	0.0117647058824
16784	0.0117647058824
17696	0.0117647058824
20376	0.0117647058824
24126	0.0117647058824
26558	0.0117647058824
27235	0.0117647058824
30930	0.0117647058824
34658	0.0117647058824
34824	0.0117647058824
36112	0.0117647058824
41334	0.0117647058824
41616	0.0117647058824
41762	0.0117647058824
41984	0.0117647058824
42377	0.0117647058824
42626	0.0117647058824
43473	0.0117647058824
50056	0.0117647058824
51179	0.0117647058824
53257	0.0117647058824
5616	0.0117302052786
37115	0.01171875
37169	0.01171875
4418	0.0116959064327
5089	0.0116959064327
12432	0.0116959064327
1144	0.011673151751
4390	0.011673151751
10920	0.011673151751
34519	0.011673151751
26893	0.0116618075802
210	0.0116279069767
4289	0.0116279069767
4409	0.0116279069767
5106	0.0116279069767
11550	0.0116279069767
13451	0.0116279069767
17735	0.0116279069767
26060	0.0116279069767
32432	0.0116279069767
33930	0.0116279069767
34672	0.0116279069767
38350	0.0116279069767
39239	0.0116279069767
39483	0.0116279069767
41351	0.0116279069767
41576	0.0116279069767
41931	0.0116279069767
46742	0.0116279069767
51012	0.0116279069767
51498	0.0116279069767
52017	0.0116279069767
52450	0.0116279069767
33621	0.0115942028986
41018	0.011583011583
41041	0.011583011583
41109	0.011583011583
41499	0.011583011583
11655	0.0115702479339
24429	0.0115606936416
34169	0.0115606936416
38793	0.0115606936416
32453	0.0115273775216
2786	0.0114942528736
5161	0.0114942528736
19416	0.0114942528736
29401	0.0114942528736
34691	0.0114942528736
36364	0.0114942528736
38995	0.0114942528736
40212	0.0114942528736
40893	0.0114942528736
46509	0.0114942528736
51571	0.0114942528736
51745	0.0114942528736
53286	0.0114942528736
32935	0.0114285714286
9188	0.0114068441065
27404	0.0114068441065
287	0.0113636363636
2739	0.0113636363636
3554	0.0113636363636
4746	0.0113636363636
5715	0.0113636363636
16322	0.0113636363636
16819	0.0113636363636
38572	0.0113636363636
38682	0.0113636363636
39320	0.0113636363636
40923	0.0113636363636
40972	0.0113636363636
41577	0.0113636363636
43251	0.0113636363636
44525	0.0113636363636
45610	0.0113636363636
51401	0.0113636363636
52239	0.0113636363636
53329	0.0113636363636
28405	0.011350737798
22971	0.0113378684807
5774	0.0113314447592
4135	0.0112994350282
6213	0.0112994350282
18607	0.0112781954887
259	0.0112676056338
1342	0.0112359550562
3761	0.0112359550562
4499	0.0112359550562
6036	0.0112359550562
23628	0.0112359550562
26765	0.0112359550562
28592	0.0112359550562
28719	0.0112359550562
29686	0.0112359550562
31327	0.0112359550562
34683	0.0112359550562
38375	0.0112359550562
39194	0.0112359550562
41022	0.0112359550562
42409	0.0112359550562
48070	0.0112359550562
52444	0.0112359550562
52581	0.0112359550562
53048	0.0112359550562
54435	0.0112359550562
7300	0.0112107623318
29845	0.0112044817927
28155	0.0111940298507
712	0.0111731843575
4413	0.0111731843575
4739	0.0111731843575
13212	0.0111731843575
48572	0.0111731843575
34751	0.0111524163569
4075	0.0111111111111
4481	0.0111111111111
6315	0.0111111111111
6906	0.0111111111111
11350	0.0111111111111
20345	0.0111111111111
24606	0.0111111111111
26529	0.0111111111111
29010	0.0111111111111
33890	0.0111111111111
37114	0.0111111111111
37997	0.0111111111111
41349	0.0111111111111
51053	0.0111111111111
51319	0.0111111111111
51712	0.0111111111111
52962	0.0111111111111
1503	0.0111049416991
46832	0.0110497237569
5237	0.0110344827586
18701	0.0110192837466
2290	0.0110144927536
4563	0.0110091743119
1628	0.010989010989
2358	0.010989010989
2646	0.010989010989
3581	0.010989010989
5810	0.010989010989
12610	0.010989010989
26566	0.010989010989
26777	0.010989010989
28737	0.010989010989
28781	0.010989010989
29530	0.010989010989
29806	0.010989010989
32770	0.010989010989
33780	0.010989010989
34147	0.010989010989
35148	0.010989010989
35847	0.010989010989
38663	0.010989010989
41262	0.010989010989
42354	0.010989010989
42892	0.010989010989
44951	0.010989010989
52777	0.010989010989
2344	0.0109452736318
9826	0.0109289617486
17355	0.0109204368175
47637	0.0109090909091
1000	0.0108695652174
1281	0.0108695652174
2874	0.0108695652174
7084	0.0108695652174
11430	0.0108695652174
11559	0.0108695652174
18503	0.0108695652174
19208	0.0108695652174
20315	0.0108695652174
21307	0.0108695652174
21582	0.0108695652174
23944	0.0108695652174
28734	0.0108695652174
32974	0.0108695652174
34967	0.0108695652174
36395	0.0108695652174
41390	0.0108695652174
42914	0.0108695652174
51641	0.0108695652174
53029	0.0108695652174
59681	0.0108695652174
25554	0.0108401084011
27809	0.0108359133127
4396	0.0108280254777
38492	0.0108254397835
15207	0.0107913669065
947	0.010752688172
6271	0.010752688172
7411	0.010752688172
16847	0.010752688172
18815	0.010752688172
19775	0.010752688172
22838	0.010752688172
23415	0.010752688172
23760	0.010752688172
27594	0.010752688172
27874	0.010752688172
28824	0.010752688172
30614	0.010752688172
30973	0.010752688172
35117	0.010752688172
38989	0.010752688172
41620	0.010752688172
42928	0.010752688172
52255	0.010752688172
53328	0.010752688172
33850	0.0107238605898
50957	0.0107238605898
2110	0.0107142857143
76	0.0107084019769
34199	0.0106761565836
4644	0.0106666666667
186	0.0106382978723
2816	0.0106382978723
3946	0.0106382978723
4561	0.0106382978723
14555	0.0106382978723
15917	0.0106382978723
16723	0.0106382978723
18295	0.0106382978723
19521	0.0106382978723
22401	0.0106382978723
30085	0.0106382978723
34121	0.0106382978723
38272	0.0106382978723
42056	0.0106382978723
42389	0.0106382978723
51049	0.0106382978723
51292	0.0106382978723
14862	0.010582010582
322	0.0105263157895
840	0.0105263157895
2276	0.0105263157895
3553	0.0105263157895
19469	0.0105263157895
23230	0.0105263157895
30651	0.0105263157895
32594	0.0105263157895
34103	0.0105263157895
34241	0.0105263157895
37208	0.0105263157895
38080	0.0105263157895
38899	0.0105263157895
42450	0.0105263157895
51102	0.0105263157895
51746	0.0105263157895
52629	0.0105263157895
53136	0.0105263157895
21745	0.0104895104895
1390	0.0104712041885
9720	0.0104712041885
13120	0.0104712041885
27218	0.0104712041885
39915	0.0104712041885
41062	0.0104712041885
41332	0.010460251046
5218	0.0104347826087
859	0.0104166666667
1117	0.0104166666667
2355	0.0104166666667
3860	0.0104166666667
5230	0.0104166666667
18145	0.0104166666667
18773	0.0104166666667
26175	0.0104166666667
26830	0.0104166666667
27731	0.0104166666667
34115	0.0104166666667
36710	0.0104166666667
39782	0.0104166666667
44335	0.0104166666667
51509	0.0104166666667
51683	0.0104166666667
52458	0.0104166666667
5643	0.0104011887073
6689	0.0103896103896
2463	0.0103871576959
30691	0.0103806228374
20527	0.0103626943005
29971	0.0103626943005
30471	0.0103626943005
33727	0.0103626943005
5432	0.0103591160221
27890	0.0103567318757
5693	0.0103519668737
41583	0.0103448275862
50995	0.0103448275862
41050	0.0103359173127
38191	0.0103211009174
4374	0.0103092783505
6920	0.0103092783505
7614	0.0103092783505
11079	0.0103092783505
15354	0.0103092783505
18366	0.0103092783505
19897	0.0103092783505
32822	0.0103092783505
33720	0.0103092783505
37349	0.0103092783505
39713	0.0103092783505
40625	0.0103092783505
40973	0.0103092783505
42111	0.0103092783505
45200	0.0103092783505
45354	0.0103092783505
49336	0.0103092783505
51154	0.0103092783505
52227	0.0103092783505
60334	0.0103092783505
35345	0.010296010296
1931	0.0102915951973
41044	0.0102880658436
33862	0.0102564102564
40995	0.0102564102564
11504	0.0102389078498
3253	0.0102040816327
4760	0.0102040816327
7884	0.0102040816327
9205	0.0102040816327
15197	0.0102040816327
26659	0.0102040816327
27052	0.0102040816327
27723	0.0102040816327
28042	0.0102040816327
28456	0.0102040816327
28712	0.0102040816327
29739	0.0102040816327
41122	0.0102040816327
41241	0.0102040816327
51121	0.0102040816327
51158	0.0102040816327
59731	0.0102040816327
1170	0.010152284264
1456	0.010152284264
16420	0.010152284264
16935	0.010152284264
51212	0.010152284264
52383	0.010152284264
35809	0.0101265822785
1180	0.010101010101
3582	0.010101010101
11776	0.010101010101
17605	0.010101010101
20080	0.010101010101
21870	0.010101010101
22881	0.010101010101
30794	0.010101010101
39336	0.010101010101
40208	0.010101010101
41380	0.010101010101
41409	0.010101010101
50890	0.010101010101
51307	0.010101010101
51422	0.010101010101
51655	0.010101010101
18515	0.0100502512563
36394	0.0100401606426
1676	0.0100334448161
775	0.01
4335	0.01
5116	0.01
9794	0.01
13634	0.01
23121	0.01
28415	0.01
30191	0.01
50494	0.01
50760	0.01
51615	0.01
51623	0.01
51937	0.01
52065	0.01
52884	0.01
27865	0.00998003992016
12017	0.00997506234414
4479	0.00995024875622
10792	0.00995024875622
37776	0.00995024875622
51211	0.00995024875622
22654	0.00993377483444
4502	0.00990099009901
7311	0.00990099009901
10326	0.00990099009901
11069	0.00990099009901
16073	0.00990099009901
18139	0.00990099009901
21575	0.00990099009901
24698	0.00990099009901
25273	0.00990099009901
28799	0.00990099009901
30515	0.00990099009901
32762	0.00990099009901
32927	0.00990099009901
34149	0.00990099009901
36736	0.00990099009901
39510	0.00990099009901
40843	0.00990099009901
41100	0.00990099009901
41139	0.00990099009901
41204	0.00990099009901
41433	0.00990099009901
41548	0.00990099009901
41856	0.00990099009901
43522	0.00990099009901
47918	0.00990099009901
59617	0.00990099009901
868	0.00989345509893
3747	0.00986842105263
5460	0.00986842105263
52018	0.00986842105263
6573	0.00985221674877
17277	0.00985221674877
18813	0.00985221674877
38659	0.00985221674877
41129	0.00985221674877
41404	0.00985221674877
51151	0.00985221674877
1020	0.00983606557377
38925	0.00981996726678
2316	0.00980392156863
4515	0.00980392156863
7346	0.00980392156863
7505	0.00980392156863
11223	0.00980392156863
12597	0.00980392156863
20629	0.00980392156863
22241	0.00980392156863
23688	0.00980392156863
24320	0.00980392156863
25117	0.00980392156863
33934	0.00980392156863
34659	0.00980392156863
38748	0.00980392156863
41773	0.00980392156863
43813	0.00980392156863
56496	0.00980392156863
34224	0.00979325353645
31868	0.00977995110024
40962	0.00974313551816
21558	0.00974025974026
37111	0.00974025974026
53040	0.00974025974026
1553	0.00970873786408
1618	0.00970873786408
6693	0.00970873786408
16170	0.00970873786408
21795	0.00970873786408
22743	0.00970873786408
33709	0.00970873786408
35701	0.00970873786408
43269	0.00970873786408
50959	0.00970873786408
6812	0.00970088924818
5768	0.00967117988395
40969	0.0096463022508
2898	0.00963597430407
10607	0.00961538461538
21715	0.00961538461538
23373	0.00961538461538
26715	0.00961538461538
40477	0.00961538461538
41030	0.00961538461538
41272	0.00961538461538
42642	0.00961538461538
43920	0.00961538461538
51006	0.00961538461538
25444	0.00958466453674
4675	0.00956937799043
18311	0.00953389830508
4149	0.00952380952381
4334	0.00952380952381
4733	0.00952380952381
10220	0.00952380952381
15542	0.00952380952381
16145	0.00952380952381
20089	0.00952380952381
41142	0.00952380952381
41343	0.00952380952381
48475	0.00952380952381
51043	0.00952380952381
52442	0.00952380952381
52733	0.00952380952381
4711	0.00950118764846
41106	0.00949367088608
54	0.00947867298578
31307	0.00947867298578
637	0.00943396226415
2720	0.00943396226415
5656	0.00943396226415
6444	0.00943396226415
16028	0.00943396226415
16209	0.00943396226415
22843	0.00943396226415
28051	0.00943396226415
29067	0.00943396226415
29280	0.00943396226415
35049	0.00943396226415
35431	0.00943396226415
41880	0.00943396226415
21507	0.0093896713615
39358	0.0093896713615
51019	0.00936768149883
1528	0.00934579439252
7341	0.00934579439252
7654	0.00934579439252
8468	0.00934579439252
9142	0.00934579439252
14245	0.00934579439252
18481	0.00934579439252
23080	0.00934579439252
25400	0.00934579439252
41024	0.00934579439252
42414	0.00934579439252
42424	0.00934579439252
43276	0.00934579439252
51905	0.00934579439252
53234	0.00934579439252
7419	0.00933333333333
26805	0.00932918702799
1380	0.00932400932401
3527	0.00931098696462
896	0.0093023255814
22524	0.0093023255814
22572	0.0093023255814
41452	0.0093023255814
17586	0.0092936802974
123	0.00925925925926
218	0.00925925925926
5702	0.00925925925926
7280	0.00925925925926
11775	0.00925925925926
40752	0.00925925925926
41191	0.00925925925926
13339	0.00924499229584
1239	0.00923076923077
7444	0.00923076923077
41070	0.00921658986175
24958	0.00920245398773
1068	0.00917431192661
4439	0.00917431192661
4814	0.00917431192661
7734	0.00917431192661
10082	0.00917431192661
20173	0.00917431192661
28793	0.00917431192661
31536	0.00917431192661
35581	0.00917431192661
36606	0.00917431192661
41533	0.00917431192661
42344	0.00917431192661
43150	0.00917431192661
50979	0.00917431192661
33678	0.0091533180778
41093	0.00914634146341
52225	0.00914634146341
14750	0.00914285714286
29705	0.00913242009132
23999	0.00911854103343
871	0.00909090909091
3385	0.00909090909091
8890	0.00909090909091
13999	0.00909090909091
18972	0.00909090909091
35594	0.00909090909091
35968	0.00909090909091
41039	0.00909090909091
41067	0.00909090909091
41098	0.00909090909091
41608	0.00909090909091
41629	0.00909090909091
41778	0.00909090909091
42339	0.00909090909091
51242	0.00909090909091
51792	0.00909090909091
52952	0.00909090909091
3933	0.00905797101449
3198	0.00904977375566
22643	0.00903614457831
22929	0.00902527075812
492	0.00900900900901
1015	0.00900900900901
2084	0.00900900900901
4873	0.00900900900901
11050	0.00900900900901
29816	0.00900900900901
33599	0.00900900900901
36632	0.00900900900901
40985	0.00900900900901
41833	0.00900900900901
51092	0.00900900900901
60068	0.00900900900901
2733	0.00897435897436
12388	0.00896860986547
27471	0.00896860986547
37689	0.00896860986547
35237	0.0089552238806
1118	0.0089342693044
4452	0.00892857142857
6542	0.00892857142857
21375	0.00892857142857
23619	0.00892857142857
27691	0.00892857142857
35728	0.00892857142857
39651	0.00892857142857
41197	0.00892857142857
42825	0.00892857142857
49335	0.00892857142857
5809	0.00891265597148
4951	0.00888888888889
9625	0.00888888888889
17306	0.00888888888889
17596	0.00888888888889
992	0.00886262924668
112	0.00884955752212
2245	0.00884955752212
2410	0.00884955752212
10013	0.00884955752212
11782	0.00884955752212
15306	0.00884955752212
18974	0.00884955752212
21379	0.00884955752212
22398	0.00884955752212
26760	0.00884955752212
30020	0.00884955752212
32700	0.00884955752212
33990	0.00884955752212
34105	0.00884955752212
37162	0.00884955752212
40104	0.00884955752212
42326	0.00884955752212
27527	0.00882352941176
20542	0.00881057268722
27535	0.00881057268722
29287	0.00881057268722
497	0.00877192982456
8189	0.00877192982456
13006	0.00877192982456
14656	0.00877192982456
17570	0.00877192982456
34136	0.00877192982456
41649	0.00877192982456
5120	0.00874635568513
17008	0.00874635568513
5056	0.00873362445415
39366	0.00873362445415
41555	0.00873362445415
38203	0.00872410032715
256	0.00869565217391
1489	0.00869565217391
10973	0.00869565217391
14716	0.00869565217391
24067	0.00869565217391
27019	0.00869565217391
33544	0.00869565217391
34104	0.00869565217391
41015	0.00869565217391
23388	0.00865800865801
29399	0.00865800865801
1309	0.00862068965517
15188	0.00862068965517
17922	0.00862068965517
20752	0.00862068965517
30185	0.00862068965517
32509	0.00862068965517
39286	0.00862068965517
41521	0.00862068965517
48662	0.00862068965517
53168	0.00862068965517
30899	0.00859950859951
4489	0.0085910652921
28832	0.00858369098712
41012	0.00858369098712
253	0.00854700854701
876	0.00854700854701
913	0.00854700854701
3861	0.00854700854701
5697	0.00854700854701
17383	0.00854700854701
21583	0.00854700854701
38338	0.00854700854701
41370	0.00854700854701
51209	0.00854700854701
51892	0.00854700854701
52362	0.00854700854701
1119	0.00853658536585
1252	0.00847457627119
3488	0.00847457627119
3619	0.00847457627119
4752	0.00847457627119
5916	0.00847457627119
14303	0.00847457627119
20529	0.00847457627119
26592	0.00847457627119
27033	0.00847457627119
31962	0.00847457627119
33564	0.00847457627119
34443	0.00847457627119
38585	0.00847457627119
41086	0.00847457627119
41934	0.00847457627119
46493	0.00847457627119
52645	0.00847457627119
4764	0.00846262341326
9538	0.00845308537616
41000	0.00845070422535
7312	0.0084388185654
4708	0.00842696629213
28407	0.00841750841751
3182	0.00840336134454
3194	0.00840336134454
4174	0.00840336134454
13742	0.00840336134454
22601	0.00840336134454
27045	0.00840336134454
31692	0.00840336134454
31891	0.00840336134454
33751	0.00840336134454
34929	0.00840336134454
38795	0.00840336134454
39136	0.00840336134454
51590	0.00840336134454
52283	0.00840336134454
18584	0.0083932853717
5918	0.00836820083682
49394	0.00836820083682
50863	0.00836820083682
11727	0.00834105653383
1323	0.00833333333333
9288	0.00833333333333
11866	0.00833333333333
25092	0.00833333333333
41200	0.00833333333333
41618	0.00833333333333
49448	0.00833333333333
49791	0.00833333333333
51563	0.00833333333333
52357	0.00833333333333
1361	0.00829875518672
22579	0.00828729281768
309	0.00826446280992
5023	0.00826446280992
15009	0.00826446280992
23514	0.00826446280992
23990	0.00826446280992
31494	0.00826446280992
36366	0.00826446280992
51079	0.00826446280992
51228	0.00826446280992
51707	0.00826446280992
15228	0.00824742268041
22383	0.00824742268041
18960	0.00823529411765
41045	0.0082304526749
52697	0.0082304526749
10250	0.00821917808219
11169	0.0082135523614
3575	0.00819672131148
14839	0.00819672131148
15602	0.00819672131148
20010	0.00819672131148
23786	0.00819672131148
25027	0.00819672131148
25169	0.00819672131148
25413	0.00819672131148
29852	0.00819672131148
41058	0.00819672131148
41167	0.00819672131148
41655	0.00819672131148
42514	0.00819672131148
43337	0.00819672131148
18301	0.00817438692098
1743	0.00816993464052
50851	0.00816326530612
51721	0.00816326530612
41003	0.0081466395112
1975	0.00813008130081
4523	0.00813008130081
4836	0.00813008130081
6305	0.00813008130081
6375	0.00813008130081
11760	0.00813008130081
11784	0.00813008130081
23643	0.00813008130081
28805	0.00813008130081
29356	0.00813008130081
33639	0.00813008130081
34367	0.00813008130081
40819	0.00813008130081
42555	0.00813008130081
46277	0.00813008130081
41034	0.00810810810811
33377	0.0080971659919
39209	0.0080971659919
2333	0.00808625336927
25078	0.00808625336927
1132	0.00806451612903
2544	0.00806451612903
2681	0.00806451612903
4929	0.00806451612903
47448	0.00806451612903
50506	0.00806451612903
53039	0.00806451612903
55841	0.00806451612903
29854	0.00804289544236
40977	0.00803212851406
40978	0.00803212851406
1753	0.008
3531	0.008
4541	0.008
4998	0.008
6369	0.008
11774	0.008
13313	0.008
17886	0.008
34096	0.008
34897	0.008
40318	0.008
41137	0.008
41426	0.008
51573	0.008
52350	0.008
25324	0.00797872340426
6816	0.00796812749004
41274	0.00796812749004
7115	0.00793650793651
13960	0.00793650793651
17389	0.00793650793651
19695	0.00793650793651
22231	0.00793650793651
33572	0.00793650793651
40869	0.00793650793651
41799	0.00793650793651
50855	0.00793650793651
59684	0.00793650793651
59879	0.00793650793651
25051	0.00790513833992
36392	0.00790513833992
24922	0.00787401574803
28141	0.00787401574803
29583	0.00787401574803
32074	0.00787401574803
32626	0.00787401574803
42194	0.00787401574803
42320	0.00787401574803
43749	0.00787401574803
4518	0.00786713286713
2326	0.00786163522013
4057	0.0078431372549
20416	0.00782472613459
11	0.0078125
4876	0.0078125
4900	0.0078125
17764	0.0078125
18456	0.0078125
20669	0.0078125
26251	0.0078125
33495	0.0078125
41084	0.0078125
42053	0.0078125
47633	0.0078125
52521	0.0078125
879	0.00779220779221
38206	0.00778210116732
41097	0.00777202072539
4655	0.00776240296996
17711	0.0077519379845
20636	0.0077519379845
23789	0.0077519379845
28830	0.0077519379845
34356	0.0077519379845
37060	0.0077519379845
39288	0.0077519379845
41270	0.0077519379845
41715	0.0077519379845
41807	0.0077519379845
42135	0.0077519379845
43828	0.0077519379845
25738	0.00772532188841
30805	0.00772200772201
41353	0.00772200772201
397	0.00769230769231
2361	0.00769230769231
11250	0.00769230769231
14730	0.00769230769231
27649	0.00769230769231
43325	0.00769230769231
50553	0.00769230769231
51139	0.00769230769231
2745	0.00767620376832
50933	0.0076726342711
28633	0.00766283524904
6330	0.00763358778626
16846	0.00763358778626
34373	0.00763358778626
49392	0.00763358778626
50936	0.00763358778626
51011	0.00763358778626
9135	0.00759493670886
1272	0.00757575757576
4153	0.00757575757576
5113	0.00757575757576
5603	0.00757575757576
9138	0.00757575757576
13111	0.00757575757576
41704	0.00757575757576
41943	0.00757575757576
51854	0.00757575757576
869	0.0075720566683
38584	0.00755287009063
47628	0.00754716981132
26602	0.00753012048193
1438	0.00751879699248
31720	0.00751879699248
41023	0.00751879699248
41136	0.00751879699248
41519	0.00751879699248
1497	0.0074986609534
4654	0.00749464668094
34145	0.00749063670412
21797	0.00747663551402
6304	0.00746268656716
27582	0.00746268656716
31011	0.00746268656716
41640	0.00746268656716
50330	0.00746268656716
10287	0.00743494423792
30835	0.00743494423792
867	0.00740740740741
8729	0.00740740740741
20630	0.00740740740741
25091	0.00740740740741
33971	0.00740740740741
34210	0.00740740740741
41179	0.00740740740741
41225	0.00740740740741
41826	0.00740740740741
50923	0.00740740740741
59890	0.00740740740741
31440	0.00738310090238
512	0.00735294117647
15986	0.00735294117647
29855	0.00735294117647
33552	0.00735294117647
36537	0.00735294117647
40036	0.00735294117647
41245	0.00735294117647
49689	0.00735294117647
1921	0.00732600732601
7340	0.0073145245559
9642	0.00729927007299
17147	0.00729927007299
20875	0.00729927007299
28821	0.00729927007299
32411	0.00729927007299
60005	0.00729927007299
41010	0.00728155339806
42156	0.00728155339806
33895	0.00727272727273
37427	0.00727272727273
2164	0.00724637681159
4005	0.00724637681159
10045	0.00724637681159
10397	0.00724637681159
11239	0.00724637681159
13829	0.00724637681159
14646	0.00724637681159
37947	0.00724637681159
39140	0.00724637681159
41328	0.00724637681159
5112	0.00723208415516
19601	0.00722543352601
30269	0.00720720720721
6904	0.00719424460432
10803	0.00719424460432
30925	0.00719424460432
35245	0.00719424460432
3312	0.00716845878136
921	0.00715563506261
8732	0.00715563506261
10789	0.00714285714286
16956	0.00714285714286
36976	0.00714285714286
51041	0.00714285714286
51096	0.00714285714286
59505	0.00714285714286
19598	0.00709677419355
3006	0.00709219858156
18641	0.00709219858156
25834	0.00709219858156
30923	0.00709219858156
38701	0.00709219858156
39709	0.00707547169811
6427	0.00705052878966
1096	0.00704225352113
14686	0.00704225352113
19429	0.00704225352113
41392	0.00704225352113
44486	0.00704225352113
50812	0.00704225352113
50944	0.00704225352113
2613	0.0070126227209
2186	0.00700280112045
29277	0.00700116686114
1232	0.00699300699301
1324	0.00699300699301
4775	0.00699300699301
17015	0.00699300699301
41056	0.00699300699301
41354	0.00699300699301
48902	0.00699300699301
893	0.00697906281157
4846	0.00697674418605
2152	0.00696864111498
29992	0.00696864111498
44184	0.00696864111498
35178	0.00695652173913
83	0.00694444444444
7420	0.00694444444444
18199	0.00694444444444
22877	0.00694444444444
28673	0.00694444444444
41208	0.00694444444444
41425	0.00694444444444
49397	0.00694444444444
51340	0.00694444444444
53361	0.00694444444444
35563	0.00694160881993
22744	0.00693842150911
10251	0.00692041522491
18307	0.00692041522491
19288	0.00692041522491
28128	0.00692041522491
29372	0.00692041522491
40334	0.00692041522491
1028	0.00689655172414
1362	0.00689655172414
2313	0.00689655172414
17554	0.00689655172414
34391	0.00689655172414
41326	0.00689655172414
2312	0.00687285223368
50864	0.00687285223368
40987	0.00685871056241
2757	0.00684931506849
3826	0.00684931506849
7427	0.00684931506849
13098	0.00684931506849
15288	0.00684931506849
19111	0.00684931506849
22319	0.00684931506849
33481	0.00684931506849
38078	0.00684931506849
39602	0.00684931506849
42019	0.00684931506849
42977	0.00684931506849
51988	0.00684931506849
13056	0.00682593856655
39785	0.00682261208577
41027	0.00681818181818
4173	0.00680272108844
7062	0.00680272108844
13418	0.00680272108844
27207	0.00680272108844
27934	0.00680272108844
29394	0.00680272108844
29567	0.00680272108844
51313	0.00680272108844
53377	0.00680272108844
995	0.00675675675676
8246	0.00675675675676
14698	0.00675675675676
37775	0.00675675675676
39771	0.00675675675676
41279	0.00675675675676
1087	0.00671140939597
3139	0.00671140939597
13149	0.00671140939597
22408	0.00671140939597
22690	0.00671140939597
27209	0.00671140939597
30845	0.00671140939597
36398	0.00671140939597
41099	0.00671140939597
41793	0.00671140939597
47050	0.00671140939597
13955	0.00670016750419
41705	0.0066889632107
2171	0.00666666666667
11297	0.00666666666667
13952	0.00666666666667
17986	0.00666666666667
34143	0.00666666666667
40289	0.00666666666667
41108	0.00666666666667
41536	0.00666666666667
8397	0.00665188470067
7390	0.00664451827243
27094	0.00664451827243
41061	0.00664451827243
100	0.00662251655629
3059	0.00662251655629
10047	0.00662251655629
32809	0.00662251655629
51281	0.00662251655629
53000	0.00662251655629
8709	0.0066181336863
4070	0.00657894736842
27048	0.00657894736842
35920	0.00657894736842
41116	0.00657894736842
41417	0.00657894736842
31830	0.00656455142232
41068	0.00656044985942
1048	0.00653594771242
11381	0.00653594771242
21550	0.00653594771242
49749	0.00653594771242
31400	0.00651465798046
32832	0.00651465798046
5575	0.00649350649351
12646	0.00649350649351
39585	0.00649350649351
53134	0.00649350649351
28286	0.00647249190939
10162	0.00645161290323
27087	0.00645161290323
41152	0.00645161290323
43785	0.00645161290323
41016	0.00644699140401
11004	0.00641025641026
13633	0.00641025641026
28820	0.00641025641026
32120	0.00641025641026
39323	0.00641025641026
51274	0.00641025641026
3991	0.00638977635783
3720	0.00637755102041
1399	0.00636942675159
12830	0.00636942675159
13058	0.00636942675159
16194	0.00636942675159
16831	0.00636942675159
30585	0.00636942675159
20075	0.00635593220339
16447	0.00634249471459
11060	0.00632911392405
18130	0.00632911392405
28055	0.00632911392405
32318	0.00632911392405
41468	0.00632911392405
7175	0.0062893081761
7214	0.0062893081761
17904	0.0062893081761
21545	0.00627615062762
4121	0.00625978090767
2411	0.00625
4035	0.00625
30635	0.00625
34607	0.00625
38820	0.00625
52555	0.00625
4916	0.00624442462087
1928	0.00623052959502
41154	0.00623052959502
37961	0.00621118012422
5231	0.00620475698035
9200	0.00619834710744
4625	0.00617283950617
51415	0.00617283950617
3419	0.00616016427105
12423	0.00614754098361
35703	0.00614754098361
5512	0.00613496932515
8681	0.00613496932515
23337	0.00613496932515
37800	0.00613496932515
50105	0.00613496932515
33762	0.00612244897959
41307	0.00611620795107
2028	0.00609756097561
9646	0.00609756097561
27288	0.00609756097561
39874	0.00609756097561
4937	0.00606673407482
2829	0.00606060606061
15638	0.00606060606061
1902	0.00604229607251
3957	0.00602409638554
13067	0.00602409638554
14459	0.00602409638554
27642	0.00602409638554
36594	0.00602409638554
29309	0.006
3436	0.0059880239521
13119	0.0059880239521
13621	0.0059880239521
17318	0.0059880239521
34350	0.0059880239521
12121	0.00597014925373
25113	0.00597014925373
2610	0.00595238095238
27952	0.00595238095238
38987	0.00593471810089
12969	0.00592216582064
1039	0.00591715976331
11519	0.00591715976331
12585	0.00591715976331
13121	0.00591715976331
26098	0.00591715976331
2776	0.00588235294118
41066	0.00588235294118
41972	0.00588235294118
51676	0.00588235294118
1364	0.0058651026393
16927	0.0058651026393
4578	0.00585729499468
17483	0.00584795321637
35047	0.00584795321637
27906	0.00583090379009
3365	0.00582750582751
874	0.00581395348837
12467	0.00581395348837
14833	0.00581395348837
41832	0.00581395348837
52802	0.00581395348837
4337	0.00578034682081
10096	0.00578034682081
11196	0.00574712643678
17152	0.00574712643678
23440	0.00574712643678
33922	0.00574712643678
34522	0.00574712643678
40982	0.00574712643678
51575	0.00574712643678
52525	0.00574712643678
1655	0.00573065902579
18361	0.00573065902579
3729	0.00571428571429
4868	0.00571428571429
13036	0.00571428571429
35100	0.00571428571429
37557	0.00571428571429
40986	0.00571428571429
42145	0.00571428571429
53344	0.00571428571429
38959	0.00569800569801
17637	0.00568181818182
24457	0.00568181818182
32895	0.00568181818182
49398	0.00568181818182
511	0.0056657223796
41156	0.0056657223796
50868	0.00564971751412
51117	0.00564971751412
33841	0.00563909774436
30980	0.00563697857948
19314	0.00561797752809
35019	0.00561797752809
35199	0.00561797752809
40965	0.0056134723336
3733	0.00560747663551
5503	0.00560224089636
39546	0.00560224089636
41165	0.00560224089636
9647	0.00558659217877
12511	0.00558659217877
15233	0.00558659217877
3535	0.00557103064067
11232	0.00557103064067
41059	0.00555555555556
2030	0.00554016620499
5157	0.00553041729512
24373	0.00552486187845
43200	0.00552486187845
51680	0.00552486187845
3260	0.00550964187328
29591	0.00550964187328
4485	0.00549450549451
7349	0.00549450549451
16912	0.00549450549451
18283	0.00549450549451
21989	0.00549450549451
33405	0.00549450549451
50883	0.00549450549451
37198	0.00547945205479
23222	0.00546448087432
40942	0.00546448087432
41985	0.00546448087432
42531	0.00546448087432
59661	0.00546448087432
456	0.0054347826087
1700	0.0054347826087
39548	0.0054347826087
2574	0.00540540540541
8210	0.00540540540541
2007	0.00538793103448
11887	0.00537634408602
13064	0.00537634408602
18340	0.00537634408602
51159	0.00537634408602
21906	0.00536193029491
107	0.00534759358289
3788	0.00534759358289
13642	0.00534759358289
34217	0.00534759358289
40482	0.00534759358289
51029	0.00534759358289
59506	0.00534759358289
32612	0.00533807829181
7344	0.00531914893617
17915	0.00531914893617
51145	0.00531914893617
51838	0.00531914893617
47774	0.0053050397878
12998	0.00529100529101
18835	0.00529100529101
22026	0.00529100529101
41391	0.00529100529101
50987	0.00529100529101
51025	0.00529100529101
35136	0.00528169014085
2588	0.00526315789474
6679	0.00526315789474
22018	0.00526315789474
40489	0.00526315789474
18613	0.00524737631184
28742	0.00521920668058
5622	0.00520833333333
11201	0.00520833333333
26890	0.00520833333333
48076	0.00520833333333
38932	0.00519480519481
12149	0.00518134715026
14206	0.00518134715026
26579	0.00518134715026
40992	0.00518134715026
3133	0.00517464424321
9488	0.00515463917526
26085	0.00515463917526
39360	0.00515463917526
51394	0.00515463917526
51485	0.00515463917526
2660	0.00512820512821
9586	0.00512820512821
20675	0.00512820512821
32087	0.00512820512821
35162	0.00512820512821
44599	0.00512820512821
50897	0.00512820512821
16917	0.00511508951407
2381	0.00510855683269
8466	0.00507614213198
21323	0.00507614213198
27949	0.00506329113924
7442	0.00505050505051
28700	0.00505050505051
41040	0.00502512562814
41088	0.00502512562814
18777	0.00501672240803
29863	0.00501672240803
14207	0.005
16516	0.005
51197	0.005
51213	0.005
23248	0.00497512437811
30901	0.00497512437811
8724	0.0049504950495
41177	0.0049504950495
25376	0.00492610837438
37238	0.00492610837438
41546	0.00492610837438
452	0.00487804878049
5367	0.00487804878049
41031	0.00486618004866
6772	0.00485436893204
10987	0.00485436893204
21557	0.00485436893204
23642	0.00485436893204
24173	0.00485436893204
32042	0.00485436893204
11749	0.0048309178744
12188	0.0048309178744
33879	0.0048309178744
16273	0.00480769230769
41610	0.00480769230769
44456	0.00480769230769
14253	0.0047619047619
30982	0.0047619047619
3204	0.00473933649289
51112	0.00473933649289
41227	0.00471698113208
50980	0.00471698113208
24684	0.00470588235294
3250	0.00467289719626
29902	0.00467289719626
32188	0.00465838509317
2216	0.0046511627907
41092	0.00461893764434
20800	0.00460829493088
41102	0.00460829493088
11314	0.0045871559633
13317	0.0045871559633
41467	0.0045871559633
3288	0.00456621004566
29360	0.00456621004566
32418	0.00454545454545
32738	0.00454545454545
41071	0.00454545454545
27525	0.00453514739229
7956	0.00452488687783
40541	0.00452488687783
41047	0.00452488687783
51697	0.00452488687783
900	0.00451807228916
1853	0.0045045045045
5553	0.00447427293065
2595	0.00446428571429
12824	0.00446428571429
7533	0.00444444444444
59604	0.00444444444444
11778	0.00443458980044
52029	0.00442477876106
1135	0.00440528634361
27529	0.00440528634361
4430	0.004402054292
41308	0.00438596491228
42328	0.00438596491228
22251	0.00436681222707
28290	0.00436681222707
20802	0.00434782608696
28610	0.00434782608696
3499	0.00431965442765
3827	0.00429184549356
3859	0.00429184549356
21458	0.0042735042735
11165	0.00425531914894
5519	0.00425170068027
9656	0.00423131170663
11230	0.00416666666667
17346	0.00416666666667
3280	0.004158004158
53069	0.00414937759336
4137	0.00411522633745
51099	0.00411522633745
13933	0.00408163265306
37660	0.00408163265306
42374	0.00408163265306
52258	0.00406504065041
19599	0.00404858299595
33634	0.00404858299595
26934	0.004
23782	0.00399201596806
41134	0.00398406374502
31879	0.00396825396825
38493	0.00396825396825
19201	0.00392156862745
41329	0.00392156862745
39549	0.00391389432485
17068	0.00389105058366
44281	0.00389105058366
51724	0.00389105058366
22717	0.003861003861
27927	0.003861003861
41355	0.003861003861
52471	0.003861003861
4327	0.00384615384615
23742	0.00384615384615
37104	0.00383141762452
51173	0.00381679389313
37762	0.00380228136882
17952	0.00375939849624
50327	0.00374531835206
41164	0.0037037037037
4339	0.00369003690037
34369	0.00369003690037
44117	0.00369003690037
6803	0.003663003663
27358	0.00363636363636
31312	0.00359712230216
6789	0.00355871886121
41347	0.00355871886121
13318	0.00354609929078
26508	0.00353356890459
13935	0.00352112676056
26416	0.0034965034965
17790	0.00348432055749
37426	0.00348432055749
39852	0.00347222222222
41095	0.00347222222222
18556	0.00346020761246
21801	0.00343642611684
40980	0.00342465753425
4399	0.00338983050847
28443	0.00337837837838
5599	0.00335570469799
24017	0.00334448160535
41065	0.00333333333333
25414	0.00332225913621
41364	0.003300330033
41368	0.00326797385621
38293	0.00324675324675
25937	0.00323624595469
11746	0.00322580645161
29724	0.0032154340836
42609	0.00320512820513
3445	0.00319488817891
42912	0.00316455696203
6954	0.00314465408805
29145	0.00311526479751
18699	0.0030959752322
14115	0.00307692307692
34637	0.00307692307692
34548	0.00306748466258
51027	0.0030487804878
1064	0.00303490136571
1984	0.0030303030303
1918	0.00302114803625
37225	0.003003003003
50901	0.003003003003
2	0.00297914597815
40979	0.00295857988166
41243	0.00292397660819
14140	0.00280112044818
41029	0.00279329608939
28810	0.00276243093923
2142	0.00273224043716
11307	0.00271002710027
29453	0.00268096514745
47611	0.00268096514745
9252	0.00263157894737
27651	0.00262467191601
216	0.00261096605744
9251	0.0025974025974
23265	0.00259067357513
51989	0.00258397932817
14352	0.00256739409499
38822	0.00253807106599
24522	0.00250626566416
19547	0.00248138957816
1113	0.00230414746544
35045	0.0022271714922
562	0.00217864923747
32862	0.00178571428571
