15978	1.0
22504	1.0
23351	1.0
35799	1.0
2462	0.5
27100	0.5
56197	0.5
9398	0.333333333333
22482	0.333333333333
23377	0.333333333333
52158	0.333333333333
57559	0.25
9133	0.2
10121	0.2
13262	0.2
22692	0.2
19791	0.166666666667
46684	0.166666666667
23276	0.142857142857
24586	0.142857142857
28648	0.142857142857
10245	0.125
12046	0.125
24363	0.125
42804	0.125
13031	0.111111111111
17720	0.111111111111
4786	0.1
27039	0.0909090909091
31749	0.0909090909091
34937	0.0833333333333
18064	0.0769230769231
43060	0.0769230769231
52069	0.0769230769231
9286	0.0714285714286
37743	0.0714285714286
42784	0.0714285714286
43425	0.0714285714286
10145	0.0666666666667
51715	0.0666666666667
52306	0.0666666666667
17317	0.0555555555556
2643	0.0526315789474
19182	0.0526315789474
25066	0.0526315789474
51970	0.05
4837	0.047619047619
6600	0.047619047619
10976	0.047619047619
27047	0.047619047619
29276	0.047619047619
41630	0.0454545454545
32096	0.0434782608696
22009	0.0416666666667
36416	0.0416666666667
34505	0.04
58638	0.0384615384615
3589	0.0357142857143
9971	0.0344827586207
48552	0.0344827586207
59	0.0333333333333
23456	0.0333333333333
30453	0.0333333333333
59554	0.0333333333333
34794	0.0322580645161
31907	0.03125
1972	0.030303030303
9052	0.0294117647059
22858	0.0277777777778
26909	0.0277777777778
16397	0.0263157894737
21349	0.0263157894737
25623	0.025641025641
42044	0.025641025641
1973	0.0243902439024
15963	0.0238095238095
22663	0.0238095238095
9444	0.0227272727273
35926	0.0222222222222
1976	0.0212765957447
17734	0.0208333333333
9309	0.0196078431373
3858	0.0188679245283
41075	0.0185185185185
33301	0.0181818181818
6036	0.0175438596491
30973	0.016393442623
40307	0.016393442623
53004	0.0161290322581
41122	0.0151515151515
41241	0.0151515151515
51470	0.0149253731343
43522	0.0144927536232
16145	0.013698630137
18317	0.0131578947368
51114	0.012987012987
51193	0.012987012987
23619	0.0125
27045	0.0114942528736
13927	0.0113636363636
34933	0.010752688172
52521	0.0104166666667
26741	0.01
28298	0.00990099009901
47430	0.00980392156863
41179	0.00970873786408
26674	0.00925925925926
18276	0.00900900900901
53361	0.00892857142857
1954	0.00847457627119
21657	0.00847457627119
41108	0.00847457627119
41819	0.00847457627119
49749	0.00826446280992
2850	0.00819672131148
11087	0.00819672131148
51266	0.0078125
27226	0.00763358778626
27910	0.00763358778626
38657	0.00757575757576
13621	0.00740740740741
37747	0.00735294117647
10096	0.00709219858156
11172	0.00709219858156
11196	0.00704225352113
51575	0.00704225352113
32895	0.00694444444444
3533	0.00671140939597
51029	0.00645161290323
50652	0.00641025641026
40625	0.00613496932515
40975	0.00609756097561
40976	0.00595238095238
51197	0.00595238095238
52065	0.00591715976331
36967	0.00571428571429
24889	0.00564971751412
4733	0.00558659217877
22524	0.0054347826087
27529	0.00512820512821
10166	0.00510204081633
41025	0.00507614213198
41366	0.00497512437811
21458	0.0049504950495
11165	0.00492610837438
41146	0.00469483568075
41140	0.00456621004566
21648	0.00446428571429
15207	0.00403225806452
38080	0.00392156862745
2152	0.00390625
29992	0.00390625
40334	0.00387596899225
28443	0.00378787878788
27094	0.0037037037037
4242	0.00369003690037
5460	0.0036496350365
28055	0.00350877192982
6954	0.0034965034965
41042	0.00342465753425
51156	0.00331125827815
118	0.00328947368421
17715	0.00322580645161
41015	0.0031746031746
511	0.00310559006211
17987	0.00308641975309
41029	0.00306748466258
3943	0.0030303030303
4485	0.003003003003
41034	0.00294117647059
25078	0.00293255131965
47774	0.0028901734104
41132	0.00284090909091
51989	0.00281690140845
41050	0.00279329608939
16420	0.0027397260274
35809	0.00273224043716
29218	0.00271002710027
35514	0.00265957446809
10987	0.00262467191601
12388	0.00239808153477
7300	0.00239234449761
11778	0.00238095238095
3827	0.00229885057471
1399	0.00226757369615
41044	0.00218340611354
41003	0.0021645021645
25051	0.0020964360587
41109	0.0020366598778
27489	0.00185528756957
21745	0.00183486238532
949	0.00178890876565
11655	0.00172711571675
1743	0.00171232876712
38925	0.00171232876712
7261	0.00168918918919
26863	0.0016583747927
7175	0.00164744645799
1064	0.0015923566879
900	0.00157728706625
25113	0.0015600624025
23150	0.00155763239875
992	0.00153846153846
1135	0.00153609831029
2613	0.0014598540146
4708	0.0014598540146
2037	0.00143061516452
7419	0.00138121546961
3133	0.00134408602151
35345	0.00132978723404
1422	0.00132625994695
1680	0.00130208333333
1628	0.00125786163522
36398	0.000983284169125
41068	0.000960614793468
11727	0.000947867298578
4916	0.000913242009132
2840	0.000889679715302
9538	0.000862068965517
18777	0.000855431993157
6812	0.000822368421053
40965	0.000819000819001
4846	0.000789889415482
868	0.000772797527048
26602	0.000766283524904
5432	0.000699300699301
22383	0.000697350069735
8709	0.000672043010753
13111	0.000589622641509
38793	0.000582411182295
1503	0.000559284116331
5231	0.000522739153163
5157	0.000508388408744
893	0.000503271263211
7312	0.000472143531634
26805	0.00044662795891
4518	0.000439947206335
35563	0.000411015207563
4655	0.000338638672536
6427	0.000294550810015
869	0.000244379276637
