3713	0.333333333333
16165	0.333333333333
37714	0.333333333333
49722	0.333333333333
54246	0.333333333333
55038	0.333333333333
16601	0.25
17472	0.25
30148	0.25
38462	0.25
43628	0.25
45272	0.25
22371	0.2
36804	0.2
57207	0.2
5449	0.166666666667
9660	0.166666666667
19297	0.166666666667
23812	0.166666666667
33658	0.166666666667
47091	0.166666666667
52304	0.166666666667
58559	0.166666666667
9946	0.142857142857
42470	0.142857142857
50703	0.142857142857
11364	0.125
13144	0.125
28007	0.125
31085	0.125
32993	0.125
35295	0.125
35649	0.125
36303	0.125
46352	0.125
56830	0.125
59444	0.125
21429	0.111111111111
49952	0.111111111111
23589	0.1
26284	0.1
60295	0.1
6187	0.0909090909091
18309	0.0909090909091
23200	0.0909090909091
30683	0.0909090909091
32681	0.0909090909091
37545	0.0909090909091
42472	0.0909090909091
13872	0.0833333333333
35673	0.0833333333333
48008	0.0833333333333
49902	0.0833333333333
52813	0.0833333333333
3931	0.0769230769231
43172	0.0769230769231
18320	0.0714285714286
20941	0.0714285714286
32570	0.0714285714286
5442	0.0666666666667
10124	0.0666666666667
13786	0.0666666666667
35153	0.0666666666667
49832	0.0666666666667
5030	0.0625
6397	0.0625
50048	0.0625
60387	0.0625
11329	0.0588235294118
16585	0.0588235294118
40663	0.0588235294118
50751	0.0588235294118
12001	0.0555555555556
34122	0.0555555555556
16446	0.0526315789474
27907	0.0526315789474
28788	0.0526315789474
45142	0.0526315789474
59843	0.0526315789474
861	0.05
11536	0.05
11555	0.05
21701	0.05
60242	0.05
11392	0.047619047619
48630	0.047619047619
49284	0.047619047619
52387	0.047619047619
18217	0.0454545454545
35497	0.0454545454545
45085	0.0454545454545
52534	0.0454545454545
56078	0.0454545454545
56814	0.0434782608696
6576	0.0416666666667
13988	0.0416666666667
14677	0.0416666666667
22567	0.0416666666667
42519	0.0416666666667
1542	0.04
36266	0.04
37534	0.04
43532	0.04
50965	0.04
51717	0.04
21709	0.0384615384615
25086	0.0384615384615
15015	0.037037037037
43127	0.0357142857143
33662	0.0344827586207
795	0.0333333333333
3852	0.0333333333333
28789	0.0333333333333
34360	0.0333333333333
41748	0.0333333333333
51175	0.0333333333333
15198	0.0322580645161
31374	0.03125
34211	0.03125
43213	0.03125
21933	0.030303030303
37293	0.030303030303
11160	0.0294117647059
53242	0.0294117647059
13298	0.0285714285714
18334	0.0285714285714
21043	0.0285714285714
41892	0.0285714285714
43755	0.0285714285714
50850	0.0285714285714
41773	0.0281690140845
6391	0.0277777777778
36024	0.0277777777778
39582	0.0277777777778
44111	0.0277777777778
59957	0.0277777777778
4305	0.027027027027
7325	0.027027027027
12831	0.027027027027
53297	0.027027027027
2772	0.0263157894737
17982	0.0263157894737
33788	0.0263157894737
42073	0.025641025641
45345	0.025641025641
53158	0.025641025641
11761	0.025
35155	0.025
40862	0.025
47012	0.025
44862	0.0238095238095
49431	0.0238095238095
51777	0.0238095238095
12819	0.0232558139535
34094	0.0232558139535
1354	0.0227272727273
41471	0.0227272727273
44500	0.0227272727273
3114	0.0222222222222
13125	0.0222222222222
22271	0.0222222222222
42505	0.0222222222222
7430	0.0217391304348
11123	0.0217391304348
59533	0.0217391304348
16943	0.0212765957447
34108	0.0212765957447
51983	0.0212765957447
18492	0.0208333333333
52336	0.0208333333333
53407	0.0208333333333
39657	0.0204081632653
14667	0.02
363	0.0196078431373
34785	0.0196078431373
42309	0.0196078431373
4524	0.0192307692308
43585	0.0192307692308
4668	0.0188679245283
22252	0.0188679245283
4194	0.0185185185185
41150	0.0185185185185
28300	0.0181818181818
28721	0.0181818181818
41762	0.0181818181818
1097	0.0172413793103
12860	0.0172413793103
4804	0.0169491525424
52309	0.0169491525424
6906	0.0166666666667
41527	0.0166666666667
52962	0.0166666666667
2096	0.016393442623
26940	0.016393442623
11087	0.0162601626016
32974	0.0161290322581
36395	0.0161290322581
19572	0.015873015873
35117	0.015873015873
41620	0.015873015873
18119	0.015625
50994	0.015625
51746	0.0153846153846
18773	0.0151515151515
35480	0.0151515151515
39782	0.0151515151515
41754	0.0151515151515
11079	0.0149253731343
51154	0.0149253731343
14527	0.0147058823529
15197	0.0147058823529
38547	0.0147058823529
451	0.0144927536232
25555	0.0144927536232
49465	0.0144927536232
41175	0.0142857142857
41856	0.0140845070423
283	0.0138888888889
29366	0.013698630137
31313	0.0135135135135
41142	0.0133333333333
41191	0.0128205128205
36606	0.0126582278481
41629	0.0125
33599	0.0123456790123
40975	0.0121212121212
2245	0.0120481927711
18231	0.0120481927711
41113	0.0120481927711
42326	0.0120481927711
33544	0.0117647058824
39510	0.0116279069767
377	0.0114942528736
3861	0.0114942528736
17383	0.0114942528736
34715	0.0114942528736
51209	0.0114942528736
52362	0.0114942528736
4752	0.0113636363636
42363	0.0111111111111
6254	0.010989010989
14832	0.010989010989
31494	0.010989010989
49350	0.010989010989
51337	0.010989010989
59627	0.010989010989
9715	0.0108695652174
21312	0.010752688172
53039	0.0106382978723
11748	0.0105263157895
13891	0.0105263157895
34933	0.0105263157895
36275	0.0105263157895
1853	0.0104712041885
26531	0.0104166666667
33775	0.0104166666667
32074	0.0103092783505
43749	0.0103092783505
20669	0.0102040816327
50250	0.0102040816327
3317	0.010101010101
39002	0.01
44035	0.00990099009901
5603	0.00980392156863
41136	0.00970873786408
41322	0.00970873786408
41338	0.00970873786408
11871	0.00961538461538
14275	0.00952380952381
33510	0.00934579439252
12167	0.00917431192661
37184	0.00900900900901
1096	0.00892857142857
50812	0.00892857142857
46619	0.00884955752212
2071	0.00877192982456
15325	0.00877192982456
53361	0.00877192982456
7357	0.00862068965517
51666	0.00854700854701
14502	0.00847457627119
2264	0.00840336134454
41793	0.00840336134454
1169	0.00826446280992
761	0.00819672131148
3793	0.00819672131148
5618	0.00819672131148
15782	0.00819672131148
32457	0.00813008130081
5575	0.00806451612903
22798	0.00806451612903
51709	0.008
30585	0.00787401574803
6222	0.0078125
40344	0.0078125
30635	0.00769230769231
38907	0.00757575757576
9646	0.00746268656716
38657	0.00746268656716
14515	0.00740740740741
3957	0.00735294117647
27642	0.00735294117647
5012	0.00724637681159
50903	0.00724637681159
31400	0.0072202166065
14122	0.00714285714286
22684	0.00709219858156
874	0.00704225352113
618	0.00694444444444
23299	0.00694444444444
27899	0.00694444444444
41552	0.00689655172414
1928	0.00687285223368
24457	0.00684931506849
23999	0.00666666666667
254	0.00662251655629
43200	0.00662251655629
40942	0.00653594771242
7344	0.00632911392405
6679	0.00625
42954	0.00625
41062	0.00617283950617
41378	0.00617283950617
48076	0.00617283950617
31850	0.00609756097561
23285	0.00606060606061
27723	0.0059880239521
38763	0.00595238095238
51655	0.00591715976331
16516	0.00588235294118
41177	0.00581395348837
25376	0.00578034682081
41204	0.00578034682081
17277	0.00574712643678
2865	0.00558659217877
22524	0.00537634408602
17066	0.00534759358289
44433	0.00531914893617
40541	0.00523560209424
51697	0.00523560209424
3689	0.00520833333333
21321	0.00515463917526
7533	0.00512820512821
10166	0.00505050505051
29287	0.00505050505051
41308	0.00505050505051
20802	0.005
7303	0.00497512437811
1309	0.00492610837438
17946	0.00480769230769
5918	0.0047619047619
42374	0.0046511627907
40978	0.00454545454545
41091	0.00454545454545
32811	0.0045045045045
38493	0.0045045045045
41274	0.0045045045045
28043	0.00440528634361
4137	0.00438596491228
210	0.00434782608696
4327	0.00434782608696
41353	0.00434782608696
31170	0.00423728813559
27865	0.0042194092827
39383	0.0042194092827
39027	0.00420168067227
36392	0.00418410041841
52332	0.00418410041841
41164	0.00416666666667
23667	0.00408163265306
15207	0.004
5673	0.00396825396825
34199	0.00395256916996
41001	0.00390625
41208	0.003861003861
28128	0.00384615384615
40334	0.00384615384615
3116	0.00381679389313
2757	0.00380228136882
39602	0.00380228136882
51041	0.00375939849624
5599	0.00373134328358
13935	0.00371747211896
1676	0.00369003690037
11381	0.00361010830325
16449	0.00357142857143
50879	0.00353356890459
3991	0.00352112676056
23011	0.00346020761246
34637	0.00338983050847
34548	0.00337837837838
1239	0.003367003367
7444	0.003367003367
8681	0.003367003367
41307	0.00335570469799
41067	0.00331125827815
50901	0.003300330033
51156	0.00328947368421
41243	0.00320512820513
17008	0.0031746031746
25113	0.00311526479751
23150	0.00311041990669
38959	0.00310559006211
511	0.00308641975309
41029	0.0030487804878
41609	0.00302114803625
2030	0.00301204819277
28047	0.00301204819277
28810	0.00301204819277
3260	0.00299401197605
22579	0.00299401197605
29591	0.00299401197605
2142	0.00297619047619
34147	0.00296735905045
18301	0.00294985250737
4764	0.00292825768668
25078	0.00291545189504
33850	0.0028901734104
50957	0.0028901734104
41048	0.0028818443804
3733	0.00287631831256
742	0.00285714285714
7317	0.00282485875706
25453	0.00282485875706
41132	0.00282485875706
38932	0.00280898876404
879	0.00280112044818
11359	0.00280112044818
51989	0.00280112044818
38822	0.00274725274725
21323	0.0027397260274
16420	0.00272479564033
35514	0.0026455026455
23174	0.00253164556962
1628	0.00251256281407
1380	0.00248756218905
20173	0.00244498777506
41027	0.00242718446602
5553	0.00239234449761
11778	0.00236966824645
8397	0.00236406619385
497	0.002331002331
22251	0.002331002331
30980	0.00232558139535
3499	0.00230414746544
20075	0.00225225225225
45223	0.00223713646532
253	0.00219298245614
15228	0.00218340611354
12423	0.00217391304348
41044	0.00217391304348
33762	0.0021645021645
29309	0.0021186440678
1902	0.00206825232678
5768	0.0020366598778
41109	0.00202839756592
9647	0.00196463654224
40971	0.0019267822736
9826	0.00190839694656
32862	0.00188679245283
32612	0.00187265917603
35136	0.00185185185185
2333	0.00183486238532
37426	0.00183486238532
4489	0.00179856115108
1931	0.00179211469534
41074	0.00175438596491
1743	0.00170648464164
26863	0.00165289256198
2326	0.0016393442623
4121	0.0016339869281
12610	0.00163132137031
20416	0.00163132137031
32188	0.00162337662338
27809	0.0016077170418
13339	0.00160256410256
1064	0.0015873015873
900	0.00157232704403
26602	0.00153139356815
18613	0.00152788388083
5157	0.00152516522623
20542	0.0015243902439
4430	0.00149588631264
9656	0.0014684287812
41016	0.00145666423889
4708	0.00145560407569
2186	0.00145348837209
50863	0.0014450867052
26584	0.0014409221902
2037	0.00142653352354
33634	0.00140252454418
38492	0.00139664804469
7419	0.00137741046832
2419	0.00134770889488
3133	0.00134048257373
14352	0.00133333333333
35345	0.00132625994695
3720	0.00131926121372
18584	0.00123456790123
18960	0.00121065375303
34224	0.00111482720178
2898	0.00109649122807
18311	0.00108459869848
4578	0.00107700592353
28742	0.00107296137339
7340	0.0010718113612
9200	0.00106044538706
4937	0.00103734439834
2	0.00102145045965
4655	0.00101591601761
39785	0.000998003992016
36398	0.000981354268891
41068	0.000958772770853
5503	0.000956022944551
11727	0.000946073793756
7312	0.000943841434639
3933	0.000923361034164
34367	0.000921658986175
921	0.000913242009132
4916	0.000911577028259
40962	0.000901713255185
22744	0.000884955752212
25738	0.00087489063867
76	0.000836120401338
31440	0.000835421888053
22743	0.000821692686935
35563	0.000821692686935
40965	0.000817661488144
28051	0.000798084596967
4846	0.000788643533123
869	0.000733137829912
5432	0.000698324022346
22383	0.000696378830084
8709	0.000671140939597
5112	0.000666222518321
19598	0.000653594771242
1118	0.000645161290323
5204	0.000644329896907
6427	0.000588928150766
38793	0.000581733566027
1503	0.000558659217877
38203	0.000549752611325
1497	0.000540540540541
5231	0.000522193211488
893	0.000502765208648
4518	0.00043956043956
