13904	0.117647058824
24335	0.105263157895
10903	0.0909090909091
1225	0.0769230769231
6267	0.0714285714286
10163	0.0714285714286
11140	0.0714285714286
15957	0.0714285714286
17616	0.0714285714286
23486	0.0714285714286
23488	0.0714285714286
27830	0.0714285714286
28351	0.0714285714286
30464	0.0714285714286
31098	0.0714285714286
31967	0.0714285714286
32912	0.0714285714286
35806	0.0714285714286
39948	0.0714285714286
42146	0.0714285714286
49812	0.0714285714286
50339	0.0714285714286
52312	0.0714285714286
53397	0.0714285714286
53456	0.0714285714286
53557	0.0714285714286
53863	0.0714285714286
3615	0.0666666666667
5327	0.0666666666667
5776	0.0666666666667
8297	0.0666666666667
12367	0.0666666666667
12651	0.0666666666667
14339	0.0666666666667
14506	0.0666666666667
16024	0.0666666666667
19684	0.0666666666667
22286	0.0666666666667
23228	0.0666666666667
25101	0.0666666666667
26075	0.0666666666667
27961	0.0666666666667
28247	0.0666666666667
28986	0.0666666666667
29011	0.0666666666667
30334	0.0666666666667
34161	0.0666666666667
40229	0.0666666666667
45684	0.0666666666667
49417	0.0666666666667
49627	0.0666666666667
50282	0.0666666666667
50429	0.0666666666667
51706	0.0666666666667
53095	0.0666666666667
56763	0.0666666666667
56877	0.0666666666667
58847	0.0666666666667
59239	0.0666666666667
60286	0.0666666666667
60992	0.0666666666667
351	0.0625
1075	0.0625
6989	0.0625
10530	0.0625
12079	0.0625
12986	0.0625
13839	0.0625
14868	0.0625
15283	0.0625
15887	0.0625
18219	0.0625
18785	0.0625
21887	0.0625
22194	0.0625
23176	0.0625
25544	0.0625
29454	0.0625
30074	0.0625
31281	0.0625
32852	0.0625
34209	0.0625
34663	0.0625
36882	0.0625
38271	0.0625
39370	0.0625
44148	0.0625
44410	0.0625
44426	0.0625
45970	0.0625
45992	0.0625
46206	0.0625
47088	0.0625
49598	0.0625
53812	0.0625
58835	0.0625
60876	0.0625
10583	0.0606060606061
4435	0.0588235294118
6612	0.0588235294118
9727	0.0588235294118
9943	0.0588235294118
11330	0.0588235294118
12384	0.0588235294118
15382	0.0588235294118
15695	0.0588235294118
18444	0.0588235294118
20436	0.0588235294118
21877	0.0588235294118
22732	0.0588235294118
22769	0.0588235294118
23070	0.0588235294118
23804	0.0588235294118
25979	0.0588235294118
26496	0.0588235294118
28491	0.0588235294118
31369	0.0588235294118
36979	0.0588235294118
38066	0.0588235294118
38274	0.0588235294118
38962	0.0588235294118
41186	0.0588235294118
42523	0.0588235294118
44005	0.0588235294118
44226	0.0588235294118
47888	0.0588235294118
50255	0.0588235294118
55957	0.0588235294118
57666	0.0588235294118
60349	0.0588235294118
60541	0.0588235294118
720	0.0555555555556
9146	0.0555555555556
9681	0.0555555555556
13826	0.0555555555556
18894	0.0555555555556
19396	0.0555555555556
20091	0.0555555555556
20176	0.0555555555556
22072	0.0555555555556
22804	0.0555555555556
25999	0.0555555555556
28390	0.0555555555556
29352	0.0555555555556
30410	0.0555555555556
31297	0.0555555555556
31951	0.0555555555556
31997	0.0555555555556
32050	0.0555555555556
32370	0.0555555555556
32818	0.0555555555556
38216	0.0555555555556
40360	0.0555555555556
42656	0.0555555555556
43343	0.0555555555556
43825	0.0555555555556
43975	0.0555555555556
44131	0.0555555555556
49214	0.0555555555556
50114	0.0555555555556
50503	0.0555555555556
53043	0.0555555555556
55402	0.0555555555556
56620	0.0555555555556
1051	0.0526315789474
3091	0.0526315789474
3960	0.0526315789474
5588	0.0526315789474
6905	0.0526315789474
6962	0.0526315789474
7745	0.0526315789474
8737	0.0526315789474
9614	0.0526315789474
11177	0.0526315789474
12071	0.0526315789474
12344	0.0526315789474
12354	0.0526315789474
13348	0.0526315789474
16274	0.0526315789474
17313	0.0526315789474
20423	0.0526315789474
21343	0.0526315789474
22937	0.0526315789474
24988	0.0526315789474
28309	0.0526315789474
28934	0.0526315789474
30274	0.0526315789474
30332	0.0526315789474
30918	0.0526315789474
32015	0.0526315789474
32506	0.0526315789474
35713	0.0526315789474
36210	0.0526315789474
40193	0.0526315789474
41537	0.0526315789474
42213	0.0526315789474
43326	0.0526315789474
44247	0.0526315789474
46806	0.0526315789474
48751	0.0526315789474
48876	0.0526315789474
50206	0.0526315789474
51690	0.0526315789474
52052	0.0526315789474
52596	0.0526315789474
53028	0.0526315789474
56865	0.0526315789474
59081	0.0526315789474
59620	0.0526315789474
60427	0.0526315789474
4154	0.05
9580	0.05
13776	0.05
15160	0.05
15981	0.05
18420	0.05
21334	0.05
33121	0.05
38863	0.05
40311	0.05
41014	0.05
41875	0.05
42185	0.05
42665	0.05
46790	0.05
47871	0.05
48142	0.05
49155	0.05
50097	0.05
51758	0.05
52885	0.05
53581	0.05
53842	0.05
54785	0.05
55267	0.05
57249	0.05
3185	0.047619047619
4308	0.047619047619
7747	0.047619047619
8599	0.047619047619
10223	0.047619047619
11641	0.047619047619
12727	0.047619047619
14454	0.047619047619
14500	0.047619047619
14609	0.047619047619
15439	0.047619047619
17308	0.047619047619
20792	0.047619047619
21175	0.047619047619
24282	0.047619047619
32481	0.047619047619
36689	0.047619047619
37309	0.047619047619
37464	0.047619047619
42839	0.047619047619
43471	0.047619047619
44780	0.047619047619
50908	0.047619047619
51093	0.047619047619
57851	0.047619047619
61333	0.047619047619
8034	0.046511627907
1648	0.0454545454545
2809	0.0454545454545
3125	0.0454545454545
5679	0.0454545454545
8476	0.0454545454545
12412	0.0454545454545
13426	0.0454545454545
16374	0.0454545454545
18380	0.0454545454545
18587	0.0454545454545
19780	0.0454545454545
20244	0.0454545454545
25802	0.0454545454545
31590	0.0454545454545
32908	0.0454545454545
36960	0.0454545454545
38420	0.0454545454545
41582	0.0454545454545
42404	0.0454545454545
42632	0.0454545454545
42898	0.0454545454545
43293	0.0454545454545
44018	0.0454545454545
46339	0.0454545454545
51308	0.0454545454545
57563	0.0454545454545
41162	0.0444444444444
692	0.0434782608696
7763	0.0434782608696
8121	0.0434782608696
8482	0.0434782608696
10516	0.0434782608696
18516	0.0434782608696
18929	0.0434782608696
20284	0.0434782608696
20893	0.0434782608696
22778	0.0434782608696
22788	0.0434782608696
27000	0.0434782608696
29192	0.0434782608696
30529	0.0434782608696
36884	0.0434782608696
39631	0.0434782608696
39689	0.0434782608696
39832	0.0434782608696
42677	0.0434782608696
42803	0.0434782608696
42993	0.0434782608696
46746	0.0434782608696
50297	0.0434782608696
50774	0.0434782608696
53033	0.0434782608696
38019	0.0425531914894
4918	0.0416666666667
5534	0.0416666666667
8774	0.0416666666667
12590	0.0416666666667
13117	0.0416666666667
14067	0.0416666666667
15192	0.0416666666667
15751	0.0416666666667
17532	0.0416666666667
18413	0.0416666666667
20215	0.0416666666667
20483	0.0416666666667
26506	0.0416666666667
29824	0.0416666666667
32295	0.0416666666667
33125	0.0416666666667
36629	0.0416666666667
41575	0.0416666666667
42668	0.0416666666667
43172	0.0416666666667
43558	0.0416666666667
46836	0.0416666666667
50761	0.0416666666667
51389	0.0416666666667
52035	0.0416666666667
59718	0.0416666666667
59986	0.0416666666667
60422	0.0416666666667
12171	0.04
13828	0.04
15539	0.04
19607	0.04
25484	0.04
32992	0.04
39655	0.04
41876	0.04
44954	0.04
45163	0.04
45714	0.04
51472	0.04
51907	0.04
61093	0.04
1487	0.038961038961
8131	0.0384615384615
11989	0.0384615384615
12764	0.0384615384615
14882	0.0384615384615
20884	0.0384615384615
29883	0.0384615384615
32102	0.0384615384615
33752	0.0384615384615
34257	0.0384615384615
34826	0.0384615384615
36285	0.0384615384615
42601	0.0384615384615
42687	0.0384615384615
43676	0.0384615384615
51777	0.0384615384615
13634	0.0379746835443
300	0.037037037037
4064	0.037037037037
6482	0.037037037037
7464	0.037037037037
8236	0.037037037037
12500	0.037037037037
12814	0.037037037037
16137	0.037037037037
16856	0.037037037037
20228	0.037037037037
20873	0.037037037037
21476	0.037037037037
26302	0.037037037037
27279	0.037037037037
31892	0.037037037037
38920	0.037037037037
41995	0.037037037037
43342	0.037037037037
44842	0.037037037037
50048	0.037037037037
52462	0.037037037037
52497	0.037037037037
58885	0.037037037037
40126	0.0363636363636
1476	0.0357142857143
3179	0.0357142857143
4138	0.0357142857143
7694	0.0357142857143
15461	0.0357142857143
22525	0.0357142857143
33016	0.0357142857143
33078	0.0357142857143
33363	0.0357142857143
36827	0.0357142857143
37029	0.0357142857143
41395	0.0357142857143
43275	0.0357142857143
50975	0.0357142857143
52248	0.0357142857143
55499	0.0357142857143
56616	0.0357142857143
250	0.0344827586207
2257	0.0344827586207
3475	0.0344827586207
5114	0.0344827586207
8375	0.0344827586207
10232	0.0344827586207
10935	0.0344827586207
13018	0.0344827586207
13471	0.0344827586207
15014	0.0344827586207
21754	0.0344827586207
21854	0.0344827586207
22373	0.0344827586207
25607	0.0344827586207
27082	0.0344827586207
30695	0.0344827586207
34122	0.0344827586207
41358	0.0344827586207
43455	0.0344827586207
51660	0.0344827586207
1681	0.0333333333333
3764	0.0333333333333
6201	0.0333333333333
7545	0.0333333333333
8222	0.0333333333333
8736	0.0333333333333
9054	0.0333333333333
10097	0.0333333333333
10375	0.0333333333333
10769	0.0333333333333
13794	0.0333333333333
14536	0.0333333333333
15339	0.0333333333333
16353	0.0333333333333
18715	0.0333333333333
21587	0.0333333333333
27424	0.0333333333333
33187	0.0333333333333
38587	0.0333333333333
40003	0.0333333333333
41470	0.0333333333333
43594	0.0333333333333
44841	0.0333333333333
46228	0.0333333333333
47399	0.0333333333333
52243	0.0333333333333
52814	0.0333333333333
59613	0.0333333333333
2888	0.0322580645161
6711	0.0322580645161
14440	0.0322580645161
17615	0.0322580645161
17959	0.0322580645161
21829	0.0322580645161
24132	0.0322580645161
24357	0.0322580645161
24706	0.0322580645161
29539	0.0322580645161
31182	0.0322580645161
33351	0.0322580645161
37512	0.0322580645161
41028	0.0322580645161
41703	0.0322580645161
43005	0.0322580645161
43143	0.0322580645161
44539	0.0322580645161
48765	0.0322580645161
51399	0.0322580645161
60185	0.0322580645161
60563	0.0322580645161
29554	0.031746031746
1258	0.03125
1969	0.03125
8158	0.03125
8643	0.03125
10893	0.03125
35198	0.03125
38817	0.03125
41220	0.03125
41344	0.03125
41588	0.03125
47978	0.03125
50854	0.03125
51656	0.03125
51902	0.03125
52031	0.03125
52169	0.03125
52244	0.03125
4961	0.030303030303
8162	0.030303030303
9212	0.030303030303
11379	0.030303030303
15104	0.030303030303
23272	0.030303030303
27338	0.030303030303
27629	0.030303030303
31636	0.030303030303
31963	0.030303030303
37118	0.030303030303
37514	0.030303030303
37678	0.030303030303
47922	0.030303030303
48110	0.030303030303
48580	0.030303030303
61230	0.030303030303
1449	0.0294117647059
1857	0.0294117647059
2988	0.0294117647059
3368	0.0294117647059
5940	0.0294117647059
6399	0.0294117647059
12483	0.0294117647059
15043	0.0294117647059
30056	0.0294117647059
37789	0.0294117647059
38124	0.0294117647059
42039	0.0294117647059
43422	0.0294117647059
45137	0.0294117647059
1578	0.0285714285714
5076	0.0285714285714
5219	0.0285714285714
7512	0.0285714285714
14432	0.0285714285714
22698	0.0285714285714
30927	0.0285714285714
31190	0.0285714285714
37117	0.0285714285714
37829	0.0285714285714
41124	0.0285714285714
44826	0.0285714285714
51227	0.0285714285714
59876	0.0285714285714
61246	0.0285714285714
883	0.0277777777778
2852	0.0277777777778
11204	0.0277777777778
14135	0.0277777777778
15121	0.0277777777778
16317	0.0277777777778
18737	0.0277777777778
19324	0.0277777777778
19544	0.0277777777778
24114	0.0277777777778
25947	0.0277777777778
27821	0.0277777777778
30987	0.0277777777778
31931	0.0277777777778
37534	0.0277777777778
41218	0.0277777777778
42904	0.0277777777778
44401	0.0277777777778
44424	0.0277777777778
47144	0.0277777777778
52344	0.0277777777778
58279	0.0277777777778
8964	0.027027027027
12280	0.027027027027
16858	0.027027027027
17612	0.027027027027
22915	0.027027027027
28651	0.027027027027
32125	0.027027027027
35340	0.027027027027
38006	0.027027027027
38654	0.027027027027
41725	0.027027027027
41817	0.027027027027
49729	0.027027027027
52912	0.027027027027
52922	0.027027027027
38577	0.0266666666667
7841	0.0263157894737
8742	0.0263157894737
11009	0.0263157894737
13293	0.0263157894737
20858	0.0263157894737
29177	0.0263157894737
30259	0.0263157894737
34444	0.0263157894737
34660	0.0263157894737
36926	0.0263157894737
39165	0.0263157894737
41299	0.0263157894737
43986	0.0263157894737
44310	0.0263157894737
47043	0.0263157894737
47944	0.0263157894737
50651	0.0263157894737
51387	0.0263157894737
51646	0.0263157894737
51914	0.0263157894737
59784	0.0263157894737
15354	0.025974025974
626	0.025641025641
2630	0.025641025641
3599	0.025641025641
17967	0.025641025641
19519	0.025641025641
38953	0.025641025641
41451	0.025641025641
41846	0.025641025641
43417	0.025641025641
46783	0.025641025641
51531	0.025641025641
51708	0.025641025641
51971	0.025641025641
60274	0.025641025641
12167	0.0254237288136
27379	0.0253164556962
767	0.025
1818	0.025
3126	0.025
14669	0.025
31001	0.025
33994	0.025
34101	0.025
35376	0.025
41955	0.025
42824	0.025
49119	0.025
50626	0.025
51298	0.025
38530	0.0246913580247
70	0.0243902439024
1411	0.0243902439024
9273	0.0243902439024
19620	0.0243902439024
40994	0.0243902439024
41775	0.0243902439024
42280	0.0243902439024
44493	0.0243902439024
51565	0.0243902439024
52528	0.0243902439024
52613	0.0243902439024
56072	0.0243902439024
61147	0.0243902439024
35275	0.0240963855422
51364	0.0240963855422
3966	0.0238095238095
10918	0.0238095238095
14748	0.0238095238095
16348	0.0238095238095
18331	0.0238095238095
18956	0.0238095238095
24804	0.0238095238095
25325	0.0238095238095
27416	0.0238095238095
28808	0.0238095238095
35710	0.0238095238095
41185	0.0238095238095
42730	0.0238095238095
43529	0.0238095238095
45371	0.0238095238095
52109	0.0238095238095
52675	0.0238095238095
59563	0.0238095238095
14502	0.0236220472441
558	0.0232558139535
11925	0.0232558139535
22584	0.0232558139535
22659	0.0232558139535
34463	0.0232558139535
41454	0.0232558139535
41631	0.0232558139535
60341	0.0232558139535
2420	0.0227272727273
9058	0.0227272727273
9906	0.0227272727273
18399	0.0227272727273
36064	0.0227272727273
41551	0.0227272727273
41743	0.0227272727273
43262	0.0227272727273
59933	0.0227272727273
34486	0.0224719101124
6910	0.0222222222222
7433	0.0222222222222
11904	0.0222222222222
13605	0.0222222222222
17080	0.0222222222222
19602	0.0222222222222
21712	0.0222222222222
21729	0.0222222222222
28165	0.0222222222222
35907	0.0222222222222
36674	0.0222222222222
40998	0.0222222222222
47456	0.0222222222222
60149	0.0222222222222
61098	0.0222222222222
34191	0.021978021978
41213	0.021978021978
41468	0.021897810219
2707	0.0217391304348
3590	0.0217391304348
4122	0.0217391304348
9149	0.0217391304348
14209	0.0217391304348
14347	0.0217391304348
26391	0.0217391304348
26840	0.0217391304348
36731	0.0217391304348
39683	0.0217391304348
41254	0.0217391304348
46970	0.0217391304348
52554	0.0217391304348
52842	0.0217391304348
53110	0.0217391304348
59583	0.0217391304348
61215	0.0217391304348
33990	0.0215053763441
1171	0.0212765957447
9235	0.0212765957447
9358	0.0212765957447
9604	0.0212765957447
10488	0.0212765957447
14335	0.0212765957447
14407	0.0212765957447
20536	0.0212765957447
28692	0.0212765957447
30680	0.0212765957447
42482	0.0212765957447
51034	0.0212765957447
51314	0.0212765957447
52998	0.0212765957447
8767	0.0210526315789
41101	0.0210526315789
62	0.0208333333333
849	0.0208333333333
1345	0.0208333333333
8251	0.0208333333333
13261	0.0208333333333
18292	0.0208333333333
18530	0.0208333333333
24564	0.0208333333333
35577	0.0208333333333
35950	0.0208333333333
41970	0.0208333333333
43484	0.0208333333333
45125	0.0208333333333
49784	0.0208333333333
50344	0.0208333333333
50849	0.0208333333333
53191	0.0208333333333
59788	0.0208333333333
60272	0.0208333333333
5637	0.0204081632653
7367	0.0204081632653
10958	0.0204081632653
17982	0.0204081632653
19534	0.0204081632653
31157	0.0204081632653
33312	0.0204081632653
37215	0.0204081632653
38585	0.0204081632653
43717	0.0204081632653
51044	0.0204081632653
52973	0.0204081632653
53277	0.0204081632653
1895	0.02
2656	0.02
10979	0.02
13005	0.02
18291	0.02
22510	0.02
23090	0.02
34971	0.02
37587	0.02
37735	0.02
39220	0.02
50792	0.02
52092	0.019801980198
1801	0.0196078431373
2153	0.0196078431373
11022	0.0196078431373
29477	0.0196078431373
47225	0.0196078431373
11378	0.0194174757282
29356	0.0194174757282
2544	0.0192307692308
4702	0.0192307692308
9636	0.0192307692308
13373	0.0192307692308
20789	0.0192307692308
24575	0.0192307692308
25623	0.0192307692308
28477	0.0192307692308
42044	0.0192307692308
48224	0.0192307692308
48682	0.0192307692308
50506	0.0192307692308
13313	0.0190476190476
17886	0.0190476190476
36275	0.0190476190476
27125	0.0189873417722
3093	0.0188679245283
4048	0.0188679245283
4959	0.0188679245283
10022	0.0188679245283
41935	0.0188679245283
44862	0.0188679245283
46658	0.0188679245283
47445	0.0188679245283
1389	0.01875
10680	0.0185185185185
23210	0.0185185185185
33120	0.0185185185185
38732	0.0185185185185
42401	0.0185185185185
43943	0.0185185185185
53320	0.0185185185185
7913	0.0181818181818
8211	0.0181818181818
21656	0.0181818181818
32213	0.0181818181818
33004	0.0181818181818
33267	0.0181818181818
37856	0.0181818181818
41553	0.0181818181818
51545	0.0181818181818
51891	0.0181818181818
50936	0.018018018018
1111	0.0178571428571
1682	0.0178571428571
4378	0.0178571428571
4414	0.0178571428571
14019	0.0178571428571
15865	0.0178571428571
23648	0.0178571428571
29431	0.0178571428571
33921	0.0178571428571
39658	0.0178571428571
42505	0.0178571428571
51721	0.0178571428571
44538	0.0176991150442
644	0.0175438596491
2831	0.0175438596491
3107	0.0175438596491
3561	0.0175438596491
7430	0.0175438596491
9749	0.0175438596491
31105	0.0175438596491
51345	0.0175438596491
52297	0.0175438596491
59533	0.0175438596491
14275	0.0173913043478
49408	0.0173913043478
27684	0.0172413793103
35162	0.0172413793103
35926	0.0172413793103
36489	0.0172413793103
40036	0.0172413793103
40921	0.0172413793103
41033	0.0172413793103
45135	0.0172413793103
51857	0.0172413793103
14525	0.017094017094
1356	0.0169491525424
2343	0.0169491525424
2611	0.0169491525424
11353	0.0169491525424
12253	0.0169491525424
12849	0.0169491525424
18985	0.0169491525424
22895	0.0169491525424
23395	0.0169491525424
25703	0.0169491525424
30681	0.0169491525424
1144	0.0168776371308
1328	0.0168067226891
35245	0.0168067226891
6832	0.0166666666667
21347	0.0166666666667
25952	0.0166666666667
33975	0.0166666666667
41469	0.0166666666667
42405	0.0166666666667
45202	0.0166666666667
56066	0.0166666666667
60486	0.0166666666667
4195	0.016393442623
5781	0.016393442623
6657	0.016393442623
18996	0.016393442623
35387	0.016393442623
38826	0.016393442623
41235	0.016393442623
41281	0.016393442623
41286	0.016393442623
41321	0.016393442623
1232	0.0162601626016
4775	0.0162601626016
363	0.0161290322581
2346	0.0161290322581
12832	0.0161290322581
35030	0.0161290322581
41425	0.0161290322581
42309	0.0161290322581
43616	0.0161290322581
52080	0.0161290322581
60231	0.0161290322581
60297	0.0161290322581
881	0.015873015873
2093	0.015873015873
3826	0.015873015873
16963	0.015873015873
18427	0.015873015873
26724	0.015873015873
33481	0.015873015873
34532	0.015873015873
41461	0.015873015873
43744	0.015873015873
52230	0.015873015873
4658	0.0157480314961
1533	0.015625
3040	0.015625
5538	0.015625
7392	0.015625
12355	0.015625
28578	0.015625
32785	0.015625
42396	0.015625
45715	0.015625
52573	0.015625
22408	0.015503875969
1199	0.0153846153846
11511	0.0153846153846
32931	0.0153846153846
34077	0.0153846153846
41717	0.0153846153846
48998	0.0153846153846
52131	0.0153846153846
51118	0.0152671755725
4486	0.0151515151515
16305	0.0151515151515
20676	0.0151515151515
23284	0.0151515151515
30930	0.0151515151515
32480	0.0151515151515
35413	0.0151515151515
35971	0.0151515151515
42377	0.0151515151515
43543	0.0151515151515
50056	0.0151515151515
38080	0.0150943396226
2734	0.0149253731343
5535	0.0149253731343
8279	0.0149253731343
13099	0.0149253731343
13451	0.0149253731343
17280	0.0149253731343
25336	0.0149253731343
34672	0.0149253731343
41075	0.0149253731343
50952	0.0149253731343
51498	0.0149253731343
51692	0.0149253731343
14476	0.0148148148148
2786	0.0147058823529
8739	0.0147058823529
28579	0.0147058823529
41169	0.0147058823529
41994	0.0147058823529
42618	0.0147058823529
43298	0.0147058823529
52296	0.0147058823529
9295	0.014598540146
287	0.0144927536232
1123	0.0144927536232
2739	0.0144927536232
4746	0.0144927536232
8965	0.0144927536232
18387	0.0144927536232
41198	0.0144927536232
42204	0.0144927536232
42790	0.0144927536232
6928	0.0143884892086
10633	0.0142857142857
18997	0.0142857142857
27070	0.0142857142857
28592	0.0142857142857
31327	0.0142857142857
41022	0.0142857142857
41848	0.0142857142857
51266	0.0142857142857
52309	0.0142857142857
52666	0.0142857142857
23388	0.0142180094787
4347	0.0140845070423
4481	0.0140845070423
6315	0.0140845070423
15870	0.0140845070423
16364	0.0140845070423
17278	0.0140845070423
26529	0.0140845070423
29010	0.0140845070423
33890	0.0140845070423
37997	0.0140845070423
51220	0.0140845070423
52962	0.0140845070423
3581	0.0138888888889
5810	0.0138888888889
10110	0.0138888888889
11558	0.0138888888889
15114	0.0138888888889
21558	0.0138888888889
32770	0.0138888888889
36411	0.0138888888889
38713	0.0138888888889
40351	0.0138888888889
41011	0.0138888888889
41318	0.0138888888889
41736	0.0138888888889
15638	0.0137931034483
3445	0.0137457044674
5918	0.013698630137
22681	0.013698630137
57430	0.013698630137
632	0.0135135135135
6415	0.0135135135135
7693	0.0135135135135
10046	0.0135135135135
16847	0.0135135135135
27874	0.0135135135135
28824	0.0135135135135
37747	0.0135135135135
39034	0.0135135135135
42103	0.0135135135135
49889	0.0135135135135
52255	0.0135135135135
52841	0.0135135135135
40981	0.0134529147982
41045	0.0134529147982
9920	0.0134228187919
37660	0.0133928571429
16379	0.0133333333333
38519	0.0133333333333
50935	0.0133333333333
52258	0.0133333333333
59646	0.0133333333333
35047	0.0132450331126
15264	0.0131578947368
17442	0.0131578947368
20481	0.0131578947368
37163	0.0131578947368
37208	0.0131578947368
41244	0.0131578947368
51105	0.0131578947368
53136	0.0131578947368
2355	0.012987012987
27707	0.012987012987
29756	0.012987012987
34115	0.012987012987
38099	0.012987012987
43016	0.012987012987
43195	0.012987012987
51509	0.012987012987
52458	0.012987012987
4374	0.0128205128205
5279	0.0128205128205
10439	0.0128205128205
27173	0.0128205128205
35526	0.0128205128205
45354	0.0128205128205
21648	0.0127659574468
1062	0.0127118644068
4900	0.0127118644068
3253	0.0126582278481
3843	0.0126582278481
29095	0.0126582278481
38064	0.0126582278481
41122	0.0126582278481
41241	0.0126582278481
4327	0.0125523012552
712	0.0125
2917	0.0125
3582	0.0125
25555	0.0125
36409	0.0125
39336	0.0125
43327	0.0125
49465	0.0125
50890	0.0125
51470	0.0125
16838	0.0123456790123
16912	0.0123456790123
29005	0.0123456790123
33405	0.0123456790123
39722	0.0123456790123
46832	0.0123456790123
50494	0.0123456790123
51937	0.0123456790123
52981	0.0123456790123
23222	0.0122699386503
25273	0.0121951219512
29582	0.0121951219512
32927	0.0121951219512
40843	0.0121951219512
41100	0.0121951219512
41139	0.0121951219512
41348	0.0121951219512
41433	0.0121951219512
43522	0.0121951219512
51940	0.0121951219512
54577	0.0121951219512
511	0.0120481927711
1365	0.0120481927711
8142	0.0120481927711
11223	0.0120481927711
12597	0.0120481927711
22241	0.0120481927711
24320	0.0120481927711
34659	0.0120481927711
38748	0.0120481927711
43813	0.0120481927711
49401	0.0120481927711
730	0.0119047619048
1553	0.0119047619048
6693	0.0119047619048
11128	0.0119047619048
42035	0.0119047619048
50335	0.0119047619048
50652	0.0119047619048
51145	0.0119047619048
12481	0.0117647058824
41030	0.0117647058824
42642	0.0117647058824
51290	0.0117647058824
57798	0.0117647058824
24717	0.0116279069767
26600	0.0116279069767
30619	0.0116279069767
51229	0.0116279069767
52733	0.0116279069767
23211	0.0115606936416
4867	0.0114942528736
22843	0.0114942528736
45033	0.0114942528736
1740	0.0113636363636
18481	0.0113636363636
19420	0.0113636363636
21983	0.0113636363636
22113	0.0113636363636
34667	0.0113636363636
42040	0.0113636363636
26416	0.011320754717
123	0.0112359550562
5352	0.0112359550562
34619	0.0112359550562
51967	0.0112359550562
41040	0.0111731843575
28793	0.0111111111111
31138	0.0111111111111
34208	0.0111111111111
42344	0.0111111111111
42468	0.0111111111111
3116	0.0110701107011
871	0.010989010989
3542	0.010989010989
10792	0.010989010989
24316	0.010989010989
41711	0.010989010989
52952	0.010989010989
7472	0.0109289617486
37238	0.0109289617486
28830	0.0108991825613
6440	0.0108695652174
13394	0.0108695652174
41374	0.0108695652174
52817	0.0108695652174
60068	0.0108695652174
6353	0.010752688172
41197	0.010752688172
49335	0.010752688172
3842	0.0106951871658
11749	0.0106951871658
4153	0.0106382978723
27687	0.0106382978723
31298	0.0106382978723
40104	0.0106382978723
41113	0.0106382978723
49985	0.0106382978723
23373	0.010582010582
3690	0.0105263157895
40641	0.0105263157895
41649	0.0105263157895
52416	0.0105263157895
4733	0.0104712041885
95	0.0104166666667
1755	0.0104166666667
8901	0.0104166666667
41157	0.0104166666667
41481	0.0104166666667
42704	0.0104166666667
50980	0.0104166666667
51234	0.0104166666667
11746	0.0103806228374
15188	0.0103092783505
34168	0.0103092783505
41570	0.0103092783505
41653	0.0103092783505
2216	0.0102564102564
7198	0.0102564102564
913	0.0102040816327
1393	0.0102040816327
3861	0.0102040816327
42249	0.0102040816327
45381	0.0102040816327
20800	0.010152284264
1252	0.010101010101
18327	0.010101010101
18378	0.010101010101
41070	0.010101010101
41085	0.0100502512563
3182	0.01
29705	0.01
31692	0.01
44978	0.00995024875622
3198	0.00990099009901
3294	0.00990099009901
6632	0.00990099009901
11866	0.00990099009901
37302	0.00990099009901
37670	0.00990099009901
39727	0.00990099009901
41618	0.00990099009901
51563	0.00990099009901
14115	0.00986842105263
5512	0.00980392156863
15009	0.00980392156863
23514	0.00980392156863
23990	0.00980392156863
27580	0.00980392156863
30806	0.00980392156863
36366	0.00980392156863
51228	0.00980392156863
7175	0.00975609756098
5455	0.00970873786408
9625	0.00970873786408
12552	0.00970873786408
14839	0.00970873786408
15052	0.00970873786408
20010	0.00970873786408
29533	0.00970873786408
42514	0.00970873786408
11294	0.00966183574879
11782	0.00966183574879
3664	0.00961538461538
37225	0.00961538461538
40819	0.00961538461538
42555	0.00961538461538
42799	0.00961538461538
50885	0.00956937799043
47265	0.00952380952381
55841	0.00952380952381
27579	0.00947867298578
34096	0.00943396226415
50938	0.00943396226415
51573	0.00943396226415
41972	0.009375
7513	0.00934579439252
21458	0.00934579439252
27051	0.00934579439252
11165	0.0093023255814
41370	0.0093023255814
28711	0.00925925925926
29583	0.00925925925926
41160	0.00925925925926
42320	0.00925925925926
48978	0.00925925925926
41015	0.00920245398773
26251	0.00917431192661
41084	0.00917431192661
42053	0.00917431192661
47633	0.00917431192661
50250	0.00917431192661
34929	0.00913242009132
2639	0.00909090909091
11230	0.00909090909091
41807	0.00909090909091
8839	0.00900900900901
14730	0.00900900900901
22813	0.00900900900901
41002	0.00900900900901
12343	0.00892857142857
16846	0.00892857142857
18643	0.00892857142857
52382	0.00892857142857
52428	0.00892857142857
3986	0.00884955752212
13071	0.00884955752212
13124	0.00884955752212
22238	0.00884955752212
41704	0.00884955752212
51854	0.00884955752212
10054	0.00877192982456
28298	0.00877192982456
30880	0.00877192982456
41136	0.00877192982456
41322	0.00877192982456
41519	0.00877192982456
52368	0.00877192982456
7349	0.00872093023256
4044	0.00869565217391
7645	0.00869565217391
11871	0.00869565217391
26868	0.00869565217391
31011	0.00869565217391
40030	0.00869565217391
1700	0.00862068965517
25091	0.00862068965517
31309	0.00862068965517
38493	0.00862068965517
41894	0.00862068965517
43088	0.00862068965517
25554	0.00854700854701
26310	0.00854700854701
33552	0.00854700854701
49689	0.00854700854701
25078	0.00852272727273
41329	0.00851063829787
3316	0.00847457627119
3507	0.00847457627119
15794	0.00847457627119
21690	0.00847457627119
32411	0.00847457627119
33510	0.00847457627119
42753	0.00847457627119
47292	0.00847457627119
4876	0.0084388185654
24126	0.0084388185654
2367	0.00840336134454
13829	0.00840336134454
38206	0.00840336134454
45093	0.00840336134454
59611	0.00840336134454
29309	0.00833333333333
37104	0.00829875518672
41041	0.00829875518672
41499	0.00829875518672
216	0.00828729281768
36976	0.00826446280992
37599	0.00826446280992
25051	0.0082135523614
15720	0.00819672131148
22919	0.00819672131148
25305	0.00819672131148
41097	0.00817438692098
9753	0.00813008130081
41392	0.00813008130081
50812	0.00813008130081
39383	0.0080971659919
392	0.00806451612903
17015	0.00806451612903
18276	0.00806451612903
28285	0.00806451612903
29990	0.00806451612903
32146	0.00806451612903
48902	0.00806451612903
59919	0.00806451612903
11489	0.008
15325	0.008
28155	0.008
4339	0.00796812749004
41682	0.00793650793651
6803	0.00790513833992
2094	0.00787401574803
38078	0.00787401574803
42019	0.00787401574803
27358	0.0078431372549
44951	0.0078431372549
18226	0.0078125
50881	0.0078125
4005	0.00778210116732
1167	0.0077519379845
6352	0.0077519379845
8246	0.0077519379845
14698	0.0077519379845
41279	0.0077519379845
12325	0.00769230769231
13149	0.00769230769231
22479	0.00769230769231
34920	0.00769230769231
38330	0.00769230769231
41693	0.00769230769231
16956	0.00766283524904
41347	0.00766283524904
2110	0.00763358778626
2171	0.00763358778626
9818	0.00763358778626
11297	0.00763358778626
41819	0.00763358778626
10112	0.00757575757576
15825	0.00757575757576
23532	0.00757575757576
43376	0.00757575757576
53000	0.00757575757576
761	0.00751879699248
15782	0.00751879699248
27048	0.00751879699248
27409	0.00751879699248
37577	0.00751879699248
31877	0.00749063670412
2144	0.00746268656716
13076	0.00746268656716
49749	0.00746268656716
56100	0.00746268656716
15636	0.00744416873449
41090	0.00744416873449
932	0.00740740740741
19288	0.00740740740741
29372	0.00740740740741
51875	0.00740740740741
30917	0.00735294117647
43354	0.00735294117647
43785	0.00735294117647
51164	0.00735294117647
51709	0.00735294117647
29818	0.00729927007299
41398	0.00729927007299
41489	0.00729927007299
42270	0.00729927007299
7062	0.00727272727273
5884	0.00724637681159
13058	0.00724637681159
16194	0.00724637681159
29739	0.00724637681159
2515	0.00722891566265
17315	0.00719424460432
30793	0.00719424460432
32318	0.00719424460432
41161	0.00719424460432
14518	0.00714285714286
17904	0.00714285714286
35039	0.00714285714286
41705	0.00714285714286
1676	0.00711743772242
26486	0.00709219858156
41364	0.00706713780919
7300	0.00699300699301
50963	0.00699300699301
4951	0.00694444444444
8397	0.00694444444444
35535	0.00694444444444
37800	0.00694444444444
37201	0.00689655172414
38657	0.00689655172414
31830	0.00684931506849
34254	0.00684931506849
50879	0.00682593856655
494	0.00680272108844
3957	0.00680272108844
17318	0.00675675675676
38925	0.00673400673401
689	0.0067264573991
41106	0.00671140939597
29861	0.00668151447661
12585	0.00666666666667
26098	0.00666666666667
41331	0.00666666666667
1399	0.00663716814159
2776	0.00662251655629
9762	0.00662251655629
20075	0.00662251655629
22534	0.00662251655629
22830	0.00662251655629
23244	0.00662251655629
26318	0.00662251655629
38194	0.00662251655629
51676	0.00662251655629
57861	0.00662251655629
13040	0.00657894736842
17483	0.00657894736842
41596	0.00657894736842
43473	0.00657894736842
45223	0.00657894736842
51605	0.00657894736842
41018	0.00656167979003
41832	0.00653594771242
7444	0.00651465798046
10096	0.00649350649351
11172	0.00649350649351
37961	0.00646551724138
10248	0.00645161290323
21311	0.00645161290323
23440	0.00645161290323
51575	0.00645161290323
52525	0.00645161290323
4137	0.00643776824034
5693	0.00643776824034
23999	0.0064308681672
15228	0.00642398286938
3419	0.00641025641026
32188	0.00641025641026
37557	0.00641025641026
41039	0.00641025641026
51784	0.00641025641026
16368	0.00636942675159
4464	0.00632911392405
15851	0.00632911392405
19034	0.00632911392405
26059	0.00632911392405
41246	0.00632911392405
50868	0.00632911392405
35237	0.00630914826498
19314	0.0062893081761
384	0.00621118012422
16927	0.00621118012422
27527	0.00621118012422
41224	0.00621118012422
24606	0.00617283950617
37114	0.00617283950617
41940	0.00617283950617
2403	0.00613496932515
18283	0.00613496932515
50870	0.00613496932515
39549	0.0061099796334
28737	0.00609756097561
33780	0.00609756097561
38663	0.00609756097561
40942	0.00609756097561
2	0.00609137055838
17596	0.00607902735562
456	0.00606060606061
38800	0.00606060606061
39548	0.00606060606061
41060	0.00606060606061
4868	0.00604229607251
2825	0.00602409638554
8210	0.00602409638554
35360	0.00602409638554
11887	0.0059880239521
15714	0.0059880239521
51159	0.0059880239521
34169	0.00596421471173
107	0.00595238095238
5774	0.00595238095238
7411	0.00595238095238
13642	0.00595238095238
18815	0.00595238095238
22104	0.00595238095238
30762	0.00595238095238
34217	0.00595238095238
40482	0.00595238095238
59506	0.00595238095238
14140	0.00593471810089
259	0.00591715976331
10157	0.00591715976331
10443	0.00591715976331
12194	0.00591715976331
17915	0.00591715976331
37409	0.00591715976331
51699	0.00591715976331
51838	0.00591715976331
3535	0.00588235294118
3946	0.00588235294118
18835	0.00588235294118
22026	0.00588235294118
22805	0.00588235294118
25332	0.00588235294118
29845	0.00588235294118
34121	0.00588235294118
40489	0.00584795321637
3260	0.00581395348837
22579	0.00581395348837
42450	0.00581395348837
4485	0.00579710144928
2142	0.00578034682081
26890	0.00578034682081
41062	0.00578034682081
48076	0.00578034682081
10250	0.00576368876081
5230	0.00574712643678
7751	0.00574712643678
12149	0.00574712643678
955	0.00571428571429
26085	0.00571428571429
51485	0.00571428571429
26584	0.00569800569801
23001	0.00568181818182
44599	0.00568181818182
50897	0.00568181818182
51120	0.00568181818182
21906	0.00564971751412
40975	0.00564971751412
6417	0.00561797752809
8466	0.00561797752809
27723	0.00561797752809
33850	0.00561797752809
35144	0.00561797752809
34897	0.00560224089636
1170	0.00558659217877
1456	0.00558659217877
4644	0.00558659217877
19338	0.00558659217877
25324	0.00558659217877
32862	0.00556586270872
41088	0.00555555555556
41544	0.00555555555556
50855	0.00555555555556
51655	0.00555555555556
11769	0.00552486187845
30466	0.00552486187845
40976	0.00552486187845
51197	0.00552486187845
3553	0.00550964187328
25453	0.00549450549451
30901	0.00549450549451
33692	0.00549450549451
41132	0.00549450549451
52065	0.00549450549451
52494	0.00549450549451
3548	0.00546448087432
40887	0.00546448087432
4916	0.00543970988214
6689	0.0054347826087
34471	0.0054347826087
39510	0.0054347826087
41546	0.0054347826087
41968	0.0054347826087
29971	0.00542005420054
8229	0.00540540540541
51151	0.00540540540541
11201	0.00538599640934
39915	0.00538599640934
5367	0.00537634408602
6772	0.00534759358289
18661	0.00534759358289
21557	0.00534759358289
32042	0.00534759358289
38822	0.00534759358289
39265	0.00534759358289
12188	0.00531914893617
3133	0.0053050397878
25098	0.00530035335689
44456	0.00529100529101
51038	0.00529100529101
949	0.00526315789474
24889	0.00526315789474
37737	0.00525394045534
4675	0.00523560209424
19547	0.00522193211488
51212	0.00521739130435
3204	0.00520833333333
12017	0.00520833333333
54	0.00518134715026
12969	0.00515463917526
4937	0.00514933058702
3250	0.00512820512821
4396	0.00512820512821
26158	0.00512820512821
23080	0.00510204081633
31868	0.00510204081633
23642	0.00508905852417
22230	0.00507614213198
37194	0.00507614213198
41452	0.00507614213198
2344	0.00504032258065
33656	0.00502512562814
44433	0.00502512562814
51146	0.00502512562814
3288	0.005
8159	0.005
21337	0.005
29360	0.005
3781	0.0049504950495
7956	0.0049504950495
40541	0.0049504950495
41047	0.0049504950495
51697	0.0049504950495
1853	0.00492610837438
492	0.00490196078431
26195	0.00490196078431
41223	0.00490196078431
2595	0.00487804878049
21321	0.00487804878049
5432	0.00487125956855
22383	0.00485773768217
7533	0.00485436893204
15083	0.00485436893204
16209	0.00483870967742
4711	0.00483675937122
17306	0.0048309178744
41092	0.0048309178744
20416	0.0048231511254
27529	0.00480769230769
3515	0.00478468899522
21978	0.00478468899522
29287	0.00478468899522
41308	0.00478468899522
42328	0.00478468899522
4706	0.0047619047619
28290	0.0047619047619
33678	0.0047619047619
41025	0.0047619047619
27525	0.00473933649289
41555	0.00473933649289
1489	0.00471698113208
7303	0.00471698113208
14716	0.00471698113208
4846	0.00470957613815
13111	0.00470035252644
1064	0.00469483568075
3859	0.00467289719626
41366	0.00467289719626
12388	0.004662004662
41012	0.0046511627907
40289	0.00462962962963
868	0.00460829493088
41037	0.00460829493088
14369	0.0045871559633
51341	0.0045871559633
25431	0.00454545454545
38795	0.00454545454545
17346	0.00452488687783
5809	0.00451263537906
53069	0.0045045045045
1118	0.00450160771704
51099	0.00446428571429
18172	0.00444444444444
52697	0.00444444444444
29852	0.00442477876106
41146	0.00442477876106
42374	0.00442477876106
2840	0.00441306266549
2722	0.00440528634361
50851	0.00440528634361
22744	0.00439753737907
21331	0.00438596491228
2848	0.00436681222707
39209	0.00436681222707
40411	0.00436681222707
25738	0.00434782608696
4764	0.004329004329
21523	0.004329004329
40977	0.004329004329
40978	0.004329004329
40988	0.004329004329
41091	0.004329004329
40318	0.00431034482759
18759	0.00429184549356
32811	0.00429184549356
14749	0.0042735042735
12423	0.00425531914894
35703	0.00425531914894
37052	0.00425531914894
18777	0.00424448217317
2127	0.00423728813559
2785	0.00423728813559
19201	0.00423728813559
29055	0.00423728813559
4057	0.0042194092827
31882	0.0042194092827
6372	0.00420168067227
33495	0.00420168067227
37115	0.00418410041841
37169	0.00418410041841
41444	0.00418410041841
10920	0.00416666666667
76	0.00415627597672
41353	0.00414937759336
3531	0.00414078674948
28633	0.00411522633745
51173	0.00411522633745
37762	0.00409836065574
9138	0.00406504065041
9188	0.00406504065041
27404	0.00406504065041
41054	0.00406504065041
38793	0.00406032482599
5157	0.00405473897618
17952	0.00404858299595
31170	0.00404858299595
50845	0.00404858299595
5593	0.00402414486922
18607	0.00401606425703
25930	0.00401606425703
39027	0.00401606425703
41355	0.00400801603206
10287	0.00398406374502
30835	0.00398406374502
28051	0.00396825396825
30445	0.00393700787402
1422	0.00392156862745
1921	0.00392156862745
40970	0.00392156862745
3720	0.00391134289439
20875	0.00390625
23667	0.00390625
33841	0.00389105058366
5673	0.00388349514563
34858	0.00388349514563
47637	0.00387596899225
31312	0.003861003861
3527	0.00383877159309
6789	0.00381679389313
41068	0.00380589914367
13318	0.00380228136882
41253	0.00380228136882
3733	0.00379867046534
18613	0.00379650721336
26508	0.00378787878788
34199	0.00378787878788
41188	0.00378787878788
2811	0.00375939849624
4578	0.00375738056897
9826	0.00374531835206
41001	0.00374531835206
17790	0.00373134328358
17939	0.00373134328358
1119	0.00372670807453
29909	0.00371747211896
41095	0.00371747211896
5420	0.00370828182942
41208	0.0037037037037
1117	0.00369003690037
8732	0.00369003690037
18584	0.003663003663
50995	0.003663003663
39602	0.0036496350365
5231	0.00364583333333
28443	0.00361010830325
17771	0.00359712230216
37775	0.00359712230216
21745	0.00359066427289
33887	0.00358422939068
35178	0.00358422939068
30794	0.00357142857143
39447	0.00357142857143
17566	0.00355239786856
25414	0.00354609929078
38794	0.00354609929078
2312	0.00353982300885
40980	0.00353982300885
41583	0.00353982300885
4335	0.00353356890459
7390	0.00353356890459
13056	0.00351493848858
22654	0.00350877192982
27890	0.0035046728972
27171	0.0034965034965
41417	0.0034965034965
5460	0.00348432055749
6564	0.00348432055749
41368	0.00348432055749
52018	0.00348432055749
11381	0.00347222222222
31400	0.00346020761246
25937	0.00344827586207
41074	0.00344827586207
16449	0.00343642611684
28286	0.00343642611684
29724	0.00342465753425
869	0.00342130987292
9538	0.0034188034188
19090	0.00341296928328
42609	0.00341296928328
40969	0.00340136054422
18278	0.00338983050847
4655	0.00338180588434
25444	0.00337837837838
2401	0.003367003367
1743	0.00335570469799
21772	0.00335570469799
23011	0.00333333333333
37111	0.00332778702163
5112	0.00331564986737
5000	0.00331125827815
29145	0.00331125827815
41154	0.003300330033
2007	0.0032930845225
18699	0.00328947368421
42424	0.00328947368421
38203	0.00328767123288
14253	0.00326797385621
34637	0.00326797385621
2898	0.00325732899023
34548	0.00325732899023
19598	0.00325309043591
26863	0.00325203252033
8681	0.00324675324675
35958	0.00323624595469
51027	0.00323624595469
2326	0.00322580645161
35049	0.00322061191626
41093	0.0032154340836
52225	0.0032154340836
41067	0.00319488817891
28742	0.00318809776833
50901	0.0031847133758
2409	0.0031746031746
41403	0.00316455696203
12121	0.00315457413249
9200	0.0031512605042
27128	0.00314465408805
41126	0.00314465408805
38987	0.00313479623824
40979	0.00313479623824
26805	0.00311665182547
900	0.0030959752322
38584	0.0030959752322
41243	0.0030959752322
27906	0.00307692307692
4518	0.0030701754386
17008	0.00306748466258
6304	0.00305810397554
26893	0.00305810397554
40982	0.0030303030303
992	0.00302114803625
1655	0.00302114803625
18361	0.00302114803625
32453	0.00302114803625
41156	0.00298507462687
40972	0.00297619047619
4430	0.00297176820208
41000	0.00295857988166
41434	0.00295857988166
39546	0.00294985250737
41029	0.00294985250737
6427	0.00294204177699
29686	0.00294117647059
34683	0.00294117647059
3239	0.00292397660819
41609	0.00292397660819
28047	0.00291545189504
28810	0.00291545189504
29591	0.00289855072464
18701	0.0028818443804
37198	0.0028818443804
2613	0.00286944045911
2186	0.00286532951289
23786	0.00286532951289
18301	0.00285714285714
50863	0.002849002849
5503	0.00284360189573
1048	0.00284090909091
29453	0.00282485875706
2037	0.0028129395218
50939	0.00280898876404
50957	0.00280112044818
41048	0.00279329608939
47774	0.00278551532033
4563	0.00277777777778
9252	0.00277008310249
33634	0.00276625172891
27651	0.00276243093923
3933	0.00274725274725
34367	0.00274223034735
34830	0.0027397260274
5622	0.00273224043716
9251	0.00273224043716
38932	0.00272479564033
879	0.00271739130435
11359	0.00271739130435
40962	0.00268336314848
20506	0.00268096514745
50933	0.00267379679144
21323	0.00265957446809
16420	0.0026455026455
14352	0.00263157894737
24522	0.00263157894737
18515	0.00261780104712
2381	0.00261096605744
2733	0.00261096605744
36999	0.00261096605744
40995	0.0026075619296
20630	0.00257731958763
870	0.0025706940874
1680	0.0025641025641
11664	0.0025641025641
10987	0.00253807106599
41010	0.00253164556962
42156	0.00253164556962
893	0.00250501002004
30899	0.0025
31440	0.00248756218905
20818	0.00248138957816
51096	0.00248138957816
51133	0.00248138957816
1628	0.00247831474597
35563	0.0024580090127
24684	0.002457002457
10281	0.00243309002433
1380	0.00242130750605
1113	0.00240963855422
18960	0.00239234449761
41467	0.00239234449761
20173	0.00238095238095
29277	0.00237529691211
41027	0.00236406619385
4173	0.00235849056604
5553	0.002331002331
25586	0.00232558139535
35045	0.00232558139535
14750	0.00232018561485
11778	0.00230946882217
30980	0.00229621125144
26602	0.00227963525836
3827	0.00223214285714
1503	0.00222469410456
23666	0.00220750551876
34224	0.00220507166483
19601	0.00218658892128
4654	0.00217391304348
21545	0.00216919739696
41016	0.00216919739696
253	0.00216684723727
631	0.0021645021645
49394	0.0021645021645
3280	0.00215982721382
1497	0.0021528525296
11169	0.00212314225053
7340	0.00212089077413
41058	0.0021186440678
33762	0.00211416490486
19599	0.00210084033613
36394	0.00207039337474
17938	0.00202429149798
17711	0.002
5768	0.00199203187251
41109	0.00198412698413
39785	0.00197628458498
3729	0.00196850393701
36398	0.0019436345967
21797	0.0019267822736
9647	0.00192307692308
5204	0.00192184497117
40971	0.00188679245283
28821	0.00187969924812
11727	0.00187441424555
30269	0.00185528756957
40999	0.00185528756957
3312	0.00184501845018
51041	0.00183823529412
22929	0.00182315405652
2333	0.00181653042688
27489	0.0018115942029
5218	0.0017825311943
4489	0.00176366843034
2290	0.00174216027875
28407	0.00172711571675
5519	0.00172413793103
29863	0.00172117039587
41116	0.00168918918919
40965	0.00162206001622
4121	0.0016051364366
12610	0.00160256410256
18456	0.0016
17355	0.0015923566879
27809	0.00157977883096
13339	0.00157480314961
25113	0.00152905198777
23150	0.00152671755725
5643	0.00151515151515
20542	0.00149925037481
27535	0.00149925037481
5120	0.0014880952381
9656	0.0014450867052
4708	0.00143266475645
37392	0.0014164305949
7312	0.00140911225928
2745	0.00140548137737
5237	0.00140252454418
40987	0.00140056022409
7419	0.00135685210312
3059	0.00135135135135
8709	0.00133333333333
2419	0.00132802124834
35345	0.00130718954248
41031	0.00124069478908
3365	0.0011862396204
18307	0.00117233294256
38191	0.00116144018583
28405	0.00114810562572
18311	0.0010718113612
1902	0.00102145045965
11	0.00098814229249
2463	0.000952380952381
921	0.000904159132007
6812	0.000813669650122
39136	0.000769230769231
