52	0.166666666667
3351	0.166666666667
11600	0.166666666667
20865	0.166666666667
25766	0.166666666667
38464	0.166666666667
42189	0.166666666667
48694	0.166666666667
49928	0.166666666667
55324	0.166666666667
56471	0.166666666667
1042	0.142857142857
7125	0.142857142857
10200	0.142857142857
30843	0.142857142857
31595	0.142857142857
53751	0.142857142857
53765	0.142857142857
59936	0.142857142857
2073	0.125
7769	0.125
10440	0.125
11093	0.125
20680	0.125
20919	0.125
43063	0.125
44651	0.125
1938	0.111111111111
4197	0.111111111111
6620	0.111111111111
11182	0.111111111111
14111	0.111111111111
19297	0.111111111111
23812	0.111111111111
24557	0.111111111111
26006	0.111111111111
27495	0.111111111111
29224	0.111111111111
36923	0.111111111111
42281	0.111111111111
45396	0.111111111111
48772	0.111111111111
56085	0.111111111111
58335	0.111111111111
2126	0.1
2175	0.1
5592	0.1
11215	0.1
16249	0.1
24695	0.1
27583	0.1
30343	0.1
39167	0.1
40787	0.1
43825	0.1
49964	0.1
3491	0.0909090909091
7510	0.0909090909091
13884	0.0909090909091
17097	0.0909090909091
19296	0.0909090909091
28356	0.0909090909091
32470	0.0909090909091
33171	0.0909090909091
38059	0.0909090909091
8784	0.0833333333333
10125	0.0833333333333
10309	0.0833333333333
14594	0.0833333333333
19013	0.0833333333333
23587	0.0833333333333
25625	0.0833333333333
27484	0.0833333333333
38830	0.0833333333333
42101	0.0833333333333
42438	0.0833333333333
46694	0.0833333333333
2530	0.0769230769231
3424	0.0769230769231
8877	0.0769230769231
13239	0.0769230769231
19523	0.0769230769231
37191	0.0769230769231
37618	0.0769230769231
10477	0.0714285714286
46608	0.0714285714286
56282	0.0714285714286
2792	0.0666666666667
5506	0.0666666666667
9206	0.0666666666667
10609	0.0666666666667
20523	0.0666666666667
32258	0.0666666666667
38934	0.0666666666667
41960	0.0666666666667
42814	0.0666666666667
43426	0.0666666666667
44985	0.0666666666667
51903	0.0666666666667
52286	0.0666666666667
52775	0.0666666666667
58449	0.0666666666667
61449	0.0666666666667
3695	0.0625
3931	0.0625
12030	0.0625
27137	0.0625
51389	0.0625
3123	0.0588235294118
23567	0.0588235294118
28299	0.0588235294118
29016	0.0588235294118
43306	0.0588235294118
43658	0.0588235294118
44578	0.0588235294118
47986	0.0588235294118
59598	0.0588235294118
35841	0.0571428571429
10124	0.0555555555556
16278	0.0555555555556
30713	0.0555555555556
843	0.0526315789474
1811	0.0526315789474
23945	0.0526315789474
39434	0.0526315789474
48753	0.0526315789474
11217	0.05
18082	0.05
32596	0.05
34449	0.05
43510	0.05
48222	0.05
51996	0.05
1091	0.047619047619
2203	0.047619047619
9421	0.047619047619
10311	0.047619047619
15962	0.047619047619
17623	0.047619047619
18121	0.047619047619
19779	0.047619047619
32611	0.047619047619
42743	0.047619047619
52285	0.047619047619
60587	0.047619047619
3493	0.0454545454545
4011	0.0454545454545
4712	0.0454545454545
18261	0.0454545454545
21157	0.0454545454545
22683	0.0454545454545
25070	0.0454545454545
25857	0.0454545454545
28816	0.0454545454545
29047	0.0454545454545
55204	0.0454545454545
55864	0.0454545454545
58215	0.0454545454545
21689	0.0434782608696
22670	0.0434782608696
23575	0.0434782608696
32994	0.0434782608696
37754	0.0434782608696
48524	0.0434782608696
51917	0.0434782608696
52134	0.0434782608696
55172	0.0434782608696
6802	0.0416666666667
9517	0.0416666666667
10155	0.0416666666667
10185	0.0416666666667
25012	0.0416666666667
29641	0.0416666666667
41020	0.0416666666667
41344	0.0416666666667
41557	0.0416666666667
41853	0.0416666666667
9227	0.04
17342	0.04
34976	0.04
61230	0.04
98	0.0384615384615
2678	0.0384615384615
2911	0.0384615384615
29844	0.0384615384615
34518	0.0384615384615
40585	0.0384615384615
51945	0.0384615384615
6576	0.037037037037
8293	0.037037037037
14432	0.037037037037
42537	0.037037037037
59928	0.037037037037
61246	0.037037037037
4351	0.0357142857143
4948	0.0357142857143
4985	0.0357142857143
12403	0.0357142857143
15442	0.0357142857143
32155	0.0357142857143
8964	0.0344827586207
13210	0.0344827586207
22227	0.0344827586207
24538	0.0344827586207
31024	0.0344827586207
34672	0.0344827586207
36416	0.0344827586207
43177	0.0344827586207
59838	0.0344827586207
10398	0.0333333333333
19333	0.0333333333333
25395	0.0333333333333
37572	0.0333333333333
733	0.0322580645161
10421	0.0322580645161
10837	0.0322580645161
25507	0.0322580645161
26005	0.0322580645161
26133	0.0322580645161
27121	0.0322580645161
28245	0.0322580645161
29325	0.0322580645161
36221	0.0322580645161
42065	0.0322580645161
1092	0.03125
7660	0.03125
46729	0.03125
51186	0.03125
1386	0.030303030303
7656	0.030303030303
18149	0.030303030303
23843	0.030303030303
38003	0.030303030303
42715	0.030303030303
61147	0.030303030303
38899	0.0298507462687
4250	0.0294117647059
10918	0.0294117647059
12494	0.0294117647059
15717	0.0294117647059
22157	0.0294117647059
30684	0.0294117647059
42300	0.0294117647059
42503	0.0294117647059
45156	0.0294117647059
45390	0.0294117647059
50173	0.0294117647059
52361	0.0294117647059
18535	0.0285714285714
27504	0.0285714285714
33102	0.0285714285714
35549	0.0285714285714
39207	0.0285714285714
5311	0.0277777777778
18298	0.0277777777778
23629	0.0277777777778
26539	0.0277777777778
34441	0.0277777777778
41856	0.027397260274
11346	0.027027027027
31308	0.027027027027
31954	0.027027027027
37055	0.027027027027
40594	0.027027027027
51383	0.027027027027
4891	0.0263157894737
11339	0.0263157894737
18610	0.0263157894737
25046	0.0263157894737
51077	0.0263157894737
5554	0.025641025641
6391	0.025641025641
8906	0.025641025641
11135	0.025641025641
20261	0.025641025641
5448	0.025
11824	0.025
13947	0.025
34503	0.025
38880	0.025
41191	0.025
42285	0.025
43031	0.025
45125	0.025
49597	0.025
56215	0.025
8582	0.0243902439024
10316	0.0243902439024
32503	0.0243902439024
43717	0.0243902439024
11553	0.0240963855422
1895	0.0238095238095
11132	0.0238095238095
29785	0.0238095238095
34971	0.0238095238095
36798	0.0238095238095
37985	0.0238095238095
41827	0.0238095238095
42572	0.0238095238095
45428	0.0238095238095
50185	0.0238095238095
50792	0.0238095238095
29477	0.0232558139535
34918	0.0232558139535
35155	0.0232558139535
51647	0.0232558139535
52736	0.0232558139535
20465	0.0227272727273
41372	0.0227272727273
52762	0.0227272727273
60641	0.0227272727273
645	0.0222222222222
3189	0.0222222222222
28828	0.0222222222222
36621	0.0222222222222
41872	0.0222222222222
44333	0.0222222222222
49329	0.0222222222222
60330	0.0222222222222
1103	0.0217391304348
32892	0.0217391304348
39341	0.0217391304348
44528	0.0217391304348
51103	0.0217391304348
963	0.0212765957447
3002	0.0212765957447
24380	0.0212765957447
26596	0.0212765957447
46277	0.0210526315789
3114	0.0208333333333
3722	0.0208333333333
12873	0.0208333333333
14381	0.0208333333333
33840	0.0208333333333
4620	0.020618556701
4998	0.020618556701
5055	0.0204081632653
31105	0.0204081632653
6003	0.02
8218	0.02
14684	0.02
36489	0.02
38523	0.02
41375	0.02
41883	0.02
42099	0.02
52879	0.02
1168	0.0196078431373
1936	0.0196078431373
5395	0.0196078431373
59908	0.0196078431373
4383	0.0192307692308
18688	0.0192307692308
25952	0.0192307692308
29332	0.0192307692308
43086	0.0192307692308
63	0.0188679245283
4967	0.0188679245283
12394	0.0188679245283
13380	0.0188679245283
23231	0.0188679245283
23530	0.0188679245283
33527	0.0185185185185
38818	0.0185185185185
44776	0.0185185185185
51616	0.0185185185185
51805	0.0185185185185
19761	0.0181818181818
28797	0.0181818181818
32917	0.0181818181818
41461	0.0181818181818
41656	0.0181818181818
51636	0.0181818181818
53189	0.0181818181818
1533	0.0178571428571
49313	0.0178571428571
60092	0.0178571428571
17691	0.0175438596491
19292	0.0175438596491
21310	0.0175438596491
29778	0.0175438596491
46148	0.0175438596491
51421	0.0175438596491
27235	0.0172413793103
41117	0.0172413793103
52928	0.0172413793103
2578	0.0169491525424
8198	0.0169491525424
8739	0.0166666666667
14502	0.0166666666667
19416	0.0166666666667
28579	0.0166666666667
287	0.016393442623
4787	0.016393442623
12860	0.016393442623
28592	0.0161290322581
39342	0.0161290322581
41022	0.0161290322581
42460	0.0161290322581
16364	0.015873015873
28458	0.015873015873
33890	0.015873015873
14649	0.015625
29530	0.015625
35148	0.015625
38713	0.015625
41579	0.015625
42675	0.015625
18	0.0153846153846
11798	0.0153846153846
13971	0.0153846153846
41210	0.0153846153846
19572	0.0151515151515
51336	0.0151515151515
14555	0.0149253731343
25987	0.0149253731343
42295	0.0149253731343
42556	0.0149253731343
51506	0.0149253731343
51589	0.0149253731343
840	0.0147058823529
51822	0.0147058823529
4047	0.0144927536232
39544	0.0144927536232
51683	0.0144927536232
27173	0.0142857142857
27550	0.0142857142857
32822	0.0142857142857
34166	0.0142857142857
4760	0.0140845070423
15197	0.0140845070423
28042	0.0140845070423
38547	0.0140845070423
53338	0.0140845070423
40208	0.0138888888889
41409	0.0138888888889
49024	0.0138888888889
13634	0.013698630137
41175	0.013698630137
43338	0.013698630137
50494	0.013698630137
51615	0.013698630137
36736	0.0135135135135
41139	0.0135135135135
42932	0.0135135135135
51940	0.0135135135135
283	0.0133333333333
52276	0.0133333333333
35275	0.0131578947368
37792	0.0131578947368
38758	0.0131578947368
59507	0.0131578947368
26218	0.012987012987
40477	0.012987012987
16448	0.0128205128205
30619	0.0128205128205
51229	0.0128205128205
4580	0.0126582278481
22843	0.0126582278481
1740	0.0125
8468	0.0125
14505	0.0125
18756	0.0125
35699	0.0125
41024	0.0125
53234	0.0125
11775	0.0123456790123
3754	0.0121951219512
7734	0.0121951219512
10082	0.0121951219512
32130	0.0121951219512
10463	0.0120481927711
14361	0.0120481927711
819	0.0119047619048
33599	0.0119047619048
41213	0.0119047619048
52615	0.0119047619048
60068	0.0119047619048
41197	0.0117647058824
41694	0.0117647058824
33990	0.0116279069767
23248	0.0115606936416
41385	0.0114942528736
52711	0.0114942528736
59133	0.0114942528736
256	0.0113636363636
12719	0.0113636363636
41269	0.0113636363636
32509	0.0112359550562
34168	0.0112359550562
52560	0.0112359550562
53168	0.0112359550562
876	0.0111111111111
1393	0.0111111111111
49136	0.0111111111111
52089	0.0111111111111
60987	0.0111111111111
16802	0.010989010989
27033	0.010989010989
31962	0.010989010989
22396	0.0108695652174
31692	0.0108695652174
31891	0.0108695652174
42931	0.010752688172
14832	0.0106382978723
23514	0.0106382978723
51707	0.0106382978723
5455	0.0105263157895
15602	0.0105263157895
33716	0.0105263157895
2448	0.0104895104895
6305	0.0104166666667
32418	0.0104166666667
42799	0.0104166666667
50884	0.0104166666667
28396	0.0103092783505
50506	0.0103092783505
11397	0.0102040816327
11774	0.0102040816327
21321	0.0102040816327
24612	0.0102040816327
42483	0.0102040816327
43219	0.0102040816327
52350	0.0102040816327
22231	0.010101010101
6428	0.01
53342	0.00995024875622
2145	0.00980392156863
22031	0.00980392156863
11250	0.00970873786408
30949	0.00970873786408
39039	0.00970873786408
43325	0.00970873786408
17611	0.00956937799043
68	0.00952380952381
3986	0.00952380952381
22238	0.00952380952381
51854	0.00952380952381
12503	0.00943396226415
41338	0.00943396226415
26868	0.00934579439252
39404	0.00934579439252
8729	0.00925925925926
34210	0.00925925925926
35951	0.00925925925926
19313	0.00917431192661
41127	0.00917431192661
34724	0.00909090909091
52055	0.00909090909091
27255	0.00904977375566
11239	0.00900900900901
13829	0.00900900900901
25416	0.00900900900901
26199	0.00900900900901
1328	0.00892857142857
5804	0.00892857142857
6904	0.00892857142857
30925	0.00892857142857
31875	0.00892857142857
61083	0.00892857142857
10789	0.00884955752212
22919	0.00877192982456
25554	0.00874635568513
17068	0.00873362445415
44281	0.00873362445415
19429	0.00869565217391
37169	0.00869565217391
41392	0.00869565217391
52188	0.00869565217391
10920	0.00865800865801
34519	0.00865800865801
18276	0.00862068965517
23742	0.00862068965517
48902	0.00862068965517
49397	0.00854700854701
1028	0.00847457627119
1362	0.00847457627119
26711	0.00847457627119
33481	0.00840336134454
42019	0.00840336134454
52331	0.00840336134454
1167	0.00826446280992
6352	0.00826446280992
1087	0.00819672131148
2264	0.00819672131148
5552	0.00819672131148
22479	0.00819672131148
28379	0.00819672131148
17986	0.00813008130081
21657	0.00813008130081
3492	0.00806451612903
32809	0.00806451612903
43376	0.00806451612903
51118	0.00806451612903
4070	0.008
5618	0.008
27320	0.008
2104	0.00793650793651
32457	0.00793650793651
12646	0.00787401574803
50952	0.00787401574803
10162	0.0078125
35044	0.0078125
49403	0.0078125
51164	0.0078125
40344	0.00763358778626
18836	0.00751879699248
34607	0.00751879699248
38820	0.00751879699248
32651	0.00746268656716
51393	0.00746268656716
4977	0.00740740740741
41011	0.00729927007299
41287	0.00729927007299
554	0.00724637681159
15638	0.00724637681159
9178	0.00719424460432
14459	0.00719424460432
36594	0.00719424460432
38671	0.00714285714286
5012	0.00709219858156
12777	0.00709219858156
41038	0.00709219858156
6781	0.00704225352113
41331	0.00704225352113
50879	0.00701754385965
22534	0.00699300699301
26318	0.00699300699301
22684	0.00694444444444
43473	0.00694444444444
51605	0.00694444444444
11172	0.00684931506849
23440	0.00680272108844
34522	0.00680272108844
52525	0.00680272108844
3156	0.00675675675676
40893	0.00675675675676
40986	0.00675675675676
18129	0.00671140939597
50868	0.00666666666667
51117	0.00666666666667
19314	0.00662251655629
15233	0.00657894736842
23628	0.00657894736842
41067	0.00657894736842
20335	0.00653594771242
41250	0.00649350649351
43200	0.00649350649351
2403	0.00645161290323
40979	0.00645161290323
33780	0.00641025641026
40942	0.00641025641026
42531	0.00641025641026
59661	0.00641025641026
5616	0.00632911392405
11887	0.0062893081761
18340	0.0062893081761
107	0.00625
18815	0.00625
51029	0.00625
3598	0.00621118012422
4144	0.00621118012422
11128	0.00621118012422
12194	0.00621118012422
25942	0.00621118012422
51168	0.00613496932515
32594	0.00609756097561
9720	0.00606060606061
13120	0.00606060606061
40992	0.00602409638554
2030	0.0059880239521
3369	0.0059880239521
39360	0.0059880239521
35162	0.00595238095238
7349	0.00593471810089
6194	0.00591715976331
52638	0.00591715976331
1170	0.00584795321637
28700	0.00584795321637
41544	0.00581395348837
51655	0.00581395348837
51213	0.00578034682081
23121	0.00574712643678
33692	0.00574712643678
41048	0.00573065902579
1231	0.00568181818182
34471	0.00568181818182
18813	0.00564971751412
38659	0.00564971751412
51151	0.00564971751412
452	0.00561797752809
5367	0.00561797752809
18112	0.00561797752809
9251	0.00560224089636
11749	0.00555555555556
48489	0.00555555555556
29971	0.00554016620499
30982	0.00546448087432
4733	0.0054347826087
31307	0.00540540540541
41157	0.00540540540541
24522	0.00539083557951
26235	0.00537634408602
3250	0.00534759358289
29902	0.00534759358289
40983	0.00531914893617
2169	0.00529100529101
22230	0.00529100529101
37194	0.00529100529101
41452	0.00529100529101
38787	0.00526315789474
41530	0.00526315789474
13317	0.00523560209424
44433	0.00523560209424
35581	0.00520833333333
41010	0.00518134715026
40541	0.00515463917526
41047	0.00515463917526
2084	0.00510204081633
9761	0.00510204081633
26195	0.00510204081633
59604	0.00505050505051
12182	0.00497512437811
4705	0.0049504950495
4706	0.0049504950495
41025	0.0049504950495
41092	0.00492610837438
2515	0.00490196078431
7303	0.00490196078431
23388	0.00487804878049
1309	0.00485436893204
3859	0.00485436893204
27051	0.0048309178744
13742	0.00471698113208
8397	0.00470588235294
17346	0.00469483568075
1361	0.0046511627907
11675	0.0046511627907
13095	0.0046511627907
23150	0.0046511627907
31830	0.0046403712297
41045	0.00460829493088
13933	0.0045871559633
25413	0.0045871559633
10727	0.00456621004566
33377	0.00452488687783
23666	0.0045045045045
21523	0.00448430493274
41091	0.00448430493274
40318	0.00446428571429
18759	0.00444444444444
32811	0.00444444444444
38493	0.00444444444444
21545	0.00442477876106
3280	0.00440528634361
2785	0.00438596491228
19201	0.00438596491228
15794	0.00436681222707
1062	0.00434782608696
28043	0.00434782608696
12423	0.004329004329
41444	0.004329004329
50105	0.00431965442765
27927	0.00431034482759
34356	0.00431034482759
210	0.00429184549356
41003	0.00429184549356
18205	0.00423728813559
37762	0.00423728813559
47628	0.00418410041841
36392	0.004158004158
52332	0.00413223140496
17938	0.00412371134021
17147	0.00403225806452
23667	0.00403225806452
27358	0.00403225806452
44951	0.00403225806452
33895	0.00401606425703
40984	0.00401606425703
47637	0.004
6789	0.00393700787402
21797	0.00392156862745
34199	0.00390625
40971	0.00383877159309
29992	0.00383141762452
28821	0.0038240917782
41985	0.0038240917782
38790	0.00381679389313
1117	0.00380228136882
40334	0.00380228136882
21801	0.00378787878788
41326	0.00378787878788
50995	0.00377358490566
35021	0.00375939849624
8732	0.00374531835206
4399	0.00373134328358
11504	0.00373134328358
29394	0.00373134328358
29739	0.00371747211896
37775	0.0037037037037
17605	0.00367647058824
41065	0.003663003663
37426	0.0036563071298
921	0.00365296803653
1676	0.0036496350365
39915	0.00363636363636
18960	0.00362756952842
17566	0.0036036036036
2312	0.00359066427289
1020	0.00357142857143
38807	0.00357142857143
32832	0.00355871886121
25937	0.00354609929078
16449	0.00353356890459
38191	0.00352526439483
51212	0.00352112676056
19090	0.00350877192982
42609	0.00350877192982
40969	0.0034965034965
41074	0.0034965034965
51006	0.00348432055749
5519	0.00347826086957
23011	0.00342465753425
6444	0.00341296928328
42424	0.00337837837838
3273	0.003359462486
1239	0.00333333333333
5512	0.00333333333333
52225	0.003300330033
1918	0.00328947368421
5100	0.00327868852459
41039	0.00327868852459
7175	0.00327332242226
2326	0.00326797385621
37225	0.00326797385621
4121	0.00325732899023
12121	0.00323624595469
30020	0.0031847133758
41972	0.0031847133758
27527	0.0031746031746
12467	0.00314465408805
17008	0.00314465408805
33621	0.00311526479751
40982	0.00310559006211
1902	0.0030959752322
868	0.00308641975309
5643	0.00307219662058
26602	0.00306044376435
992	0.00305810397554
27535	0.00303951367781
41000	0.0030303030303
259	0.00302114803625
41029	0.00302114803625
40964	0.00299401197605
48572	0.00299401197605
3260	0.00296735905045
22579	0.00296735905045
37198	0.00294985250737
10250	0.00294117647059
34147	0.00294117647059
1700	0.00292397660819
18301	0.00292397660819
4764	0.00291545189504
2186	0.00289855072464
25078	0.0028901734104
50939	0.00287356321839
5503	0.00286532951289
34897	0.00285714285714
4644	0.002849002849
47774	0.002849002849
40987	0.00283687943262
742	0.0028328611898
50855	0.0028328611898
7317	0.00280112044818
41132	0.00280112044818
5622	0.00279329608939
23265	0.00278551532033
879	0.00277777777778
28830	0.00276243093923
30471	0.00276243093923
41374	0.00275482093664
7419	0.00274725274725
16917	0.0027397260274
50933	0.00273224043716
5809	0.002722323049
27949	0.00271002710027
1497	0.0027041644132
2419	0.00268817204301
14352	0.00265957446809
19547	0.00265957446809
12017	0.0026525198939
2733	0.00263852242744
867	0.00263157894737
3720	0.00263157894737
870	0.00262467191601
41129	0.00261780104712
19598	0.00261437908497
23642	0.00259067357513
5204	0.00257731958763
31483	0.0025641025641
18777	0.00255972696246
20818	0.00253164556962
51096	0.00253164556962
932	0.00250626566416
24684	0.00250626566416
1628	0.00250312891114
10281	0.00248138957816
40965	0.00245098039216
4711	0.00243605359318
31536	0.00242718446602
41071	0.0024154589372
4173	0.00240384615385
39447	0.00240096038415
29277	0.00239808153477
22971	0.00239234449761
5553	0.00237529691211
13111	0.00235571260306
7518	0.00235294117647
4951	0.00234741784038
562	0.00231481481481
22251	0.00231481481481
18613	0.00228832951945
29861	0.00225733634312
34224	0.00222469410456
2007	0.00221238938053
631	0.00220264317181
49394	0.00220264317181
40988	0.0021978021978
4654	0.00219298245614
2898	0.00218818380744
253	0.00218579234973
4137	0.00217391304348
15228	0.00216919739696
41044	0.00215982721382
41058	0.00215517241379
7340	0.00213903743316
19599	0.00213675213675
2745	0.0021216407355
23782	0.00210526315789
36394	0.00210526315789
27865	0.00209205020921
25051	0.00207468879668
4937	0.00207039337474
39549	0.0020618556701
5593	0.00204081632653
2	0.00203873598369
17711	0.0020325203252
893	0.00201106083459
3729	0.002
11	0.00199401794616
9647	0.001953125
3527	0.00194552529183
1118	0.00193423597679
9826	0.00189753320683
7312	0.00188679245283
40999	0.00188323917137
32862	0.00187617260788
3312	0.00187265917603
51041	0.00186567164179
32612	0.00186219739292
3933	0.00184331797235
4916	0.00181983621474
33887	0.00181488203267
35178	0.00181488203267
40962	0.001800180018
26805	0.00178491744757
38794	0.0017825311943
13056	0.0017793594306
949	0.00177304964539
28407	0.00175131348511
2290	0.00175029171529
13955	0.00174520069808
12969	0.00172413793103
11655	0.00171232876712
41116	0.00171232876712
38925	0.00169779286927
37111	0.0016835016835
1503	0.00167504187605
7261	0.00167504187605
76	0.0016694490818
31440	0.00166805671393
14253	0.00165289256198
35563	0.00164271047228
35049	0.00162866449511
20416	0.00162337662338
18456	0.00162074554295
32188	0.0016155088853
17355	0.00161290322581
27809	0.0016
1984	0.00157728706625
4846	0.00157480314961
900	0.00156494522692
38584	0.00156494522692
6304	0.0015455950541
17596	0.00153139356815
1135	0.0015243902439
5157	0.00152284263959
20542	0.00151745068285
5120	0.00150602409639
6427	0.00147232037691
869	0.00146627565982
4708	0.00144927536232
50863	0.00143884892086
26584	0.00143472022956
37392	0.00143266475645
2037	0.00142045454545
5237	0.00141843971631
5432	0.00139470013947
22383	0.00139082058414
38492	0.00139082058414
29854	0.00138121546961
8709	0.00134048257373
35345	0.00132100396301
4518	0.00131810193322
2381	0.00131752305665
40995	0.00131578947368
1680	0.0012936610608
41031	0.00125313283208
1119	0.00125156445557
9642	0.00125
5420	0.00124533001245
41090	0.00124533001245
18307	0.00118343195266
38793	0.00116211504939
28405	0.00115874855156
30980	0.00115740740741
5000	0.00111111111111
38203	0.00109829763866
28742	0.00106951871658
9200	0.00105708245243
4655	0.0010148849797
2344	0.00101214574899
39785	0.000995024875622
36398	0.000978473581213
2463	0.000959692898273
11727	0.000943396226415
4563	0.000931098696462
34367	0.000919117647059
22929	0.000917431192661
2333	0.00091407678245
2840	0.00088573959256
25738	0.00087260034904
22743	0.000819672131148
6812	0.000819000819001
39136	0.00077399380805
4430	0.000745712155108
19601	0.000732064421669
41016	0.000726216412491
5112	0.000664893617021
4396	0.000641436818473
4578	0.000537345513165
5231	0.000521376433785
