7627	0.333333333333
26668	0.333333333333
31611	0.333333333333
45881	0.333333333333
20155	0.25
32002	0.25
51704	0.25
35005	0.2
39363	0.2
45467	0.2
52917	0.2
11080	0.166666666667
19447	0.166666666667
14576	0.142857142857
50002	0.142857142857
49818	0.125
6485	0.111111111111
47105	0.111111111111
44981	0.1
28806	0.0833333333333
32840	0.0833333333333
40127	0.0833333333333
40380	0.0833333333333
59593	0.0833333333333
22059	0.0769230769231
52467	0.0769230769231
3155	0.0714285714286
18619	0.0714285714286
57495	0.0714285714286
4698	0.0625
51976	0.0625
1727	0.0588235294118
4545	0.0555555555556
21902	0.0555555555556
22568	0.0555555555556
30533	0.0555555555556
42638	0.0555555555556
46401	0.0555555555556
16870	0.0526315789474
21829	0.0526315789474
52164	0.0526315789474
49747	0.05
11651	0.047619047619
34650	0.047619047619
24547	0.0454545454545
806	0.0434782608696
7512	0.0434782608696
50520	0.0434782608696
12403	0.0416666666667
36266	0.0416666666667
52115	0.0416666666667
42190	0.04
47603	0.04
7440	0.037037037037
34204	0.037037037037
2287	0.0357142857143
18771	0.0357142857143
50940	0.0357142857143
8735	0.0344827586207
30261	0.0344827586207
50097	0.0344827586207
5239	0.0333333333333
41921	0.0333333333333
52975	0.0333333333333
11154	0.0322580645161
51740	0.0322580645161
51893	0.0322580645161
53269	0.0322580645161
24957	0.03125
29654	0.030303030303
41254	0.0294117647059
20261	0.0285714285714
6217	0.0277777777778
13947	0.0277777777778
8582	0.027027027027
16955	0.0263157894737
41166	0.0263157894737
56707	0.0263157894737
9421	0.025641025641
46674	0.025641025641
30869	0.025
42318	0.025
36096	0.0243902439024
6592	0.0238095238095
53237	0.0238095238095
22773	0.0232558139535
55884	0.0232558139535
27113	0.0222222222222
50848	0.0222222222222
53396	0.0217391304348
51949	0.0212765957447
25952	0.0208333333333
51200	0.0208333333333
9923	0.0204081632653
30018	0.0204081632653
53019	0.0204081632653
40503	0.02
45671	0.02
53189	0.0196078431373
10177	0.0192307692308
29822	0.0192307692308
17275	0.0181818181818
17668	0.0181818181818
41483	0.0181818181818
51012	0.0181818181818
1742	0.0178571428571
53286	0.0178571428571
38682	0.0175438596491
42191	0.0175438596491
37186	0.0172413793103
50240	0.0172413793103
4075	0.0169491525424
41527	0.0169491525424
10110	0.0166666666667
1508	0.016393442623
52549	0.015873015873
1922	0.0153846153846
33964	0.0151515151515
41712	0.0149253731343
33704	0.0147058823529
51884	0.0147058823529
50494	0.0144927536232
2424	0.0142857142857
2720	0.0133333333333
5352	0.012987012987
11886	0.0119047619048
39286	0.0117647058824
48662	0.0117647058824
38338	0.0116279069767
7505	0.0115606936416
16802	0.0114942528736
27033	0.0114942528736
46493	0.0114942528736
41480	0.0111111111111
5455	0.010989010989
42799	0.0108695652174
46277	0.0108695652174
25918	0.0104166666667
29583	0.0104166666667
22031	0.0102040816327
71	0.01
29790	0.01
26741	0.00990099009901
27225	0.00980392156863
40030	0.00970873786408
20111	0.00961538461538
31309	0.00961538461538
33971	0.00961538461538
34210	0.00961538461538
15986	0.00952380952381
36537	0.00952380952381
25416	0.00934579439252
18563	0.00917431192661
36976	0.00917431192661
18641	0.00909090909091
30923	0.00909090909091
19429	0.00900900900901
4006	0.00892857142857
2090	0.00877192982456
41279	0.00854700854701
39383	0.00851063829787
25570	0.00833333333333
13076	0.00819672131148
35039	0.0078125
52555	0.0077519379845
38907	0.00763358778626
52240	0.00763358778626
40351	0.00751879699248
494	0.00740740740741
4513	0.00740740740741
28156	0.00735294117647
11172	0.00704225352113
35100	0.00694444444444
40986	0.00694444444444
51784	0.00694444444444
19314	0.00680272108844
19687	0.00680272108844
35019	0.00680272108844
39426	0.00657894736842
35360	0.00649350649351
7411	0.00641025641026
18815	0.00641025641026
23415	0.00641025641026
51699	0.00636942675159
18835	0.00632911392405
2588	0.0062893081761
6679	0.0062893081761
14862	0.0062893081761
50897	0.00609756097561
16935	0.0059880239521
25732	0.00595238095238
37238	0.00581395348837
41204	0.00581395348837
41968	0.00581395348837
17277	0.00578034682081
51151	0.00578034682081
18661	0.00571428571429
24173	0.00571428571429
12188	0.00568181818182
51038	0.00564971751412
31307	0.00552486187845
41157	0.00552486187845
2595	0.00518134715026
7533	0.00515463917526
11782	0.00510204081633
34999	0.0049504950495
41521	0.0049504950495
17611	0.00485436893204
20529	0.00485436893204
17946	0.0048309178744
5918	0.00478468899522
39209	0.00460829493088
21523	0.00456621004566
40318	0.00454545454545
17068	0.00442477876106
44281	0.00442477876106
4390	0.00438596491228
22717	0.00438596491228
49392	0.00431034482759
47628	0.00425531914894
34145	0.0042194092827
44117	0.00416666666667
41109	0.0040733197556
4005	0.00406504065041
41347	0.004
34199	0.00396825396825
50944	0.00393700787402
18556	0.00387596899225
31138	0.00384615384615
4399	0.00378787878788
11504	0.00378787878788
25405	0.00377358490566
52018	0.00363636363636
38807	0.0036231884058
2448	0.00352112676056
5512	0.00337837837838
35958	0.003367003367
6360	0.00335570469799
5100	0.00332225913621
41067	0.00332225913621
30020	0.00322580645161
27906	0.00319488817891
32453	0.00313479623824
39546	0.00305810397554
29845	0.00303951367781
40964	0.0030303030303
23786	0.00296735905045
11307	0.00295857988166
18301	0.00295857988166
47611	0.00292397660819
3788	0.00290697674419
34897	0.0028901734104
4644	0.0028818443804
34830	0.0028328611898
30799	0.00282485875706
23265	0.00281690140845
879	0.00280898876404
30471	0.00279329608939
4153	0.00272479564033
20630	0.00265957446809
51133	0.00255754475703
2515	0.00246913580247
41467	0.00246305418719
27525	0.00243309002433
4173	0.00242718446602
5553	0.00239808153477
8397	0.00236966824645
11675	0.00234192037471
22251	0.00233644859813
689	0.00229357798165
40988	0.00221729490022
37961	0.00220264317181
3419	0.00218340611354
11169	0.00217864923747
3531	0.0021186440678
5673	0.00198412698413
21797	0.00197238658777
40971	0.0019305019305
3733	0.00191754554171
30269	0.00189753320683
51041	0.00187969924812
37426	0.00183823529412
39915	0.0018281535649
4489	0.0018018018018
25098	0.00179856115108
949	0.00178571428571
13955	0.00175746924429
29863	0.00175746924429
16209	0.0016393442623
4121	0.00163666121113
12610	0.0016339869281
23150	0.00155520995334
17596	0.00154083204931
5120	0.00151515151515
19601	0.00146950771492
26584	0.001443001443
5237	0.00142653352354
8709	0.00134408602151
3133	0.00134228187919
2381	0.00132450331126
40995	0.00132275132275
1680	0.00130039011704
1118	0.00129198966408
30899	0.00126742712294
41031	0.00125944584383
9642	0.00125628140704
18584	0.00123609394314
18307	0.00118906064209
27890	0.00118203309693
14750	0.00117508813161
30980	0.00116279069767
28742	0.00107411385607
4937	0.00103842159917
5157	0.00101677681749
11	0.001
11727	0.00094696969697
34367	0.000922509225092
2333	0.000917431192661
921	0.00091407678245
4916	0.000912408759124
5809	0.000909090909091
40962	0.000902527075812
26805	0.00089325591782
2840	0.000888888888889
4518	0.00087989441267
25738	0.000875656742557
12969	0.000864304235091
76	0.000836820083682
40965	0.000818330605565
39136	0.000776397515528
868	0.000772200772201
18613	0.000763941940413
5432	0.000698812019567
22383	0.000696864111498
4655	0.000677277345073
4396	0.00064308681672
6427	0.000589101620029
2290	0.000584112149533
38793	0.00058207217695
1503	0.000558971492454
38203	0.000550055005501
5231	0.000522466039707
35563	0.000410846343468
869	0.000244319569998
