6867	0.333333333333
17620	0.333333333333
18599	0.333333333333
42380	0.333333333333
53347	0.333333333333
54305	0.333333333333
54980	0.333333333333
57200	0.333333333333
57386	0.333333333333
34093	0.25
55691	0.25
30587	0.2
36306	0.2
40523	0.2
47465	0.2
49585	0.2
59973	0.2
1652	0.166666666667
26542	0.166666666667
27966	0.166666666667
35415	0.166666666667
40157	0.166666666667
50701	0.166666666667
13594	0.142857142857
22961	0.142857142857
31095	0.142857142857
47528	0.142857142857
48074	0.142857142857
57887	0.142857142857
13798	0.125
38297	0.125
46974	0.125
57958	0.125
3098	0.111111111111
14685	0.111111111111
50570	0.111111111111
24955	0.1
1751	0.0909090909091
13683	0.0909090909091
22954	0.0909090909091
30748	0.0909090909091
31888	0.0909090909091
42632	0.0909090909091
46718	0.0909090909091
48663	0.0909090909091
51360	0.0909090909091
53856	0.0909090909091
2936	0.0833333333333
3573	0.0833333333333
6073	0.0833333333333
20523	0.0833333333333
20719	0.0833333333333
21930	0.0833333333333
22574	0.0833333333333
23662	0.0833333333333
31762	0.0833333333333
55431	0.0833333333333
61423	0.0833333333333
24935	0.0769230769231
13828	0.0714285714286
20278	0.0714285714286
21400	0.0714285714286
24520	0.0714285714286
53198	0.0714285714286
60467	0.0714285714286
32428	0.0666666666667
33977	0.0666666666667
37410	0.0666666666667
57722	0.0666666666667
202	0.0625
12055	0.0625
24864	0.0625
50955	0.0625
60085	0.0625
3990	0.0588235294118
14674	0.0588235294118
40663	0.0588235294118
45124	0.0555555555556
29668	0.0526315789474
58215	0.0526315789474
43380	0.05
45044	0.05
24156	0.047619047619
49115	0.047619047619
59093	0.047619047619
2435	0.0454545454545
6537	0.0454545454545
8127	0.0454545454545
11788	0.0454545454545
35051	0.0454545454545
52292	0.0454545454545
15043	0.0434782608696
25844	0.0434782608696
33463	0.0434782608696
44378	0.0434782608696
52389	0.0434782608696
59576	0.0434782608696
41591	0.0416666666667
41719	0.0416666666667
42855	0.0416666666667
45134	0.0416666666667
38721	0.04
31796	0.0384615384615
41667	0.0384615384615
43611	0.0384615384615
38516	0.037037037037
51646	0.037037037037
52709	0.037037037037
54601	0.037037037037
23557	0.0357142857143
33901	0.0357142857143
37167	0.0357142857143
58638	0.0357142857143
15648	0.0344827586207
20640	0.0344827586207
42852	0.0344827586207
51033	0.0344827586207
4875	0.0333333333333
25836	0.0333333333333
43287	0.0333333333333
44493	0.0333333333333
9971	0.0322580645161
33807	0.0322580645161
45962	0.0322580645161
45205	0.03125
19099	0.030303030303
42306	0.030303030303
8621	0.0285714285714
43358	0.0285714285714
48084	0.0285714285714
880	0.0277777777778
20261	0.0277777777778
2278	0.027027027027
13771	0.027027027027
34503	0.027027027027
51224	0.027027027027
39006	0.0263157894737
41135	0.0263157894737
1505	0.025641025641
26652	0.025641025641
53158	0.025641025641
10468	0.025
24031	0.025
38051	0.025
51370	0.025
15127	0.0243902439024
24575	0.0243902439024
41948	0.0243902439024
53102	0.0243902439024
8754	0.0238095238095
10317	0.0238095238095
44153	0.0238095238095
52260	0.0238095238095
32493	0.0232558139535
34618	0.0232558139535
45068	0.0232558139535
48498	0.0232558139535
34192	0.0227272727273
9749	0.0217391304348
17007	0.0217391304348
41568	0.0217391304348
42132	0.0217391304348
3820	0.0212765957447
15514	0.0212765957447
21806	0.0212765957447
38573	0.0212765957447
18688	0.0204081632653
41541	0.0204081632653
16913	0.02
42713	0.02
11535	0.0196078431373
18425	0.0196078431373
34932	0.0196078431373
14354	0.0192307692308
41870	0.0192307692308
28500	0.0188679245283
41184	0.0188679245283
47668	0.0188679245283
3858	0.0181818181818
16902	0.0181818181818
41117	0.0181818181818
26060	0.0178571428571
44787	0.0178571428571
4787	0.0172413793103
45610	0.0172413793103
6036	0.0169491525424
7421	0.0169491525424
39194	0.0169491525424
4481	0.0166666666667
37592	0.0166666666667
51319	0.0166666666667
14649	0.016393442623
29806	0.016393442623
35148	0.016393442623
42576	0.016393442623
30976	0.015873015873
39034	0.015873015873
53004	0.015625
322	0.0153846153846
16357	0.0153846153846
30694	0.0151515151515
28545	0.0149253731343
45200	0.0149253731343
38307	0.0147058823529
53282	0.0147058823529
41409	0.0144927536232
29005	0.0142857142857
51623	0.0142857142857
52196	0.0142857142857
51071	0.0141843971631
25273	0.0140845070423
26313	0.0135135135135
29603	0.0135135135135
10220	0.0133333333333
43391	0.0133333333333
50642	0.0133333333333
12717	0.0131578947368
7341	0.012987012987
51905	0.012987012987
18326	0.0128205128205
25332	0.0126582278481
14862	0.0125786163522
4398	0.0125
43371	0.0125
52615	0.0123456790123
35162	0.0121951219512
53065	0.0121951219512
2245	0.0120481927711
42326	0.0120481927711
13006	0.0119047619048
52711	0.0119047619048
12719	0.0117647058824
42704	0.0117647058824
913	0.0114942528736
33645	0.0114942528736
52362	0.0114942528736
1252	0.0113636363636
27033	0.0113636363636
51804	0.0113636363636
17110	0.0112359550562
28749	0.0112359550562
44819	0.0112359550562
53194	0.0112359550562
6601	0.0111111111111
22170	0.0111111111111
48608	0.0111111111111
51901	0.0111111111111
5023	0.010989010989
51707	0.010989010989
33716	0.0108695652174
41655	0.0108695652174
41078	0.010752688172
45587	0.010752688172
24612	0.0105263157895
43219	0.0105263157895
52024	0.0105263157895
26531	0.0104166666667
47633	0.0102040816327
34373	0.00990099009901
68	0.00980392156863
10054	0.00970873786408
41322	0.00970873786408
27582	0.00961538461538
40030	0.00961538461538
3481	0.00952380952381
59890	0.00952380952381
47503	0.00934579439252
37947	0.00925925925926
888	0.00900900900901
28285	0.00884955752212
41284	0.00884955752212
41354	0.00884955752212
33830	0.00877192982456
41682	0.00869565217391
51689	0.00869565217391
22319	0.00862068965517
33481	0.00862068965517
2905	0.00854700854701
41055	0.00854700854701
1167	0.00847457627119
13149	0.00840336134454
27209	0.00840336134454
42545	0.00833333333333
51496	0.00833333333333
28559	0.00826446280992
51118	0.00826446280992
27048	0.00819672131148
21550	0.00813008130081
41063	0.00813008130081
49749	0.00813008130081
12646	0.00806451612903
10162	0.008
51274	0.00793650793651
19799	0.00787401574803
41890	0.00787401574803
26486	0.00769230769231
38820	0.00769230769231
51266	0.00769230769231
51415	0.00757575757576
39874	0.00746268656716
13621	0.00729927007299
12777	0.00724637681159
26098	0.00719424460432
14122	0.00714285714286
17301	0.00714285714286
22684	0.00709219858156
51605	0.00709219858156
618	0.00694444444444
17152	0.00694444444444
52525	0.00694444444444
41552	0.00689655172414
27125	0.00671140939597
20335	0.00666666666667
40989	0.00666666666667
41059	0.00666666666667
41250	0.00662251655629
28737	0.00653594771242
39548	0.00649350649351
11887	0.00641025641026
107	0.00636942675159
1537	0.00632911392405
10443	0.00632911392405
51699	0.00632911392405
51025	0.0062893081761
955	0.00609756097561
10736	0.00609756097561
39360	0.00609756097561
23001	0.00606060606061
6194	0.00602409638554
33862	0.00602409638554
19338	0.00595238095238
52383	0.00595238095238
40976	0.00588235294118
5116	0.00584795321637
29453	0.00584795321637
33692	0.00584795321637
3788	0.00581395348837
7472	0.00578034682081
41204	0.00578034682081
21557	0.00568181818182
32042	0.00568181818182
39343	0.00561797752809
50980	0.00549450549451
3250	0.0054347826087
9292	0.0054347826087
22524	0.00537634408602
22572	0.00537634408602
492	0.00518134715026
10653	0.00515463917526
21321	0.00515463917526
27471	0.00515463917526
37689	0.00515463917526
39709	0.00506329113924
1739	0.00492610837438
51341	0.0048309178744
5918	0.0047619047619
41146	0.0046511627907
52055	0.0045871559633
40318	0.00452488687783
41134	0.00452488687783
41140	0.00452488687783
2127	0.00444444444444
49394	0.00444444444444
4900	0.00440528634361
28043	0.00440528634361
44281	0.00440528634361
39483	0.00434782608696
52332	0.00418410041841
41164	0.00416666666667
30445	0.00411522633745
44951	0.00408163265306
13216	0.00390625
26416	0.00390625
38080	0.00389105058366
19288	0.00384615384615
8732	0.00376647834275
41065	0.0037037037037
13952	0.00369003690037
4335	0.00367647058824
4242	0.003663003663
22654	0.0036496350365
5460	0.0036231884058
3365	0.00361445783133
862	0.00361010830325
31400	0.00359712230216
949	0.00357142857143
16449	0.00357142857143
53040	0.00357142857143
19090	0.00354609929078
2448	0.00350877192982
1743	0.0034188034188
18699	0.00341296928328
1239	0.003367003367
23999	0.00332225913621
11481	0.00331125827815
41039	0.00331125827815
22643	0.00328947368421
27128	0.00325732899023
32188	0.00325203252033
38987	0.00324675324675
41243	0.00320512820513
12467	0.0031746031746
17008	0.0031746031746
1655	0.003125
18361	0.003125
2	0.00307062436029
5774	0.00306748466258
14140	0.00305810397554
41434	0.00305810397554
48572	0.00302114803625
3943	0.00301204819277
3260	0.00299401197605
10250	0.00296735905045
11307	0.00294985250737
21906	0.00290697674419
50863	0.00289435600579
5237	0.00285306704708
27651	0.002849002849
41132	0.00282485875706
5622	0.00281690140845
30799	0.00281690140845
879	0.00280112044818
41097	0.00279329608939
41374	0.00277777777778
16917	0.00276243093923
50933	0.00275482093664
38822	0.00274725274725
36999	0.00268817204301
23688	0.00262467191601
31868	0.00261780104712
30899	0.00253485424588
41031	0.00251889168766
1628	0.00251256281407
41027	0.00242718446602
11778	0.00236966824645
562	0.002331002331
22251	0.002331002331
3280	0.00221238938053
4137	0.00218818380744
12423	0.00217391304348
41058	0.00216919739696
29309	0.0021186440678
27865	0.00210526315789
36392	0.00208768267223
17711	0.00204498977505
41109	0.00202839756592
9826	0.00190839694656
32612	0.00187265917603
12998	0.00185528756957
21745	0.0018281535649
29863	0.00175438596491
25738	0.00175131348511
38925	0.00170648464164
37111	0.00169204737733
7261	0.0016835016835
14253	0.00166112956811
16209	0.00163666121113
20416	0.00163132137031
900	0.00157232704403
38584	0.00157232704403
6304	0.00155279503106
23150	0.00155279503106
27535	0.0015243902439
5120	0.00151285930408
19601	0.0014684287812
4764	0.00146198830409
2613	0.00145560407569
37392	0.00143884892086
40987	0.00142247510669
33634	0.00140252454418
38492	0.00139664804469
22383	0.001393728223
29854	0.00138696255201
2419	0.00134770889488
3133	0.00134048257373
14352	0.00133333333333
35345	0.00132625994695
2381	0.00132275132275
40995	0.00132100396301
3720	0.00131926121372
1680	0.0012987012987
41090	0.00125
3273	0.00112107623318
2007	0.00110864745011
4654	0.0010989010989
1902	0.00103305785124
893	0.0010060362173
41068	0.000958772770853
1048	0.000955109837631
11727	0.000946073793756
4563	0.00093370681606
3933	0.000923361034164
4916	0.000911577028259
5809	0.000908265213442
40962	0.000901713255185
2840	0.00088809946714
76	0.000836120401338
31440	0.000835421888053
6812	0.000821018062397
4846	0.000788643533123
39136	0.00077579519007
868	0.000771604938272
26602	0.000765110941086
4430	0.000747384155456
869	0.000733137829912
41016	0.000727802037846
4655	0.000677048070413
6427	0.000588928150766
13111	0.000588928150766
2290	0.000583771161705
38793	0.000581733566027
1503	0.000558659217877
1497	0.000540540540541
4578	0.0005382131324
5231	0.000522193211488
5157	0.000507872016252
26805	0.000446229361892
4518	0.00043956043956
35563	0.00041067761807
