3325	0.5
11707	0.5
21752	0.5
22759	0.5
32717	0.5
46689	0.5
54712	0.5
9151	0.333333333333
11183	0.333333333333
15838	0.333333333333
26120	0.333333333333
38526	0.333333333333
45355	0.333333333333
49339	0.333333333333
1343	0.25
1376	0.25
4692	0.25
5096	0.25
20822	0.25
42647	0.25
53182	0.25
4435	0.2
27966	0.2
46862	0.2
47060	0.2
5453	0.166666666667
44827	0.166666666667
30486	0.142857142857
31126	0.142857142857
32351	0.142857142857
51915	0.142857142857
54030	0.142857142857
55110	0.142857142857
21811	0.125
46456	0.125
50469	0.125
36204	0.111111111111
715	0.1
6265	0.1
12897	0.1
23263	0.1
42032	0.1
47499	0.1
29605	0.0909090909091
30318	0.0909090909091
52752	0.0909090909091
10924	0.0833333333333
12908	0.0833333333333
18404	0.0833333333333
19783	0.0769230769231
29222	0.0769230769231
55681	0.0769230769231
32428	0.0714285714286
43420	0.0714285714286
49832	0.0714285714286
34661	0.0666666666667
43378	0.0666666666667
44842	0.0666666666667
18749	0.0645161290323
15846	0.0625
27736	0.0625
36414	0.0625
28246	0.0588235294118
48699	0.0588235294118
52913	0.0588235294118
46508	0.0526315789474
52207	0.0526315789474
52889	0.0526315789474
53363	0.0526315789474
56611	0.0526315789474
41937	0.05
13984	0.047619047619
28849	0.047619047619
29012	0.047619047619
51072	0.047619047619
42498	0.0454545454545
20283	0.0416666666667
535	0.04
32050	0.04
43030	0.04
3653	0.0384615384615
9337	0.0384615384615
42416	0.0384615384615
13321	0.037037037037
49873	0.037037037037
8659	0.0357142857143
50998	0.0357142857143
51186	0.0357142857143
51652	0.0357142857143
8609	0.0344827586207
40440	0.0344827586207
35710	0.0333333333333
50110	0.0333333333333
3425	0.0322580645161
10471	0.0322580645161
43213	0.0322580645161
51893	0.0322580645161
36064	0.03125
32962	0.030303030303
597	0.0294117647059
38083	0.0294117647059
41187	0.0294117647059
61215	0.0294117647059
880	0.0285714285714
9358	0.0285714285714
51896	0.0285714285714
30131	0.0277777777778
53372	0.0277777777778
14390	0.027027027027
32550	0.027027027027
14617	0.0263157894737
20522	0.0263157894737
2559	0.025641025641
20866	0.025641025641
22982	0.0243902439024
4015	0.0238095238095
31705	0.0238095238095
24691	0.0232558139535
41255	0.0227272727273
20245	0.0222222222222
1	0.0217391304348
10315	0.0217391304348
29186	0.0217391304348
40657	0.0217391304348
45135	0.0217391304348
5395	0.0212765957447
9598	0.0212765957447
11353	0.0212765957447
52904	0.0212765957447
5302	0.0208333333333
22247	0.0208333333333
35708	0.0208333333333
46542	0.0208333333333
50893	0.0208333333333
6505	0.0204081632653
27648	0.0204081632653
2346	0.02
19962	0.02
38452	0.02
40139	0.02
29928	0.0196078431373
41926	0.0196078431373
43744	0.0196078431373
2137	0.0192307692308
21310	0.0188679245283
41298	0.0181818181818
39320	0.0175438596491
42790	0.0175438596491
38072	0.0172413793103
2937	0.0169491525424
6315	0.0169491525424
41736	0.0166666666667
41390	0.016393442623
10601	0.0161290322581
41620	0.0161290322581
42928	0.0161290322581
4561	0.015873015873
30085	0.015873015873
35541	0.015625
18145	0.0153846153846
38642	0.0153846153846
39544	0.0153846153846
19688	0.0151515151515
15197	0.0149253731343
41143	0.0149253731343
8894	0.0147058823529
13121	0.014598540146
50992	0.0144927536232
2424	0.0142857142857
41856	0.0142857142857
50291	0.0142857142857
18596	0.0140845070423
25117	0.0140845070423
730	0.0138888888889
12481	0.013698630137
41343	0.0135135135135
43391	0.0135135135135
14505	0.0131578947368
41249	0.0131578947368
18326	0.012987012987
41533	0.0128205128205
41608	0.0126582278481
52991	0.0125
21375	0.0123456790123
39651	0.0123456790123
41694	0.0123456790123
49210	0.0117647058824
18378	0.0114942528736
51804	0.0114942528736
17110	0.0113636363636
39727	0.0112359550562
23054	0.0111111111111
10492	0.0108695652174
1753	0.0106382978723
33775	0.0105263157895
52382	0.01
11871	0.00970873786408
47430	0.00970873786408
31309	0.00961538461538
42973	0.00961538461538
10397	0.00934579439252
40562	0.00917431192661
25305	0.00909090909091
38493	0.00909090909091
52188	0.00900900900901
17015	0.00892857142857
7357	0.00869565217391
52331	0.00869565217391
27207	0.00862068965517
14502	0.00854700854701
21742	0.00847457627119
1169	0.00833333333333
26173	0.00833333333333
53000	0.00833333333333
15782	0.00826446280992
28294	0.00826446280992
33895	0.00819672131148
35039	0.0078125
554	0.00746268656716
51254	0.00740740740741
12585	0.00724637681159
26098	0.00724637681159
17301	0.00719424460432
44847	0.00719424460432
3022	0.00716845878136
874	0.00709219858156
33922	0.00699300699301
52225	0.00671140939597
3533	0.00666666666667
37680	0.00657894736842
137	0.00645161290323
7411	0.00641025641026
18835	0.00632911392405
50987	0.00632911392405
51025	0.00632911392405
22018	0.0062893081761
41593	0.0062893081761
50961	0.0062893081761
17948	0.00621118012422
29024	0.00617283950617
40975	0.00606060606061
8466	0.00602409638554
25732	0.00595238095238
775	0.00588235294118
37776	0.00584795321637
1231	0.00581395348837
18112	0.00574712643678
18183	0.00574712643678
11749	0.00568181818182
48489	0.00568181818182
41374	0.00558659217877
50980	0.00552486187845
23080	0.0054347826087
3781	0.00526315789474
18972	0.00526315789474
44978	0.00526315789474
9625	0.00512820512821
10166	0.00507614213198
53342	0.00505050505051
20802	0.00502512562814
1309	0.0049504950495
41467	0.00493827160494
28812	0.00492610837438
11165	0.00490196078431
34929	0.00480769230769
5918	0.00478468899522
13933	0.00467289719626
25413	0.00467289719626
39209	0.00460829493088
12756	0.0045871559633
27255	0.0045871559633
37052	0.00448430493274
2785	0.00446428571429
4057	0.00444444444444
22717	0.00438596491228
4327	0.00436681222707
30445	0.00413223140496
40970	0.00411522633745
2152	0.00389105058366
29909	0.00389105058366
29992	0.00389105058366
18556	0.00387596899225
41208	0.00387596899225
10251	0.003861003861
4399	0.00378787878788
1676	0.0037037037037
41364	0.00367647058824
22654	0.003663003663
27171	0.0036496350365
41417	0.0036496350365
6564	0.00363636363636
41368	0.00363636363636
39585	0.00359712230216
16449	0.00358422939068
53040	0.00358422939068
25444	0.00352112676056
2401	0.00350877192982
42912	0.00350877192982
6954	0.00348432055749
30625	0.00337837837838
41258	0.003367003367
41067	0.00332225913621
40979	0.00325732899023
41972	0.00322580645161
511	0.0030959752322
29845	0.00303951367781
40964	0.0030303030303
1700	0.00295857988166
2186	0.00291545189504
3788	0.00290697674419
9251	0.00282485875706
6689	0.00280112044818
4153	0.00272479564033
36999	0.00269541778976
867	0.00265957446809
23481	0.0026525198939
40995	0.00264900662252
10987	0.00261780104712
41010	0.00261096605744
42156	0.00261096605744
1680	0.00260416666667
3689	0.00260416666667
20818	0.00255754475703
51019	0.00250626566416
1380	0.00249376558603
1113	0.00248138957816
30980	0.0023282887078
689	0.00229357798165
3827	0.00229357798165
1399	0.00226244343891
21545	0.0022271714922
49394	0.00222222222222
40988	0.00221729490022
37961	0.00220264317181
5693	0.00219298245614
34169	0.00202839756592
3527	0.00196078431373
17586	0.00195694716243
34751	0.001953125
9826	0.0019120458891
40999	0.00189753320683
32862	0.00189035916824
17566	0.0018115942029
25098	0.00179856115108
949	0.00178571428571
2840	0.0017793594306
11655	0.00172413793103
41116	0.00172413793103
14253	0.00166389351082
7175	0.00164473684211
16209	0.0016393442623
4121	0.00163666121113
18456	0.00163132137031
17355	0.00162337662338
27809	0.00161030595813
4846	0.00157977883096
900	0.00157480314961
25113	0.00155763239875
6304	0.00155520995334
5643	0.00154320987654
5237	0.00142653352354
7419	0.00137931034483
3059	0.00137362637363
2419	0.00134952766532
1422	0.00132450331126
1628	0.00125628140704
9642	0.00125628140704
18584	0.00123609394314
29277	0.00120336943442
34224	0.00111607142857
2898	0.00109769484083
253	0.00109649122807
18311	0.00108577633008
7340	0.00107296137339
1902	0.00103412616339
5503	0.000956937799043
1048	0.000956022944551
3933	0.000924214417745
34367	0.000922509225092
22929	0.000920810313076
40962	0.000902527075812
5519	0.000870322019147
31440	0.000836120401338
22743	0.000822368421053
39136	0.000776397515528
868	0.000772200772201
26602	0.000765696784074
19601	0.000734214390602
41016	0.000728332119446
5432	0.000698812019567
5112	0.000666666666667
19598	0.000654022236756
5204	0.000644745325596
4396	0.00064308681672
2290	0.000584112149533
38793	0.00058207217695
1503	0.000558971492454
38203	0.000550055005501
4578	0.000538502961766
5157	0.000508130081301
869	0.000488758553275
7312	0.000471920717319
4518	0.000439753737907
35563	0.000410846343468
4655	0.000338524035206
6427	0.000294464075383
