7452	0.125
10202	0.125
11685	0.125
13051	0.125
13474	0.125
16165	0.125
16833	0.125
20035	0.125
22320	0.125
24422	0.125
30448	0.125
33524	0.125
37714	0.125
43482	0.125
49722	0.125
55038	0.125
1320	0.111111111111
5466	0.111111111111
6405	0.111111111111
8500	0.111111111111
13557	0.111111111111
16601	0.111111111111
16865	0.111111111111
17472	0.111111111111
37631	0.111111111111
38462	0.111111111111
45417	0.111111111111
47750	0.111111111111
47778	0.111111111111
48363	0.111111111111
55912	0.111111111111
57849	0.111111111111
59244	0.111111111111
60821	0.111111111111
5442	0.105263157895
32615	0.105263157895
2105	0.1
2479	0.1
10201	0.1
15930	0.1
16844	0.1
19886	0.1
22844	0.1
38930	0.1
50547	0.1
52594	0.1
52811	0.1
57207	0.1
34139	0.0952380952381
1216	0.0909090909091
4805	0.0909090909091
5449	0.0909090909091
7583	0.0909090909091
9660	0.0909090909091
9793	0.0909090909091
12789	0.0909090909091
12961	0.0909090909091
16976	0.0909090909091
19297	0.0909090909091
23812	0.0909090909091
25577	0.0909090909091
27881	0.0909090909091
29221	0.0909090909091
33658	0.0909090909091
41529	0.0909090909091
42709	0.0909090909091
45467	0.0909090909091
47128	0.0909090909091
47514	0.0909090909091
51518	0.0909090909091
52304	0.0909090909091
52550	0.0909090909091
53229	0.0909090909091
53302	0.0909090909091
58559	0.0909090909091
58689	0.0909090909091
415	0.0833333333333
1860	0.0833333333333
1926	0.0833333333333
6313	0.0833333333333
9946	0.0833333333333
20259	0.0833333333333
21448	0.0833333333333
21677	0.0833333333333
22072	0.0833333333333
36492	0.0833333333333
43346	0.0833333333333
47412	0.0833333333333
50703	0.0833333333333
56671	0.0833333333333
2307	0.0769230769231
11364	0.0769230769231
13144	0.0769230769231
13377	0.0769230769231
16665	0.0769230769231
22404	0.0769230769231
28934	0.0769230769231
32993	0.0769230769231
42871	0.0769230769231
44859	0.0769230769231
55980	0.0769230769231
3138	0.0714285714286
11312	0.0714285714286
17076	0.0714285714286
18407	0.0714285714286
25903	0.0714285714286
26949	0.0714285714286
29827	0.0714285714286
33838	0.0714285714286
41296	0.0714285714286
42996	0.0714285714286
46394	0.0714285714286
46663	0.0714285714286
53193	0.0714285714286
10223	0.0666666666667
16151	0.0666666666667
19010	0.0666666666667
20388	0.0666666666667
23589	0.0666666666667
35615	0.0666666666667
37760	0.0666666666667
38910	0.0666666666667
40917	0.0666666666667
43393	0.0666666666667
46238	0.0666666666667
49910	0.0666666666667
57313	0.0666666666667
60181	0.0666666666667
4117	0.0625
8520	0.0625
12202	0.0625
14264	0.0625
18309	0.0625
23200	0.0625
23799	0.0625
24739	0.0625
30683	0.0625
32320	0.0625
32681	0.0625
37545	0.0625
48669	0.0625
54495	0.0625
56195	0.0625
59526	0.0625
183	0.0588235294118
13131	0.0588235294118
19743	0.0588235294118
20302	0.0588235294118
20391	0.0588235294118
21283	0.0588235294118
27205	0.0588235294118
28174	0.0588235294118
34360	0.0588235294118
37650	0.0588235294118
41267	0.0588235294118
49020	0.0588235294118
49902	0.0588235294118
52813	0.0588235294118
17636	0.0555555555556
19882	0.0555555555556
20483	0.0555555555556
25358	0.0555555555556
26147	0.0555555555556
29675	0.0555555555556
30838	0.0555555555556
32282	0.0555555555556
37364	0.0555555555556
42746	0.0555555555556
43172	0.0555555555556
43407	0.0555555555556
48019	0.0555555555556
59755	0.0555555555556
3301	0.0526315789474
18320	0.0526315789474
20811	0.0526315789474
24447	0.0526315789474
28299	0.0526315789474
32570	0.0526315789474
32864	0.0526315789474
33345	0.0526315789474
36622	0.0526315789474
41017	0.0526315789474
43619	0.0526315789474
50947	0.0526315789474
58274	0.0526315789474
4792	0.05
4894	0.05
12254	0.05
17252	0.05
19527	0.05
19614	0.05
21590	0.05
34135	0.05
35153	0.05
36495	0.05
51075	0.05
57855	0.05
59530	0.05
59940	0.05
5573	0.047619047619
9286	0.047619047619
11777	0.047619047619
16040	0.047619047619
27917	0.047619047619
31892	0.047619047619
49996	0.047619047619
50048	0.047619047619
51770	0.047619047619
52920	0.047619047619
60387	0.047619047619
42914	0.0461538461538
4138	0.0454545454545
4236	0.0454545454545
4534	0.0454545454545
6933	0.0454545454545
7696	0.0454545454545
16585	0.0454545454545
20990	0.0454545454545
31179	0.0454545454545
35283	0.0454545454545
38360	0.0454545454545
52535	0.0454545454545
53079	0.0454545454545
4862	0.0434782608696
12001	0.0434782608696
34122	0.0434782608696
41057	0.0434782608696
41502	0.0434782608696
41516	0.0434782608696
42624	0.0434782608696
45069	0.0434782608696
49431	0.0434782608696
51107	0.0434782608696
51410	0.0434782608696
58287	0.0434782608696
60513	0.0434782608696
26286	0.0425531914894
2542	0.0416666666667
14465	0.0416666666667
16861	0.0416666666667
17576	0.0416666666667
18196	0.0416666666667
22458	0.0416666666667
23053	0.0416666666667
27907	0.0416666666667
28788	0.0416666666667
42045	0.0416666666667
43121	0.0416666666667
47659	0.0416666666667
52630	0.0416666666667
55367	0.0416666666667
56686	0.0416666666667
59843	0.0416666666667
34158	0.0408163265306
861	0.04
4442	0.04
11536	0.04
11555	0.04
15836	0.04
21701	0.04
26739	0.04
28349	0.04
52744	0.04
53151	0.04
60242	0.04
30953	0.0384615384615
43037	0.0384615384615
48630	0.0384615384615
52336	0.0384615384615
52704	0.0384615384615
55055	0.0384615384615
735	0.037037037037
4961	0.037037037037
9987	0.037037037037
25915	0.037037037037
31858	0.037037037037
35497	0.037037037037
41466	0.037037037037
52272	0.037037037037
56078	0.037037037037
14489	0.0357142857143
21744	0.0357142857143
33275	0.0357142857143
36440	0.0357142857143
41509	0.0357142857143
41901	0.0357142857143
43472	0.0357142857143
60515	0.0357142857143
5159	0.0344827586207
13988	0.0344827586207
19118	0.0344827586207
22567	0.0344827586207
22645	0.0344827586207
24432	0.0344827586207
30462	0.0344827586207
34318	0.0344827586207
41124	0.0344827586207
42519	0.0344827586207
43321	0.0344827586207
41762	0.0338983050847
2317	0.0333333333333
6196	0.0333333333333
36266	0.0333333333333
37534	0.0333333333333
43231	0.0333333333333
43387	0.0333333333333
45060	0.0333333333333
49960	0.0333333333333
51717	0.0333333333333
52808	0.0333333333333
60167	0.0333333333333
535	0.0322580645161
850	0.0322580645161
4587	0.0322580645161
21709	0.0322580645161
25086	0.0322580645161
38006	0.0322580645161
38197	0.0322580645161
40243	0.0322580645161
41808	0.0322580645161
43453	0.0322580645161
59605	0.0322580645161
52309	0.031746031746
4322	0.03125
5608	0.03125
12797	0.03125
15015	0.03125
36188	0.03125
38516	0.03125
39190	0.03125
42444	0.03125
43357	0.03125
43447	0.03125
51860	0.03125
1341	0.030303030303
2291	0.030303030303
12964	0.030303030303
24052	0.030303030303
24503	0.030303030303
33775	0.030303030303
38665	0.030303030303
38953	0.030303030303
41535	0.030303030303
42822	0.030303030303
43127	0.030303030303
1818	0.0294117647059
15754	0.0294117647059
21664	0.0294117647059
25156	0.0294117647059
31465	0.0294117647059
33662	0.0294117647059
37478	0.0294117647059
40620	0.0294117647059
42824	0.0294117647059
51186	0.0294117647059
52044	0.0294117647059
17442	0.0289855072464
795	0.0285714285714
3852	0.0285714285714
10914	0.0285714285714
18354	0.0285714285714
18846	0.0285714285714
19620	0.0285714285714
40440	0.0285714285714
41748	0.0285714285714
42800	0.0285714285714
51175	0.0285714285714
52528	0.0285714285714
60283	0.0285714285714
1120	0.0277777777778
1307	0.0277777777778
1487	0.0277777777778
11063	0.0277777777778
18956	0.0277777777778
26818	0.0277777777778
38727	0.0277777777778
42345	0.0277777777778
59832	0.0277777777778
3384	0.027027027027
11235	0.027027027027
32664	0.027027027027
34211	0.027027027027
6397	0.0263157894737
22765	0.0263157894737
23540	0.0263157894737
35180	0.0263157894737
37293	0.0263157894737
41199	0.0263157894737
41309	0.0263157894737
42678	0.0263157894737
51762	0.0263157894737
26875	0.025641025641
28165	0.025641025641
39536	0.025641025641
40594	0.025641025641
42886	0.025641025641
45878	0.025641025641
52232	0.025641025641
885	0.025
3590	0.025
9149	0.025
13298	0.025
26809	0.025
40096	0.025
41162	0.025
42567	0.025
43755	0.025
50850	0.025
51077	0.025
51681	0.025
18756	0.0246913580247
6391	0.0243902439024
39582	0.0243902439024
41679	0.0243902439024
50348	0.0243902439024
51034	0.0243902439024
42344	0.0240963855422
51193	0.0240963855422
1345	0.0238095238095
4305	0.0238095238095
7325	0.0238095238095
9207	0.0238095238095
14593	0.0238095238095
23318	0.0238095238095
41230	0.0238095238095
53297	0.0238095238095
2772	0.0232558139535
2861	0.0232558139535
8582	0.0232558139535
13103	0.0232558139535
15192	0.0232558139535
15447	0.0232558139535
17982	0.0232558139535
18269	0.0232558139535
19534	0.0232558139535
52973	0.0232558139535
8519	0.0229885057471
14859	0.0227272727273
33896	0.0227272727273
42484	0.0227272727273
45345	0.0227272727273
53158	0.0227272727273
4840	0.0222222222222
9822	0.0222222222222
11761	0.0222222222222
11854	0.0222222222222
12057	0.0222222222222
13147	0.0222222222222
35155	0.0222222222222
42350	0.0222222222222
42634	0.0222222222222
59525	0.0222222222222
3861	0.021978021978
31035	0.0217391304348
35203	0.0217391304348
53093	0.0217391304348
645	0.0212765957447
10022	0.0212765957447
26275	0.0212765957447
29379	0.0212765957447
41455	0.0212765957447
44862	0.0212765957447
14832	0.0210526315789
23514	0.0210526315789
2092	0.0208333333333
3550	0.0208333333333
6592	0.0208333333333
7482	0.0208333333333
9589	0.0208333333333
31169	0.0208333333333
32406	0.0208333333333
34094	0.0208333333333
43603	0.0208333333333
48981	0.0208333333333
53320	0.0208333333333
1354	0.0204081632653
6235	0.0204081632653
33273	0.0204081632653
44500	0.0204081632653
46121	0.0204081632653
36275	0.020202020202
3114	0.02
5703	0.02
12050	0.02
17462	0.02
21912	0.02
28438	0.02
33840	0.02
33921	0.02
40126	0.02
42505	0.02
51057	0.02
7430	0.0196078431373
11123	0.0196078431373
22896	0.0196078431373
24971	0.0196078431373
42132	0.0196078431373
50527	0.0196078431373
52156	0.0196078431373
55194	0.0196078431373
2310	0.0192307692308
18741	0.0192307692308
20450	0.0192307692308
33155	0.0192307692308
36489	0.0192307692308
51983	0.0192307692308
5267	0.0188679245283
18492	0.0188679245283
38968	0.0188679245283
52904	0.0188679245283
53407	0.0188679245283
11404	0.0185185185185
40848	0.0185185185185
51200	0.0185185185185
4490	0.0181818181818
41286	0.0181818181818
42360	0.0181818181818
53019	0.0181818181818
18425	0.0178571428571
27522	0.0178571428571
40139	0.0178571428571
52556	0.0178571428571
4524	0.0175438596491
13403	0.0175438596491
26724	0.0175438596491
34532	0.0175438596491
42848	0.0175438596491
43585	0.0175438596491
2137	0.0172413793103
4668	0.0172413793103
12731	0.0172413793103
22252	0.0172413793103
25002	0.0172413793103
29680	0.0172413793103
40356	0.0172413793103
47668	0.0172413793103
52488	0.0172413793103
25840	0.0169491525424
30751	0.0169491525424
51421	0.0169491525424
52148	0.0169491525424
52548	0.0169491525424
5367	0.0168539325843
15730	0.0166666666667
34997	0.0166666666667
5677	0.016393442623
7073	0.016393442623
17275	0.016393442623
17735	0.016393442623
41351	0.016393442623
41931	0.016393442623
59536	0.016393442623
38330	0.0162601626016
16722	0.0161290322581
20418	0.0161290322581
28579	0.0161290322581
1169	0.016
1097	0.015873015873
4787	0.015873015873
46211	0.015873015873
44433	0.0157068062827
830	0.015625
48070	0.015625
6906	0.0153846153846
28820	0.0153846153846
37117	0.0153846153846
41398	0.0153846153846
41527	0.0153846153846
51225	0.0152671755725
2096	0.0151515151515
2282	0.0151515151515
6222	0.0151515151515
26940	0.0151515151515
29806	0.0151515151515
39851	0.0151515151515
1508	0.0149253731343
7084	0.0149253731343
30635	0.0149253731343
32974	0.0149253731343
41308	0.0149253731343
41627	0.0149253731343
42259	0.0149253731343
19572	0.0147058823529
19775	0.0147058823529
30973	0.0147058823529
35117	0.0147058823529
35940	0.0147058823529
38989	0.0147058823529
40307	0.0147058823529
52682	0.0147058823529
7526	0.0144927536232
18119	0.0144927536232
19521	0.0144927536232
29804	0.0144927536232
33868	0.0144927536232
37774	0.0144927536232
42295	0.0144927536232
42389	0.0144927536232
3684	0.0142857142857
4007	0.0142857142857
19469	0.0142857142857
35541	0.0142857142857
37208	0.0142857142857
44993	0.0142857142857
4318	0.0140845070423
22332	0.0140845070423
35480	0.0140845070423
41754	0.0140845070423
52043	0.0140845070423
11079	0.0138888888889
32822	0.0138888888889
34166	0.0138888888889
51154	0.0138888888889
9205	0.013698630137
27052	0.013698630137
42029	0.013698630137
53338	0.013698630137
21870	0.0135135135135
25555	0.0135135135135
45459	0.0135135135135
41091	0.0134529147982
41672	0.0134228187919
4753	0.0133333333333
12475	0.0133333333333
13092	0.0133333333333
22873	0.0133333333333
28415	0.0133333333333
41175	0.0133333333333
50494	0.0133333333333
50992	0.0133333333333
10326	0.0131578947368
38530	0.0131578947368
39024	0.0131578947368
41856	0.0131578947368
47918	0.0131578947368
52693	0.0131578947368
16770	0.012987012987
31634	0.012987012987
41773	0.012987012987
52072	0.012987012987
52276	0.012987012987
16170	0.0128205128205
35275	0.0128205128205
51418	0.0128205128205
21715	0.0126582278481
26313	0.0126582278481
37046	0.0126582278481
11887	0.0125
12831	0.0125
34531	0.0125
50642	0.0125
50871	0.0125
29280	0.0123456790123
50958	0.0123456790123
3946	0.0122699386503
18604	0.0121951219512
35699	0.0121951219512
3214	0.0119760479042
34486	0.0119047619048
51114	0.0119047619048
51283	0.0119047619048
51394	0.0119047619048
27723	0.0116959064327
33599	0.0116279069767
33855	0.0116279069767
40985	0.0116279069767
10792	0.0113636363636
18231	0.0113636363636
34105	0.0113636363636
34649	0.0113636363636
37776	0.0113636363636
25376	0.0112994350282
41201	0.0112359550562
7460	0.0111731843575
10973	0.0111111111111
15188	0.010989010989
377	0.0108695652174
30938	0.0108695652174
34715	0.0108695652174
51209	0.0108695652174
27033	0.010752688172
51044	0.010752688172
51346	0.010752688172
4174	0.0106382978723
22601	0.0106382978723
41634	0.0106382978723
51590	0.0106382978723
52283	0.0106382978723
13927	0.0105263157895
35514	0.0105263157895
15009	0.0104166666667
16408	0.0104166666667
30806	0.0104166666667
49350	0.0104166666667
51079	0.0104166666667
51337	0.0104166666667
59627	0.0104166666667
19922	0.0103092783505
43542	0.0103092783505
40541	0.0102564102564
4836	0.0102040816327
9651	0.0102040816327
28805	0.0102040816327
40819	0.0102040816327
563	0.010101010101
23831	0.010101010101
53039	0.010101010101
55841	0.010101010101
4620	0.01
9625	0.01
11748	0.01
13891	0.01
34933	0.01
26531	0.00990099009901
52062	0.00990099009901
59879	0.00990099009901
3077	0.00980392156863
11145	0.00980392156863
26162	0.00980392156863
29583	0.00980392156863
32074	0.00980392156863
43749	0.00980392156863
50250	0.00970873786408
3317	0.00961538461538
42135	0.00961538461538
51429	0.00961538461538
27649	0.00952380952381
39002	0.00952380952381
52536	0.00952380952381
18643	0.00943396226415
31306	0.00943396226415
34929	0.0093896713615
5603	0.00934579439252
13071	0.00934579439252
51854	0.00934579439252
13428	0.00925925925926
41136	0.00925925925926
41322	0.00925925925926
41338	0.00925925925926
31011	0.00917431192661
40030	0.00917431192661
51345	0.00917431192661
14275	0.00909090909091
35951	0.00909090909091
44776	0.00900900900901
3316	0.00892857142857
5311	0.00892857142857
11383	0.00892857142857
40977	0.00892857142857
7349	0.00887573964497
11239	0.00884955752212
1328	0.00877192982456
2353	0.00877192982456
3544	0.00877192982456
25240	0.00877192982456
6218	0.00869565217391
6394	0.00869565217391
10789	0.00869565217391
26674	0.00869565217391
51765	0.00869565217391
59505	0.00869565217391
6404	0.00862068965517
37184	0.00862068965517
38701	0.00862068965517
40394	0.00862068965517
1096	0.00854700854701
21696	0.00854700854701
44486	0.00854700854701
50812	0.00854700854701
33680	0.00847457627119
11489	0.00840336134454
15325	0.00840336134454
41425	0.00840336134454
49397	0.00840336134454
53361	0.00840336134454
38932	0.008356545961
1028	0.00833333333333
2090	0.00833333333333
9184	0.00833333333333
31170	0.00833333333333
41682	0.00833333333333
51689	0.00833333333333
39383	0.00829875518672
1273	0.00826446280992
2094	0.00826446280992
22319	0.00826446280992
52331	0.00826446280992
4658	0.00819672131148
25810	0.00819672131148
27207	0.00819672131148
50881	0.00819672131148
14698	0.00813008130081
42302	0.00813008130081
42308	0.00813008130081
30445	0.0080971659919
616	0.00806451612903
2264	0.00806451612903
19792	0.00806451612903
26437	0.00806451612903
35420	0.00806451612903
41693	0.00806451612903
27358	0.00803212851406
2171	0.008
41108	0.008
47637	0.00796812749004
100	0.00793650793651
10047	0.00793650793651
26173	0.00793650793651
43376	0.00793650793651
3793	0.00787401574803
27320	0.00787401574803
27409	0.00787401574803
28294	0.00787401574803
29543	0.00787401574803
2144	0.0078125
32457	0.0078125
11087	0.0077519379845
11095	0.0077519379845
21734	0.00769230769231
27087	0.00769230769231
43785	0.00769230769231
51709	0.00769230769231
7451	0.00763358778626
29909	0.00763358778626
39323	0.00763358778626
42270	0.00763358778626
19799	0.00757575757576
30585	0.00757575757576
40344	0.00751879699248
26486	0.00740740740741
38820	0.00740740740741
51158	0.00740740740741
51266	0.00740740740741
28709	0.00729927007299
52240	0.00729927007299
19965	0.00724637681159
40847	0.00724637681159
9646	0.00719424460432
38657	0.00719424460432
39874	0.00719424460432
41287	0.00719424460432
34254	0.00714285714286
36897	0.00714285714286
41368	0.00714285714286
38807	0.00711743772242
25586	0.00710900473934
3698	0.00709219858156
3957	0.00709219858156
14459	0.00709219858156
27642	0.00709219858156
36594	0.00709219858156
4951	0.00704225352113
17318	0.00704225352113
3991	0.00694444444444
6781	0.00694444444444
13121	0.00694444444444
14122	0.00689655172414
17301	0.00689655172414
42912	0.00689655172414
57861	0.00689655172414
16784	0.00684931506849
17483	0.00684931506849
22684	0.00684931506849
41596	0.00684931506849
874	0.00680272108844
41832	0.00680272108844
51071	0.00680272108844
29145	0.00677966101695
37111	0.00674536256324
618	0.00671140939597
18967	0.00671140939597
23299	0.00671140939597
27899	0.00671140939597
34522	0.00671140939597
41042	0.00671140939597
3156	0.00666666666667
41552	0.00666666666667
7444	0.00664451827243
24457	0.00662251655629
32935	0.00662251655629
26863	0.00658978583196
4464	0.00657894736842
4135	0.00653594771242
41067	0.00653594771242
50901	0.00651465798046
11169	0.00647948164147
4413	0.00645161290323
38758	0.00645161290323
41224	0.00645161290323
7299	0.0064308681672
254	0.00641025641026
3533	0.00641025641026
19599	0.00641025641026
3486	0.00636942675159
4508	0.00636942675159
21989	0.00636942675159
50883	0.00636942675159
23222	0.00632911392405
28737	0.00632911392405
33780	0.00632911392405
39548	0.0062893081761
137	0.00621118012422
4743	0.00621118012422
18340	0.00621118012422
51159	0.00621118012422
7411	0.00617283950617
13642	0.00617283950617
23415	0.00617283950617
4144	0.00613496932515
7344	0.00613496932515
37409	0.00613496932515
38959	0.00613496932515
51145	0.00613496932515
51838	0.00613496932515
22026	0.00609756097561
22401	0.00609756097561
22805	0.00609756097561
25332	0.00609756097561
6679	0.00606060606061
22018	0.00606060606061
40489	0.00606060606061
41434	0.00604229607251
32594	0.00602409638554
39546	0.00602409638554
41378	0.0059880239521
3239	0.00597014925373
26579	0.00595238095238
39360	0.00591715976331
23285	0.00588235294118
32087	0.00588235294118
40625	0.00588235294118
49336	0.00588235294118
50897	0.00588235294118
22070	0.00584795321637
23786	0.00584795321637
33862	0.00584795321637
34667	0.00584795321637
40975	0.00584795321637
41278	0.00578034682081
41088	0.00574712643678
51655	0.00574712643678
24970	0.00571428571429
51197	0.00571428571429
41048	0.00569800569801
23248	0.00568181818182
742	0.00564971751412
3548	0.00564971751412
40887	0.00564971751412
41177	0.00564971751412
39510	0.00561797752809
41013	0.00561797752809
41968	0.00561797752809
216	0.00560224089636
51041	0.00559701492537
18374	0.00558659217877
25453	0.00558659217877
18661	0.00552486187845
39265	0.00552486187845
33879	0.00549450549451
48489	0.00549450549451
41610	0.00546448087432
4675	0.00540540540541
7442	0.00539083557951
4153	0.00537634408602
1931	0.00534759358289
3133	0.00534759358289
26599	0.00534759358289
41227	0.00534759358289
29218	0.00533333333333
21507	0.00529100529101
36686	0.00529100529101
896	0.00523560209424
2169	0.00523560209424
22524	0.00523560209424
22572	0.00523560209424
17066	0.00520833333333
20800	0.00520833333333
41102	0.00520833333333
41530	0.00520833333333
11314	0.00518134715026
30874	0.00518134715026
41070	0.00518134715026
32738	0.00512820512821
18972	0.00510204081633
41047	0.00510204081633
44978	0.00510204081633
51697	0.00510204081633
1853	0.00507614213198
30899	0.00505050505051
21321	0.00502512562814
27471	0.00502512562814
932	0.005
39709	0.005
14253	0.00495867768595
10166	0.00492610837438
41942	0.00492610837438
42328	0.00492610837438
4695	0.00490196078431
4705	0.00490196078431
41092	0.00490196078431
41171	0.00490196078431
35049	0.00488599348534
20802	0.00487804878049
7303	0.00485436893204
32188	0.0048465266559
1309	0.00480769230769
3859	0.00480769230769
34999	0.00480769230769
11165	0.0047619047619
41370	0.0047619047619
41037	0.00473933649289
35045	0.00472813238771
11778	0.00469483568075
8397	0.00468384074941
29444	0.00467289719626
38795	0.00467289719626
5918	0.0046511627907
562	0.00461893764434
22251	0.00461893764434
34367	0.00460405156538
32823	0.0045871559633
51099	0.0045871559633
2787	0.00456621004566
18172	0.00456621004566
41045	0.00456621004566
20542	0.00455235204856
25413	0.00454545454545
52258	0.00452488687783
52055	0.00448430493274
21523	0.00444444444444
26934	0.00444444444444
40318	0.00442477876106
41134	0.00442477876106
22744	0.00442086648983
14360	0.00440528634361
31879	0.00440528634361
49394	0.0043956043956
13960	0.00438596491228
253	0.00437158469945
41329	0.00434782608696
15794	0.004329004329
18311	0.004329004329
3419	0.00431965442765
12423	0.00431034482759
24126	0.00431034482759
35703	0.00431034482759
44281	0.00431034482759
1144	0.0042735042735
10920	0.0042735042735
22717	0.0042735042735
27927	0.0042735042735
34356	0.0042735042735
23742	0.00425531914894
41499	0.00423728813559
51173	0.0042194092827
23782	0.00420168067227
49392	0.00420168067227
27404	0.00416666666667
30849	0.00416666666667
41054	0.00416666666667
36392	0.00414078674948
25930	0.00411522633745
39027	0.00411522633745
52332	0.00409836065574
2	0.00407747196738
50923	0.00406504065041
20875	0.004
23667	0.004
4005	0.00396825396825
5673	0.00392927308448
34858	0.00392927308448
15207	0.00392156862745
34920	0.00392156862745
16956	0.00390625
21797	0.00390625
9647	0.00389863547758
2110	0.00389105058366
13318	0.00389105058366
1680	0.00388098318241
34199	0.00387596899225
2811	0.00384615384615
13216	0.00383141762452
41001	0.00383141762452
40971	0.0038240917782
26602	0.00382262996942
17790	0.00381679389313
41985	0.00380952380952
2152	0.00380228136882
39852	0.00380228136882
41208	0.00378787878788
11727	0.00377714825307
1117	0.00377358490566
19288	0.00377358490566
28128	0.00377358490566
30269	0.00375939849624
41031	0.00375939849624
41326	0.00375939849624
3116	0.00374531835206
39602	0.00373134328358
29394	0.0037037037037
25405	0.00369003690037
5599	0.003663003663
17605	0.0036496350365
30794	0.0036496350365
11201	0.0036231884058
7390	0.00361010830325
18414	0.00361010830325
41364	0.00359712230216
3365	0.00359281437126
4489	0.00357142857143
25098	0.00356506238859
3747	0.00355871886121
52018	0.00355871886121
13056	0.00355239786856
11381	0.00354609929078
31400	0.00353356890459
32832	0.00353356890459
38293	0.00353356890459
16449	0.00350877192982
51212	0.00350877192982
19090	0.00348432055749
42609	0.00348432055749
18278	0.00346020761246
51006	0.00346020761246
11655	0.0034188034188
6954	0.00341296928328
23011	0.00340136054422
6444	0.00338983050847
1928	0.003367003367
18699	0.00335570469799
3273	0.00335195530726
7261	0.00334448160535
76	0.00333889816361
5000	0.00333333333333
34637	0.00333333333333
34548	0.00332225913621
1239	0.00331125827815
8681	0.00331125827815
30625	0.00331125827815
38203	0.00329851566795
6812	0.00327868852459
52225	0.00327868852459
23999	0.00326797385621
19598	0.00326583932071
7175	0.00326264274062
2326	0.00325732899023
41039	0.00325732899023
2409	0.00323624595469
22643	0.00323624595469
51156	0.00323624595469
27128	0.00320512820513
35237	0.00320512820513
41126	0.00320512820513
27809	0.00319488817891
38987	0.00319488817891
40979	0.00319488817891
28051	0.00318725099602
1364	0.00315457413249
17715	0.00315457413249
27527	0.00315457413249
900	0.003125
12467	0.003125
26893	0.00311526479751
33621	0.0030959752322
41032	0.00308641975309
18361	0.00307692307692
41156	0.00303951367781
27535	0.0030303030303
40972	0.0030303030303
17987	0.00302114803625
893	0.00301659125189
41000	0.00301204819277
5120	0.00300751879699
259	0.003003003003
34683	0.00299401197605
4430	0.00298507462687
40964	0.00297619047619
48572	0.00297619047619
3943	0.00296735905045
28047	0.00296735905045
28810	0.00296735905045
3260	0.00294985250737
22579	0.00294985250737
4485	0.00294117647059
36398	0.00293542074364
18701	0.00293255131965
37198	0.00293255131965
19601	0.0029304029304
2186	0.0028901734104
41034	0.0028818443804
25078	0.00287356321839
41068	0.00286806883365
37392	0.00286123032904
1048	0.00285714285714
3788	0.00285714285714
33850	0.002849002849
2037	0.00283687943262
4644	0.0028328611898
5237	0.0028328611898
25324	0.0028328611898
9252	0.00281690140845
3553	0.00279329608939
5432	0.00278940027894
7317	0.00278551532033
5622	0.00277777777778
30799	0.00277777777778
11359	0.00276243093923
51989	0.00276243093923
15373	0.00274725274725
28830	0.00274725274725
30471	0.00274725274725
2333	0.00274223034735
7419	0.0027397260274
921	0.00273224043716
3059	0.00272851296044
16917	0.00272479564033
5809	0.00271739130435
50933	0.00271739130435
21323	0.0027027027027
1497	0.00270124257158
40962	0.00269784172662
4578	0.00268961807423
16420	0.00268817204301
8709	0.00268096514745
38794	0.0026714158504
5112	0.00266134397871
41018	0.00263504611331
3720	0.00262467191601
25738	0.00261780104712
41129	0.00260416666667
5519	0.00260190806592
1118	0.00257731958763
10987	0.00257731958763
42156	0.0025706940874
3689	0.0025641025641
51133	0.00251889168766
15636	0.00250626566416
23174	0.0025
1628	0.00249687890137
35563	0.00246406570842
22743	0.00245901639344
1380	0.002457002457
20173	0.0024154589372
31536	0.0024154589372
27525	0.00239808153477
4173	0.00239234449761
22971	0.00238095238095
5553	0.00236406619385
18307	0.00236406619385
4846	0.00236034618411
12388	0.00235849056604
13111	0.00235294117647
7518	0.00234192037471
30980	0.00231213872832
3499	0.00227790432802
3827	0.00226244343891
28832	0.00225225225225
23666	0.00223713646532
1399	0.00223214285714
34224	0.00221975582686
4518	0.00219683655536
631	0.00219298245614
40988	0.00218818380744
41332	0.00218818380744
41016	0.00217864923747
4137	0.0021645021645
15228	0.00215982721382
41058	0.00214592274678
28742	0.00213675213675
7340	0.00213447171825
2745	0.0021186440678
9200	0.00211193241816
29309	0.0020964360587
36394	0.0020964360587
3531	0.00209205020921
5231	0.00208659363589
22383	0.00208478109798
27865	0.00208333333333
6427	0.00206124852768
39549	0.00205338809035
4655	0.00203045685279
17711	0.00202429149798
41355	0.00202429149798
41109	0.00200803212851
11	0.00199004975124
869	0.0019550342131
3733	0.00190657769304
9826	0.00189035916824
4563	0.00186046511628
11769	0.00185528756957
32612	0.00185528756957
3933	0.00183992640294
35136	0.00183486238532
22929	0.00183318056829
27489	0.0018315018315
4916	0.00181653042688
35178	0.00180831826401
2312	0.00178571428571
41583	0.00178571428571
26805	0.00178332590281
2840	0.00176991150442
949	0.0017667844523
13955	0.00173913043478
29863	0.00173913043478
41116	0.00170648464164
1743	0.00169204737733
38925	0.00169204737733
1503	0.00167317345231
40965	0.00162999185004
16209	0.00162337662338
4121	0.00162074554295
12610	0.00161812297735
20416	0.00161812297735
18456	0.0016155088853
17355	0.0016077170418
13339	0.00158982511924
1064	0.00157480314961
39136	0.0015467904099
25113	0.00154320987654
23150	0.00154083204931
868	0.00153846153846
5157	0.00152129817444
1135	0.00151975683891
9656	0.00145772594752
4764	0.00145137880987
2613	0.0014450867052
4708	0.0014450867052
50863	0.00143472022956
7312	0.00141309467734
40987	0.00141242937853
33634	0.00139275766017
38492	0.00138696255201
29854	0.00137741046832
20506	0.00134952766532
2419	0.00133868808568
35345	0.00131752305665
1422	0.00131406044678
2381	0.00131406044678
2733	0.00131406044678
40995	0.00131233595801
5204	0.0012853470437
1119	0.00124843945069
9642	0.00124688279302
41090	0.00124223602484
18584	0.00122699386503
4711	0.00121359223301
18960	0.00120336943442
39447	0.0011961722488
29277	0.00119474313023
27890	0.00117370892019
38191	0.00116959064327
2290	0.00116482236459
38793	0.00116076610563
2898	0.00109051254089
4937	0.00103199174407
1902	0.00102774922919
2344	0.0010101010101
2463	0.00095785440613
5503	0.000951474785918
12969	0.000859845227859
18777	0.000850340136054
31440	0.000831946755408
18613	0.000760456273764
4396	0.000640614990391
