1501	0.292682926829
25626	0.152173913043
5339	0.133333333333
50767	0.133333333333
42013	0.122807017544
1098	0.102941176471
59055	0.1
37833	0.0967741935484
2073	0.0909090909091
44106	0.0909090909091
12430	0.0882352941176
45124	0.0882352941176
2975	0.0869565217391
21977	0.0869565217391
37231	0.0869565217391
12838	0.0845070422535
44172	0.0810810810811
34089	0.08
35649	0.08
47680	0.08
49940	0.08
10720	0.0769230769231
11470	0.0769230769231
18162	0.0769230769231
36282	0.0769230769231
41813	0.0769230769231
19759	0.0740740740741
34899	0.0740740740741
38721	0.0731707317073
1106	0.0714285714286
17449	0.0714285714286
19743	0.0689655172414
472	0.0666666666667
12873	0.0666666666667
43894	0.0666666666667
16905	0.0645161290323
29016	0.0645161290323
9663	0.0625
30713	0.0625
41562	0.0625
50643	0.0625
4465	0.0606060606061
20603	0.0606060606061
22426	0.0606060606061
51587	0.0588235294118
42137	0.0571428571429
56695	0.0571428571429
3822	0.0555555555556
38314	0.0555555555556
52275	0.0555555555556
52959	0.0555555555556
22510	0.0545454545455
34971	0.0545454545455
21663	0.0540540540541
23617	0.0540540540541
3240	0.0526315789474
26606	0.0526315789474
10327	0.0512820512821
18202	0.0512820512821
26070	0.0512820512821
16560	0.0508474576271
1570	0.05
42645	0.05
49564	0.05
50644	0.05
51258	0.0491803278689
18345	0.0487804878049
25710	0.0487804878049
36809	0.0487804878049
51582	0.0487804878049
52	0.047619047619
131	0.047619047619
3351	0.047619047619
5505	0.047619047619
5511	0.047619047619
5829	0.047619047619
6079	0.047619047619
6637	0.047619047619
12407	0.047619047619
14015	0.047619047619
14054	0.047619047619
14929	0.047619047619
17507	0.047619047619
18800	0.047619047619
19417	0.047619047619
21159	0.047619047619
21988	0.047619047619
24372	0.047619047619
25980	0.047619047619
27704	0.047619047619
27885	0.047619047619
29510	0.047619047619
29566	0.047619047619
30201	0.047619047619
30731	0.047619047619
31775	0.047619047619
33259	0.047619047619
33725	0.047619047619
34498	0.047619047619
35132	0.047619047619
35309	0.047619047619
35737	0.047619047619
35825	0.047619047619
36463	0.047619047619
36704	0.047619047619
37378	0.047619047619
37757	0.047619047619
37772	0.047619047619
38355	0.047619047619
38464	0.047619047619
39462	0.047619047619
40273	0.047619047619
43568	0.047619047619
43663	0.047619047619
45430	0.047619047619
47502	0.047619047619
47808	0.047619047619
48369	0.047619047619
50088	0.047619047619
50768	0.047619047619
50945	0.047619047619
54031	0.047619047619
54387	0.047619047619
55324	0.047619047619
56471	0.047619047619
57038	0.047619047619
57102	0.047619047619
57782	0.047619047619
57784	0.047619047619
58608	0.047619047619
58761	0.047619047619
59113	0.047619047619
59389	0.047619047619
27236	0.046875
7329	0.046511627907
1340	0.0454545454545
3352	0.0454545454545
3757	0.0454545454545
5934	0.0454545454545
6146	0.0454545454545
6615	0.0454545454545
8197	0.0454545454545
9459	0.0454545454545
12466	0.0454545454545
12569	0.0454545454545
12771	0.0454545454545
12900	0.0454545454545
15573	0.0454545454545
16472	0.0454545454545
17552	0.0454545454545
18383	0.0454545454545
19021	0.0454545454545
21535	0.0454545454545
21938	0.0454545454545
27607	0.0454545454545
28652	0.0454545454545
28766	0.0454545454545
30086	0.0454545454545
33236	0.0454545454545
34790	0.0454545454545
35118	0.0454545454545
35966	0.0454545454545
36133	0.0454545454545
36822	0.0454545454545
37871	0.0454545454545
38971	0.0454545454545
40138	0.0454545454545
40287	0.0454545454545
40312	0.0454545454545
41595	0.0454545454545
42444	0.0454545454545
45949	0.0454545454545
46181	0.0454545454545
46743	0.0454545454545
48007	0.0454545454545
50027	0.0454545454545
50133	0.0454545454545
50282	0.0454545454545
54179	0.0454545454545
55778	0.0454545454545
56701	0.0454545454545
58111	0.0454545454545
59206	0.0454545454545
61252	0.0454545454545
23287	0.0444444444444
25507	0.0444444444444
50954	0.0444444444444
196	0.0434782608696
279	0.0434782608696
647	0.0434782608696
3213	0.0434782608696
3602	0.0434782608696
5831	0.0434782608696
8433	0.0434782608696
8700	0.0434782608696
9522	0.0434782608696
10081	0.0434782608696
10142	0.0434782608696
10560	0.0434782608696
11093	0.0434782608696
12898	0.0434782608696
13931	0.0434782608696
15220	0.0434782608696
15800	0.0434782608696
16521	0.0434782608696
16974	0.0434782608696
17028	0.0434782608696
17106	0.0434782608696
17553	0.0434782608696
17997	0.0434782608696
18705	0.0434782608696
20919	0.0434782608696
21639	0.0434782608696
21802	0.0434782608696
22557	0.0434782608696
23106	0.0434782608696
26435	0.0434782608696
29087	0.0434782608696
29711	0.0434782608696
29809	0.0434782608696
29950	0.0434782608696
31894	0.0434782608696
33261	0.0434782608696
38956	0.0434782608696
40038	0.0434782608696
40330	0.0434782608696
44721	0.0434782608696
45193	0.0434782608696
45447	0.0434782608696
45546	0.0434782608696
47615	0.0434782608696
49092	0.0434782608696
49785	0.0434782608696
52141	0.0434782608696
52316	0.0434782608696
54751	0.0434782608696
56644	0.0434782608696
56826	0.0434782608696
57064	0.0434782608696
57188	0.0434782608696
58037	0.0434782608696
58367	0.0434782608696
59573	0.0434782608696
59992	0.0434782608696
61501	0.0434782608696
22238	0.0431034482759
3852	0.0425531914894
19628	0.0425531914894
5	0.0416666666667
557	0.0416666666667
1194	0.0416666666667
5292	0.0416666666667
10008	0.0416666666667
10417	0.0416666666667
11103	0.0416666666667
12281	0.0416666666667
13823	0.0416666666667
15635	0.0416666666667
15982	0.0416666666667
17548	0.0416666666667
17783	0.0416666666667
18331	0.0416666666667
20711	0.0416666666667
22869	0.0416666666667
23812	0.0416666666667
24444	0.0416666666667
25578	0.0416666666667
25993	0.0416666666667
27796	0.0416666666667
29302	0.0416666666667
29956	0.0416666666667
30347	0.0416666666667
30568	0.0416666666667
31466	0.0416666666667
33758	0.0416666666667
35547	0.0416666666667
35709	0.0416666666667
36923	0.0416666666667
37180	0.0416666666667
37486	0.0416666666667
37513	0.0416666666667
38500	0.0416666666667
41965	0.0416666666667
42281	0.0416666666667
42375	0.0416666666667
43398	0.0416666666667
44273	0.0416666666667
45010	0.0416666666667
48169	0.0416666666667
48772	0.0416666666667
49188	0.0416666666667
49517	0.0416666666667
49557	0.0416666666667
49966	0.0416666666667
51267	0.0416666666667
51906	0.0416666666667
52343	0.0416666666667
52485	0.0416666666667
57425	0.0416666666667
59020	0.0416666666667
43242	0.0408163265306
662	0.04
754	0.04
2637	0.04
5288	0.04
5423	0.04
5524	0.04
7802	0.04
8549	0.04
9917	0.04
11215	0.04
11926	0.04
14358	0.04
15529	0.04
15545	0.04
16174	0.04
18586	0.04
19112	0.04
21620	0.04
21889	0.04
24096	0.04
24194	0.04
29737	0.04
30628	0.04
30653	0.04
31095	0.04
31287	0.04
31951	0.04
33546	0.04
34613	0.04
34645	0.04
35750	0.04
39304	0.04
40109	0.04
40644	0.04
41945	0.04
42059	0.04
42725	0.04
43610	0.04
45047	0.04
45979	0.04
47478	0.04
47636	0.04
48555	0.04
48861	0.04
49964	0.04
50453	0.04
52105	0.04
53314	0.04
54441	0.04
54709	0.04
56907	0.04
57022	0.04
58004	0.04
58270	0.04
58879	0.04
59817	0.04
29010	0.0394736842105
11904	0.0392156862745
44176	0.0392156862745
46487	0.0392156862745
51383	0.0392156862745
30222	0.038961038961
42892	0.038961038961
1415	0.0384615384615
1566	0.0384615384615
3671	0.0384615384615
4726	0.0384615384615
5411	0.0384615384615
6322	0.0384615384615
7529	0.0384615384615
10305	0.0384615384615
10898	0.0384615384615
12331	0.0384615384615
14576	0.0384615384615
16909	0.0384615384615
18303	0.0384615384615
18933	0.0384615384615
19278	0.0384615384615
19296	0.0384615384615
19408	0.0384615384615
22209	0.0384615384615
22244	0.0384615384615
23437	0.0384615384615
23505	0.0384615384615
24161	0.0384615384615
25046	0.0384615384615
27406	0.0384615384615
28356	0.0384615384615
31354	0.0384615384615
31471	0.0384615384615
32090	0.0384615384615
33302	0.0384615384615
35116	0.0384615384615
35695	0.0384615384615
35948	0.0384615384615
41238	0.0384615384615
42143	0.0384615384615
44859	0.0384615384615
48447	0.0384615384615
48503	0.0384615384615
51097	0.0384615384615
52579	0.0384615384615
53082	0.0384615384615
56213	0.0384615384615
56777	0.0384615384615
57098	0.0384615384615
57366	0.0384615384615
60528	0.0384615384615
35117	0.0379746835443
2150	0.0377358490566
59882	0.0377358490566
53004	0.0375
165	0.037037037037
402	0.037037037037
1527	0.037037037037
4411	0.037037037037
7508	0.037037037037
7761	0.037037037037
8178	0.037037037037
8266	0.037037037037
8784	0.037037037037
9995	0.037037037037
10125	0.037037037037
11090	0.037037037037
12228	0.037037037037
14745	0.037037037037
17307	0.037037037037
19013	0.037037037037
22058	0.037037037037
22860	0.037037037037
23063	0.037037037037
23587	0.037037037037
25267	0.037037037037
25625	0.037037037037
26065	0.037037037037
26912	0.037037037037
27658	0.037037037037
33568	0.037037037037
33952	0.037037037037
38324	0.037037037037
39179	0.037037037037
39547	0.037037037037
41163	0.037037037037
42101	0.037037037037
42397	0.037037037037
43288	0.037037037037
43400	0.037037037037
43509	0.037037037037
44767	0.037037037037
46694	0.037037037037
46738	0.037037037037
46893	0.037037037037
48142	0.037037037037
50364	0.037037037037
51627	0.037037037037
52636	0.037037037037
52878	0.037037037037
52929	0.037037037037
54765	0.037037037037
61094	0.037037037037
8582	0.0363636363636
4	0.0357142857143
343	0.0357142857143
6981	0.0357142857143
8877	0.0357142857143
9296	0.0357142857143
9904	0.0357142857143
10870	0.0357142857143
11125	0.0357142857143
11425	0.0357142857143
13263	0.0357142857143
13768	0.0357142857143
14617	0.0357142857143
15271	0.0357142857143
15902	0.0357142857143
16893	0.0357142857143
17308	0.0357142857143
17490	0.0357142857143
18439	0.0357142857143
18654	0.0357142857143
20528	0.0357142857143
24251	0.0357142857143
24282	0.0357142857143
27243	0.0357142857143
28354	0.0357142857143
28437	0.0357142857143
35389	0.0357142857143
35627	0.0357142857143
36162	0.0357142857143
36410	0.0357142857143
43289	0.0357142857143
44308	0.0357142857143
44593	0.0357142857143
47816	0.0357142857143
48065	0.0357142857143
48148	0.0357142857143
48199	0.0357142857143
48359	0.0357142857143
48721	0.0357142857143
48991	0.0357142857143
49405	0.0357142857143
49620	0.0357142857143
50261	0.0357142857143
50759	0.0357142857143
56552	0.0357142857143
57596	0.0357142857143
58767	0.0357142857143
59631	0.0357142857143
60158	0.0357142857143
60241	0.0357142857143
61446	0.0357142857143
2129	0.0350877192982
239	0.0344827586207
4606	0.0344827586207
4976	0.0344827586207
6986	0.0344827586207
8834	0.0344827586207
10016	0.0344827586207
11902	0.0344827586207
12588	0.0344827586207
16134	0.0344827586207
16416	0.0344827586207
17672	0.0344827586207
17881	0.0344827586207
19514	0.0344827586207
19751	0.0344827586207
19798	0.0344827586207
20494	0.0344827586207
21109	0.0344827586207
21611	0.0344827586207
21758	0.0344827586207
23386	0.0344827586207
23387	0.0344827586207
26455	0.0344827586207
27637	0.0344827586207
27894	0.0344827586207
28479	0.0344827586207
28659	0.0344827586207
29127	0.0344827586207
30284	0.0344827586207
30362	0.0344827586207
31323	0.0344827586207
31516	0.0344827586207
34245	0.0344827586207
35138	0.0344827586207
35306	0.0344827586207
35771	0.0344827586207
36964	0.0344827586207
39440	0.0344827586207
40251	0.0344827586207
40296	0.0344827586207
41046	0.0344827586207
41372	0.0344827586207
42214	0.0344827586207
42694	0.0344827586207
42847	0.0344827586207
43108	0.0344827586207
43350	0.0344827586207
43595	0.0344827586207
43983	0.0344827586207
44220	0.0344827586207
44248	0.0344827586207
44276	0.0344827586207
45702	0.0344827586207
46457	0.0344827586207
46511	0.0344827586207
46927	0.0344827586207
50228	0.0344827586207
51009	0.0344827586207
52269	0.0344827586207
52762	0.0344827586207
52827	0.0344827586207
53254	0.0344827586207
53389	0.0344827586207
54272	0.0344827586207
56838	0.0344827586207
58742	0.0344827586207
59945	0.0344827586207
60362	0.0344827586207
56496	0.0340909090909
22982	0.0338983050847
48358	0.0338983050847
409	0.0333333333333
464	0.0333333333333
668	0.0333333333333
1372	0.0333333333333
2792	0.0333333333333
4244	0.0333333333333
4422	0.0333333333333
6173	0.0333333333333
6677	0.0333333333333
7257	0.0333333333333
7471	0.0333333333333
9124	0.0333333333333
11518	0.0333333333333
12129	0.0333333333333
13985	0.0333333333333
17011	0.0333333333333
18191	0.0333333333333
19170	0.0333333333333
25873	0.0333333333333
27401	0.0333333333333
29638	0.0333333333333
30296	0.0333333333333
30840	0.0333333333333
32258	0.0333333333333
33778	0.0333333333333
34303	0.0333333333333
37001	0.0333333333333
37524	0.0333333333333
37650	0.0333333333333
38596	0.0333333333333
38934	0.0333333333333
39814	0.0333333333333
41885	0.0333333333333
42861	0.0333333333333
42943	0.0333333333333
42969	0.0333333333333
43526	0.0333333333333
44507	0.0333333333333
46745	0.0333333333333
46770	0.0333333333333
51711	0.0333333333333
55805	0.0333333333333
58439	0.0333333333333
59344	0.0333333333333
60628	0.0333333333333
5656	0.0326086956522
35431	0.0326086956522
789	0.0322580645161
1678	0.0322580645161
2173	0.0322580645161
4659	0.0322580645161
5179	0.0322580645161
6470	0.0322580645161
7338	0.0322580645161
9278	0.0322580645161
10055	0.0322580645161
13029	0.0322580645161
14510	0.0322580645161
17344	0.0322580645161
17453	0.0322580645161
17676	0.0322580645161
20890	0.0322580645161
23524	0.0322580645161
29431	0.0322580645161
29824	0.0322580645161
32041	0.0322580645161
34173	0.0322580645161
34435	0.0322580645161
36721	0.0322580645161
37549	0.0322580645161
37641	0.0322580645161
39351	0.0322580645161
40551	0.0322580645161
41540	0.0322580645161
41967	0.0322580645161
42181	0.0322580645161
42968	0.0322580645161
43903	0.0322580645161
44929	0.0322580645161
46467	0.0322580645161
50597	0.0322580645161
52010	0.0322580645161
52214	0.0322580645161
52731	0.0322580645161
53402	0.0322580645161
53438	0.0322580645161
56032	0.0322580645161
57813	0.0322580645161
60006	0.0322580645161
60738	0.0322580645161
48676	0.031914893617
61245	0.031746031746
21311	0.0316455696203
1556	0.03125
1605	0.03125
2181	0.03125
2284	0.03125
3123	0.03125
5488	0.03125
6820	0.03125
7335	0.03125
9856	0.03125
9910	0.03125
9918	0.03125
10058	0.03125
10440	0.03125
11485	0.03125
18088	0.03125
20330	0.03125
22522	0.03125
23567	0.03125
24123	0.03125
24455	0.03125
31520	0.03125
32166	0.03125
32255	0.03125
33030	0.03125
34075	0.03125
34401	0.03125
39234	0.03125
42797	0.03125
43053	0.03125
45135	0.03125
51626	0.03125
51857	0.03125
59501	0.03125
59693	0.03125
59698	0.03125
41213	0.0309278350515
2611	0.0307692307692
52934	0.0307692307692
53407	0.0307692307692
53060	0.030612244898
1037	0.030303030303
2061	0.030303030303
2683	0.030303030303
4400	0.030303030303
4779	0.030303030303
7333	0.030303030303
7506	0.030303030303
7539	0.030303030303
9563	0.030303030303
9966	0.030303030303
12871	0.030303030303
13240	0.030303030303
14849	0.030303030303
15050	0.030303030303
16070	0.030303030303
18619	0.030303030303
20384	0.030303030303
20731	0.030303030303
20884	0.030303030303
24453	0.030303030303
24850	0.030303030303
24877	0.030303030303
25548	0.030303030303
29035	0.030303030303
29340	0.030303030303
29883	0.030303030303
30397	0.030303030303
30717	0.030303030303
31396	0.030303030303
34135	0.030303030303
34222	0.030303030303
34826	0.030303030303
35560	0.030303030303
37152	0.030303030303
39372	0.030303030303
40176	0.030303030303
42251	0.030303030303
42454	0.030303030303
44749	0.030303030303
50289	0.030303030303
56908	0.030303030303
52711	0.03
21396	0.0298507462687
27648	0.0298507462687
2485	0.0294117647059
4064	0.0294117647059
7110	0.0294117647059
13542	0.0294117647059
14580	0.0294117647059
17302	0.0294117647059
17688	0.0294117647059
21463	0.0294117647059
21706	0.0294117647059
28291	0.0294117647059
29250	0.0294117647059
31621	0.0294117647059
32309	0.0294117647059
32657	0.0294117647059
34823	0.0294117647059
39434	0.0294117647059
40210	0.0294117647059
41268	0.0294117647059
41319	0.0294117647059
42815	0.0294117647059
43342	0.0294117647059
44619	0.0294117647059
50919	0.0294117647059
50950	0.0294117647059
51480	0.0294117647059
51609	0.0294117647059
51693	0.0294117647059
51918	0.0294117647059
28735	0.0289855072464
42248	0.0289855072464
976	0.0285714285714
4534	0.0285714285714
8731	0.0285714285714
9757	0.0285714285714
11217	0.0285714285714
11792	0.0285714285714
14357	0.0285714285714
17522	0.0285714285714
17666	0.0285714285714
17907	0.0285714285714
21737	0.0285714285714
22190	0.0285714285714
22396	0.0285714285714
23992	0.0285714285714
26908	0.0285714285714
26930	0.0285714285714
29308	0.0285714285714
29886	0.0285714285714
33122	0.0285714285714
35260	0.0285714285714
41035	0.0285714285714
42097	0.0285714285714
43510	0.0285714285714
45081	0.0285714285714
46844	0.0285714285714
47140	0.0285714285714
47361	0.0285714285714
47401	0.0285714285714
51176	0.0285714285714
51504	0.0285714285714
52411	0.0285714285714
52488	0.0285714285714
52562	0.0285714285714
53079	0.0285714285714
61151	0.0285714285714
12484	0.0283018867925
42363	0.0283018867925
29778	0.0281690140845
41150	0.0281690140845
23514	0.0280373831776
28486	0.0280373831776
311	0.0277777777778
4428	0.0277777777778
4535	0.0277777777778
4700	0.0277777777778
6924	0.0277777777778
7495	0.0277777777778
9110	0.0277777777778
10311	0.0277777777778
13018	0.0277777777778
14851	0.0277777777778
15340	0.0277777777778
15863	0.0277777777778
15962	0.0277777777778
16301	0.0277777777778
17579	0.0277777777778
17662	0.0277777777778
22373	0.0277777777778
23284	0.0277777777778
27239	0.0277777777778
28831	0.0277777777778
30113	0.0277777777778
31265	0.0277777777778
31607	0.0277777777778
32611	0.0277777777778
34994	0.0277777777778
35064	0.0277777777778
38769	0.0277777777778
39607	0.0277777777778
45069	0.0277777777778
45766	0.0277777777778
46681	0.0277777777778
47458	0.0277777777778
47585	0.0277777777778
48558	0.0277777777778
51107	0.0277777777778
51256	0.0277777777778
52036	0.0277777777778
52686	0.0277777777778
55196	0.0277777777778
60051	0.0277777777778
60587	0.0277777777778
4836	0.0275229357798
40819	0.0275229357798
17280	0.027397260274
2088	0.027027027027
2909	0.027027027027
3108	0.027027027027
4541	0.027027027027
4759	0.027027027027
8739	0.027027027027
9450	0.027027027027
10375	0.027027027027
11897	0.027027027027
15254	0.027027027027
15391	0.027027027027
16303	0.027027027027
25857	0.027027027027
26575	0.027027027027
27424	0.027027027027
28715	0.027027027027
29047	0.027027027027
32718	0.027027027027
37537	0.027027027027
41470	0.027027027027
42045	0.027027027027
42072	0.027027027027
42171	0.027027027027
43091	0.027027027027
43189	0.027027027027
47886	0.027027027027
49057	0.027027027027
49279	0.027027027027
52002	0.027027027027
60453	0.027027027027
2739	0.0266666666667
7197	0.0266666666667
39320	0.0266666666667
45610	0.0266666666667
328	0.0263157894737
981	0.0263157894737
3558	0.0263157894737
6817	0.0263157894737
11536	0.0263157894737
14440	0.0263157894737
17877	0.0263157894737
18203	0.0263157894737
18786	0.0263157894737
21701	0.0263157894737
22670	0.0263157894737
24934	0.0263157894737
29601	0.0263157894737
31484	0.0263157894737
37560	0.0263157894737
39157	0.0263157894737
43849	0.0263157894737
48524	0.0263157894737
48880	0.0263157894737
49124	0.0263157894737
52087	0.0263157894737
52121	0.0263157894737
52666	0.0263157894737
55172	0.0263157894737
4481	0.025974025974
36193	0.025974025974
41325	0.025974025974
465	0.025641025641
3881	0.025641025641
3939	0.025641025641
6398	0.025641025641
10893	0.025641025641
18772	0.025641025641
25290	0.025641025641
27377	0.025641025641
31037	0.025641025641
37408	0.025641025641
39851	0.025641025641
40088	0.025641025641
41344	0.025641025641
41557	0.025641025641
43116	0.025641025641
44339	0.025641025641
45032	0.025641025641
47087	0.025641025641
48532	0.025641025641
49346	0.025641025641
49578	0.025641025641
49747	0.025641025641
50609	0.025641025641
51902	0.025641025641
52835	0.025641025641
58547	0.025641025641
59520	0.025641025641
59871	0.025641025641
60121	0.025641025641
51854	0.0254237288136
51641	0.0253164556962
53029	0.0253164556962
57430	0.0253164556962
735	0.025
1022	0.025
3924	0.025
5437	0.025
6787	0.025
27043	0.025
27629	0.025
30209	0.025
31347	0.025
34976	0.025
36684	0.025
37183	0.025
37341	0.025
41654	0.025
41986	0.025
42140	0.025
45085	0.025
47420	0.025
51970	0.025
59470	0.025
59906	0.025
1386	0.0246913580247
5715	0.0246913580247
38818	0.0245901639344
98	0.0243902439024
1387	0.0243902439024
2849	0.0243902439024
2911	0.0243902439024
4009	0.0243902439024
4503	0.0243902439024
6630	0.0243902439024
6872	0.0243902439024
7339	0.0243902439024
10976	0.0243902439024
12483	0.0243902439024
13022	0.0243902439024
15733	0.0243902439024
17360	0.0243902439024
18637	0.0243902439024
20169	0.0243902439024
23230	0.0243902439024
27101	0.0243902439024
29844	0.0243902439024
30056	0.0243902439024
30302	0.0243902439024
32386	0.0243902439024
32411	0.0243902439024
32680	0.0243902439024
33042	0.0243902439024
33086	0.0243902439024
33661	0.0243902439024
33999	0.0243902439024
34518	0.0243902439024
34796	0.0243902439024
35259	0.0243902439024
38124	0.0243902439024
40137	0.0243902439024
40585	0.0243902439024
41244	0.0243902439024
41412	0.0243902439024
41522	0.0243902439024
42400	0.0243902439024
42670	0.0243902439024
43323	0.0243902439024
44378	0.0243902439024
45427	0.0243902439024
46495	0.0243902439024
49141	0.0243902439024
51063	0.0243902439024
52853	0.0243902439024
54244	0.0243902439024
56814	0.0243902439024
59985	0.0243902439024
60095	0.0243902439024
20335	0.0242424242424
14181	0.0240963855422
18773	0.0240963855422
35480	0.0240963855422
39544	0.0240963855422
21321	0.0240384615385
38959	0.024024024024
2404	0.0238095238095
3450	0.0238095238095
7678	0.0238095238095
8293	0.0238095238095
18930	0.0238095238095
27173	0.0238095238095
30462	0.0238095238095
31018	0.0238095238095
36601	0.0238095238095
37400	0.0238095238095
40772	0.0238095238095
41543	0.0238095238095
42098	0.0238095238095
42537	0.0238095238095
48903	0.0238095238095
51409	0.0238095238095
51570	0.0238095238095
51883	0.0238095238095
53411	0.0238095238095
55031	0.0238095238095
61153	0.0238095238095
26659	0.0235294117647
38307	0.0235294117647
41143	0.0235294117647
53338	0.0235294117647
6657	0.0234375
883	0.0232558139535
2317	0.0232558139535
4397	0.0232558139535
4948	0.0232558139535
5370	0.0232558139535
5625	0.0232558139535
5793	0.0232558139535
6552	0.0232558139535
11204	0.0232558139535
11279	0.0232558139535
11791	0.0232558139535
12403	0.0232558139535
15153	0.0232558139535
15442	0.0232558139535
16523	0.0232558139535
18642	0.0232558139535
20283	0.0232558139535
20290	0.0232558139535
25920	0.0232558139535
27129	0.0232558139535
32096	0.0232558139535
33055	0.0232558139535
35211	0.0232558139535
36255	0.0232558139535
37534	0.0232558139535
40569	0.0232558139535
41820	0.0232558139535
42258	0.0232558139535
42904	0.0232558139535
43387	0.0232558139535
43483	0.0232558139535
50965	0.0232558139535
52165	0.0232558139535
41175	0.0229885057471
43338	0.0229885057471
34391	0.0229007633588
850	0.0227272727273
1013	0.0227272727273
1847	0.0227272727273
6179	0.0227272727273
7357	0.0227272727273
8964	0.0227272727273
9258	0.0227272727273
9681	0.0227272727273
10342	0.0227272727273
10501	0.0227272727273
16995	0.0227272727273
21575	0.0227272727273
22264	0.0227272727273
22294	0.0227272727273
24951	0.0227272727273
27862	0.0227272727273
32472	0.0227272727273
32927	0.0227272727273
34768	0.0227272727273
40243	0.0227272727273
41450	0.0227272727273
42679	0.0227272727273
42744	0.0227272727273
43030	0.0227272727273
43611	0.0227272727273
46682	0.0227272727273
48158	0.0227272727273
50598	0.0227272727273
51325	0.0227272727273
51759	0.0227272727273
51938	0.0227272727273
4515	0.0224719101124
34190	0.0224719101124
10736	0.0223463687151
1181	0.0222222222222
2264	0.0222222222222
2275	0.0222222222222
4322	0.0222222222222
9337	0.0222222222222
10348	0.0222222222222
10398	0.0222222222222
10595	0.0222222222222
11630	0.0222222222222
12434	0.0222222222222
17272	0.0222222222222
18603	0.0222222222222
18668	0.0222222222222
19792	0.0222222222222
20541	0.0222222222222
23822	0.0222222222222
25637	0.0222222222222
26274	0.0222222222222
28242	0.0222222222222
29177	0.0222222222222
33709	0.0222222222222
37225	0.0222222222222
37810	0.0222222222222
38678	0.0222222222222
41193	0.0222222222222
41594	0.0222222222222
42416	0.0222222222222
42896	0.0222222222222
43447	0.0222222222222
43986	0.0222222222222
44190	0.0222222222222
51305	0.0222222222222
51646	0.0222222222222
51860	0.0222222222222
52608	0.0222222222222
23532	0.021897810219
2291	0.0217391304348
4774	0.0217391304348
7069	0.0217391304348
7440	0.0217391304348
7524	0.0217391304348
8914	0.0217391304348
10421	0.0217391304348
10837	0.0217391304348
12964	0.0217391304348
15721	0.0217391304348
21516	0.0217391304348
24647	0.0217391304348
26005	0.0217391304348
26069	0.0217391304348
26133	0.0217391304348
28245	0.0217391304348
31358	0.0217391304348
32590	0.0217391304348
33622	0.0217391304348
43134	0.0217391304348
46783	0.0217391304348
51971	0.0217391304348
52712	0.0217391304348
52809	0.0217391304348
57831	0.0217391304348
60130	0.0217391304348
60446	0.0217391304348
23121	0.0215053763441
23248	0.0215053763441
48237	0.0215053763441
50958	0.0215053763441
53134	0.0214285714286
330	0.0212765957447
1060	0.0212765957447
1740	0.0212765957447
3126	0.0212765957447
4286	0.0212765957447
7660	0.0212765957447
8659	0.0212765957447
12581	0.0212765957447
15648	0.0212765957447
15881	0.0212765957447
18481	0.0212765957447
18604	0.0212765957447
24358	0.0212765957447
26094	0.0212765957447
27452	0.0212765957447
35025	0.0212765957447
35067	0.0212765957447
37478	0.0212765957447
41512	0.0212765957447
42824	0.0212765957447
42852	0.0212765957447
51188	0.0212765957447
51652	0.0212765957447
51764	0.0212765957447
52044	0.0212765957447
52185	0.0212765957447
52887	0.0212765957447
11775	0.0210526315789
38287	0.0210526315789
40752	0.0210526315789
18661	0.020942408377
21557	0.020942408377
777	0.0208333333333
4814	0.0208333333333
9686	0.0208333333333
10082	0.0208333333333
14445	0.0208333333333
16926	0.0208333333333
17239	0.0208333333333
18354	0.0208333333333
23808	0.0208333333333
24964	0.0208333333333
32775	0.0208333333333
32799	0.0208333333333
34179	0.0208333333333
39335	0.0208333333333
40440	0.0208333333333
42468	0.0208333333333
42715	0.0208333333333
43282	0.0208333333333
43834	0.0208333333333
44369	0.0208333333333
44560	0.0208333333333
44663	0.0208333333333
52580	0.0208333333333
61147	0.0208333333333
7095	0.0206896551724
17904	0.0206896551724
35039	0.0206896551724
871	0.020618556701
3542	0.020618556701
4398	0.020618556701
2411	0.0205479452055
5773	0.0204081632653
6440	0.0204081632653
11063	0.0204081632653
11553	0.0204081632653
12494	0.0204081632653
13385	0.0204081632653
17069	0.0204081632653
20728	0.0204081632653
21271	0.0204081632653
24585	0.0204081632653
25574	0.0204081632653
26818	0.0204081632653
27416	0.0204081632653
33807	0.0204081632653
37879	0.0204081632653
42300	0.0204081632653
43115	0.0204081632653
45118	0.0204081632653
45237	0.0204081632653
45390	0.0204081632653
51315	0.0204081632653
51720	0.0204081632653
52361	0.0204081632653
52396	0.0204081632653
52615	0.0204081632653
52991	0.0204081632653
53267	0.0204081632653
57521	0.0204081632653
3943	0.0203488372093
4769	0.020202020202
33523	0.020202020202
1958	0.02
2410	0.02
2545	0.02
2687	0.02
3425	0.02
6308	0.02
8519	0.02
11061	0.02
11126	0.02
11925	0.02
18441	0.02
22584	0.02
27504	0.02
27687	0.02
29409	0.02
33102	0.02
33331	0.02
35027	0.02
37316	0.02
39041	0.02
41510	0.02
42088	0.02
45712	0.02
49943	0.02
50924	0.02
51740	0.02
52136	0.02
52774	0.02
52847	0.02
59875	0.02
32058	0.019801980198
59133	0.019801980198
256	0.0196078431373
766	0.0196078431373
1799	0.0196078431373
3172	0.0196078431373
3431	0.0196078431373
6397	0.0196078431373
13621	0.0196078431373
18313	0.0196078431373
21386	0.0196078431373
25893	0.0196078431373
26539	0.0196078431373
26725	0.0196078431373
29063	0.0196078431373
29416	0.0196078431373
34441	0.0196078431373
34794	0.0196078431373
35194	0.0196078431373
36125	0.0196078431373
38835	0.0196078431373
41203	0.0196078431373
41309	0.0196078431373
41743	0.0196078431373
50337	0.0196078431373
51797	0.0196078431373
52417	0.0196078431373
58641	0.0196078431373
60432	0.0196078431373
60731	0.0196078431373
41038	0.0194805194805
6803	0.0194552529183
876	0.0192307692308
1241	0.0192307692308
1474	0.0192307692308
3512	0.0192307692308
11299	0.0192307692308
15300	0.0192307692308
15377	0.0192307692308
17080	0.0192307692308
21436	0.0192307692308
22130	0.0192307692308
27168	0.0192307692308
29654	0.0192307692308
31663	0.0192307692308
31954	0.0192307692308
32522	0.0192307692308
33880	0.0192307692308
38338	0.0192307692308
39422	0.0192307692308
42249	0.0192307692308
42388	0.0192307692308
42516	0.0192307692308
44847	0.0192307692308
47456	0.0192307692308
51001	0.0192307692308
60221	0.0192307692308
2595	0.0191387559809
51179	0.0191082802548
4752	0.0190476190476
27033	0.0190476190476
38585	0.0190476190476
1215	0.0188679245283
3025	0.0188679245283
4337	0.0188679245283
4891	0.0188679245283
6752	0.0188679245283
9123	0.0188679245283
9149	0.0188679245283
11172	0.0188679245283
11339	0.0188679245283
17053	0.0188679245283
18334	0.0188679245283
18610	0.0188679245283
21666	0.0188679245283
22205	0.0188679245283
25313	0.0188679245283
27045	0.0188679245283
30231	0.0188679245283
41162	0.0188679245283
41187	0.0188679245283
41254	0.0188679245283
41550	0.0188679245283
42567	0.0188679245283
42651	0.0188679245283
43755	0.0188679245283
46970	0.0188679245283
51077	0.0188679245283
52283	0.0188679245283
52935	0.0188679245283
53110	0.0188679245283
1323	0.018691588785
41618	0.018691588785
52357	0.018691588785
39366	0.0186046511628
880	0.0185185185185
5350	0.0185185185185
5554	0.0185185185185
5563	0.0185185185185
8906	0.0185185185185
11770	0.0185185185185
14832	0.0185185185185
15206	0.0185185185185
16408	0.0185185185185
17639	0.0185185185185
18959	0.0185185185185
19970	0.0185185185185
21242	0.0185185185185
21412	0.0185185185185
29626	0.0185185185185
29656	0.0185185185185
30806	0.0185185185185
33068	0.0185185185185
39582	0.0185185185185
42431	0.0185185185185
43805	0.0185185185185
50287	0.0185185185185
51130	0.0185185185185
51482	0.0185185185185
51657	0.0185185185185
52123	0.0185185185185
59618	0.0185185185185
59627	0.0185185185185
59957	0.0185185185185
16927	0.0184615384615
17790	0.0184501845018
29992	0.0183823529412
43337	0.0183486238532
1438	0.0182767624021
41012	0.0182648401826
2600	0.0181818181818
5445	0.0181818181818
5448	0.0181818181818
6305	0.0181818181818
7325	0.0181818181818
9528	0.0181818181818
10400	0.0181818181818
11378	0.0181818181818
11760	0.0181818181818
12724	0.0181818181818
13560	0.0181818181818
13771	0.0181818181818
18530	0.0181818181818
18760	0.0181818181818
20644	0.0181818181818
21312	0.0181818181818
25885	0.0181818181818
27519	0.0181818181818
27646	0.0181818181818
28181	0.0181818181818
29027	0.0181818181818
32490	0.0181818181818
33488	0.0181818181818
33639	0.0181818181818
33815	0.0181818181818
41230	0.0181818181818
43031	0.0181818181818
45125	0.0181818181818
51042	0.0181818181818
51327	0.0181818181818
52589	0.0181818181818
53372	0.0181818181818
56215	0.0181818181818
60272	0.0181818181818
2681	0.018018018018
41206	0.018018018018
47448	0.018018018018
53039	0.018018018018
254	0.0179640718563
43200	0.0179640718563
2403	0.0178571428571
2772	0.0178571428571
2838	0.0178571428571
2861	0.0178571428571
4156	0.0178571428571
10316	0.0178571428571
10958	0.0178571428571
13891	0.0178571428571
14390	0.0178571428571
22922	0.0178571428571
39550	0.0178571428571
41713	0.0178571428571
42207	0.0178571428571
43003	0.0178571428571
43717	0.0178571428571
44425	0.0178571428571
45776	0.0178571428571
48973	0.0178571428571
52281	0.0178571428571
52898	0.0178571428571
7115	0.0176991150442
52062	0.0176991150442
13095	0.0176211453744
1895	0.0175438596491
3077	0.0175438596491
3487	0.0175438596491
3566	0.0175438596491
5135	0.0175438596491
6428	0.0175438596491
7875	0.0175438596491
11145	0.0175438596491
12776	0.0175438596491
17692	0.0175438596491
18291	0.0175438596491
18403	0.0175438596491
18958	0.0175438596491
22569	0.0175438596491
23698	0.0175438596491
26162	0.0175438596491
26817	0.0175438596491
36798	0.0175438596491
37985	0.0175438596491
40875	0.0175438596491
41160	0.0175438596491
41166	0.0175438596491
41386	0.0175438596491
41652	0.0175438596491
41923	0.0175438596491
42572	0.0175438596491
43066	0.0175438596491
43463	0.0175438596491
45345	0.0175438596491
48978	0.0175438596491
50792	0.0175438596491
51468	0.0175438596491
51993	0.0175438596491
53158	0.0175438596491
18815	0.0173410404624
3297	0.0172413793103
4840	0.0172413793103
10443	0.0172413793103
10468	0.0172413793103
19404	0.0172413793103
19595	0.0172413793103
20362	0.0172413793103
20866	0.0172413793103
21349	0.0172413793103
24031	0.0172413793103
32215	0.0172413793103
41715	0.0172413793103
48210	0.0172413793103
52592	0.0172413793103
52667	0.0172413793103
59525	0.0172413793103
59701	0.0172413793103
14730	0.017094017094
778	0.0169491525424
3411	0.0169491525424
3749	0.0169491525424
12608	0.0169491525424
14251	0.0169491525424
15820	0.0169491525424
19321	0.0169491525424
19657	0.0169491525424
20465	0.0169491525424
20490	0.0169491525424
22876	0.0169491525424
31035	0.0169491525424
31306	0.0169491525424
34373	0.0169491525424
38273	0.0169491525424
41236	0.0169491525424
41956	0.0169491525424
42044	0.0169491525424
42450	0.0169491525424
45890	0.0169491525424
46469	0.0169491525424
48212	0.0169491525424
53102	0.0169491525424
59798	0.0169491525424
14360	0.0168776371308
23150	0.0168711656442
41092	0.0168269230769
13124	0.0168067226891
53200	0.0168067226891
645	0.0166666666667
2127	0.0166666666667
7415	0.0166666666667
7911	0.0166666666667
10054	0.0166666666667
10843	0.0166666666667
13428	0.0166666666667
22143	0.0166666666667
23046	0.0166666666667
31902	0.0166666666667
35338	0.0166666666667
35508	0.0166666666667
37695	0.0166666666667
40211	0.0166666666667
41136	0.0166666666667
42741	0.0166666666667
46658	0.0166666666667
49329	0.0166666666667
49431	0.0166666666667
50252	0.0166666666667
52963	0.0166666666667
60330	0.0166666666667
32087	0.0165745856354
11871	0.0165289256198
27582	0.0165289256198
550	0.016393442623
10050	0.016393442623
16944	0.016393442623
26191	0.016393442623
26286	0.016393442623
29291	0.016393442623
31309	0.016393442623
31705	0.016393442623
32493	0.016393442623
32892	0.016393442623
34210	0.016393442623
35130	0.016393442623
38574	0.016393442623
39341	0.016393442623
41503	0.016393442623
42701	0.016393442623
43603	0.016393442623
43679	0.016393442623
44034	0.016393442623
48452	0.016393442623
50472	0.016393442623
53197	0.016393442623
41132	0.016348773842
41353	0.0163265306122
38763	0.0163043478261
27925	0.0162601626016
36537	0.0162601626016
40036	0.0162601626016
41127	0.0162601626016
44776	0.0162601626016
2542	0.0161290322581
5311	0.0161290322581
6235	0.0161290322581
7540	0.0161290322581
8211	0.0161290322581
12889	0.0161290322581
14274	0.0161290322581
14525	0.0161290322581
20205	0.0161290322581
22773	0.0161290322581
24380	0.0161290322581
30119	0.0161290322581
30778	0.0161290322581
31478	0.0161290322581
33267	0.0161290322581
33510	0.0161290322581
36356	0.0161290322581
36847	0.0161290322581
41485	0.0161290322581
41768	0.0161290322581
41851	0.0161290322581
45412	0.0161290322581
51861	0.0161290322581
51891	0.0161290322581
56324	0.0161290322581
1239	0.016077170418
33692	0.0160427807487
11239	0.016
3548	0.0159574468085
3544	0.015873015873
3722	0.015873015873
3867	0.015873015873
5649	0.015873015873
5703	0.015873015873
6473	0.015873015873
12050	0.015873015873
19773	0.015873015873
21912	0.015873015873
24803	0.015873015873
25559	0.015873015873
28438	0.015873015873
31875	0.015873015873
32412	0.015873015873
32889	0.015873015873
33921	0.015873015873
34158	0.015873015873
39658	0.015873015873
40966	0.015873015873
41968	0.015873015873
42505	0.015873015873
51294	0.015873015873
51449	0.015873015873
51549	0.015873015873
18813	0.0157894736842
4153	0.0157480314961
18563	0.0157480314961
21915	0.0157480314961
2831	0.015625
3561	0.015625
7417	0.015625
25050	0.015625
25475	0.015625
26924	0.015625
30784	0.015625
31479	0.015625
37591	0.015625
50527	0.015625
50923	0.015625
52459	0.015625
53214	0.015625
53216	0.015625
60266	0.015625
30812	0.0155440414508
19429	0.015503875969
21696	0.015503875969
4937	0.0154958677686
1690	0.0153846153846
1927	0.0153846153846
3846	0.0153846153846
6003	0.0153846153846
9685	0.0153846153846
14663	0.0153846153846
14684	0.0153846153846
18741	0.0153846153846
21806	0.0153846153846
27548	0.0153846153846
29990	0.0153846153846
32405	0.0153846153846
34108	0.0153846153846
36379	0.0153846153846
40657	0.0153846153846
41883	0.0153846153846
42075	0.0153846153846
51144	0.0153846153846
83	0.0152671755725
4005	0.0152671755725
41642	0.0152671755725
1362	0.0151515151515
1712	0.0151515151515
5395	0.0151515151515
5704	0.0151515151515
11348	0.0151515151515
12641	0.0151515151515
12849	0.0151515151515
16958	0.0151515151515
18985	0.0151515151515
20070	0.0151515151515
23395	0.0151515151515
24431	0.0151515151515
25703	0.0151515151515
35484	0.0151515151515
39751	0.0151515151515
40177	0.0151515151515
40630	0.0151515151515
43277	0.0151515151515
43723	0.0151515151515
51086	0.0151515151515
51775	0.0151515151515
52904	0.0151515151515
53114	0.0151515151515
53206	0.0151515151515
41015	0.0151057401813
3689	0.0150753768844
26235	0.0150753768844
106	0.015037593985
42019	0.015037593985
42977	0.015037593985
982	0.0149253731343
3538	0.0149253731343
3934	0.0149253731343
4383	0.0149253731343
6832	0.0149253731343
18688	0.0149253731343
21841	0.0149253731343
22247	0.0149253731343
25810	0.0149253731343
25952	0.0149253731343
29332	0.0149253731343
36475	0.0149253731343
36934	0.0149253731343
39657	0.0149253731343
42474	0.0149253731343
45202	0.0149253731343
46447	0.0149253731343
50893	0.0149253731343
51313	0.0149253731343
51965	0.0149253731343
52843	0.0149253731343
59504	0.0149253731343
60486	0.0149253731343
22572	0.0148514851485
37194	0.0148514851485
49	0.0147058823529
63	0.0147058823529
1898	0.0147058823529
3925	0.0147058823529
4490	0.0147058823529
6505	0.0147058823529
8226	0.0147058823529
11672	0.0147058823529
14667	0.0147058823529
18437	0.0147058823529
19463	0.0147058823529
21742	0.0147058823529
22479	0.0147058823529
22513	0.0147058823529
28379	0.0147058823529
30018	0.0147058823529
30845	0.0147058823529
30922	0.0147058823529
33792	0.0147058823529
35316	0.0147058823529
35420	0.0147058823529
39478	0.0147058823529
39847	0.0147058823529
59527	0.0147058823529
41000	0.0146627565982
29909	0.014652014652
21657	0.014598540146
3492	0.0144927536232
6024	0.0144927536232
10112	0.0144927536232
18425	0.0144927536232
26173	0.0144927536232
33772	0.0144927536232
35030	0.0144927536232
37480	0.0144927536232
39310	0.0144927536232
43616	0.0144927536232
51403	0.0144927536232
51616	0.0144927536232
51805	0.0144927536232
51844	0.0144927536232
52080	0.0144927536232
52265	0.0144927536232
52413	0.0144927536232
52715	0.0144927536232
53000	0.0144927536232
3116	0.014440433213
4070	0.0143884892086
5618	0.0143884892086
27320	0.0143884892086
60331	0.0143884892086
6221	0.0142857142857
6711	0.0142857142857
13403	0.0142857142857
17969	0.0142857142857
19761	0.0142857142857
25618	0.0142857142857
26724	0.0142857142857
32917	0.0142857142857
32988	0.0142857142857
34532	0.0142857142857
41063	0.0142857142857
41461	0.0142857142857
41656	0.0142857142857
42291	0.0142857142857
42905	0.0142857142857
53173	0.0142857142857
28443	0.0142348754448
41079	0.0141843971631
52029	0.0141509433962
113	0.0140845070423
2137	0.0140845070423
4158	0.0140845070423
11556	0.0140845070423
12355	0.0140845070423
16433	0.0140845070423
17699	0.0140845070423
21734	0.0140845070423
22252	0.0140845070423
22573	0.0140845070423
27087	0.0140845070423
29554	0.0140845070423
51164	0.0140845070423
52144	0.0140845070423
60092	0.0140845070423
4582	0.013986013986
25414	0.013986013986
41398	0.013986013986
43414	0.013986013986
18414	0.01393728223
2062	0.0138888888889
3258	0.0138888888889
5513	0.0138888888889
8372	0.0138888888889
16228	0.0138888888889
21569	0.0138888888889
25840	0.0138888888889
34576	0.0138888888889
35198	0.0138888888889
36145	0.0138888888889
36635	0.0138888888889
37007	0.0138888888889
39926	0.0138888888889
42352	0.0138888888889
47064	0.0138888888889
51421	0.0138888888889
51656	0.0138888888889
59648	0.0138888888889
3729	0.0137524557957
289	0.013698630137
1309	0.013698630137
3979	0.013698630137
7413	0.013698630137
8948	0.013698630137
22234	0.013698630137
34525	0.013698630137
34824	0.013698630137
35413	0.013698630137
35971	0.013698630137
41521	0.013698630137
42377	0.013698630137
42643	0.013698630137
53257	0.013698630137
4035	0.0136054421769
26486	0.0136054421769
42312	0.0136054421769
34830	0.0135869565217
28286	0.0135593220339
2748	0.0135135135135
3981	0.0135135135135
5677	0.0135135135135
8279	0.0135135135135
35961	0.0135135135135
37379	0.0135135135135
39239	0.0135135135135
41116	0.0135135135135
41145	0.0135135135135
41483	0.0135135135135
41931	0.0135135135135
51157	0.0135135135135
51692	0.0135135135135
52392	0.0135135135135
52450	0.0135135135135
17611	0.0134529147982
6689	0.0134408602151
4977	0.0134228187919
28709	0.0134228187919
40969	0.0134228187919
42750	0.0134228187919
21845	0.0133928571429
1147	0.0133333333333
1612	0.0133333333333
5161	0.0133333333333
19416	0.0133333333333
22554	0.0133333333333
28579	0.0133333333333
29401	0.0133333333333
33301	0.0133333333333
34929	0.0133333333333
34998	0.0133333333333
38569	0.0133333333333
42390	0.0133333333333
51419	0.0133333333333
52296	0.0133333333333
53286	0.0133333333333
5503	0.0133206470029
287	0.0131578947368
554	0.0131578947368
1097	0.0131578947368
1646	0.0131578947368
4746	0.0131578947368
23079	0.0131578947368
27949	0.0131578947368
38682	0.0131578947368
42191	0.0131578947368
42790	0.0131578947368
44525	0.0131578947368
52034	0.0131578947368
32823	0.0131004366812
3698	0.0130718954248
4074	0.012987012987
4804	0.012987012987
10633	0.012987012987
27070	0.012987012987
34350	0.012987012987
34652	0.012987012987
37186	0.012987012987
38375	0.012987012987
41022	0.012987012987
41848	0.012987012987
42014	0.012987012987
50240	0.012987012987
52309	0.012987012987
52581	0.012987012987
54435	0.012987012987
60215	0.012987012987
2722	0.0129310344828
50903	0.0129032258065
21331	0.0128755364807
4104	0.0128205128205
6906	0.0128205128205
7180	0.0128205128205
9920	0.0128205128205
11769	0.0128205128205
28458	0.0128205128205
37997	0.0128205128205
41331	0.0128205128205
41349	0.0128205128205
41438	0.0128205128205
46050	0.0128205128205
51319	0.0128205128205
52055	0.0128205128205
52345	0.0128205128205
20630	0.0127877237852
35958	0.0127795527157
35514	0.0127551020408
41073	0.0127388535032
51821	0.0127388535032
40978	0.0127118644068
2282	0.0126582278481
14649	0.0126582278481
22684	0.0126582278481
26940	0.0126582278481
29530	0.0126582278481
34109	0.0126582278481
34749	0.0126582278481
38713	0.0126582278481
42354	0.0126582278481
42675	0.0126582278481
43473	0.0126582278481
51825	0.0126582278481
52319	0.0126582278481
52890	0.0126582278481
13339	0.0125984251969
18	0.0125
1508	0.0125
19843	0.0125
21913	0.0125
36395	0.0125
37052	0.0125
41180	0.0125
41390	0.0125
42925	0.0125
50177	0.0125
51004	0.0125
52641	0.0125
53184	0.0125
31483	0.0124688279302
1984	0.01246105919
19201	0.0124481327801
18967	0.0124223602484
24429	0.0124223602484
27128	0.0124223602484
41126	0.0124223602484
1714	0.0123456790123
6271	0.0123456790123
6415	0.0123456790123
17068	0.0123456790123
19572	0.0123456790123
23760	0.0123456790123
27031	0.0123456790123
27874	0.0123456790123
28824	0.0123456790123
30976	0.0123456790123
33495	0.0123456790123
33947	0.0123456790123
37557	0.0123456790123
38989	0.0123456790123
41620	0.0123456790123
42103	0.0123456790123
51820	0.0123456790123
37169	0.0122950819672
143	0.0121951219512
186	0.0121951219512
4327	0.0121951219512
7526	0.0121951219512
18295	0.0121951219512
19521	0.0121951219512
20996	0.0121951219512
25987	0.0121951219512
30085	0.0121951219512
37774	0.0121951219512
39483	0.0121951219512
42389	0.0121951219512
42556	0.0121951219512
43872	0.0121951219512
47273	0.0121951219512
51506	0.0121951219512
27906	0.0121580547112
35019	0.0121212121212
35199	0.0121212121212
2276	0.0120481927711
4128	0.0120481927711
18205	0.0120481927711
25442	0.0120481927711
30195	0.0120481927711
34103	0.0120481927711
37208	0.0120481927711
37762	0.0120481927711
51105	0.0120481927711
52476	0.0120481927711
61411	0.0120481927711
33621	0.012012012012
712	0.0119760479042
9138	0.0119521912351
41054	0.0119521912351
18361	0.0119402985075
1922	0.0119047619048
3860	0.0119047619048
10914	0.0119047619048
16920	0.0119047619048
24373	0.0119047619048
26830	0.0119047619048
27864	0.0119047619048
30069	0.0119047619048
30694	0.0119047619048
34115	0.0119047619048
34788	0.0119047619048
38861	0.0119047619048
41940	0.0119047619048
43016	0.0119047619048
47628	0.0119047619048
51852	0.0119047619048
52043	0.0119047619048
52190	0.0119047619048
41156	0.0117994100295
3787	0.0117647058824
23222	0.0117647058824
28545	0.0117647058824
33940	0.0117647058824
35526	0.0117647058824
37349	0.0117647058824
40973	0.0117647058824
42813	0.0117647058824
45200	0.0117647058824
45354	0.0117647058824
51154	0.0117647058824
52227	0.0117647058824
59661	0.0117647058824
30835	0.01171875
39548	0.0116959064327
41434	0.0116959064327
259	0.0116618075802
652	0.0116279069767
4760	0.0116279069767
9924	0.0116279069767
28456	0.0116279069767
30834	0.0116279069767
33124	0.0116279069767
41241	0.0116279069767
59731	0.0116279069767
512	0.011583011583
11887	0.0115606936416
17625	0.0115606936416
451	0.0114942528736
3406	0.0114942528736
7411	0.0114942528736
14757	0.0114942528736
20875	0.0114942528736
22104	0.0114942528736
26762	0.0114942528736
36409	0.0114942528736
39336	0.0114942528736
40208	0.0114942528736
41114	0.0114942528736
41313	0.0114942528736
41689	0.0114942528736
43327	0.0114942528736
49024	0.0114942528736
52231	0.0114942528736
59558	0.0114942528736
33895	0.0114503816794
4144	0.0114285714286
10157	0.0114285714286
11128	0.0114285714286
12194	0.0114285714286
21662	0.0114285714286
37409	0.0114285714286
50652	0.0114285714286
51145	0.0114285714286
3876	0.0113636363636
3946	0.0113636363636
4753	0.0113636363636
10250	0.0113636363636
22026	0.0113636363636
23605	0.0113636363636
29005	0.0113636363636
32735	0.0113636363636
34121	0.0113636363636
39722	0.0113636363636
50494	0.0113636363636
51615	0.0113636363636
52884	0.0113636363636
41593	0.0112994350282
51168	0.0112994350282
562	0.0112866817156
31830	0.0112866817156
4227	0.0112359550562
4502	0.0112359550562
6789	0.0112359550562
11069	0.0112359550562
12943	0.0112359550562
19465	0.0112359550562
29582	0.0112359550562
30515	0.0112359550562
32594	0.0112359550562
36736	0.0112359550562
39024	0.0112359550562
40843	0.0112359550562
41100	0.0112359550562
41139	0.0112359550562
41433	0.0112359550562
41856	0.0112359550562
42932	0.0112359550562
51940	0.0112359550562
18456	0.0111821086262
26508	0.0111524163569
7346	0.0111111111111
12149	0.0111111111111
16770	0.0111111111111
20629	0.0111111111111
22241	0.0111111111111
26567	0.0111111111111
29024	0.0111111111111
39213	0.0111111111111
40992	0.0111111111111
41775	0.0111111111111
43813	0.0111111111111
50949	0.0111111111111
52072	0.0111111111111
30269	0.0110905730129
50957	0.01108033241
955	0.0110497237569
3369	0.0110497237569
32862	0.0110497237569
34897	0.0110497237569
39360	0.0110497237569
3312	0.0110294117647
730	0.010989010989
6693	0.010989010989
21795	0.010989010989
23001	0.010989010989
37792	0.010989010989
38080	0.010989010989
40625	0.010989010989
50959	0.010989010989
51364	0.010989010989
51418	0.010989010989
32612	0.0109689213894
2152	0.0109489051095
216	0.0108695652174
8466	0.0108695652174
26313	0.0108695652174
27387	0.0108695652174
29603	0.0108695652174
30913	0.0108695652174
42182	0.0108695652174
7317	0.0108401084011
33142	0.0108303249097
41326	0.0108303249097
19338	0.0108108108108
18960	0.0107655502392
879	0.010752688172
1146	0.010752688172
12831	0.010752688172
15542	0.010752688172
25732	0.010752688172
28369	0.010752688172
30619	0.010752688172
51043	0.010752688172
51655	0.010752688172
52079	0.010752688172
52442	0.010752688172
3280	0.0107296137339
40988	0.0107296137339
41097	0.0107238605898
24970	0.0106951871658
30466	0.0106951871658
25113	0.0106870229008
11504	0.0106761565836
2679	0.0106382978723
3187	0.0106382978723
3480	0.0106382978723
12717	0.0106382978723
16028	0.0106382978723
18673	0.0106382978723
25405	0.0106382978723
30901	0.0106382978723
34095	0.0106382978723
37224	0.0106382978723
4479	0.010582010582
2312	0.0105633802817
18307	0.0105633802817
38822	0.0105540897098
14505	0.0105263157895
14573	0.0105263157895
21983	0.0105263157895
24017	0.0105263157895
25376	0.0105263157895
41013	0.0105263157895
41546	0.0105263157895
42040	0.0105263157895
33762	0.0105042016807
38659	0.0104712041885
51151	0.0104712041885
218	0.0104166666667
5367	0.0104166666667
7390	0.0104166666667
9609	0.0104166666667
32923	0.0104166666667
52197	0.0104166666667
18515	0.0103626943005
32042	0.0103626943005
11749	0.0103092783505
19547	0.0103092783505
31220	0.0103092783505
33879	0.0103092783505
34486	0.0103092783505
41417	0.0103092783505
41621	0.0103092783505
42344	0.0103092783505
50979	0.0103092783505
51283	0.0103092783505
29863	0.0102915951973
3747	0.0102739726027
52018	0.0102739726027
44456	0.0102564102564
867	0.0102040816327
8890	0.0102040816327
10463	0.0102040816327
24316	0.0102040816327
24889	0.0102040816327
31400	0.0102040816327
35968	0.0102040816327
41778	0.0102040816327
42339	0.0102040816327
51792	0.0102040816327
52952	0.0102040816327
4563	0.0101946246525
1015	0.010101010101
7739	0.010101010101
27537	0.010101010101
29816	0.010101010101
33143	0.010101010101
33599	0.010101010101
35698	0.010101010101
41833	0.010101010101
51092	0.010101010101
51112	0.010101010101
39549	0.0100806451613
42609	0.010067114094
31307	0.0100502512563
50980	0.0100502512563
1743	0.0100166944908
10343	0.01
18214	0.01
26509	0.01
27691	0.01
39651	0.01
41694	0.01
42825	0.01
46620	0.01
2448	0.00996677740864
16076	0.00995024875622
21507	0.00995024875622
29902	0.00995024875622
36686	0.00995024875622
17711	0.00994035785288
1628	0.00990099009901
2216	0.00990099009901
3205	0.00990099009901
21772	0.00990099009901
22398	0.00990099009901
33990	0.00990099009901
39785	0.00989119683482
41106	0.00986842105263
2169	0.00985221674877
41452	0.00985221674877
20818	0.00982800982801
7124	0.00980392156863
12970	0.00980392156863
18223	0.00980392156863
34136	0.00980392156863
38787	0.00980392156863
40641	0.00980392156863
41271	0.00980392156863
41385	0.00980392156863
41530	0.00980392156863
41649	0.00980392156863
48221	0.00980392156863
18584	0.00974421437272
5432	0.00974251913709
1928	0.00974025974026
1755	0.00970873786408
9502	0.00970873786408
33544	0.00970873786408
34104	0.00970873786408
29705	0.00966183574879
34637	0.0096463022508
10281	0.00963855421687
2326	0.00963081861958
24164	0.00961538461538
32509	0.00961538461538
39286	0.00961538461538
41047	0.00961538461538
41083	0.00961538461538
41570	0.00961538461538
41653	0.00961538461538
51697	0.00961538461538
1853	0.00956937799043
9647	0.00956022944551
41307	0.00955414012739
377	0.00952380952381
1393	0.00952380952381
3527	0.00952380952381
5697	0.00952380952381
26195	0.00952380952381
33645	0.00952380952381
60987	0.00952380952381
34369	0.00948766603416
10653	0.00947867298578
27471	0.00947867298578
41467	0.00947867298578
1252	0.00943396226415
5916	0.00943396226415
7533	0.00943396226415
12969	0.00943396226415
15083	0.00943396226415
18327	0.00943396226415
31536	0.00943396226415
33564	0.00943396226415
41913	0.00943396226415
41934	0.00943396226415
51044	0.00943396226415
51346	0.00943396226415
52645	0.00943396226415
51156	0.009375
3194	0.00934579439252
11294	0.00934579439252
22601	0.00934579439252
26760	0.00934579439252
31692	0.00934579439252
31891	0.00934579439252
44819	0.00934579439252
47473	0.00934579439252
51590	0.00934579439252
118	0.00931677018634
21978	0.0093023255814
41308	0.0093023255814
2419	0.00928381962865
11866	0.00925925925926
22170	0.00925925925926
42931	0.00925925925926
53342	0.00925925925926
40999	0.00922509225092
41555	0.00921658986175
7303	0.00917431192661
10890	0.00917431192661
23054	0.00917431192661
25165	0.00917431192661
35486	0.00917431192661
36366	0.00917431192661
49350	0.00917431192661
51337	0.00917431192661
51492	0.00917431192661
8732	0.00915750915751
40289	0.0091533180778
17715	0.00914634146341
27527	0.00914634146341
41243	0.00914634146341
26602	0.00913242009132
1739	0.00909090909091
3575	0.00909090909091
3859	0.00909090909091
4770	0.00909090909091
5455	0.00909090909091
5728	0.00909090909091
9715	0.00909090909091
12856	0.00909090909091
15052	0.00909090909091
15602	0.00909090909091
19922	0.00909090909091
20785	0.00909090909091
25169	0.00909090909091
41167	0.00909090909091
42463	0.00909090909091
43542	0.00909090909091
27051	0.00904977375566
5712	0.00900900900901
6375	0.00900900900901
10492	0.00900900900901
11784	0.00900900900901
21227	0.00900900900901
23643	0.00900900900901
24088	0.00900900900901
41078	0.00900900900901
46277	0.00900900900901
50884	0.00900900900901
1132	0.00892857142857
14381	0.00892857142857
28396	0.00892857142857
50506	0.00892857142857
51341	0.00892857142857
55841	0.00892857142857
59508	0.00892857142857
689	0.00884955752212
694	0.00884955752212
1821	0.00884955752212
4620	0.00884955752212
11748	0.00884955752212
17886	0.00884955752212
25431	0.00884955752212
34933	0.00884955752212
36275	0.00884955752212
38795	0.00884955752212
41426	0.00884955752212
42483	0.00884955752212
50938	0.00884955752212
51573	0.00884955752212
52024	0.00884955752212
52350	0.00884955752212
511	0.00882352941176
2840	0.00881057268722
5000	0.00881057268722
29861	0.00879120879121
17987	0.00877192982456
18002	0.00877192982456
22195	0.00877192982456
22231	0.00877192982456
33572	0.00877192982456
59684	0.00877192982456
41029	0.00872093023256
41165	0.00872093023256
4512	0.00869565217391
25918	0.00869565217391
28141	0.00869565217391
28711	0.00869565217391
32074	0.00869565217391
32626	0.00869565217391
37190	0.00869565217391
43749	0.00869565217391
51359	0.00869565217391
25738	0.00868055555556
37737	0.00868055555556
3535	0.00867052023121
41045	0.00865800865801
40964	0.00864553314121
5519	0.00862812769629
24971	0.00862068965517
25413	0.00862068965517
37660	0.00862068965517
41146	0.00862068965517
47633	0.00862068965517
50250	0.00862068965517
51212	0.00862068965517
50875	0.00858369098712
4708	0.00857142857143
22579	0.00857142857143
41332	0.00856531049251
2145	0.00854700854701
9722	0.00854700854701
16231	0.00854700854701
17690	0.00854700854701
22031	0.00854700854701
23789	0.00854700854701
36105	0.00854700854701
41807	0.00854700854701
43828	0.00854700854701
9538	0.00853970964987
3733	0.0085308056872
37198	0.00852272727273
33377	0.00851063829787
37961	0.00851063829787
11250	0.00847457627119
12756	0.00847457627119
20511	0.00847457627119
27255	0.00847457627119
27649	0.00847457627119
27859	0.00847457627119
30949	0.00847457627119
39002	0.00847457627119
39039	0.00847457627119
57862	0.00847457627119
1700	0.00845070422535
11307	0.00845070422535
26934	0.0084388185654
11727	0.00843486410497
35703	0.00842105263158
18643	0.00840336134454
41182	0.00840336134454
44035	0.00840336134454
52382	0.00840336134454
52428	0.00840336134454
5237	0.00839160839161
32811	0.00836820083682
38493	0.00836820083682
41003	0.00835073068894
68	0.00833333333333
1272	0.00833333333333
3986	0.00833333333333
13071	0.00833333333333
14749	0.00833333333333
19599	0.00833333333333
21906	0.00833333333333
41704	0.00833333333333
41943	0.00833333333333
50939	0.00831024930748
2785	0.00826446280992
12503	0.00826446280992
41322	0.00826446280992
41338	0.00826446280992
44538	0.00826446280992
52368	0.00826446280992
47774	0.00824175824176
4057	0.0082304526749
31882	0.0082304526749
23782	0.0082135523614
36394	0.0082135523614
1062	0.00819672131148
3120	0.00819672131148
4876	0.00819672131148
9252	0.00819672131148
28043	0.00819672131148
39404	0.00819672131148
41640	0.00819672131148
47430	0.00819672131148
51724	0.00819672131148
29854	0.00817438692098
4430	0.00817236255572
41444	0.00816326530612
921	0.00814479638009
1144	0.00813008130081
3481	0.00813008130081
4390	0.00813008130081
8729	0.00813008130081
27927	0.00813008130081
33971	0.00813008130081
34519	0.00813008130081
35951	0.00813008130081
41270	0.00813008130081
41826	0.00813008130081
42973	0.00813008130081
43088	0.00813008130081
52056	0.00813008130081
59890	0.00813008130081
210	0.0080971659919
20779	0.0080971659919
30805	0.0080971659919
5622	0.00808625336927
937	0.00806451612903
23265	0.00806451612903
26310	0.00806451612903
29855	0.00806451612903
33552	0.00806451612903
41499	0.00806451612903
40962	0.00804289544236
51989	0.00804289544236
28405	0.00802752293578
15373	0.008
28830	0.008
29971	0.008
30471	0.008
34724	0.008
5593	0.00796812749004
2164	0.00793650793651
2367	0.00793650793651
9188	0.00793650793651
10045	0.00793650793651
10397	0.00793650793651
16917	0.00793650793651
25416	0.00793650793651
36494	0.00793650793651
41328	0.00793650793651
59611	0.00793650793651
50933	0.00791556728232
17952	0.00790513833992
1328	0.00787401574803
30925	0.00787401574803
35245	0.00787401574803
37993	0.00785340314136
18607	0.0078431372549
34145	0.0078431372549
7442	0.00783289817232
35345	0.00782268578879
6394	0.0078125
9104	0.0078125
35809	0.0078125
36976	0.0078125
37599	0.0078125
40562	0.0078125
41018	0.0078125
1064	0.00776397515528
5354	0.0077519379845
15720	0.0077519379845
25305	0.0077519379845
25834	0.0077519379845
34521	0.0077519379845
37184	0.0077519379845
40394	0.0077519379845
2215	0.00769230769231
5673	0.00769230769231
38584	0.00769230769231
40968	0.00769230769231
41392	0.00769230769231
44486	0.00769230769231
38203	0.00767543859649
1921	0.00766283524904
40970	0.00766283524904
392	0.00763358778626
1232	0.00763358778626
23667	0.00763358778626
32146	0.00763358778626
41056	0.00763358778626
41354	0.00763358778626
53001	0.00763358778626
22383	0.00761772853186
23481	0.00761421319797
40984	0.00760456273764
2898	0.00757575757576
7420	0.00757575757576
41411	0.00757575757576
41425	0.00757575757576
51340	0.00757575757576
53361	0.00757575757576
2090	0.00751879699248
41682	0.00751879699248
992	0.00750750750751
34920	0.00749063670412
1273	0.00746268656716
2094	0.00746268656716
3826	0.00746268656716
7427	0.00746268656716
15288	0.00746268656716
19111	0.00746268656716
20542	0.00746268656716
22941	0.00746268656716
28821	0.00746268656716
33481	0.00746268656716
41985	0.00746268656716
50969	0.00746268656716
52331	0.00746268656716
31440	0.00745650372825
13318	0.00743494423792
41031	0.00742574257426
9826	0.00742115027829
5120	0.00740740740741
7340	0.00740740740741
9471	0.00740740740741
18226	0.00740740740741
41188	0.00740740740741
53377	0.00740740740741
14502	0.00735294117647
14698	0.00735294117647
50944	0.00735294117647
22408	0.00729927007299
22690	0.00729927007299
26437	0.00729927007299
27209	0.00729927007299
32246	0.00729927007299
41443	0.00729927007299
47050	0.00729927007299
51178	0.00729927007299
932	0.00728155339806
39709	0.00728155339806
41095	0.00727272727273
44184	0.00727272727273
1954	0.00724637681159
2171	0.00724637681159
38790	0.00724637681159
41819	0.00724637681159
42545	0.00724637681159
12998	0.0072202166065
28128	0.0072202166065
40334	0.0072202166065
10047	0.00719424460432
21801	0.00719424460432
27489	0.00719424460432
32809	0.00719424460432
43376	0.00719424460432
51118	0.00719424460432
51281	0.00719424460432
50995	0.00716845878136
4764	0.00716332378223
1902	0.00714285714286
14277	0.00714285714286
16264	0.00714285714286
28294	0.00714285714286
35920	0.00714285714286
37577	0.00714285714286
4399	0.00709219858156
7062	0.00709219858156
24688	0.00709219858156
29394	0.00709219858156
32457	0.00709219858156
49749	0.00709219858156
56100	0.00709219858156
50863	0.0070821529745
29739	0.00706713780919
1118	0.00706033376123
2130	0.00704225352113
11095	0.00704225352113
22798	0.00704225352113
50952	0.00704225352113
51875	0.00704225352113
893	0.00702106318957
2037	0.00699300699301
3139	0.00699300699301
14476	0.00699300699301
30794	0.00699300699301
30917	0.00699300699301
41152	0.00699300699301
43354	0.00699300699301
43785	0.00699300699301
49403	0.00699300699301
51709	0.00699300699301
4578	0.00697424892704
41705	0.00696864111498
22971	0.00696055684455
949	0.00694444444444
11004	0.00694444444444
25440	0.00694444444444
32120	0.00694444444444
51274	0.00694444444444
39136	0.00692840646651
4335	0.00692041522491
12388	0.00689655172414
13058	0.00689655172414
16194	0.00689655172414
19799	0.00689655172414
25586	0.00689655172414
36418	0.00689655172414
41890	0.00689655172414
51225	0.00689655172414
7300	0.00688073394495
33634	0.00687757909216
22654	0.00687285223368
755	0.00684931506849
6222	0.00684931506849
11060	0.00684931506849
27171	0.00684931506849
30793	0.00684931506849
40344	0.00684931506849
41161	0.00684931506849
41074	0.00683760683761
5460	0.00682593856655
18613	0.00681818181818
1020	0.00680272108844
2070	0.00680272108844
2789	0.00680272108844
14518	0.00680272108844
38807	0.00680272108844
51568	0.00680272108844
36398	0.00678952473327
25937	0.00675675675676
27063	0.00675675675676
30635	0.00675675675676
34607	0.00675675675676
39585	0.00675675675676
52555	0.00675675675676
22251	0.00674157303371
11746	0.00673400673401
53040	0.00673400673401
3059	0.00672947510094
4704	0.00671140939597
29724	0.00671140939597
32651	0.00671140939597
19090	0.0066889632107
1752	0.00666666666667
20506	0.00666666666667
50879	0.00666666666667
51415	0.00666666666667
52240	0.00666666666667
3991	0.00664451827243
76	0.006628003314
23337	0.00662251655629
27910	0.00662251655629
40847	0.00662251655629
42912	0.00660066006601
4518	0.00658183413778
2028	0.00657894736842
9646	0.00657894736842
20573	0.00657894736842
28055	0.00657894736842
41011	0.00657894736842
41287	0.00657894736842
7261	0.00656814449918
6954	0.00655737704918
19601	0.00655498907502
23666	0.00655021834061
14515	0.00653594771242
16447	0.00650759219089
494	0.00649350649351
1422	0.00649350649351
3957	0.00649350649351
36594	0.00649350649351
51254	0.00649350649351
14253	0.0064829821718
40965	0.0064829821718
13119	0.00645161290323
14013	0.00645161290323
17318	0.00645161290323
51246	0.00645161290323
13111	0.00644783118406
41042	0.0064308681672
5012	0.00641025641026
10010	0.00641025641026
12777	0.00641025641026
37747	0.00641025641026
5204	0.00640614990391
4396	0.00638977635783
35049	0.00638977635783
34367	0.00638103919781
4121	0.00637958532695
1039	0.00636942675159
1990	0.00636942675159
5164	0.00636942675159
6781	0.00636942675159
7444	0.00636942675159
11519	0.00636942675159
13121	0.00636942675159
2333	0.00634632819583
5693	0.00634249471459
6360	0.00632911392405
9762	0.00632911392405
15228	0.00632911392405
22534	0.00632911392405
27715	0.00632911392405
38194	0.00632911392405
38519	0.00632911392405
41093	0.00630914826498
12423	0.0063025210084
41044	0.0063025210084
1918	0.0062893081761
5809	0.0062893081761
13040	0.0062893081761
35047	0.0062893081761
51605	0.0062893081761
27809	0.00627943485086
5100	0.00626959247649
41067	0.00626959247649
874	0.00625
14833	0.00625
41832	0.00625
52802	0.00625
30899	0.00621890547264
41403	0.00621118012422
38794	0.00618374558304
1119	0.00617283950617
10248	0.00617283950617
11196	0.00617283950617
23440	0.00617283950617
27899	0.00617283950617
34522	0.00617283950617
51575	0.00617283950617
52525	0.00617283950617
35728	0.00615384615385
38987	0.00615384615385
40979	0.00615384615385
5420	0.00614250614251
3531	0.00613496932515
13036	0.00613496932515
40893	0.00613496932515
41672	0.00613496932515
868	0.00612088752869
7312	0.00611476952023
17979	0.00609756097561
18129	0.00609756097561
4655	0.00608930987821
1364	0.00607902735562
3554	0.00606060606061
4464	0.00606060606061
36078	0.00606060606061
41246	0.00606060606061
42335	0.00606060606061
50868	0.00606060606061
51117	0.00606060606061
5616	0.00604229607251
4135	0.00602409638554
5643	0.00602409638554
6213	0.00602409638554
12467	0.00602409638554
17596	0.00601503759398
2344	0.0060120240481
26893	0.00600600600601
4711	0.00600240096038
8709	0.006
23628	0.0059880239521
34676	0.0059880239521
384	0.00595238095238
38758	0.00595238095238
40989	0.00595238095238
41032	0.00595238095238
41059	0.00595238095238
1655	0.00593471810089
32453	0.00593471810089
11	0.00591715976331
1389	0.00591715976331
3533	0.00591715976331
4868	0.00591715976331
18777	0.00591715976331
21204	0.00591715976331
37114	0.00591715976331
41250	0.00591715976331
51680	0.00591715976331
29277	0.00591016548463
3486	0.00588235294118
16912	0.00588235294118
21989	0.00588235294118
32009	0.00588235294118
33405	0.00588235294118
50870	0.00588235294118
50883	0.00588235294118
40942	0.00584795321637
40972	0.00584795321637
19598	0.00584415584416
456	0.00581395348837
7509	0.00581395348837
41060	0.00581395348837
39546	0.00579710144928
38191	0.00578703703704
2574	0.00578034682081
2825	0.00578034682081
8210	0.00578034682081
35360	0.00578034682081
14750	0.00577367205543
34858	0.00575815738964
3239	0.00574712643678
9656	0.00574712643678
18340	0.00574712643678
41609	0.00574712643678
51159	0.00574712643678
28047	0.00573065902579
28810	0.00573065902579
21797	0.00572519083969
107	0.00571428571429
13642	0.00571428571429
15381	0.00571428571429
22838	0.00571428571429
30762	0.00571428571429
30789	0.00571428571429
30980	0.00571428571429
34217	0.00571428571429
40482	0.00571428571429
59506	0.00571428571429
2613	0.00569800569801
3260	0.00569800569801
6812	0.00569105691057
3598	0.00568181818182
4485	0.00568181818182
7349	0.00568181818182
17915	0.00568181818182
25384	0.00568181818182
51155	0.00568181818182
34751	0.00567107750473
2142	0.0056657223796
18701	0.0056657223796
1048	0.00566037735849
22805	0.00564971751412
41391	0.00564971751412
50987	0.00564971751412
51025	0.00564971751412
37392	0.0056338028169
2588	0.00561797752809
14862	0.00561797752809
14343	0.00558659217877
34241	0.00558659217877
40987	0.00557103064067
11000	0.00555555555556
17948	0.00555555555556
27218	0.00555555555556
29453	0.00555555555556
47611	0.00555555555556
3214	0.00552486187845
3788	0.00552486187845
7751	0.00552486187845
23211	0.00552486187845
26579	0.00552486187845
36710	0.00552486187845
3273	0.00551876379691
9488	0.00549450549451
14361	0.00549450549451
20527	0.00549450549451
26085	0.00549450549451
31850	0.00549450549451
41048	0.00549450549451
51394	0.00549450549451
51485	0.00549450549451
38492	0.00547195622435
4846	0.00546875
2660	0.00546448087432
19897	0.00546448087432
23285	0.00546448087432
35162	0.00546448087432
44599	0.00546448087432
49336	0.00546448087432
51120	0.00546448087432
2007	0.00545851528384
742	0.00544959128065
33862	0.0054347826087
52638	0.0054347826087
4916	0.00540540540541
13935	0.00540540540541
27723	0.00540540540541
28712	0.00540540540541
7419	0.00539811066127
253	0.00539374325782
25453	0.00539083557951
1170	0.00537634408602
1456	0.00537634408602
9251	0.00537634408602
28700	0.00537634408602
30799	0.00537634408602
41278	0.00537634408602
11359	0.00534759358289
11776	0.00534759358289
41088	0.00534759358289
41544	0.00534759358289
35563	0.00532568619418
16516	0.00531914893617
51213	0.00531914893617
41374	0.0053050397878
5218	0.00530035335689
775	0.00529100529101
5116	0.00529100529101
52065	0.00529100529101
52494	0.00529100529101
28742	0.00528541226216
11300	0.00526315789474
37776	0.00526315789474
51211	0.00526315789474
1231	0.00523560209424
7472	0.00523560209424
21323	0.00523560209424
34471	0.00523560209424
37238	0.00523560209424
14352	0.00522875816993
1931	0.00522648083624
9200	0.00522466039707
13056	0.00521739130435
6573	0.00520833333333
8229	0.00520833333333
9135	0.00520833333333
16420	0.00520833333333
17277	0.00520833333333
41404	0.00520833333333
5231	0.00519750519751
2733	0.00518806744488
7460	0.00518134715026
18112	0.00518134715026
24522	0.00518134715026
3720	0.00517464424321
6772	0.00515463917526
14207	0.00515463917526
24173	0.00515463917526
29218	0.00515463917526
12188	0.00512820512821
36967	0.00512820512821
50913	0.00512820512821
16273	0.00510204081633
39343	0.00510204081633
41610	0.00510204081633
870	0.00506329113924
4675	0.00505050505051
25891	0.00505050505051
30938	0.00505050505051
30982	0.00505050505051
41016	0.00505050505051
41129	0.00505050505051
10266	0.00502512562814
23688	0.00502512562814
31868	0.00501253132832
6427	0.00500147102089
54	0.005
1503	0.005
41157	0.005
41227	0.005
41010	0.00498753117207
38925	0.00498338870432
3250	0.0049504950495
9292	0.0049504950495
26158	0.0049504950495
40983	0.00492610837438
2745	0.00491228070175
41090	0.00490797546012
22230	0.00490196078431
51096	0.00488997555012
51133	0.00488997555012
869	0.00488639139995
17066	0.00487804878049
15636	0.00486618004866
11314	0.00485436893204
13317	0.00485436893204
30874	0.00485436893204
51146	0.00485436893204
4439	0.0048309178744
21337	0.0048309178744
26863	0.0048309178744
29360	0.0048309178744
32418	0.00480769230769
7175	0.0048
51019	0.00479616306954
18972	0.00478468899522
20416	0.00476947535771
1113	0.00475059382423
7100	0.00475059382423
492	0.00473933649289
28051	0.00473933649289
47787	0.00473933649289
2515	0.00472813238771
90	0.00471698113208
12824	0.00471698113208
37689	0.00471698113208
20173	0.00469483568075
59604	0.00469483568075
17306	0.00467289719626
27525	0.004662004662
4173	0.0046511627907
11782	0.0046511627907
2290	0.0046403712297
27890	0.0046403712297
29287	0.00462962962963
42328	0.00462962962963
38793	0.00462427745665
4695	0.00460829493088
4705	0.00460829493088
28290	0.00460829493088
41025	0.00460829493088
41171	0.00460829493088
900	0.00460122699387
5553	0.00459770114943
20802	0.0045871559633
28610	0.0045871559633
35045	0.0045871559633
1489	0.00456621004566
14716	0.00456621004566
27579	0.00456621004566
3933	0.00455788514129
7518	0.00455580865604
5157	0.00454775138959
4951	0.00454545454545
6304	0.00454545454545
8397	0.00454545454545
22929	0.00454132606721
21458	0.0045045045045
28812	0.0045045045045
497	0.00448430493274
1135	0.00448430493274
41370	0.00448430493274
27535	0.00446428571429
20529	0.00444444444444
26805	0.00444444444444
3499	0.00443458980044
3827	0.00440528634361
13742	0.00440528634361
29444	0.00440528634361
17346	0.00438596491228
28832	0.00438596491228
1361	0.00434782608696
1399	0.00434782608696
20075	0.00433839479393
2787	0.00431034482759
52697	0.00431034482759
1497	0.00429876410532
29852	0.00429184549356
42374	0.00429184549356
21545	0.00428265524625
631	0.0042735042735
50851	0.0042735042735
52258	0.0042735042735
2186	0.00426136363636
2848	0.00423728813559
39209	0.00423728813559
26584	0.00422535211268
1632	0.0042194092827
4137	0.0042194092827
3419	0.00420168067227
21523	0.00420168067227
41091	0.00420168067227
50937	0.00420168067227
11169	0.0041928721174
41140	0.00418410041841
6816	0.00416666666667
18759	0.00416666666667
31879	0.00416666666667
41274	0.00416666666667
13960	0.00414937759336
29055	0.00411522633745
41329	0.00411522633745
15794	0.00409836065574
21648	0.00409836065574
29309	0.0040899795501
24126	0.00408163265306
37115	0.00406504065041
38206	0.00406504065041
10920	0.00404858299595
34356	0.00404858299595
52471	0.00404858299595
25051	0.00403225806452
36392	0.00403225806452
2	0.00402414486922
41041	0.00401606425703
28633	0.004
5112	0.00396301188904
45139	0.00393700787402
39383	0.00392156862745
41109	0.00392156862745
39027	0.00390625
2381	0.00388601036269
40995	0.00388098318241
10287	0.00387596899225
4339	0.003861003861
44117	0.003861003861
30445	0.00383141762452
1680	0.00381679389313
17147	0.00380228136882
27358	0.00380228136882
41194	0.00380228136882
44951	0.00380228136882
2463	0.00379506641366
37427	0.00378787878788
17586	0.00378071833648
41068	0.00378071833648
47637	0.00377358490566
16956	0.00371747211896
41347	0.00371747211896
41253	0.0037037037037
9642	0.00369003690037
34199	0.00369003690037
2811	0.003663003663
13216	0.0036496350365
26416	0.0036496350365
41001	0.0036496350365
31877	0.00363636363636
51041	0.00363636363636
39852	0.0036231884058
28673	0.00361010830325
1117	0.00359712230216
10251	0.00359712230216
19288	0.00359712230216
29372	0.00359712230216
2313	0.00358422939068
30691	0.00358422939068
31138	0.00358422939068
50864	0.00357142857143
35021	0.00355871886121
37426	0.00355871886121
39602	0.00355871886121
21745	0.00354609929078
11201	0.00353982300885
33887	0.00353982300885
35178	0.00353982300885
3365	0.00353773584906
51158	0.00352112676056
17771	0.00350877192982
37775	0.00350877192982
5599	0.0034965034965
40980	0.0034965034965
41583	0.0034965034965
22744	0.00349344978166
4489	0.00349040139616
25098	0.00348432055749
13952	0.00346020761246
4242	0.00343642611684
41364	0.00343642611684
38293	0.00337837837838
3022	0.00334448160535
18278	0.00331125827815
51006	0.00331125827815
25444	0.003300330033
37111	0.00328947368421
34224	0.00328587075575
7214	0.00325732899023
23011	0.00325732899023
22743	0.00324675324675
29145	0.00323624595469
41154	0.00322580645161
18311	0.00319829424307
34548	0.0031847133758
12610	0.0031746031746
30625	0.0031746031746
24958	0.00316455696203
41258	0.00316455696203
51027	0.00316455696203
684	0.00314465408805
52225	0.00314465408805
23999	0.00313479623824
11481	0.003125
41039	0.003125
41098	0.003125
2409	0.00310559006211
22643	0.00310559006211
12121	0.00308641975309
7299	0.00307692307692
35237	0.00307692307692
30020	0.00303951367781
41972	0.00303951367781
17008	0.003003003003
40982	0.00296735905045
5774	0.00290697674419
14140	0.00289855072464
34683	0.0028818443804
29845	0.00287356321839
2030	0.00285714285714
34147	0.00281690140845
18301	0.00280112044818
25554	0.00277777777778
25078	0.00277008310249
33850	0.00274725274725
4644	0.00273224043716
25324	0.00273224043716
27651	0.00271002710027
3553	0.00269541778976
36999	0.0025641025641
12017	0.00255102040816
11664	0.00251889168766
10987	0.00249376558603
23174	0.00242130750605
24684	0.0024154589372
33678	0.00233644859813
41027	0.00232558139535
11675	0.00224215246637
4654	0.00215749730313
49394	0.00213219616205
41058	0.00208768267223
27865	0.00202839756592
17938	0.00199600798403
41355	0.00197238658777
5768	0.00196463654224
34169	0.001953125
33841	0.00191570881226
40971	0.00186219739292
35136	0.00179211469534
28407	0.00170648464164
13955	0.00170068027211
11655	0.0016694490818
16209	0.00158982511924
17355	0.00157480314961
3133	0.00130890052356
39447	0.00117785630153
