35486	0.242718446602
11185	0.163636363636
18543	0.144736842105
13922	0.142857142857
15823	0.137254901961
17639	0.123076923077
18836	0.120805369128
19533	0.116279069767
34443	0.116071428571
9351	0.111111111111
14749	0.111111111111
34938	0.111111111111
41827	0.101449275362
29806	0.101123595506
28246	0.1
31364	0.1
33527	0.1
2164	0.0984848484848
18835	0.0949720670391
32889	0.0933333333333
10870	0.093023255814
45304	0.0909090909091
18833	0.0869565217391
34350	0.0807453416149
35027	0.078125
29010	0.0777777777778
1436	0.0769230769231
27078	0.0757575757576
44270	0.0721649484536
4760	0.0714285714286
28094	0.0714285714286
33167	0.0714285714286
40208	0.0707070707071
6449	0.0689655172414
12511	0.0689655172414
2130	0.0662251655629
41868	0.0657894736842
14904	0.0652173913043
269	0.0641025641026
11232	0.063768115942
8941	0.0632911392405
186	0.0631578947368
52843	0.0617283950617
41570	0.0603448275862
49897	0.06
10177	0.0588235294118
53342	0.0582959641256
22241	0.0582524271845
34652	0.0549450549451
48210	0.0547945205479
7386	0.0545454545455
6787	0.0535714285714
53200	0.0530303030303
41620	0.0526315789474
22070	0.0518134715026
27840	0.051724137931
7075	0.0512820512821
14125	0.0512820512821
48505	0.0512820512821
38265	0.0508474576271
43387	0.0508474576271
39884	0.0506329113924
21265	0.05
49651	0.05
35484	0.0493827160494
52945	0.0491803278689
7372	0.0487804878049
14442	0.0487804878049
36475	0.0487804878049
54437	0.0487804878049
3598	0.0483870967742
16123	0.0483870967742
26005	0.0483870967742
11192	0.047619047619
19839	0.047619047619
38637	0.047619047619
41955	0.047619047619
46399	0.047619047619
51298	0.047619047619
35256	0.046511627907
43384	0.046511627907
47943	0.046511627907
51462	0.046511627907
57358	0.046511627907
9331	0.0454545454545
17103	0.0454545454545
44284	0.0454545454545
56790	0.0454545454545
58631	0.0454545454545
41778	0.0446428571429
5523	0.0444444444444
10172	0.0444444444444
11871	0.0444444444444
28111	0.0444444444444
40402	0.0444444444444
11299	0.0441176470588
30812	0.0439024390244
27535	0.0436746987952
566	0.0434782608696
4773	0.0434782608696
18839	0.0434782608696
51681	0.0434782608696
19970	0.0428571428571
43265	0.0428571428571
50348	0.0428571428571
4219	0.0425531914894
39296	0.0425531914894
42275	0.0425531914894
43154	0.0425531914894
45235	0.0425531914894
52953	0.0422535211268
42883	0.0421052631579
10055	0.0416666666667
14390	0.0416666666667
28459	0.0416666666667
29504	0.0416666666667
34078	0.0416666666667
35932	0.0416666666667
38519	0.0411764705882
4527	0.041095890411
22625	0.041095890411
37587	0.041095890411
51391	0.041095890411
11668	0.0408163265306
18620	0.0408163265306
42579	0.0408163265306
49330	0.0408163265306
24031	0.0405405405405
8112	0.04
16070	0.04
24966	0.04
31293	0.04
41728	0.04
45119	0.04
46215	0.04
52494	0.04
52679	0.04
17986	0.0397350993377
8754	0.0394736842105
10047	0.0394736842105
50252	0.0394736842105
17068	0.0393700787402
52350	0.0393700787402
3532	0.0392156862745
6494	0.0392156862745
17099	0.0392156862745
25008	0.0392156862745
51884	0.0392156862745
128	0.038961038961
26191	0.038961038961
7442	0.0385604113111
17054	0.0384615384615
17644	0.0384615384615
22094	0.0384615384615
22350	0.0384615384615
32088	0.0384615384615
34640	0.0384615384615
41791	0.0384615384615
43377	0.0384615384615
51670	0.0384615384615
36037	0.0382165605096
28438	0.0379746835443
41811	0.0379746835443
35064	0.0377358490566
60206	0.0377358490566
3561	0.0375
30789	0.0374331550802
1272	0.0373134328358
3986	0.0373134328358
2169	0.0372093023256
10184	0.037037037037
11410	0.037037037037
16370	0.037037037037
28185	0.037037037037
39161	0.037037037037
47233	0.037037037037
57864	0.037037037037
59668	0.037037037037
27525	0.0369515011547
15373	0.0366492146597
44999	0.0365853658537
1528	0.0363636363636
3760	0.0363636363636
10007	0.0363636363636
14905	0.0363636363636
20486	0.0363636363636
27288	0.0363636363636
34200	0.0363636363636
34487	0.0363636363636
34536	0.0363636363636
48576	0.0363636363636
53251	0.0363636363636
50973	0.0361445783133
2643	0.0357142857143
7274	0.0357142857143
26549	0.0357142857143
51632	0.0357142857143
14604	0.0355731225296
3385	0.0353982300885
34823	0.0352941176471
12485	0.0350877192982
26070	0.0350877192982
27537	0.0350877192982
46611	0.0350877192982
59603	0.0350877192982
19599	0.0350515463918
41392	0.0347222222222
18595	0.0344827586207
31675	0.0344827586207
41412	0.0344827586207
49986	0.0344827586207
53265	0.0344827586207
42378	0.0343137254902
37752	0.034188034188
6772	0.0339805825243
3568	0.0338983050847
4738	0.0338983050847
22985	0.0338983050847
28718	0.0338983050847
31190	0.0338983050847
42704	0.0338983050847
42855	0.0338983050847
45777	0.0338983050847
49965	0.0338983050847
55031	0.0338983050847
38795	0.0336134453782
27934	0.0335570469799
17346	0.0334728033473
5677	0.0333333333333
12306	0.0333333333333
41691	0.0333333333333
51157	0.0333333333333
41224	0.0331491712707
51571	0.032967032967
811	0.0327868852459
22009	0.0327868852459
29852	0.0327868852459
49678	0.0327868852459
52750	0.0327868852459
59605	0.0327868852459
52034	0.0326086956522
22230	0.0324074074074
3761	0.0322580645161
22050	0.0322580645161
27240	0.0322580645161
35400	0.0322580645161
38678	0.0322580645161
48070	0.0322580645161
51860	0.0322580645161
54960	0.0322580645161
546	0.031746031746
733	0.031746031746
8907	0.031746031746
10421	0.031746031746
40530	0.031746031746
11004	0.0316455696203
10110	0.0315789473684
1558	0.03125
4647	0.03125
14343	0.03125
34101	0.03125
35376	0.03125
39387	0.03125
41198	0.03125
44281	0.03125
51764	0.03125
53184	0.03125
34356	0.031007751938
6415	0.0309278350515
53328	0.0309278350515
59906	0.0309278350515
18997	0.0308641975309
27529	0.0308370044053
268	0.0307692307692
7476	0.0307692307692
16926	0.0307692307692
51392	0.0307692307692
15917	0.030612244898
42750	0.030487804878
3742	0.030303030303
16297	0.030303030303
32040	0.030303030303
52853	0.030303030303
37156	0.0300751879699
22332	0.03
34115	0.03
35480	0.03
39782	0.03
41061	0.03
3413	0.0298507462687
3786	0.0298507462687
12199	0.0298507462687
18441	0.0298507462687
27504	0.0298507462687
41282	0.0298507462687
43213	0.0298507462687
10287	0.0297397769517
41172	0.0296296296296
13119	0.0295857988166
2933	0.0294117647059
7437	0.0294117647059
9906	0.0294117647059
13073	0.0294117647059
18562	0.0294117647059
30866	0.0294117647059
37238	0.0294117647059
38201	0.0294117647059
41497	0.0294117647059
46610	0.0294117647059
52259	0.0294117647059
5367	0.0291262135922
7460	0.0291262135922
41689	0.0291262135922
51422	0.0291262135922
11673	0.0289855072464
18661	0.0289855072464
32522	0.0289855072464
45277	0.0289855072464
46487	0.0289855072464
7175	0.0286624203822
21043	0.0285714285714
36731	0.0285714285714
51940	0.0285714285714
52935	0.0285714285714
53110	0.0285714285714
61215	0.0285714285714
4675	0.0284360189573
10045	0.0283687943262
25117	0.0283018867925
41147	0.0283018867925
51978	0.0283018867925
2150	0.0281690140845
16283	0.0281690140845
18834	0.0281690140845
41317	0.0281690140845
41915	0.0281690140845
44375	0.0281690140845
18129	0.0280898876404
26674	0.027972027972
62	0.0277777777778
20075	0.0277777777778
25827	0.0277777777778
34503	0.0277777777778
6657	0.0275862068966
37806	0.0275229357798
31991	0.027397260274
44425	0.027397260274
50584	0.027397260274
50771	0.027397260274
22843	0.0272727272727
48237	0.0272727272727
11504	0.0272108843537
21252	0.0272108843537
2403	0.0271739130435
1362	0.027027027027
12776	0.027027027027
14859	0.027027027027
26711	0.027027027027
34391	0.027027027027
49838	0.027027027027
51905	0.027027027027
56707	0.027027027027
15288	0.0268456375839
35360	0.0267379679144
41192	0.0266666666667
45884	0.0266666666667
50881	0.0266666666667
4743	0.0265957446809
14502	0.0264900662252
16927	0.0264705882353
22251	0.0264317180617
10157	0.0263157894737
13271	0.0263157894737
15869	0.0263157894737
41443	0.0263157894737
41956	0.0263157894737
46975	0.0263157894737
51694	0.0263157894737
53102	0.0263157894737
29309	0.0262096774194
7739	0.0260869565217
33599	0.0260869565217
29317	0.025974025974
36096	0.025974025974
41379	0.025974025974
41872	0.025974025974
45636	0.025974025974
6542	0.0258620689655
41197	0.0258620689655
550	0.025641025641
1973	0.025641025641
2961	0.025641025641
3426	0.025641025641
4004	0.025641025641
4815	0.025641025641
5462	0.025641025641
5531	0.025641025641
6281	0.025641025641
6783	0.025641025641
7043	0.025641025641
8111	0.025641025641
8196	0.025641025641
8836	0.025641025641
9118	0.025641025641
9589	0.025641025641
9763	0.025641025641
10356	0.025641025641
10374	0.025641025641
10540	0.025641025641
10951	0.025641025641
11115	0.025641025641
11189	0.025641025641
11739	0.025641025641
14130	0.025641025641
14344	0.025641025641
14731	0.025641025641
15036	0.025641025641
15137	0.025641025641
15403	0.025641025641
16220	0.025641025641
16889	0.025641025641
16944	0.025641025641
17673	0.025641025641
18944	0.025641025641
19526	0.025641025641
19949	0.025641025641
21815	0.025641025641
22362	0.025641025641
22486	0.025641025641
22499	0.025641025641
23485	0.025641025641
23531	0.025641025641
23802	0.025641025641
25695	0.025641025641
25968	0.025641025641
26444	0.025641025641
30754	0.025641025641
31049	0.025641025641
31666	0.025641025641
32804	0.025641025641
32959	0.025641025641
32996	0.025641025641
33010	0.025641025641
34126	0.025641025641
34183	0.025641025641
34378	0.025641025641
34618	0.025641025641
34726	0.025641025641
34730	0.025641025641
35185	0.025641025641
35214	0.025641025641
36097	0.025641025641
36667	0.025641025641
37153	0.025641025641
39341	0.025641025641
39443	0.025641025641
40253	0.025641025641
40673	0.025641025641
42367	0.025641025641
42401	0.025641025641
43243	0.025641025641
43552	0.025641025641
44678	0.025641025641
44915	0.025641025641
46198	0.025641025641
46222	0.025641025641
46549	0.025641025641
48445	0.025641025641
48713	0.025641025641
49366	0.025641025641
49825	0.025641025641
50092	0.025641025641
50800	0.025641025641
51064	0.025641025641
51454	0.025641025641
52910	0.025641025641
53317	0.025641025641
53853	0.025641025641
54358	0.025641025641
54503	0.025641025641
54860	0.025641025641
54990	0.025641025641
55555	0.025641025641
56964	0.025641025641
57023	0.025641025641
57176	0.025641025641
57354	0.025641025641
57585	0.025641025641
58293	0.025641025641
58599	0.025641025641
59003	0.025641025641
59198	0.025641025641
60434	0.025641025641
41012	0.0255319148936
9488	0.0255102040816
17570	0.0254237288136
32058	0.0254237288136
41271	0.0254237288136
5390	0.0253164556962
7393	0.0253164556962
21656	0.0253164556962
35044	0.0253164556962
36356	0.0253164556962
41485	0.0253164556962
256	0.0252100840336
8767	0.0252100840336
9502	0.0252100840336
17611	0.0252100840336
32120	0.0251572327044
803	0.025
890	0.025
1115	0.025
1456	0.025
2990	0.025
3559	0.025
3722	0.025
4556	0.025
5695	0.025
5703	0.025
6464	0.025
6633	0.025
7046	0.025
8052	0.025
8215	0.025
9322	0.025
9748	0.025
10247	0.025
11280	0.025
12090	0.025
12562	0.025
12884	0.025
13360	0.025
14019	0.025
15188	0.025
15209	0.025
16261	0.025
17743	0.025
18581	0.025
18623	0.025
18823	0.025
18951	0.025
19335	0.025
21804	0.025
21892	0.025
23264	0.025
23529	0.025
23648	0.025
23819	0.025
24398	0.025
24977	0.025
25821	0.025
26326	0.025
26356	0.025
27359	0.025
27468	0.025
27564	0.025
27914	0.025
28282	0.025
29145	0.025
30991	0.025
33882	0.025
35168	0.025
35183	0.025
35236	0.025
37535	0.025
37684	0.025
37814	0.025
37965	0.025
38448	0.025
40849	0.025
41653	0.025
42606	0.025
43906	0.025
44914	0.025
45778	0.025
46239	0.025
46829	0.025
47124	0.025
48538	0.025
48606	0.025
48607	0.025
49221	0.025
50744	0.025
51885	0.025
52088	0.025
52547	0.025
53162	0.025
54308	0.025
54756	0.025
55462	0.025
56429	0.025
57405	0.025
57408	0.025
57483	0.025
57562	0.025
57852	0.025
58125	0.025
60586	0.025
61255	0.025
51655	0.0248756218905
38338	0.0247933884298
52741	0.0247933884298
1435	0.0246913580247
3398	0.0246913580247
5055	0.0246913580247
7430	0.0246913580247
10149	0.0246913580247
17098	0.0246913580247
23481	0.0246913580247
18378	0.0245901639344
4035	0.0245398773006
1851	0.0243902439024
2147	0.0243902439024
3370	0.0243902439024
3607	0.0243902439024
5062	0.0243902439024
5607	0.0243902439024
7181	0.0243902439024
7432	0.0243902439024
7997	0.0243902439024
8969	0.0243902439024
12914	0.0243902439024
12925	0.0243902439024
13713	0.0243902439024
13962	0.0243902439024
14190	0.0243902439024
14242	0.0243902439024
15514	0.0243902439024
17109	0.0243902439024
17407	0.0243902439024
18540	0.0243902439024
18717	0.0243902439024
18927	0.0243902439024
21628	0.0243902439024
21848	0.0243902439024
22371	0.0243902439024
23371	0.0243902439024
24216	0.0243902439024
24314	0.0243902439024
25349	0.0243902439024
26884	0.0243902439024
28015	0.0243902439024
29337	0.0243902439024
29659	0.0243902439024
30831	0.0243902439024
33374	0.0243902439024
33736	0.0243902439024
34694	0.0243902439024
35919	0.0243902439024
39871	0.0243902439024
40217	0.0243902439024
40500	0.0243902439024
40911	0.0243902439024
41033	0.0243902439024
41375	0.0243902439024
42099	0.0243902439024
42622	0.0243902439024
43188	0.0243902439024
43752	0.0243902439024
43818	0.0243902439024
43907	0.0243902439024
44277	0.0243902439024
47282	0.0243902439024
48349	0.0243902439024
48398	0.0243902439024
49698	0.0243902439024
50286	0.0243902439024
50756	0.0243902439024
52004	0.0243902439024
53501	0.0243902439024
54397	0.0243902439024
56623	0.0243902439024
56625	0.0243902439024
56699	0.0243902439024
57461	0.0243902439024
58844	0.0243902439024
60608	0.0243902439024
60648	0.0243902439024
60707	0.0243902439024
4977	0.0242424242424
28709	0.0242424242424
11866	0.0241935483871
13943	0.0241935483871
39727	0.0241935483871
562	0.0241758241758
34901	0.0240963855422
43372	0.0240963855422
33142	0.0240549828179
24173	0.0240384615385
309	0.024
51079	0.024
21523	0.0239043824701
809	0.0238095238095
1673	0.0238095238095
1966	0.0238095238095
5837	0.0238095238095
7220	0.0238095238095
8060	0.0238095238095
8200	0.0238095238095
8845	0.0238095238095
9504	0.0238095238095
9894	0.0238095238095
10402	0.0238095238095
10542	0.0238095238095
10871	0.0238095238095
11158	0.0238095238095
11709	0.0238095238095
12644	0.0238095238095
13004	0.0238095238095
13166	0.0238095238095
13532	0.0238095238095
14110	0.0238095238095
14148	0.0238095238095
14643	0.0238095238095
15382	0.0238095238095
16293	0.0238095238095
18550	0.0238095238095
18554	0.0238095238095
18615	0.0238095238095
18696	0.0238095238095
18790	0.0238095238095
19097	0.0238095238095
19289	0.0238095238095
19398	0.0238095238095
19525	0.0238095238095
19535	0.0238095238095
19788	0.0238095238095
20151	0.0238095238095
20673	0.0238095238095
20723	0.0238095238095
22029	0.0238095238095
22163	0.0238095238095
22853	0.0238095238095
24751	0.0238095238095
24829	0.0238095238095
25018	0.0238095238095
25169	0.0238095238095
25993	0.0238095238095
26095	0.0238095238095
26645	0.0238095238095
27538	0.0238095238095
28210	0.0238095238095
30652	0.0238095238095
30894	0.0238095238095
31121	0.0238095238095
31527	0.0238095238095
32691	0.0238095238095
33520	0.0238095238095
34244	0.0238095238095
34343	0.0238095238095
34416	0.0238095238095
35145	0.0238095238095
35164	0.0238095238095
36405	0.0238095238095
36903	0.0238095238095
38063	0.0238095238095
41291	0.0238095238095
42239	0.0238095238095
42281	0.0238095238095
42405	0.0238095238095
43337	0.0238095238095
43403	0.0238095238095
43505	0.0238095238095
43751	0.0238095238095
43821	0.0238095238095
44291	0.0238095238095
45873	0.0238095238095
46162	0.0238095238095
46365	0.0238095238095
47775	0.0238095238095
47795	0.0238095238095
49663	0.0238095238095
50397	0.0238095238095
50646	0.0238095238095
51003	0.0238095238095
51200	0.0238095238095
51511	0.0238095238095
51648	0.0238095238095
51832	0.0238095238095
51955	0.0238095238095
53258	0.0238095238095
54203	0.0238095238095
56175	0.0238095238095
58142	0.0238095238095
58481	0.0238095238095
59696	0.0238095238095
59722	0.0238095238095
59829	0.0238095238095
40819	0.0236220472441
37775	0.023569023569
3050	0.0235294117647
13380	0.0235294117647
21345	0.0235294117647
30018	0.0235294117647
31911	0.0235294117647
38826	0.0235294117647
42001	0.0235294117647
42360	0.0235294117647
27952	0.0233918128655
694	0.0232558139535
801	0.0232558139535
2903	0.0232558139535
2915	0.0232558139535
3448	0.0232558139535
4643	0.0232558139535
6223	0.0232558139535
6244	0.0232558139535
7016	0.0232558139535
7258	0.0232558139535
8193	0.0232558139535
8464	0.0232558139535
8504	0.0232558139535
8603	0.0232558139535
9948	0.0232558139535
11148	0.0232558139535
12341	0.0232558139535
13024	0.0232558139535
13217	0.0232558139535
13327	0.0232558139535
13668	0.0232558139535
14453	0.0232558139535
14523	0.0232558139535
14710	0.0232558139535
19455	0.0232558139535
23057	0.0232558139535
23744	0.0232558139535
24007	0.0232558139535
24096	0.0232558139535
25694	0.0232558139535
26209	0.0232558139535
26257	0.0232558139535
26301	0.0232558139535
26801	0.0232558139535
26995	0.0232558139535
27522	0.0232558139535
27954	0.0232558139535
28608	0.0232558139535
29248	0.0232558139535
30234	0.0232558139535
30591	0.0232558139535
31725	0.0232558139535
33511	0.0232558139535
34669	0.0232558139535
37610	0.0232558139535
38312	0.0232558139535
39717	0.0232558139535
40147	0.0232558139535
40644	0.0232558139535
41460	0.0232558139535
42118	0.0232558139535
42180	0.0232558139535
42644	0.0232558139535
42833	0.0232558139535
42959	0.0232558139535
43761	0.0232558139535
45268	0.0232558139535
45383	0.0232558139535
46317	0.0232558139535
47311	0.0232558139535
47409	0.0232558139535
47950	0.0232558139535
48218	0.0232558139535
49790	0.0232558139535
49944	0.0232558139535
51805	0.0232558139535
52866	0.0232558139535
53247	0.0232558139535
55093	0.0232558139535
55460	0.0232558139535
56048	0.0232558139535
56220	0.0232558139535
58639	0.0232558139535
58955	0.0232558139535
60590	0.0232558139535
2381	0.0232258064516
7115	0.0230769230769
22231	0.0230769230769
33572	0.0230769230769
41257	0.0230769230769
59684	0.0230769230769
13403	0.0229885057471
28797	0.0229885057471
32917	0.0229885057471
33166	0.0229885057471
39420	0.0229885057471
52230	0.0229885057471
41417	0.0229508196721
32453	0.0229226361032
11145	0.0229007633588
24922	0.0229007633588
48978	0.0229007633588
1718	0.0227272727273
1992	0.0227272727273
2633	0.0227272727273
4198	0.0227272727273
4757	0.0227272727273
6905	0.0227272727273
7818	0.0227272727273
8076	0.0227272727273
8107	0.0227272727273
8252	0.0227272727273
8715	0.0227272727273
10508	0.0227272727273
11364	0.0227272727273
12086	0.0227272727273
12402	0.0227272727273
14697	0.0227272727273
15118	0.0227272727273
15229	0.0227272727273
15830	0.0227272727273
15921	0.0227272727273
16467	0.0227272727273
17266	0.0227272727273
17729	0.0227272727273
20204	0.0227272727273
20417	0.0227272727273
20666	0.0227272727273
21147	0.0227272727273
21472	0.0227272727273
21485	0.0227272727273
21998	0.0227272727273
22033	0.0227272727273
22067	0.0227272727273
22445	0.0227272727273
22608	0.0227272727273
23162	0.0227272727273
25594	0.0227272727273
25789	0.0227272727273
25997	0.0227272727273
27238	0.0227272727273
27924	0.0227272727273
29334	0.0227272727273
30936	0.0227272727273
31085	0.0227272727273
32791	0.0227272727273
33993	0.0227272727273
34001	0.0227272727273
34941	0.0227272727273
37565	0.0227272727273
39240	0.0227272727273
40238	0.0227272727273
40363	0.0227272727273
41504	0.0227272727273
41802	0.0227272727273
42131	0.0227272727273
42201	0.0227272727273
42714	0.0227272727273
42845	0.0227272727273
42941	0.0227272727273
43109	0.0227272727273
43584	0.0227272727273
45420	0.0227272727273
46684	0.0227272727273
49086	0.0227272727273
49930	0.0227272727273
50002	0.0227272727273
50722	0.0227272727273
52178	0.0227272727273
52626	0.0227272727273
52828	0.0227272727273
53188	0.0227272727273
53588	0.0227272727273
53925	0.0227272727273
54021	0.0227272727273
55105	0.0227272727273
55407	0.0227272727273
55762	0.0227272727273
58140	0.0227272727273
58911	0.0227272727273
60264	0.0227272727273
35703	0.022633744856
16449	0.0225806451613
2639	0.0225563909774
9138	0.0225563909774
36105	0.0225563909774
41004	0.0225563909774
41715	0.0225563909774
5774	0.0225352112676
3996	0.0224719101124
11511	0.0224719101124
29053	0.0224719101124
37007	0.0224719101124
51421	0.0224719101124
51453	0.0224719101124
1036	0.0222222222222
1513	0.0222222222222
6188	0.0222222222222
6358	0.0222222222222
7799	0.0222222222222
8169	0.0222222222222
8675	0.0222222222222
10132	0.0222222222222
10401	0.0222222222222
10887	0.0222222222222
11194	0.0222222222222
11633	0.0222222222222
13164	0.0222222222222
13397	0.0222222222222
13466	0.0222222222222
14252	0.0222222222222
14729	0.0222222222222
15357	0.0222222222222
15749	0.0222222222222
17594	0.0222222222222
17892	0.0222222222222
21487	0.0222222222222
21553	0.0222222222222
21658	0.0222222222222
21859	0.0222222222222
22447	0.0222222222222
23276	0.0222222222222
24177	0.0222222222222
25519	0.0222222222222
25580	0.0222222222222
26195	0.0222222222222
26325	0.0222222222222
26699	0.0222222222222
27018	0.0222222222222
27930	0.0222222222222
28149	0.0222222222222
28209	0.0222222222222
28844	0.0222222222222
30077	0.0222222222222
31688	0.0222222222222
32175	0.0222222222222
32744	0.0222222222222
35837	0.0222222222222
35899	0.0222222222222
36112	0.0222222222222
38016	0.0222222222222
40806	0.0222222222222
41236	0.0222222222222
41246	0.0222222222222
42009	0.0222222222222
42525	0.0222222222222
42736	0.0222222222222
45092	0.0222222222222
45896	0.0222222222222
46045	0.0222222222222
46235	0.0222222222222
46624	0.0222222222222
46775	0.0222222222222
46796	0.0222222222222
47829	0.0222222222222
47871	0.0222222222222
48090	0.0222222222222
51836	0.0222222222222
51950	0.0222222222222
51992	0.0222222222222
52785	0.0222222222222
52803	0.0222222222222
53149	0.0222222222222
53186	0.0222222222222
54985	0.0222222222222
55429	0.0222222222222
56179	0.0222222222222
56486	0.0222222222222
57326	0.0222222222222
57921	0.0222222222222
58818	0.0222222222222
59559	0.0222222222222
59952	0.0222222222222
59993	0.0222222222222
60018	0.0222222222222
61247	0.0222222222222
2401	0.0221518987342
10089	0.0220994475138
26741	0.0220588235294
2415	0.021978021978
8279	0.021978021978
31608	0.021978021978
33930	0.021978021978
35961	0.021978021978
41298	0.021978021978
47136	0.021978021978
31830	0.0219298245614
52029	0.0219298245614
2142	0.0219178082192
4745	0.021897810219
918	0.0217391304348
1066	0.0217391304348
1191	0.0217391304348
1230	0.0217391304348
2422	0.0217391304348
3524	0.0217391304348
4540	0.0217391304348
6156	0.0217391304348
10166	0.0217391304348
10223	0.0217391304348
10494	0.0217391304348
11114	0.0217391304348
11920	0.0217391304348
11955	0.0217391304348
14709	0.0217391304348
15136	0.0217391304348
15163	0.0217391304348
16151	0.0217391304348
16608	0.0217391304348
17563	0.0217391304348
18228	0.0217391304348
18860	0.0217391304348
19945	0.0217391304348
21971	0.0217391304348
23240	0.0217391304348
23927	0.0217391304348
24282	0.0217391304348
24571	0.0217391304348
25108	0.0217391304348
26087	0.0217391304348
26403	0.0217391304348
28857	0.0217391304348
30511	0.0217391304348
36231	0.0217391304348
36689	0.0217391304348
38441	0.0217391304348
39348	0.0217391304348
40480	0.0217391304348
41574	0.0217391304348
42166	0.0217391304348
42426	0.0217391304348
43080	0.0217391304348
44308	0.0217391304348
44437	0.0217391304348
44894	0.0217391304348
45640	0.0217391304348
45655	0.0217391304348
46531	0.0217391304348
47105	0.0217391304348
47115	0.0217391304348
48199	0.0217391304348
49696	0.0217391304348
51214	0.0217391304348
51345	0.0217391304348
52245	0.0217391304348
53081	0.0217391304348
53412	0.0217391304348
53709	0.0217391304348
54237	0.0217391304348
57494	0.0217391304348
58570	0.0217391304348
59131	0.0217391304348
61001	0.0217391304348
61414	0.0217391304348
3312	0.0215827338129
3481	0.0215827338129
26279	0.0215827338129
4787	0.0215053763441
19597	0.0215053763441
26310	0.0214285714286
29861	0.0214132762313
7509	0.0213903743316
50939	0.0213903743316
51027	0.0213414634146
93	0.0212765957447
1442	0.0212765957447
2490	0.0212765957447
4574	0.0212765957447
5137	0.0212765957447
7377	0.0212765957447
7416	0.0212765957447
11292	0.0212765957447
12549	0.0212765957447
14405	0.0212765957447
14699	0.0212765957447
16925	0.0212765957447
17010	0.0212765957447
17408	0.0212765957447
17881	0.0212765957447
17900	0.0212765957447
19514	0.0212765957447
25398	0.0212765957447
25824	0.0212765957447
26856	0.0212765957447
28086	0.0212765957447
28158	0.0212765957447
30041	0.0212765957447
30677	0.0212765957447
32053	0.0212765957447
32658	0.0212765957447
32914	0.0212765957447
33733	0.0212765957447
33948	0.0212765957447
34552	0.0212765957447
35306	0.0212765957447
35583	0.0212765957447
36151	0.0212765957447
38580	0.0212765957447
39437	0.0212765957447
39440	0.0212765957447
39618	0.0212765957447
40639	0.0212765957447
41111	0.0212765957447
41518	0.0212765957447
41709	0.0212765957447
41834	0.0212765957447
41859	0.0212765957447
42387	0.0212765957447
42460	0.0212765957447
42553	0.0212765957447
42929	0.0212765957447
43595	0.0212765957447
44854	0.0212765957447
45252	0.0212765957447
46457	0.0212765957447
47621	0.0212765957447
48669	0.0212765957447
49681	0.0212765957447
50046	0.0212765957447
50164	0.0212765957447
51727	0.0212765957447
51798	0.0212765957447
51998	0.0212765957447
52121	0.0212765957447
52330	0.0212765957447
52606	0.0212765957447
52738	0.0212765957447
52816	0.0212765957447
53254	0.0212765957447
53442	0.0212765957447
54495	0.0212765957447
54926	0.0212765957447
55558	0.0212765957447
56060	0.0212765957447
56195	0.0212765957447
57324	0.0212765957447
59616	0.0212765957447
2934	0.021164021164
59611	0.0211267605634
2087	0.0210526315789
7180	0.0210526315789
22838	0.0210526315789
34985	0.0210526315789
51029	0.0210526315789
52345	0.0210526315789
51838	0.020942408377
2400	0.0208333333333
2646	0.0208333333333
4730	0.0208333333333
5506	0.0208333333333
5530	0.0208333333333
5939	0.0208333333333
6073	0.0208333333333
6218	0.0208333333333
7257	0.0208333333333
8482	0.0208333333333
8690	0.0208333333333
10609	0.0208333333333
10789	0.0208333333333
11133	0.0208333333333
11358	0.0208333333333
11518	0.0208333333333
11558	0.0208333333333
14689	0.0208333333333
15776	0.0208333333333
16969	0.0208333333333
17044	0.0208333333333
17730	0.0208333333333
18397	0.0208333333333
18398	0.0208333333333
18563	0.0208333333333
18631	0.0208333333333
18929	0.0208333333333
18987	0.0208333333333
19098	0.0208333333333
21969	0.0208333333333
23012	0.0208333333333
23722	0.0208333333333
26777	0.0208333333333
27290	0.0208333333333
29273	0.0208333333333
30032	0.0208333333333
30440	0.0208333333333
31790	0.0208333333333
32770	0.0208333333333
33509	0.0208333333333
33803	0.0208333333333
34349	0.0208333333333
34950	0.0208333333333
35148	0.0208333333333
35857	0.0208333333333
37731	0.0208333333333
37793	0.0208333333333
40595	0.0208333333333
40601	0.0208333333333
41545	0.0208333333333
41579	0.0208333333333
41706	0.0208333333333
41732	0.0208333333333
41885	0.0208333333333
42058	0.0208333333333
42063	0.0208333333333
42341	0.0208333333333
42354	0.0208333333333
43235	0.0208333333333
43526	0.0208333333333
45101	0.0208333333333
45966	0.0208333333333
46808	0.0208333333333
46858	0.0208333333333
47108	0.0208333333333
47704	0.0208333333333
50774	0.0208333333333
51232	0.0208333333333
51711	0.0208333333333
51760	0.0208333333333
51825	0.0208333333333
51903	0.0208333333333
52026	0.0208333333333
52140	0.0208333333333
52286	0.0208333333333
53107	0.0208333333333
53388	0.0208333333333
55020	0.0208333333333
29992	0.0207612456747
40489	0.020725388601
41593	0.020725388601
51989	0.020725388601
1000	0.020618556701
1117	0.020618556701
18503	0.020618556701
19208	0.020618556701
28734	0.020618556701
43630	0.020618556701
30020	0.0205278592375
27527	0.0204678362573
531	0.0204081632653
1262	0.0204081632653
2690	0.0204081632653
3937	0.0204081632653
4006	0.0204081632653
4721	0.0204081632653
4777	0.0204081632653
5186	0.0204081632653
6203	0.0204081632653
8791	0.0204081632653
12120	0.0204081632653
12742	0.0204081632653
12859	0.0204081632653
13978	0.0204081632653
14068	0.0204081632653
14510	0.0204081632653
15055	0.0204081632653
17636	0.0204081632653
19163	0.0204081632653
19509	0.0204081632653
19775	0.0204081632653
20986	0.0204081632653
21377	0.0204081632653
22085	0.0204081632653
23205	0.0204081632653
23608	0.0204081632653
25386	0.0204081632653
26147	0.0204081632653
26478	0.0204081632653
26821	0.0204081632653
26975	0.0204081632653
27029	0.0204081632653
30281	0.0204081632653
31916	0.0204081632653
32049	0.0204081632653
32295	0.0204081632653
32666	0.0204081632653
32840	0.0204081632653
33125	0.0204081632653
34159	0.0204081632653
36838	0.0204081632653
37026	0.0204081632653
38030	0.0204081632653
38259	0.0204081632653
39198	0.0204081632653
39613	0.0204081632653
39712	0.0204081632653
40551	0.0204081632653
41818	0.0204081632653
42262	0.0204081632653
42708	0.0204081632653
42773	0.0204081632653
42935	0.0204081632653
43894	0.0204081632653
45458	0.0204081632653
47288	0.0204081632653
51062	0.0204081632653
51190	0.0204081632653
51820	0.0204081632653
52010	0.0204081632653
52767	0.0204081632653
52863	0.0204081632653
52874	0.0204081632653
52883	0.0204081632653
59978	0.0204081632653
59997	0.0204081632653
60645	0.0204081632653
60915	0.0204081632653
10736	0.0203045685279
7420	0.0202702702703
22877	0.0202702702703
51030	0.0202702702703
1386	0.020202020202
2644	0.020202020202
4147	0.020202020202
12280	0.020202020202
18295	0.020202020202
28443	0.020202020202
35057	0.020202020202
35162	0.020202020202
42056	0.020202020202
42556	0.020202020202
51589	0.020202020202
41015	0.0201729106628
51689	0.0201342281879
5599	0.0200668896321
36394	0.0200400801603
322	0.02
2181	0.02
3139	0.02
4223	0.02
4958	0.02
6522	0.02
6840	0.02
7357	0.02
7427	0.02
7973	0.02
8466	0.02
10128	0.02
12944	0.02
13897	0.02
16357	0.02
19607	0.02
19704	0.02
19783	0.02
20404	0.02
20767	0.02
21394	0.02
23025	0.02
23230	0.02
24247	0.02
25506	0.02
25878	0.02
26978	0.02
28050	0.02
30651	0.02
33339	0.02
33864	0.02
34401	0.02
35702	0.02
35935	0.02
36241	0.02
40715	0.02
41216	0.02
42695	0.02
43535	0.02
44618	0.02
45714	0.02
51067	0.02
51757	0.02
52486	0.02
52561	0.02
53136	0.02
53340	0.02
55896	0.02
58274	0.02
12756	0.0199203187251
52383	0.0199004975124
2355	0.019801980198
4047	0.019801980198
7390	0.019801980198
26175	0.019801980198
27731	0.019801980198
29756	0.019801980198
41040	0.019801980198
48899	0.019801980198
52458	0.019801980198
568	0.0196078431373
3787	0.0196078431373
4801	0.0196078431373
7539	0.0196078431373
8166	0.0196078431373
11098	0.0196078431373
12325	0.0196078431373
13247	0.0196078431373
18619	0.0196078431373
18783	0.0196078431373
18838	0.0196078431373
18993	0.0196078431373
20378	0.0196078431373
20384	0.0196078431373
22242	0.0196078431373
23292	0.0196078431373
23825	0.0196078431373
24463	0.0196078431373
24808	0.0196078431373
25548	0.0196078431373
26613	0.0196078431373
28315	0.0196078431373
28894	0.0196078431373
28989	0.0196078431373
30650	0.0196078431373
32207	0.0196078431373
36250	0.0196078431373
37570	0.0196078431373
37833	0.0196078431373
39372	0.0196078431373
39491	0.0196078431373
39931	0.0196078431373
40895	0.0196078431373
41562	0.0196078431373
41847	0.0196078431373
41860	0.0196078431373
42813	0.0196078431373
42835	0.0196078431373
42853	0.0196078431373
42882	0.0196078431373
43319	0.0196078431373
44504	0.0196078431373
45170	0.0196078431373
46188	0.0196078431373
47339	0.0196078431373
47732	0.0196078431373
50289	0.0196078431373
51087	0.0196078431373
51442	0.0196078431373
51447	0.0196078431373
51599	0.0196078431373
51698	0.0196078431373
52195	0.0196078431373
52227	0.0196078431373
53327	0.0196078431373
56908	0.0196078431373
59530	0.0196078431373
60492	0.0196078431373
37052	0.01953125
21657	0.0194805194805
41329	0.0194552529183
26659	0.0194174757282
29095	0.0194174757282
30834	0.0194174757282
15825	0.0193548387097
23532	0.0193548387097
761	0.0192307692308
843	0.0192307692308
1525	0.0192307692308
2330	0.0192307692308
2569	0.0192307692308
2940	0.0192307692308
3039	0.0192307692308
5618	0.0192307692308
6845	0.0192307692308
7450	0.0192307692308
7464	0.0192307692308
8894	0.0192307692308
11107	0.0192307692308
11156	0.0192307692308
11493	0.0192307692308
11777	0.0192307692308
12378	0.0192307692308
12500	0.0192307692308
14466	0.0192307692308
14580	0.0192307692308
17688	0.0192307692308
17869	0.0192307692308
23895	0.0192307692308
25846	0.0192307692308
26823	0.0192307692308
27513	0.0192307692308
28677	0.0192307692308
31025	0.0192307692308
31621	0.0192307692308
32478	0.0192307692308
33231	0.0192307692308
33704	0.0192307692308
34304	0.0192307692308
34547	0.0192307692308
34739	0.0192307692308
37539	0.0192307692308
37788	0.0192307692308
38086	0.0192307692308
40569	0.0192307692308
42049	0.0192307692308
42263	0.0192307692308
42290	0.0192307692308
43668	0.0192307692308
44953	0.0192307692308
48120	0.0192307692308
50950	0.0192307692308
51111	0.0192307692308
51855	0.0192307692308
52163	0.0192307692308
52462	0.0192307692308
52705	0.0192307692308
53064	0.0192307692308
53354	0.0192307692308
55074	0.0192307692308
57361	0.0192307692308
59086	0.0192307692308
60331	0.0192307692308
60989	0.0192307692308
10920	0.0191570881226
41270	0.0191570881226
32457	0.0191082802548
4327	0.0190839694656
4753	0.0190476190476
39722	0.0190476190476
52196	0.0190476190476
41499	0.0190114068441
16273	0.0189573459716
220	0.0188679245283
2321	0.0188679245283
3932	0.0188679245283
4077	0.0188679245283
5138	0.0188679245283
7262	0.0188679245283
9675	0.0188679245283
12801	0.0188679245283
15280	0.0188679245283
16233	0.0188679245283
16585	0.0188679245283
18015	0.0188679245283
18817	0.0188679245283
18818	0.0188679245283
19340	0.0188679245283
20412	0.0188679245283
21103	0.0188679245283
21575	0.0188679245283
24526	0.0188679245283
26277	0.0188679245283
26557	0.0188679245283
26615	0.0188679245283
29647	0.0188679245283
29783	0.0188679245283
30202	0.0188679245283
31027	0.0188679245283
34449	0.0188679245283
36736	0.0188679245283
37029	0.0188679245283
38530	0.0188679245283
38624	0.0188679245283
38879	0.0188679245283
39264	0.0188679245283
39337	0.0188679245283
41202	0.0188679245283
41548	0.0188679245283
41856	0.0188679245283
45596	0.0188679245283
48900	0.0188679245283
49316	0.0188679245283
50741	0.0188679245283
51176	0.0188679245283
51245	0.0188679245283
51289	0.0188679245283
51302	0.0188679245283
51343	0.0188679245283
51850	0.0188679245283
59689	0.0188679245283
60571	0.0188679245283
21545	0.0188284518828
25554	0.0188172043011
29854	0.0188172043011
41106	0.0188087774295
51274	0.01875
7346	0.018691588785
8142	0.018691588785
10266	0.018691588785
42398	0.018691588785
52276	0.018691588785
52613	0.018691588785
10281	0.018648018648
41157	0.0186046511628
9	0.0185185185185
755	0.0185185185185
1187	0.0185185185185
1192	0.0185185185185
1618	0.0185185185185
1715	0.0185185185185
1727	0.0185185185185
2053	0.0185185185185
4361	0.0185185185185
4468	0.0185185185185
4535	0.0185185185185
6924	0.0185185185185
7495	0.0185185185185
7497	0.0185185185185
8132	0.0185185185185
8375	0.0185185185185
11026	0.0185185185185
12733	0.0185185185185
13018	0.0185185185185
15686	0.0185185185185
16519	0.0185185185185
17579	0.0185185185185
19779	0.0185185185185
24354	0.0185185185185
24417	0.0185185185185
24438	0.0185185185185
26293	0.0185185185185
27510	0.0185185185185
27946	0.0185185185185
29366	0.0185185185185
32065	0.0185185185185
32831	0.0185185185185
33797	0.0185185185185
34145	0.0185185185185
34369	0.0185185185185
34820	0.0185185185185
34994	0.0185185185185
34996	0.0185185185185
35701	0.0185185185185
36785	0.0185185185185
38769	0.0185185185185
41767	0.0185185185185
41944	0.0185185185185
42624	0.0185185185185
42743	0.0185185185185
43733	0.0185185185185
46601	0.0185185185185
47247	0.0185185185185
51364	0.0185185185185
53401	0.0185185185185
54735	0.0185185185185
52332	0.0184501845018
9292	0.0184331797235
29902	0.0184331797235
742	0.0184210526316
14115	0.0184049079755
14518	0.0184049079755
43178	0.0184049079755
51568	0.0184049079755
26218	0.0183486238532
51055	0.0183486238532
1064	0.018320610687
2411	0.0182926829268
26486	0.0182926829268
22524	0.0182648401826
41985	0.0182481751825
34830	0.0182291666667
1244	0.0181818181818
3552	0.0181818181818
3577	0.0181818181818
7545	0.0181818181818
8736	0.0181818181818
9631	0.0181818181818
12092	0.0181818181818
13146	0.0181818181818
13204	0.0181818181818
14962	0.0181818181818
15610	0.0181818181818
16446	0.0181818181818
17041	0.0181818181818
17919	0.0181818181818
18678	0.0181818181818
19434	0.0181818181818
19492	0.0181818181818
22683	0.0181818181818
23747	0.0181818181818
24914	0.0181818181818
28935	0.0181818181818
30283	0.0181818181818
33620	0.0181818181818
35031	0.0181818181818
35229	0.0181818181818
35516	0.0181818181818
35952	0.0181818181818
36161	0.0181818181818
36627	0.0181818181818
37608	0.0181818181818
38724	0.0181818181818
38868	0.0181818181818
39262	0.0181818181818
39742	0.0181818181818
40003	0.0181818181818
40826	0.0181818181818
42171	0.0181818181818
42316	0.0181818181818
43281	0.0181818181818
43756	0.0181818181818
46897	0.0181818181818
47886	0.0181818181818
51275	0.0181818181818
51543	0.0181818181818
51586	0.0181818181818
51919	0.0181818181818
52079	0.0181818181818
52563	0.0181818181818
55864	0.0181818181818
59539	0.0181818181818
59883	0.0181818181818
60042	0.0181818181818
60117	0.0181818181818
60293	0.0181818181818
60453	0.0181818181818
11314	0.0180995475113
13317	0.0180995475113
1918	0.0180722891566
17147	0.0180505415162
35581	0.018018018018
25113	0.0179640718563
109	0.0178571428571
468	0.0178571428571
861	0.0178571428571
1983	0.0178571428571
4442	0.0178571428571
7354	0.0178571428571
10894	0.0178571428571
11272	0.0178571428571
12238	0.0178571428571
16870	0.0178571428571
17293	0.0178571428571
18186	0.0178571428571
23692	0.0178571428571
25488	0.0178571428571
25597	0.0178571428571
26061	0.0178571428571
29330	0.0178571428571
29623	0.0178571428571
30933	0.0178571428571
31484	0.0178571428571
35045	0.0178571428571
35574	0.0178571428571
36208	0.0178571428571
37006	0.0178571428571
37512	0.0178571428571
37922	0.0178571428571
39652	0.0178571428571
39890	0.0178571428571
40121	0.0178571428571
40600	0.0178571428571
40886	0.0178571428571
41993	0.0178571428571
42975	0.0178571428571
43143	0.0178571428571
44467	0.0178571428571
44978	0.0178571428571
49272	0.0178571428571
51273	0.0178571428571
51399	0.0178571428571
52164	0.0178571428571
59980	0.0178571428571
60065	0.0178571428571
60563	0.0178571428571
7299	0.0177514792899
14515	0.0177514792899
15638	0.0177514792899
5352	0.0176991150442
16956	0.017667844523
4513	0.0176470588235
33634	0.0176390773406
310	0.0175438596491
1560	0.0175438596491
3292	0.0175438596491
4933	0.0175438596491
6398	0.0175438596491
6802	0.0175438596491
9633	0.0175438596491
10384	0.0175438596491
10389	0.0175438596491
14647	0.0175438596491
16204	0.0175438596491
17686	0.0175438596491
17717	0.0175438596491
18784	0.0175438596491
27377	0.0175438596491
30758	0.0175438596491
31014	0.0175438596491
31459	0.0175438596491
32516	0.0175438596491
34375	0.0175438596491
34889	0.0175438596491
35254	0.0175438596491
35471	0.0175438596491
37623	0.0175438596491
37883	0.0175438596491
38653	0.0175438596491
41533	0.0175438596491
41621	0.0175438596491
41853	0.0175438596491
42719	0.0175438596491
43037	0.0175438596491
43339	0.0175438596491
44172	0.0175438596491
45032	0.0175438596491
49284	0.0175438596491
50679	0.0175438596491
51114	0.0175438596491
51902	0.0175438596491
59670	0.0175438596491
1364	0.0174927113703
5012	0.0174418604651
50903	0.0174418604651
50944	0.0174216027875
871	0.0173913043478
4398	0.0173913043478
11782	0.0173913043478
42339	0.0173913043478
51000	0.0173913043478
51792	0.0173913043478
52415	0.0173913043478
42328	0.017316017316
171	0.0172413793103
3501	0.0172413793103
4253	0.0172413793103
4695	0.0172413793103
4873	0.0172413793103
5133	0.0172413793103
6537	0.0172413793103
11662	0.0172413793103
12080	0.0172413793103
12525	0.0172413793103
13385	0.0172413793103
14451	0.0172413793103
15872	0.0172413793103
16379	0.0172413793103
16693	0.0172413793103
16862	0.0172413793103
17006	0.0172413793103
17413	0.0172413793103
20648	0.0172413793103
22534	0.0172413793103
22924	0.0172413793103
23244	0.0172413793103
23497	0.0172413793103
23984	0.0172413793103
25634	0.0172413793103
26269	0.0172413793103
26289	0.0172413793103
30198	0.0172413793103
31347	0.0172413793103
32850	0.0172413793103
34851	0.0172413793103
36770	0.0172413793103
37183	0.0172413793103
39864	0.0172413793103
41232	0.0172413793103
41476	0.0172413793103
42614	0.0172413793103
42775	0.0172413793103
43530	0.0172413793103
47420	0.0172413793103
48110	0.0172413793103
48580	0.0172413793103
49262	0.0172413793103
51172	0.0172413793103
52250	0.0172413793103
52615	0.0172413793103
52991	0.0172413793103
59470	0.0172413793103
60068	0.0172413793103
38191	0.0172018348624
35047	0.0171428571429
1489	0.017094017094
4452	0.017094017094
6353	0.017094017094
33523	0.017094017094
42825	0.017094017094
53065	0.017094017094
14833	0.0170454545455
31868	0.0169902912621
201	0.0169491525424
762	0.0169491525424
1387	0.0169491525424
1399	0.0169491525424
1602	0.0169491525424
1739	0.0169491525424
3654	0.0169491525424
4645	0.0169491525424
6343	0.0169491525424
8228	0.0169491525424
8519	0.0169491525424
10096	0.0169491525424
10868	0.0169491525424
11117	0.0169491525424
12054	0.0169491525424
15733	0.0169491525424
16638	0.0169491525424
20169	0.0169491525424
21379	0.0169491525424
21407	0.0169491525424
23187	0.0169491525424
25143	0.0169491525424
29033	0.0169491525424
30056	0.0169491525424
32685	0.0169491525424
33086	0.0169491525424
34525	0.0169491525424
34796	0.0169491525424
37789	0.0169491525424
38890	0.0169491525424
40585	0.0169491525424
41439	0.0169491525424
41688	0.0169491525424
41901	0.0169491525424
41964	0.0169491525424
42346	0.0169491525424
42952	0.0169491525424
43239	0.0169491525424
43259	0.0169491525424
43700	0.0169491525424
45427	0.0169491525424
46703	0.0169491525424
48223	0.0169491525424
49564	0.0169491525424
51414	0.0169491525424
51945	0.0169491525424
53256	0.0169491525424
42156	0.0169082125604
511	0.0169014084507
51212	0.0168634064081
4708	0.0168539325843
23440	0.0168539325843
52525	0.0168539325843
12970	0.0168067226891
18223	0.0168067226891
34136	0.0168067226891
40893	0.0167597765363
41029	0.016713091922
1578	0.0166666666667
2404	0.0166666666667
3883	0.0166666666667
4449	0.0166666666667
6923	0.0166666666667
8790	0.0166666666667
10170	0.0166666666667
11886	0.0166666666667
13988	0.0166666666667
19118	0.0166666666667
23237	0.0166666666667
29304	0.0166666666667
32204	0.0166666666667
37181	0.0166666666667
41101	0.0166666666667
41124	0.0166666666667
41155	0.0166666666667
41543	0.0166666666667
41800	0.0166666666667
43631	0.0166666666667
45140	0.0166666666667
46064	0.0166666666667
47075	0.0166666666667
47880	0.0166666666667
48195	0.0166666666667
48903	0.0166666666667
51883	0.0166666666667
51942	0.0166666666667
21845	0.0165975103734
7161	0.0165745856354
4391	0.0165289256198
41228	0.0165289256198
49210	0.0165289256198
53168	0.0165289256198
13952	0.016501650165
35019	0.0164835164835
4335	0.0164473684211
1393	0.016393442623
4397	0.016393442623
4877	0.016393442623
5574	0.016393442623
5625	0.016393442623
5697	0.016393442623
8510	0.016393442623
11279	0.016393442623
12403	0.016393442623
12755	0.016393442623
14422	0.016393442623
15788	0.016393442623
16074	0.016393442623
16148	0.016393442623
17383	0.016393442623
18954	0.016393442623
20283	0.016393442623
21583	0.016393442623
22333	0.016393442623
30335	0.016393442623
31435	0.016393442623
33382	0.016393442623
37069	0.016393442623
42000	0.016393442623
42153	0.016393442623
42846	0.016393442623
43102	0.016393442623
44462	0.016393442623
46113	0.016393442623
47304	0.016393442623
52401	0.016393442623
60167	0.016393442623
1361	0.0163265306122
1252	0.0162601626016
3619	0.0162601626016
5916	0.0162601626016
31299	0.0162601626016
52645	0.0162601626016
52018	0.0162337662338
254	0.0162162162162
1389	0.0162162162162
24373	0.0162162162162
38861	0.0162162162162
11096	0.0161290322581
13112	0.0161290322581
20438	0.0161290322581
22054	0.0161290322581
24336	0.0161290322581
27256	0.0161290322581
32125	0.0161290322581
36422	0.0161290322581
37770	0.0161290322581
41335	0.0161290322581
41531	0.0161290322581
41665	0.0161290322581
41835	0.0161290322581
42113	0.0161290322581
43006	0.0161290322581
43177	0.0161290322581
43675	0.0161290322581
44819	0.0161290322581
51140	0.0161290322581
52915	0.0161290322581
59649	0.0161290322581
60032	0.0161290322581
60320	0.0161290322581
7261	0.0161030595813
41034	0.0160857908847
2722	0.0160642570281
37680	0.0160427807487
38663	0.0160427807487
53040	0.0160256410256
13927	0.016
42931	0.016
18777	0.0159798149706
29724	0.0159744408946
23782	0.0159680638723
39548	0.0159574468085
41060	0.0159574468085
52055	0.0159362549801
42609	0.015923566879
33678	0.0159090909091
844	0.015873015873
1181	0.015873015873
2277	0.015873015873
3653	0.015873015873
4322	0.015873015873
8970	0.015873015873
10890	0.015873015873
16408	0.015873015873
18603	0.015873015873
18668	0.015873015873
26850	0.015873015873
27255	0.015873015873
32228	0.015873015873
32499	0.015873015873
33428	0.015873015873
34656	0.015873015873
34668	0.015873015873
34967	0.015873015873
38516	0.015873015873
40355	0.015873015873
40651	0.015873015873
41193	0.015873015873
41526	0.015873015873
41539	0.015873015873
42379	0.015873015873
42660	0.015873015873
43462	0.015873015873
43566	0.015873015873
43986	0.015873015873
47336	0.015873015873
49350	0.015873015873
50879	0.015873015873
51387	0.015873015873
51707	0.015873015873
51966	0.015873015873
52162	0.015873015873
52709	0.015873015873
56967	0.015873015873
59556	0.015873015873
4644	0.0158311345646
3991	0.0158227848101
27489	0.0158172231986
17625	0.0157894736842
29533	0.0157480314961
42463	0.0157480314961
43542	0.0157480314961
107	0.0157068062827
27651	0.0157068062827
31879	0.0156862745098
38493	0.0156862745098
41274	0.0156862745098
390	0.015625
501	0.015625
3297	0.015625
3599	0.015625
4774	0.015625
5712	0.015625
6520	0.015625
6565	0.015625
6954	0.015625
7069	0.015625
7440	0.015625
10492	0.015625
11237	0.015625
11760	0.015625
12386	0.015625
13379	0.015625
14739	0.015625
17967	0.015625
20320	0.015625
22439	0.015625
23643	0.015625
31358	0.015625
31436	0.015625
32590	0.015625
35052	0.015625
35161	0.015625
36358	0.015625
37691	0.015625
38665	0.015625
39232	0.015625
39233	0.015625
41053	0.015625
41373	0.015625
41451	0.015625
41700	0.015625
41846	0.015625
42065	0.015625
43134	0.015625
46690	0.015625
47601	0.015625
49285	0.015625
50954	0.015625
51145	0.015625
51585	0.015625
52125	0.015625
52690	0.015625
52856	0.015625
55890	0.015625
57807	0.015625
58864	0.015625
41132	0.0155844155844
51025	0.0155440414508
5593	0.015503875969
19201	0.015503875969
28396	0.015503875969
32784	0.015503875969
41206	0.015503875969
53039	0.015503875969
17566	0.0154905335628
11778	0.0154867256637
14862	0.0154639175258
31882	0.015444015444
2186	0.015406162465
1062	0.0153846153846
1092	0.0153846153846
1818	0.0153846153846
4876	0.0153846153846
4938	0.0153846153846
7660	0.0153846153846
10891	0.0153846153846
11748	0.0153846153846
12968	0.0153846153846
15881	0.0153846153846
18771	0.0153846153846
25156	0.0153846153846
29742	0.0153846153846
30964	0.0153846153846
33937	0.0153846153846
34241	0.0153846153846
34367	0.0153846153846
35025	0.0153846153846
36259	0.0153846153846
36750	0.0153846153846
36805	0.0153846153846
39934	0.0153846153846
40620	0.0153846153846
41512	0.0153846153846
41604	0.0153846153846
41879	0.0153846153846
42210	0.0153846153846
43786	0.0153846153846
48494	0.0153846153846
51186	0.0153846153846
51573	0.0153846153846
52044	0.0153846153846
52503	0.0153846153846
52887	0.0153846153846
53113	0.0153846153846
53380	0.0153846153846
3720	0.0153256704981
37115	0.0153256704981
38206	0.0153256704981
8709	0.0152925531915
1144	0.0152671755725
7513	0.0152671755725
22195	0.0152671755725
34943	0.0152671755725
52062	0.0152671755725
5230	0.0152284263959
7751	0.0152284263959
555	0.0151515151515
777	0.0151515151515
2293	0.0151515151515
2598	0.0151515151515
2943	0.0151515151515
3369	0.0151515151515
3589	0.0151515151515
3817	0.0151515151515
3918	0.0151515151515
4124	0.0151515151515
4395	0.0151515151515
5013	0.0151515151515
6428	0.0151515151515
9708	0.0151515151515
11012	0.0151515151515
17239	0.0151515151515
17361	0.0151515151515
18354	0.0151515151515
18505	0.0151515151515
20708	0.0151515151515
22705	0.0151515151515
26085	0.0151515151515
27271	0.0151515151515
27918	0.0151515151515
29583	0.0151515151515
30287	0.0151515151515
32439	0.0151515151515
32757	0.0151515151515
34360	0.0151515151515
36249	0.0151515151515
37104	0.0151515151515
37190	0.0151515151515
38600	0.0151515151515
40385	0.0151515151515
42152	0.0151515151515
42597	0.0151515151515
42715	0.0151515151515
43287	0.0151515151515
44663	0.0151515151515
45184	0.0151515151515
51230	0.0151515151515
51359	0.0151515151515
51435	0.0151515151515
51439	0.0151515151515
52211	0.0151515151515
52726	0.0151515151515
53276	0.0151515151515
9135	0.0150753768844
20675	0.0150753768844
32087	0.0150753768844
49336	0.0150753768844
50897	0.0150753768844
41093	0.0150602409639
35551	0.015037593985
47633	0.015037593985
4654	0.0150053590568
33862	0.015
34667	0.015
2145	0.0149253731343
2975	0.0149253731343
4193	0.0149253731343
4611	0.0149253731343
5773	0.0149253731343
9971	0.0149253731343
11258	0.0149253731343
14748	0.0149253731343
17069	0.0149253731343
20728	0.0149253731343
23658	0.0149253731343
23789	0.0149253731343
24348	0.0149253731343
24585	0.0149253731343
24804	0.0149253731343
25813	0.0149253731343
26855	0.0149253731343
36387	0.0149253731343
37589	0.0149253731343
38605	0.0149253731343
42503	0.0149253731343
45118	0.0149253731343
47098	0.0149253731343
50173	0.0149253731343
51058	0.0149253731343
51607	0.0149253731343
52109	0.0149253731343
52688	0.0149253731343
52868	0.0149253731343
52975	0.0149253731343
57364	0.0149253731343
59981	0.0149253731343
6304	0.0149031296572
2409	0.014880952381
31170	0.0148698884758
16935	0.0148514851485
38763	0.0148514851485
397	0.0148148148148
3527	0.0148148148148
6634	0.0148148148148
27859	0.0148148148148
41002	0.0148148148148
50553	0.0148148148148
11655	0.0147783251232
18607	0.0147601476015
252	0.0147058823529
10427	0.0147058823529
11061	0.0147058823529
11154	0.0147058823529
11724	0.0147058823529
17591	0.0147058823529
20229	0.0147058823529
20575	0.0147058823529
20630	0.0147058823529
22010	0.0147058823529
24970	0.0147058823529
27268	0.0147058823529
29409	0.0147058823529
33102	0.0147058823529
34463	0.0147058823529
34879	0.0147058823529
35549	0.0147058823529
35728	0.0147058823529
42030	0.0147058823529
42088	0.0147058823529
42700	0.0147058823529
42731	0.0147058823529
45712	0.0147058823529
47041	0.0147058823529
48253	0.0147058823529
49943	0.0147058823529
52063	0.0147058823529
52136	0.0147058823529
52428	0.0147058823529
53269	0.0147058823529
59554	0.0147058823529
59875	0.0147058823529
41164	0.014652014652
39785	0.0146484375
23121	0.0146341463415
50760	0.0146341463415
52065	0.0146341463415
13124	0.014598540146
31895	0.014598540146
3548	0.0145631067961
40887	0.0145631067961
631	0.014553014553
28821	0.0145454545455
512	0.0144927536232
2637	0.0144927536232
9338	0.0144927536232
10054	0.0144927536232
15802	0.0144927536232
23540	0.0144927536232
23850	0.0144927536232
25893	0.0144927536232
26725	0.0144927536232
27541	0.0144927536232
29835	0.0144927536232
30880	0.0144927536232
32415	0.0144927536232
34794	0.0144927536232
35103	0.0144927536232
35180	0.0144927536232
37032	0.0144927536232
37424	0.0144927536232
40968	0.0144927536232
41136	0.0144927536232
41199	0.0144927536232
41338	0.0144927536232
41551	0.0144927536232
41587	0.0144927536232
42022	0.0144927536232
42199	0.0144927536232
43262	0.0144927536232
43959	0.0144927536232
44923	0.0144927536232
51268	0.0144927536232
51316	0.0144927536232
51390	0.0144927536232
52713	0.0144927536232
53991	0.0144927536232
55962	0.0144927536232
61148	0.0144927536232
22383	0.0144628099174
1921	0.014440433213
40970	0.014440433213
17277	0.0144230769231
38659	0.0144230769231
51151	0.0144230769231
4044	0.0143884892086
7645	0.0143884892086
41640	0.0143884892086
452	0.0143540669856
18112	0.0143540669856
25047	0.0143540669856
921	0.0143369175627
3419	0.0143149284254
1474	0.0142857142857
1501	0.0142857142857
2808	0.0142857142857
3512	0.0142857142857
3911	0.0142857142857
11874	0.0142857142857
13605	0.0142857142857
14270	0.0142857142857
14275	0.0142857142857
17080	0.0142857142857
17789	0.0142857142857
20157	0.0142857142857
20653	0.0142857142857
20716	0.0142857142857
21489	0.0142857142857
22130	0.0142857142857
26643	0.0142857142857
31907	0.0142857142857
39265	0.0142857142857
39422	0.0142857142857
41225	0.0142857142857
41413	0.0142857142857
42008	0.0142857142857
42117	0.0142857142857
45675	0.0142857142857
45878	0.0142857142857
45900	0.0142857142857
51372	0.0142857142857
51834	0.0142857142857
52056	0.0142857142857
53242	0.0142857142857
53253	0.0142857142857
58620	0.0142857142857
60149	0.0142857142857
51041	0.0142348754448
33762	0.0142276422764
19313	0.0141843971631
41127	0.0141843971631
51133	0.0141843971631
4868	0.014164305949
32483	0.0141509433962
15636	0.0141176470588
34224	0.014115092291
2326	0.0141065830721
56	0.0140845070423
134	0.0140845070423
3507	0.0140845070423
3590	0.0140845070423
6752	0.0140845070423
7712	0.0140845070423
9149	0.0140845070423
14347	0.0140845070423
16720	0.0140845070423
17440	0.0140845070423
18610	0.0140845070423
19661	0.0140845070423
21690	0.0140845070423
22205	0.0140845070423
22563	0.0140845070423
23373	0.0140845070423
29898	0.0140845070423
34724	0.0140845070423
34862	0.0140845070423
40096	0.0140845070423
41961	0.0140845070423
43358	0.0140845070423
43755	0.0140845070423
51077	0.0140845070423
51601	0.0140845070423
52160	0.0140845070423
52842	0.0140845070423
52886	0.0140845070423
59583	0.0140845070423
2007	0.0140388768898
13829	0.013986013986
26199	0.013986013986
34199	0.013986013986
2	0.0139720558882
54	0.0138888888889
10488	0.0138888888889
12948	0.0138888888889
14407	0.0138888888889
15471	0.0138888888889
20536	0.0138888888889
23050	0.0138888888889
26713	0.0138888888889
30193	0.0138888888889
31107	0.0138888888889
33068	0.0138888888889
36024	0.0138888888889
37930	0.0138888888889
39546	0.0138888888889
42482	0.0138888888889
47547	0.0138888888889
47861	0.0138888888889
50980	0.0138888888889
51130	0.0138888888889
51604	0.0138888888889
51881	0.0138888888889
51958	0.0138888888889
59659	0.0138888888889
59882	0.0138888888889
13216	0.0138408304498
3535	0.0138121546961
21915	0.0137931034483
37599	0.0137931034483
41092	0.0137931034483
51178	0.0137931034483
3250	0.0137614678899
25051	0.0137524557957
36392	0.0137524557957
2152	0.0137457044674
39852	0.0137457044674
41095	0.0137457044674
18311	0.0137420718816
2030	0.0137362637363
3943	0.0137362637363
5237	0.0137174211248
2712	0.013698630137
9528	0.013698630137
10400	0.013698630137
11429	0.013698630137
13261	0.013698630137
14593	0.013698630137
18530	0.013698630137
18760	0.013698630137
23124	0.013698630137
23318	0.013698630137
24605	0.013698630137
25316	0.013698630137
26502	0.013698630137
27921	0.013698630137
28708	0.013698630137
29648	0.013698630137
33886	0.013698630137
34521	0.013698630137
38880	0.013698630137
40394	0.013698630137
41436	0.013698630137
43222	0.013698630137
45105	0.013698630137
49597	0.013698630137
51559	0.013698630137
52523	0.013698630137
53191	0.013698630137
59788	0.013698630137
29591	0.0136612021858
10251	0.0136518771331
7349	0.0136239782016
14686	0.0136054421769
20800	0.0135746606335
41530	0.0135746606335
12969	0.0135708227311
50995	0.0135593220339
41027	0.0135440180587
1324	0.0135135135135
2861	0.0135135135135
4173	0.0135135135135
4200	0.0135135135135
4919	0.0135135135135
6368	0.0135135135135
7251	0.0135135135135
8088	0.0135135135135
8582	0.0135135135135
13103	0.0135135135135
13254	0.0135135135135
15192	0.0135135135135
18992	0.0135135135135
19840	0.0135135135135
20641	0.0135135135135
26909	0.0135135135135
29318	0.0135135135135
30792	0.0135135135135
31399	0.0135135135135
32851	0.0135135135135
33577	0.0135135135135
33788	0.0135135135135
39964	0.0135135135135
41056	0.0135135135135
41284	0.0135135135135
41445	0.0135135135135
48973	0.0135135135135
51749	0.0135135135135
52281	0.0135135135135
52500	0.0135135135135
52511	0.0135135135135
52973	0.0135135135135
60400	0.0135135135135
8159	0.0134529147982
22971	0.0134529147982
7062	0.0134228187919
29394	0.0134228187919
33830	0.0134228187919
34155	0.0134228187919
28407	0.0134003350084
41109	0.0133843212237
4396	0.013358778626
1028	0.0133333333333
1505	0.0133333333333
1584	0.0133333333333
1895	0.0133333333333
2656	0.0133333333333
4476	0.0133333333333
5135	0.0133333333333
11159	0.0133333333333
13005	0.0133333333333
14096	0.0133333333333
16192	0.0133333333333
17264	0.0133333333333
19698	0.0133333333333
22510	0.0133333333333
22569	0.0133333333333
25586	0.0133333333333
27593	0.0133333333333
30782	0.0133333333333
35972	0.0133333333333
37735	0.0133333333333
37952	0.0133333333333
37985	0.0133333333333
38757	0.0133333333333
41047	0.0133333333333
41652	0.0133333333333
42206	0.0133333333333
43066	0.0133333333333
43461	0.0133333333333
46515	0.0133333333333
47177	0.0133333333333
51697	0.0133333333333
52273	0.0133333333333
53158	0.0133333333333
41090	0.0133171912833
7300	0.0133037694013
19111	0.0132450331126
24017	0.0132450331126
33481	0.0132450331126
1801	0.0131578947368
2129	0.0131578947368
2153	0.0131578947368
2480	0.0131578947368
2595	0.0131578947368
2905	0.0131578947368
4221	0.0131578947368
4840	0.0131578947368
4937	0.0131578947368
5880	0.0131578947368
8873	0.0131578947368
9471	0.0131578947368
10750	0.0131578947368
11854	0.0131578947368
18226	0.0131578947368
19404	0.0131578947368
19595	0.0131578947368
21321	0.0131578947368
23190	0.0131578947368
24981	0.0131578947368
25414	0.0131578947368
25810	0.0131578947368
27500	0.0131578947368
28323	0.0131578947368
32589	0.0131578947368
34918	0.0131578947368
35151	0.0131578947368
41055	0.0131578947368
42350	0.0131578947368
51370	0.0131578947368
51666	0.0131578947368
59557	0.0131578947368
59701	0.0131578947368
18414	0.0131147540984
41116	0.0131147540984
7533	0.0131004366812
59604	0.0131004366812
8246	0.0130718954248
11675	0.0130718954248
14698	0.0130718954248
9625	0.0130434782609
1743	0.0130081300813
3411	0.012987012987
3553	0.012987012987
4136	0.012987012987
5165	0.012987012987
5498	0.012987012987
5552	0.012987012987
13627	0.012987012987
20789	0.012987012987
22013	0.012987012987
22876	0.012987012987
33769	0.012987012987
39478	0.012987012987
40993	0.012987012987
41009	0.012987012987
41658	0.012987012987
41693	0.012987012987
41793	0.012987012987
42087	0.012987012987
42936	0.012987012987
43164	0.012987012987
46469	0.012987012987
49413	0.012987012987
5622	0.0129198966408
9251	0.0129198966408
868	0.0129179331307
3499	0.0129032258065
3865	0.0129032258065
34143	0.0129032258065
37111	0.0129032258065
41819	0.0129032258065
1497	0.0128824476651
645	0.0128205128205
1237	0.0128205128205
2716	0.0128205128205
3189	0.0128205128205
4048	0.0128205128205
5056	0.0128205128205
18703	0.0128205128205
19606	0.0128205128205
20085	0.0128205128205
22143	0.0128205128205
22831	0.0128205128205
22982	0.0128205128205
32710	0.0128205128205
32809	0.0128205128205
38527	0.0128205128205
39366	0.0128205128205
39438	0.0128205128205
41097	0.0128205128205
41110	0.0128205128205
41555	0.0128205128205
42197	0.0128205128205
46658	0.0128205128205
52491	0.0128205128205
52513	0.0128205128205
52743	0.0128205128205
52963	0.0128205128205
14716	0.0127659574468
14277	0.0127388535032
27409	0.0127388535032
35920	0.0127388535032
2290	0.0127314814815
1103	0.0126582278481
1175	0.0126582278481
2144	0.0126582278481
4696	0.0126582278481
5330	0.0126582278481
11743	0.0126582278481
22946	0.0126582278481
24980	0.0126582278481
33120	0.0126582278481
34999	0.0126582278481
37936	0.0126582278481
39767	0.0126582278481
41063	0.0126582278481
42332	0.0126582278481
42819	0.0126582278481
43679	0.0126582278481
45004	0.0126582278481
45068	0.0126582278481
48452	0.0126582278481
49749	0.0126582278481
51813	0.0126582278481
52642	0.0126582278481
5575	0.0125786163522
51875	0.0125786163522
11165	0.0125523012552
38203	0.012547735952
42912	0.012539184953
7340	0.0125260960334
1942	0.0125
2542	0.0125
4916	0.0125
12889	0.0125
15963	0.0125
25439	0.0125
28055	0.0125
32862	0.0125
35809	0.0125
36847	0.0125
37856	0.0125
41149	0.0125
41152	0.0125
41851	0.0125
42412	0.0125
43785	0.0125
44286	0.0125
49403	0.0125
51891	0.0125
55884	0.0125
56324	0.0125
12610	0.01246105919
5231	0.0124481327801
51341	0.0124481327801
7451	0.0124223602484
28820	0.0124223602484
41398	0.0124223602484
29218	0.0124069478908
1111	0.0123456790123
4378	0.0123456790123
5649	0.0123456790123
6473	0.0123456790123
12050	0.0123456790123
12255	0.0123456790123
12873	0.0123456790123
17462	0.0123456790123
18506	0.0123456790123
19696	0.0123456790123
19773	0.0123456790123
29444	0.0123456790123
29538	0.0123456790123
30585	0.0123456790123
33921	0.0123456790123
36941	0.0123456790123
37542	0.0123456790123
37961	0.0123456790123
40126	0.0123456790123
41255	0.0123456790123
41890	0.0123456790123
41967	0.0123456790123
42319	0.0123456790123
42505	0.0123456790123
45151	0.0123456790123
51015	0.0123456790123
51294	0.0123456790123
53239	0.0123456790123
60006	0.0123456790123
41154	0.0123076923077
13935	0.01230228471
27809	0.0122887864823
35563	0.012285012285
18130	0.0122699386503
41468	0.0122699386503
42424	0.0122699386503
53069	0.0122448979592
41042	0.0122324159021
867	0.0122249388753
39136	0.012213740458
1850	0.0121951219512
3107	0.0121951219512
5144	0.0121951219512
5458	0.0121951219512
7095	0.0121951219512
9444	0.0121951219512
9749	0.0121951219512
10961	0.0121951219512
13095	0.0121951219512
24109	0.0121951219512
25050	0.0121951219512
30272	0.0121951219512
30784	0.0121951219512
33782	0.0121951219512
33826	0.0121951219512
38688	0.0121951219512
41205	0.0121951219512
43202	0.0121951219512
52297	0.0121951219512
22744	0.0121422376409
1239	0.0121212121212
8681	0.0121212121212
27063	0.0121212121212
40981	0.0120967741935
1927	0.0120481927711
2284	0.0120481927711
2310	0.0120481927711
3820	0.0120481927711
4704	0.0120481927711
9221	0.0120481927711
23642	0.0120481927711
29186	0.0120481927711
32720	0.0120481927711
35926	0.0120481927711
38523	0.0120481927711
39078	0.0120481927711
41146	0.0120481927711
42196	0.0120481927711
42374	0.0120481927711
43026	0.0120481927711
43238	0.0120481927711
51983	0.0120481927711
52879	0.0120481927711
53122	0.0120481927711
900	0.012030075188
38584	0.012030075188
52225	0.012012012012
3273	0.0119825708061
4347	0.0119760479042
51415	0.0119760479042
4489	0.0119453924915
7419	0.0119363395225
31483	0.0119331742243
1168	0.0119047619048
2611	0.0119047619048
11348	0.0119047619048
16958	0.0119047619048
18495	0.0119047619048
22553	0.0119047619048
23337	0.0119047619048
24862	0.0119047619048
25703	0.0119047619048
26657	0.0119047619048
26660	0.0119047619048
27910	0.0119047619048
33377	0.0119047619048
38595	0.0119047619048
38725	0.0119047619048
39751	0.0119047619048
40411	0.0119047619048
40847	0.0119047619048
44152	0.0119047619048
45701	0.0119047619048
49899	0.0119047619048
52623	0.0119047619048
52934	0.0119047619048
60086	0.0119047619048
22643	0.0118694362018
2745	0.0118632240056
27865	0.0118577075099
38657	0.0118343195266
39874	0.0118343195266
37737	0.0118243243243
4711	0.0118203309693
41091	0.011811023622
50937	0.011811023622
20506	0.011780104712
4430	0.0117733627667
554	0.0117647058824
1976	0.0117647058824
3934	0.0117647058824
4630	0.0117647058824
6259	0.0117647058824
7468	0.0117647058824
22247	0.0117647058824
23765	0.0117647058824
25952	0.0117647058824
26772	0.0117647058824
28051	0.0117647058824
30820	0.0117647058824
34254	0.0117647058824
35237	0.0117647058824
39657	0.0117647058824
39985	0.0117647058824
41541	0.0117647058824
42454	0.0117647058824
46542	0.0117647058824
50893	0.0117647058824
51965	0.0117647058824
52531	0.0117647058824
52864	0.0117647058824
4578	0.0117458622531
18960	0.0117233294256
6816	0.01171875
22929	0.011701170117
9178	0.0116959064327
13067	0.0116959064327
932	0.0116822429907
24684	0.0116822429907
2333	0.0116591928251
3365	0.011641443539
4490	0.0116279069767
4967	0.0116279069767
6517	0.0116279069767
7466	0.0116279069767
8226	0.0116279069767
12394	0.0116279069767
16913	0.0116279069767
17318	0.0116279069767
20642	0.0116279069767
23143	0.0116279069767
27508	0.0116279069767
29328	0.0116279069767
33871	0.0116279069767
33926	0.0116279069767
39847	0.0116279069767
41321	0.0116279069767
41401	0.0116279069767
51488	0.0116279069767
17715	0.0115942028986
2127	0.011583011583
29055	0.011583011583
632	0.0115606936416
19601	0.0115606936416
5809	0.0115555555556
4057	0.0115384615385
41355	0.0115384615385
101	0.0114942528736
363	0.0114942528736
1685	0.0114942528736
1990	0.0114942528736
2346	0.0114942528736
5611	0.0114942528736
6024	0.0114942528736
6781	0.0114942528736
7293	0.0114942528736
11519	0.0114942528736
12832	0.0114942528736
24740	0.0114942528736
27517	0.0114942528736
28043	0.0114942528736
32226	0.0114942528736
33772	0.0114942528736
34932	0.0114942528736
35030	0.0114942528736
40503	0.0114942528736
41018	0.0114942528736
41069	0.0114942528736
41331	0.0114942528736
42309	0.0114942528736
51616	0.0114942528736
51673	0.0114942528736
51738	0.0114942528736
52071	0.0114942528736
1113	0.0114678899083
5204	0.0114576702737
27890	0.0114416475973
41066	0.0114285714286
44847	0.0114285714286
2515	0.0114155251142
4390	0.0114068441065
22717	0.0114068441065
27927	0.0114068441065
1067	0.0113636363636
4524	0.0113636363636
6711	0.0113636363636
16510	0.0113636363636
22684	0.0113636363636
25618	0.0113636363636
28735	0.0113636363636
29928	0.0113636363636
34532	0.0113636363636
40982	0.0113636363636
41251	0.0113636363636
41710	0.0113636363636
42248	0.0113636363636
42942	0.0113636363636
43473	0.0113636363636
43924	0.0113636363636
45859	0.0113636363636
49044	0.0113636363636
51050	0.0113636363636
52180	0.0113636363636
53189	0.0113636363636
4418	0.0112994350282
28633	0.0112781954887
113	0.0112359550562
1269	0.0112359550562
2137	0.0112359550562
3040	0.0112359550562
5538	0.0112359550562
5658	0.0112359550562
11556	0.0112359550562
12355	0.0112359550562
22252	0.0112359550562
24420	0.0112359550562
25002	0.0112359550562
26608	0.0112359550562
29822	0.0112359550562
41584	0.0112359550562
41976	0.0112359550562
42097	0.0112359550562
42396	0.0112359550562
51497	0.0112359550562
52057	0.0112359550562
52488	0.0112359550562
52573	0.0112359550562
33841	0.011214953271
5673	0.0111940298507
6427	0.0111896348645
5206	0.0111731843575
10248	0.0111731843575
51575	0.0111731843575
41054	0.0111524163569
4216	0.0111111111111
8372	0.0111111111111
19996	0.0111111111111
29365	0.0111111111111
30751	0.0111111111111
34576	0.0111111111111
34670	0.0111111111111
35100	0.0111111111111
35722	0.0111111111111
47628	0.0111111111111
51784	0.0111111111111
51925	0.0111111111111
50327	0.0110701107011
26584	0.0110650069156
16368	0.0110497237569
17637	0.0110497237569
32895	0.0110497237569
25930	0.0110294117647
34751	0.0110294117647
26863	0.0110236220472
7518	0.011013215859
5432	0.0110116999312
1490	0.010989010989
3979	0.010989010989
4486	0.010989010989
7330	0.010989010989
15850	0.010989010989
16902	0.010989010989
17696	0.010989010989
17956	0.010989010989
20376	0.010989010989
22234	0.010989010989
28300	0.010989010989
34658	0.010989010989
35262	0.010989010989
35971	0.010989010989
41334	0.010989010989
41609	0.010989010989
42377	0.010989010989
43543	0.010989010989
46039	0.010989010989
52906	0.010989010989
52928	0.010989010989
893	0.0109780439122
28810	0.0109589041096
4563	0.0109489051095
19687	0.0109289617486
35199	0.0109289617486
40987	0.0109289617486
4567	0.0108695652174
5106	0.0108695652174
5484	0.0108695652174
11550	0.0108695652174
13451	0.0108695652174
17280	0.0108695652174
32432	0.0108695652174
37379	0.0108695652174
38332	0.0108695652174
39239	0.0108695652174
41075	0.0108695652174
41145	0.0108695652174
41576	0.0108695652174
43017	0.0108695652174
43210	0.0108695652174
45143	0.0108695652174
61099	0.0108695652174
18701	0.0108401084011
37198	0.0108401084011
6803	0.0108303249097
20335	0.0108108108108
41059	0.0108108108108
1742	0.010752688172
3964	0.010752688172
5161	0.010752688172
16722	0.010752688172
18301	0.010752688172
20418	0.010752688172
22554	0.010752688172
23667	0.010752688172
24606	0.010752688172
27358	0.010752688172
29401	0.010752688172
30294	0.010752688172
38569	0.010752688172
38995	0.010752688172
40212	0.010752688172
41250	0.010752688172
42618	0.010752688172
43200	0.010752688172
50578	0.010752688172
51745	0.010752688172
41016	0.0107449856734
18584	0.0107398568019
37427	0.0107142857143
1646	0.0106382978723
2354	0.0106382978723
4656	0.0106382978723
4746	0.0106382978723
9201	0.0106382978723
12860	0.0106382978723
14126	0.0106382978723
28737	0.0106382978723
28745	0.0106382978723
29465	0.0106382978723
39320	0.0106382978723
39426	0.0106382978723
40923	0.0106382978723
41577	0.0106382978723
42531	0.0106382978723
42790	0.0106382978723
44525	0.0106382978723
45610	0.0106382978723
47611	0.0106382978723
51401	0.0106382978723
53329	0.0106382978723
59578	0.0106382978723
11769	0.0106194690265
1984	0.0105900151286
34920	0.0105633802817
3059	0.0105540897098
50957	0.0105540897098
23666	0.0105485232068
1342	0.0105263157895
6382	0.0105263157895
8210	0.0105263157895
14105	0.0105263157895
21425	0.0105263157895
25806	0.0105263157895
26602	0.0105263157895
28719	0.0105263157895
35467	0.0105263157895
37186	0.0105263157895
38375	0.0105263157895
41048	0.0105263157895
41633	0.0105263157895
41848	0.0105263157895
52444	0.0105263157895
52581	0.0105263157895
52666	0.0105263157895
54435	0.0105263157895
25324	0.010498687664
2110	0.0104895104895
137	0.0104712041885
13064	0.0104712041885
41188	0.0104529616725
9252	0.0104438642298
40965	0.0104250200481
4104	0.0104166666667
11350	0.0104166666667
13642	0.0104166666667
17278	0.0104166666667
18815	0.0104166666667
20345	0.0104166666667
22104	0.0104166666667
24460	0.0104166666667
28458	0.0104166666667
34217	0.0104166666667
36193	0.0104166666667
37592	0.0104166666667
38864	0.0104166666667
40482	0.0104166666667
41325	0.0104166666667
51319	0.0104166666667
4144	0.0103626943005
17461	0.0103626943005
25942	0.0103626943005
33887	0.0103626943005
35178	0.0103626943005
50652	0.0103626943005
7317	0.0103359173127
41332	0.0103305785124
2618	0.0103092783505
3178	0.0103092783505
5810	0.0103092783505
14649	0.0103092783505
16723	0.0103092783505
17939	0.0103092783505
30222	0.0103092783505
31877	0.0103092783505
36411	0.0103092783505
41262	0.0103092783505
41716	0.0103092783505
42576	0.0103092783505
42892	0.0103092783505
52890	0.0103092783505
5503	0.0102611940299
6679	0.0102564102564
51168	0.0102564102564
1135	0.0102489019034
40980	0.0102389078498
41583	0.0102389078498
14750	0.0102272727273
1281	0.0102040816327
7449	0.0102040816327
11559	0.0102040816327
13971	0.0102040816327
19288	0.0102040816327
19843	0.0102040816327
20315	0.0102040816327
21582	0.0102040816327
21913	0.0102040816327
25472	0.0102040816327
25700	0.0102040816327
41180	0.0102040816327
41390	0.0102040816327
42914	0.0102040816327
51641	0.0102040816327
52857	0.0102040816327
53029	0.0102040816327
59792	0.0102040816327
1118	0.0101845957989
2313	0.0101694915254
21801	0.0101694915254
41326	0.0101694915254
11169	0.010162601626
11727	0.0101569713758
1390	0.010152284264
13120	0.010152284264
41378	0.010152284264
50864	0.0101351351351
2757	0.010101010101
7462	0.010101010101
10046	0.010101010101
12149	0.010101010101
18698	0.010101010101
23211	0.010101010101
27031	0.010101010101
27874	0.010101010101
29024	0.010101010101
30209	0.010101010101
30976	0.010101010101
32753	0.010101010101
35021	0.010101010101
36710	0.010101010101
51336	0.010101010101
52170	0.010101010101
38822	0.0100755667506
5157	0.0100704934542
4846	0.0100619195046
31850	0.0100502512563
4399	0.0100334448161
143	0.01
2632	0.01
4561	0.01
14555	0.01
25405	0.01
29804	0.01
30085	0.01
33868	0.01
37778	0.01
42389	0.01
44323	0.01
44599	0.01
50079	0.01
51049	0.01
51120	0.01
51158	0.01
51292	0.01
52549	0.01
59646	0.01
29863	0.00998336106489
6194	0.00995024875622
52638	0.00995024875622
2276	0.00990099009901
2387	0.00990099009901
4007	0.00990099009901
4728	0.00990099009901
16302	0.00990099009901
17605	0.00990099009901
22864	0.00990099009901
35144	0.00990099009901
38577	0.00990099009901
41399	0.00990099009901
49141	0.00990099009901
51102	0.00990099009901
51105	0.00990099009901
51121	0.00990099009901
51746	0.00990099009901
52946	0.00990099009901
61411	0.00990099009901
36999	0.00987654320988
41705	0.00986842105263
41278	0.00985221674877
859	0.00980392156863
10914	0.00980392156863
18145	0.00980392156863
18773	0.00980392156863
27094	0.00980392156863
34788	0.00980392156863
38642	0.00980392156863
39544	0.00980392156863
41088	0.00980392156863
43195	0.00980392156863
44335	0.00980392156863
52043	0.00980392156863
4655	0.00978737765778
51197	0.00975609756098
51213	0.00975609756098
18613	0.00974512743628
22654	0.00974025974026
870	0.00973236009732
775	0.00970873786408
5116	0.00970873786408
16919	0.00970873786408
30901	0.00970873786408
32822	0.00970873786408
34166	0.00970873786408
35526	0.00970873786408
37349	0.00970873786408
40973	0.00970873786408
41031	0.00970873786408
40962	0.00969162995595
1628	0.00968523002421
9642	0.00968523002421
3747	0.00967741935484
6564	0.00967741935484
41368	0.00967741935484
37392	0.00965517241379
11381	0.0096463022508
3843	0.00961538461538
4510	0.00961538461538
10987	0.00961538461538
14511	0.00961538461538
26172	0.00961538461538
28042	0.00961538461538
28456	0.00961538461538
31400	0.00961538461538
33124	0.00961538461538
38307	0.00961538461538
41122	0.00961538461538
41712	0.00961538461538
41968	0.00961538461538
53282	0.00961538461538
59731	0.00961538461538
38794	0.00959860383944
25937	0.00958466453674
2037	0.00957592339261
3689	0.00956937799043
6573	0.00956937799043
18374	0.00956937799043
18813	0.00956937799043
41404	0.00956937799043
36398	0.00956022944551
1180	0.00952380952381
2917	0.00952380952381
14353	0.00952380952381
25555	0.00952380952381
26762	0.00952380952381
27379	0.00952380952381
35630	0.00952380952381
41114	0.00952380952381
41313	0.00952380952381
41380	0.00952380952381
43327	0.00952380952381
49024	0.00952380952381
50929	0.00952380952381
52231	0.00952380952381
34169	0.00950570342205
7749	0.00943396226415
13092	0.00943396226415
16838	0.00943396226415
17095	0.00943396226415
22873	0.00943396226415
30191	0.00943396226415
32735	0.00943396226415
41096	0.00943396226415
41175	0.00943396226415
50913	0.00943396226415
50992	0.00943396226415
51006	0.00943396226415
51937	0.00943396226415
52981	0.00943396226415
38492	0.00938337801609
2424	0.00934579439252
7311	0.00934579439252
16073	0.00934579439252
16209	0.00934579439252
17303	0.00934579439252
18192	0.00934579439252
19465	0.00934579439252
24889	0.00934579439252
39024	0.00934579439252
41100	0.00934579439252
41348	0.00934579439252
41450	0.00934579439252
42649	0.00934579439252
44136	0.00934579439252
47918	0.00934579439252
52102	0.00934579439252
54577	0.00934579439252
3733	0.00932835820896
34858	0.00931098696462
26805	0.00930438635357
39447	0.0093023255814
11223	0.00925925925926
20077	0.00925925925926
20629	0.00925925925926
21298	0.00925925925926
34659	0.00925925925926
50949	0.00925925925926
51112	0.00925925925926
51019	0.00923787528868
1928	0.00920245398773
6466	0.00917431192661
16170	0.00917431192661
18699	0.00917431192661
26235	0.00917431192661
26274	0.00917431192661
35275	0.00917431192661
37792	0.00917431192661
42035	0.00917431192661
43269	0.00917431192661
50335	0.00917431192661
50959	0.00917431192661
51418	0.00917431192661
59507	0.00917431192661
26715	0.00909090909091
31313	0.00909090909091
34548	0.00909090909091
37046	0.00909090909091
41030	0.00909090909091
42182	0.00909090909091
42811	0.00909090909091
51290	0.00909090909091
2419	0.00906735751295
7444	0.00906344410876
37194	0.00904977375566
1146	0.00900900900901
3933	0.00900900900901
4149	0.00900900900901
4334	0.00900900900901
10220	0.00900900900901
12800	0.00900900900901
12831	0.00900900900901
16448	0.00900900900901
24717	0.00900900900901
28369	0.00900900900901
34225	0.00900900900901
41142	0.00900900900901
43391	0.00900900900901
48475	0.00900900900901
50871	0.00900900900901
52442	0.00900900900901
76	0.00900163666121
30980	0.00898876404494
7974	0.00896860986547
637	0.00892857142857
2679	0.00892857142857
2720	0.00892857142857
4580	0.00892857142857
4867	0.00892857142857
5656	0.00892857142857
5698	0.00892857142857
19506	0.00892857142857
29067	0.00892857142857
29280	0.00892857142857
34095	0.00892857142857
35345	0.00892857142857
41039	0.00892857142857
41067	0.00892857142857
41085	0.00892857142857
41880	0.00892857142857
45033	0.00892857142857
50958	0.00892857142857
37225	0.00890207715134
29705	0.00888888888889
7312	0.0088868101029
51156	0.00887573964497
1740	0.00884955752212
7301	0.00884955752212
14505	0.00884955752212
18481	0.00884955752212
18604	0.00884955752212
18756	0.00884955752212
18972	0.00884955752212
21727	0.00884955752212
22113	0.00884955752212
22121	0.00884955752212
35699	0.00884955752212
36054	0.00884955752212
40541	0.00884955752212
41024	0.00884955752212
42414	0.00884955752212
53234	0.00884955752212
6812	0.0088424437299
3198	0.00881057268722
869	0.00879120879121
4661	0.00877192982456
4951	0.00877192982456
5702	0.00877192982456
7280	0.00877192982456
8397	0.00877192982456
9761	0.00877192982456
11775	0.00877192982456
18317	0.00877192982456
25295	0.00877192982456
28134	0.00877192982456
32923	0.00877192982456
38987	0.00877192982456
40979	0.00877192982456
48676	0.00877192982456
1680	0.00875
11	0.00874635568513
35136	0.00874125874126
12824	0.00873362445415
20542	0.00873362445415
4518	0.0087260034904
1068	0.00869565217391
4814	0.00869565217391
5371	0.00869565217391
15083	0.00869565217391
31220	0.00869565217391
34208	0.00869565217391
34486	0.00869565217391
42344	0.00869565217391
43150	0.00869565217391
50979	0.00869565217391
51193	0.00869565217391
51250	0.00869565217391
51283	0.00869565217391
5120	0.00867052023121
497	0.00865800865801
21745	0.00863557858377
8890	0.00862068965517
11294	0.00862068965517
13999	0.00862068965517
26760	0.00862068965517
27906	0.00862068965517
32778	0.00862068965517
35594	0.00862068965517
35968	0.00862068965517
41711	0.00862068965517
52952	0.00862068965517
38793	0.00861573808156
17008	0.00859598853868
5218	0.0085910652921
3515	0.00858369098712
26893	0.00857142857143
4705	0.00854700854701
11050	0.00854700854701
11553	0.00854700854701
25221	0.00854700854701
25738	0.00854700854701
34191	0.00854700854701
36632	0.00854700854701
40985	0.00854700854701
51092	0.00854700854701
52817	0.00854700854701
5112	0.00852459016393
33621	0.00852272727273
28610	0.00851063829787
41032	0.00849858356941
1119	0.00847457627119
1655	0.00847457627119
1931	0.00847457627119
7303	0.00847457627119
26874	0.00847457627119
27691	0.00847457627119
41525	0.00847457627119
46620	0.00847457627119
50984	0.00847457627119
53060	0.00847457627119
13056	0.00846023688663
29399	0.0084388185654
2463	0.00843486410497
949	0.00843170320405
160	0.00840336134454
3205	0.00840336134454
3859	0.00840336134454
10013	0.00840336134454
18974	0.00840336134454
31298	0.00840336134454
31995	0.00840336134454
32700	0.00840336134454
37162	0.00840336134454
41019	0.00840336134454
41068	0.00840336134454
41521	0.00840336134454
42326	0.00840336134454
41156	0.00837988826816
21458	0.00836820083682
28812	0.00836820083682
19598	0.00836550836551
2613	0.008356545961
40972	0.008356545961
3690	0.00833333333333
14656	0.00833333333333
40936	0.00833333333333
41222	0.00833333333333
41370	0.00833333333333
41385	0.00833333333333
41649	0.00833333333333
43575	0.00833333333333
52416	0.00833333333333
52711	0.00833333333333
59133	0.00833333333333
14140	0.00831024930748
41074	0.00830564784053
41165	0.00828729281768
1503	0.00827814569536
8901	0.00826446280992
10973	0.00826446280992
14369	0.00826446280992
24067	0.00826446280992
27019	0.00826446280992
33544	0.00826446280992
34104	0.00826446280992
41269	0.00826446280992
41481	0.00826446280992
51234	0.00826446280992
40988	0.00824742268041
29845	0.00824175824176
48572	0.00821917808219
18234	0.00819672131148
20752	0.00819672131148
22426	0.00819672131148
22589	0.00819672131148
25431	0.00819672131148
30185	0.00819672131148
37588	0.00819672131148
39286	0.00819672131148
52560	0.00819672131148
55746	0.00819672131148
31440	0.00816993464052
4137	0.00816326530612
5693	0.00816326530612
22579	0.00815217391304
876	0.00813008130081
913	0.00813008130081
4485	0.00813008130081
6748	0.00813008130081
17767	0.00813008130081
33645	0.00813008130081
42249	0.00813008130081
51505	0.00813008130081
52089	0.00813008130081
52362	0.00813008130081
60987	0.00813008130081
12423	0.00811359026369
34147	0.00808625336927
156	0.00806451612903
3488	0.00806451612903
5637	0.00806451612903
14303	0.00806451612903
23786	0.00806451612903
26592	0.00806451612903
31962	0.00806451612903
33564	0.00806451612903
38585	0.00806451612903
41086	0.00806451612903
41239	0.00806451612903
41934	0.00806451612903
46493	0.00806451612903
51804	0.00806451612903
22743	0.008038585209
2787	0.00803212851406
52697	0.00803212851406
1902	0.00802407221665
3182	0.008
4174	0.008
13933	0.008
17110	0.008
21666	0.008
22396	0.008
22601	0.008
27045	0.008
28749	0.008
47473	0.008
52283	0.008
51721	0.00796812749004
29453	0.0079575596817
9288	0.00793650793651
12484	0.00793650793651
21331	0.00793650793651
21906	0.00793650793651
25092	0.00793650793651
41200	0.00793650793651
48608	0.00793650793651
49448	0.00793650793651
50943	0.00793650793651
3788	0.00791556728232
2848	0.00790513833992
33850	0.00789473684211
14253	0.00788643533123
14832	0.00787401574803
27580	0.00787401574803
28486	0.00787401574803
41480	0.00787401574803
52092	0.00787401574803
28405	0.00786516853933
26934	0.0078431372549
29492	0.0078431372549
40977	0.0078431372549
3575	0.0078125
5455	0.0078125
12552	0.0078125
12856	0.0078125
14839	0.0078125
15602	0.0078125
20785	0.0078125
29780	0.0078125
33716	0.0078125
41134	0.0078125
41655	0.0078125
50855	0.0078125
14360	0.00778210116732
39549	0.00776699029126
4836	0.0077519379845
6305	0.0077519379845
11378	0.0077519379845
11784	0.0077519379845
13960	0.0077519379845
33639	0.0077519379845
41078	0.0077519379845
46277	0.0077519379845
52891	0.0077519379845
32188	0.00771604938272
2681	0.00769230769231
2785	0.00769230769231
14381	0.00769230769231
23265	0.00769230769231
38932	0.00769230769231
43824	0.00769230769231
47448	0.00769230769231
47553	0.00769230769231
50506	0.00769230769231
14352	0.00768245838668
879	0.0076726342711
15794	0.00766283524904
1753	0.00763358778626
4541	0.00763358778626
4620	0.00763358778626
4900	0.00763358778626
5768	0.00763358778626
13891	0.00763358778626
17886	0.00763358778626
21694	0.00763358778626
28830	0.00763358778626
29971	0.00763358778626
33495	0.00763358778626
33785	0.00763358778626
34933	0.00763358778626
36275	0.00763358778626
41137	0.00763358778626
41426	0.00763358778626
50938	0.00763358778626
1422	0.00762388818297
41050	0.00761421319797
41374	0.00761421319797
37169	0.00760456273764
41444	0.00760456273764
16917	0.00757575757576
17389	0.00757575757576
33775	0.00757575757576
41799	0.00757575757576
52471	0.00757575757576
210	0.00754716981132
3077	0.00751879699248
18958	0.00751879699248
26162	0.00751879699248
28141	0.00751879699248
32626	0.00751879699248
41041	0.00751879699248
41160	0.00751879699248
42320	0.00751879699248
43749	0.00751879699248
37993	0.0075
16420	0.0074812967581
17764	0.00746268656716
18205	0.00746268656716
41084	0.00746268656716
1048	0.00743494423792
2898	0.00743099787686
253	0.00742311770944
1438	0.00740740740741
3317	0.00740740740741
9188	0.00740740740741
9722	0.00740740740741
20636	0.00740740740741
39288	0.00740740740741
41807	0.00740740740741
42135	0.00740740740741
43828	0.00740740740741
51429	0.00740740740741
23150	0.00739644970414
50845	0.00738007380074
19547	0.00737100737101
2361	0.00735294117647
8839	0.00735294117647
11250	0.00735294117647
14730	0.00735294117647
17188	0.00735294117647
27649	0.00735294117647
39002	0.00735294117647
39383	0.00735294117647
43325	0.00735294117647
17596	0.00733137829912
39027	0.00732600732601
992	0.00730994152047
30899	0.00730816077954
10369	0.00729927007299
29790	0.00729927007299
31306	0.00729927007299
34373	0.00729927007299
50936	0.00729927007299
51011	0.00729927007299
52382	0.00729927007299
35514	0.00728155339806
28742	0.00727650727651
30835	0.00727272727273
41129	0.00726392251816
4339	0.00724637681159
5603	0.00724637681159
41704	0.00724637681159
44117	0.00724637681159
12503	0.00719424460432
21719	0.00719424460432
27225	0.00719424460432
28298	0.00719424460432
41023	0.00719424460432
41322	0.00719424460432
44538	0.00719424460432
41010	0.00717703349282
3120	0.00714285714286
20875	0.00714285714286
26868	0.00714285714286
27582	0.00714285714286
39210	0.00714285714286
33895	0.00711743772242
40984	0.00711743772242
4005	0.00709219858156
18973	0.00709219858156
20111	0.00709219858156
33971	0.00709219858156
34210	0.00709219858156
35951	0.00709219858156
41179	0.00709219858156
59890	0.00709219858156
937	0.00704225352113
15986	0.00704225352113
20818	0.00704225352113
29855	0.00704225352113
33552	0.00704225352113
36537	0.00704225352113
38818	0.00704225352113
40036	0.00704225352113
41245	0.00704225352113
44776	0.00704225352113
49689	0.00704225352113
15207	0.00701754385965
9656	0.0070126227209
3316	0.00699300699301
12998	0.00699300699301
14525	0.00699300699301
17299	0.00699300699301
23174	0.00699300699301
33510	0.00699300699301
41347	0.00699300699301
42753	0.00699300699301
47503	0.00699300699301
4764	0.00698324022346
13318	0.00696864111498
13111	0.00696459663378
29277	0.00695249130939
2367	0.00694444444444
22895	0.00694444444444
26508	0.00694444444444
31656	0.00694444444444
36494	0.00694444444444
37947	0.00694444444444
43787	0.00694444444444
6904	0.00689655172414
10803	0.00689655172414
12167	0.00689655172414
25240	0.00689655172414
35245	0.00689655172414
61083	0.00689655172414
9104	0.00684931506849
17790	0.00684931506849
36976	0.00684931506849
51765	0.00684931506849
59505	0.00684931506849
29909	0.00682593856655
888	0.00680272108844
2927	0.00680272108844
5354	0.00680272108844
18556	0.00680272108844
20647	0.00680272108844
30923	0.00680272108844
41208	0.00680272108844
41421	0.00680272108844
28128	0.00677966101695
29372	0.00677966101695
20173	0.00677200902935
2215	0.00675675675676
19429	0.00675675675676
21696	0.00675675675676
31138	0.00675675675676
44351	0.00675675675676
44486	0.00675675675676
41071	0.00674157303371
9538	0.00671704450042
392	0.00671140939597
1232	0.00671140939597
17015	0.00671140939597
32146	0.00671140939597
46619	0.00671140939597
51039	0.00671140939597
53001	0.00671140939597
59919	0.00671140939597
11489	0.00666666666667
15325	0.00666666666667
41425	0.00666666666667
41642	0.00666666666667
51340	0.00666666666667
53361	0.00666666666667
29739	0.00664451827243
5553	0.00663716814159
2090	0.00662251655629
12388	0.00662251655629
17771	0.00662251655629
106	0.00657894736842
22319	0.00657894736842
30794	0.00657894736842
42019	0.00657894736842
51988	0.00657894736842
41065	0.00655737704918
13418	0.00653594771242
995	0.00649350649351
1167	0.00649350649351
4242	0.00649350649351
39771	0.00649350649351
41279	0.00649350649351
5000	0.00646551724138
19792	0.00645161290323
21742	0.00645161290323
22408	0.00645161290323
26437	0.00645161290323
27171	0.00645161290323
30845	0.00645161290323
32246	0.00645161290323
35420	0.00645161290323
38330	0.00645161290323
41099	0.00645161290323
862	0.00641025641026
1020	0.00641025641026
1954	0.00641025641026
41108	0.00641025641026
42545	0.00641025641026
38293	0.00638977635783
1169	0.00636942675159
1904	0.00636942675159
3492	0.00636942675159
3827	0.00636942675159
25570	0.00636942675159
28559	0.00636942675159
38708	0.00636942675159
43376	0.00636942675159
51118	0.00636942675159
51281	0.00636942675159
11746	0.00634920634921
21558	0.00634920634921
28286	0.00634920634921
2733	0.00634517766497
40995	0.0063371356147
3793	0.00632911392405
15782	0.00632911392405
16264	0.00632911392405
27048	0.00632911392405
27320	0.00632911392405
37577	0.00632911392405
19090	0.00630914826498
3445	0.0062893081761
13076	0.0062893081761
2850	0.00625
11087	0.00625
41079	0.00625
53134	0.00625
10162	0.00621118012422
14476	0.00621118012422
21734	0.00621118012422
22621	0.00621118012422
27087	0.00621118012422
30917	0.00621118012422
35049	0.00621118012422
43354	0.00621118012422
49394	0.00618556701031
18456	0.00618238021638
3280	0.00617283950617
4582	0.00617283950617
7214	0.00617283950617
13633	0.00617283950617
29818	0.00617283950617
9200	0.00616016427105
17355	0.00615384615385
9295	0.00613496932515
16194	0.00613496932515
19799	0.00613496932515
36418	0.00613496932515
11798	0.00609756097561
12393	0.00609756097561
31864	0.00609756097561
39324	0.00609756097561
40344	0.00609756097561
13339	0.00608828006088
6928	0.00606060606061
17904	0.00606060606061
28750	0.00606060606061
172	0.00602409638554
5512	0.00602409638554
30635	0.00602409638554
38820	0.00602409638554
41003	0.00602409638554
42312	0.00602409638554
51266	0.00602409638554
5420	0.00600961538462
24958	0.00600600600601
35958	0.00600600600601
41307	0.00600600600601
9245	0.0059880239521
32651	0.0059880239521
51026	0.0059880239521
51393	0.0059880239521
684	0.00597014925373
1752	0.00595238095238
30828	0.00595238095238
38907	0.00595238095238
11481	0.00593471810089
41098	0.00593471810089
3531	0.00591715976331
19965	0.00591715976331
37800	0.00591715976331
50901	0.00591715976331
9646	0.00588235294118
15114	0.00588235294118
20573	0.00588235294118
40351	0.00588235294118
41287	0.00588235294118
41403	0.00588235294118
118	0.0058651026393
5643	0.0058651026393
27128	0.00584795321637
36897	0.00584795321637
41126	0.00584795321637
3957	0.00581395348837
14459	0.00581395348837
27642	0.00581395348837
36594	0.00581395348837
51254	0.00581395348837
17938	0.00580270793037
14013	0.00578034682081
28156	0.00578034682081
38671	0.00578034682081
41972	0.00578034682081
51246	0.00578034682081
2610	0.00574712643678
10010	0.00574712643678
12777	0.00574712643678
17711	0.0057361376673
5616	0.00573065902579
18307	0.00572082379863
12585	0.00571428571429
26318	0.00568181818182
27715	0.00568181818182
38194	0.00568181818182
51676	0.00568181818182
51821	0.00568181818182
57861	0.00568181818182
13040	0.00564971751412
41596	0.00564971751412
51179	0.00564971751412
51605	0.00564971751412
18361	0.0056338028169
874	0.00561797752809
12432	0.00561797752809
41832	0.00561797752809
51071	0.00561797752809
52802	0.00561797752809
38959	0.00560224089636
4337	0.00558659217877
11172	0.00558659217877
46722	0.00558659217877
618	0.00555555555556
11196	0.00555555555556
23299	0.00555555555556
24429	0.00555555555556
27899	0.00555555555556
17987	0.00554016620499
21797	0.00553505535055
9647	0.00552486187845
13036	0.00552486187845
13063	0.00552486187845
36364	0.00552486187845
40986	0.00552486187845
41434	0.00552486187845
41552	0.00552486187845
42145	0.00552486187845
53344	0.00552486187845
24457	0.00549450549451
29686	0.00549450549451
3239	0.00546448087432
3554	0.00546448087432
4464	0.00546448087432
5715	0.00546448087432
15851	0.00546448087432
26059	0.00546448087432
36078	0.00546448087432
42335	0.00546448087432
51117	0.00546448087432
28047	0.00544959128065
4135	0.0054347826087
19314	0.0054347826087
40971	0.00542495479204
3260	0.00542005420054
23628	0.00540540540541
34676	0.00540540540541
384	0.00537634408602
712	0.00537634408602
10250	0.00537634408602
12501	0.00537634408602
38758	0.00537634408602
40989	0.00537634408602
1700	0.00534759358289
37114	0.00534759358289
41940	0.00534759358289
30269	0.00533807829181
3486	0.00531914893617
21989	0.00531914893617
50883	0.00531914893617
8732	0.00530035335689
25078	0.00529100529101
26566	0.00529100529101
33780	0.00529100529101
59661	0.00529100529101
456	0.00526315789474
11887	0.00520833333333
18340	0.00520833333333
7411	0.00518134715026
15381	0.00518134715026
23415	0.00518134715026
30762	0.00518134715026
37426	0.00518134715026
59506	0.00518134715026
216	0.00515463917526
1537	0.00515463917526
7344	0.00515463917526
10443	0.00515463917526
11201	0.00515463917526
21662	0.00515463917526
37409	0.00515463917526
51155	0.00515463917526
51699	0.00515463917526
22026	0.00512820512821
25487	0.00512820512821
41391	0.00512820512821
50987	0.00512820512821
22018	0.00510204081633
50961	0.00510204081633
2312	0.00509337860781
6689	0.00508905852417
5519	0.00508044030483
30471	0.00507614213198
32594	0.00507614213198
42450	0.00507614213198
11000	0.00505050505051
26890	0.00505050505051
41062	0.00505050505051
3214	0.00502512562814
26579	0.00502512562814
40992	0.00502512562814
955	0.005
20527	0.005
21323	0.005
33727	0.005
39360	0.005
51485	0.005
2660	0.00497512437811
9586	0.00497512437811
23001	0.00497512437811
40625	0.00497512437811
24522	0.0049504950495
40975	0.0049504950495
6417	0.00492610837438
14207	0.00492610837438
18515	0.00492610837438
2344	0.00491642084562
11776	0.00487804878049
41544	0.00487804878049
16516	0.00485436893204
30466	0.00485436893204
38925	0.00483870967742
8724	0.00480769230769
11300	0.00480769230769
23688	0.00480769230769
37776	0.00480769230769
41177	0.00480769230769
25376	0.00478468899522
39510	0.00478468899522
41204	0.00478468899522
41546	0.00478468899522
8229	0.0047619047619
7505	0.00473933649289
3842	0.00469483568075
12188	0.00469483568075
36967	0.00469483568075
51096	0.00468384074941
41610	0.00467289719626
2865	0.0046511627907
4121	0.0046439628483
39709	0.0046403712297
20416	0.00463678516229
25891	0.00462962962963
30982	0.00462962962963
4733	0.00460829493088
1380	0.0045766590389
7100	0.00455580865604
16076	0.00454545454545
21507	0.00454545454545
26158	0.00454545454545
7198	0.00452488687783
23080	0.00452488687783
40983	0.00452488687783
896	0.0045045045045
31536	0.0045045045045
41452	0.0045045045045
41102	0.00448430493274
30874	0.00446428571429
33656	0.00446428571429
3288	0.00444444444444
4439	0.00444444444444
32418	0.00442477876106
32738	0.00442477876106
40289	0.00437636761488
41223	0.00436681222707
5419	0.00434782608696
10653	0.00434782608696
27471	0.00434782608696
37689	0.00434782608696
12182	0.0042735042735
21978	0.0042735042735
29287	0.0042735042735
41308	0.0042735042735
41942	0.0042735042735
28290	0.00425531914894
20802	0.00423728813559
23388	0.00420168067227
41366	0.00418410041841
27051	0.00416666666667
32490	0.00414937759336
45223	0.00414937759336
41037	0.00413223140496
20529	0.00411522633745
11230	0.00406504065041
51099	0.00401606425703
18172	0.004
41045	0.004
25413	0.00398406374502
37660	0.00398406374502
50851	0.00396825396825
50875	0.00396825396825
52258	0.00396825396825
4523	0.00395256916996
39209	0.00393700787402
1632	0.00392156862745
41140	0.00389105058366
18759	0.00387596899225
32811	0.00387596899225
51724	0.00380228136882
3729	0.00375939849624
30805	0.00375939849624
41353	0.00375939849624
51173	0.00373134328358
37762	0.00371747211896
49392	0.00371747211896
30849	0.00369003690037
17586	0.0036563071298
30445	0.00358422939068
35847	0.00355871886121
41194	0.00355871886121
40999	0.00355239786856
47637	0.00353356890459
32612	0.00351493848858
6789	0.00348432055749
2840	0.00345125107852
2811	0.00343642611684
39915	0.00343053173242
26416	0.00342465753425
41001	0.00342465753425
38080	0.00341296928328
44184	0.00340136054422
38790	0.00338983050847
25098	0.00337837837838
30691	0.003367003367
3116	0.00335570469799
38232	0.00335570469799
41364	0.00323624595469
38807	0.00319488817891
32832	0.0031847133758
39585	0.0031746031746
18278	0.003125
2448	0.00311526479751
25444	0.00311526479751
21772	0.0030959752322
23011	0.00307692307692
6444	0.00306748466258
30625	0.003003003003
41258	0.00299401197605
6360	0.00298507462687
23999	0.00296735905045
5100	0.00295857988166
12121	0.00292397660819
12467	0.002849002849
50863	0.00275103163686
259	0.00274725274725
34683	0.0027397260274
40964	0.00272479564033
11307	0.00266666666667
34897	0.00261096605744
47774	0.00260416666667
3133	0.00256081946223
30799	0.00255754475703
11359	0.00254452926209
50933	0.00250626566416
27949	0.00248756218905
4153	0.00247524752475
41467	0.00225733634312
28832	0.00210526315789
16447	0.002079002079
15228	0.00202429149798
41044	0.00201612903226
41058	0.00201207243461
50105	0.00201207243461
9826	0.00178571428571
13955	0.0016501650165
