44018	0.0952380952381
6144	0.0714285714286
7774	0.0714285714286
10619	0.0714285714286
11462	0.0714285714286
11715	0.0714285714286
12360	0.0714285714286
12940	0.0714285714286
15879	0.0714285714286
17485	0.0714285714286
17916	0.0714285714286
20649	0.0714285714286
29166	0.0714285714286
37384	0.0714285714286
37405	0.0714285714286
37479	0.0714285714286
37556	0.0714285714286
42918	0.0714285714286
47983	0.0714285714286
49169	0.0714285714286
50117	0.0714285714286
50457	0.0714285714286
53259	0.0714285714286
53523	0.0714285714286
54276	0.0714285714286
57700	0.0714285714286
58396	0.0714285714286
59071	0.0714285714286
59791	0.0714285714286
751	0.0666666666667
1349	0.0666666666667
3610	0.0666666666667
9835	0.0666666666667
10906	0.0666666666667
13499	0.0666666666667
14323	0.0666666666667
14943	0.0666666666667
18943	0.0666666666667
23926	0.0666666666667
24674	0.0666666666667
25040	0.0666666666667
26088	0.0666666666667
27849	0.0666666666667
28896	0.0666666666667
31831	0.0666666666667
37724	0.0666666666667
37888	0.0666666666667
37907	0.0666666666667
41637	0.0666666666667
42549	0.0666666666667
42577	0.0666666666667
44438	0.0666666666667
44561	0.0666666666667
46948	0.0666666666667
47367	0.0666666666667
53023	0.0666666666667
54160	0.0666666666667
58378	0.0666666666667
59911	0.0666666666667
60200	0.0666666666667
60597	0.0666666666667
61513	0.0666666666667
1833	0.0625
3597	0.0625
3982	0.0625
4455	0.0625
10820	0.0625
12345	0.0625
12743	0.0625
13392	0.0625
16444	0.0625
16710	0.0625
19173	0.0625
20334	0.0625
21058	0.0625
22359	0.0625
22557	0.0625
23371	0.0625
25478	0.0625
26259	0.0625
28917	0.0625
29779	0.0625
31174	0.0625
32998	0.0625
40613	0.0625
40954	0.0625
42884	0.0625
45921	0.0625
48333	0.0625
49762	0.0625
52220	0.0625
55789	0.0625
58844	0.0625
32680	0.0606060606061
33769	0.06
4311	0.0588235294118
6836	0.0588235294118
7867	0.0588235294118
9026	0.0588235294118
9847	0.0588235294118
13492	0.0588235294118
14141	0.0588235294118
14664	0.0588235294118
14986	0.0588235294118
15319	0.0588235294118
15332	0.0588235294118
15900	0.0588235294118
16048	0.0588235294118
20882	0.0588235294118
21991	0.0588235294118
26702	0.0588235294118
28973	0.0588235294118
30705	0.0588235294118
38699	0.0588235294118
41423	0.0588235294118
41831	0.0588235294118
42543	0.0588235294118
47354	0.0588235294118
48203	0.0588235294118
49031	0.0588235294118
49395	0.0588235294118
50866	0.0588235294118
56067	0.0588235294118
58796	0.0588235294118
59272	0.0588235294118
59847	0.0588235294118
59988	0.0588235294118
60244	0.0588235294118
228	0.0555555555556
5515	0.0555555555556
8771	0.0555555555556
13668	0.0555555555556
14113	0.0555555555556
17568	0.0555555555556
20082	0.0555555555556
23105	0.0555555555556
24712	0.0555555555556
25023	0.0555555555556
27943	0.0555555555556
31753	0.0555555555556
32021	0.0555555555556
32066	0.0555555555556
32771	0.0555555555556
34651	0.0555555555556
35726	0.0555555555556
39029	0.0555555555556
41237	0.0555555555556
42252	0.0555555555556
43615	0.0555555555556
45047	0.0555555555556
45630	0.0555555555556
48418	0.0555555555556
50505	0.0555555555556
50715	0.0555555555556
50847	0.0555555555556
51530	0.0555555555556
52748	0.0555555555556
52900	0.0555555555556
52984	0.0555555555556
53104	0.0555555555556
59645	0.0555555555556
59651	0.0555555555556
60157	0.0555555555556
60572	0.0555555555556
3849	0.0526315789474
5580	0.0526315789474
7510	0.0526315789474
10667	0.0526315789474
16129	0.0526315789474
22518	0.0526315789474
22616	0.0526315789474
24647	0.0526315789474
28356	0.0526315789474
28408	0.0526315789474
32740	0.0526315789474
35165	0.0526315789474
39313	0.0526315789474
41538	0.0526315789474
42028	0.0526315789474
42325	0.0526315789474
42561	0.0526315789474
43503	0.0526315789474
46798	0.0526315789474
48503	0.0526315789474
50374	0.0526315789474
52266	0.0526315789474
52579	0.0526315789474
57914	0.0526315789474
59282	0.0526315789474
59444	0.0526315789474
59485	0.0526315789474
399	0.05
1140	0.05
2492	0.05
5662	0.05
9064	0.05
10165	0.05
14853	0.05
23678	0.05
27758	0.05
29721	0.05
30359	0.05
31652	0.05
37042	0.05
37147	0.05
37971	0.05
38603	0.05
41938	0.05
41959	0.05
42009	0.05
43869	0.05
45902	0.05
48047	0.05
50964	0.05
52745	0.05
58438	0.05
58631	0.05
59685	0.05
60043	0.05
1067	0.0491803278689
52868	0.0487804878049
5644	0.047619047619
5689	0.047619047619
6335	0.047619047619
6593	0.047619047619
7142	0.047619047619
7412	0.047619047619
7448	0.047619047619
7461	0.047619047619
13747	0.047619047619
15698	0.047619047619
17308	0.047619047619
20554	0.047619047619
30620	0.047619047619
35327	0.047619047619
36162	0.047619047619
43880	0.047619047619
44864	0.047619047619
47555	0.047619047619
48869	0.047619047619
49275	0.047619047619
52370	0.047619047619
59587	0.046511627907
2650	0.0454545454545
3835	0.0454545454545
5298	0.0454545454545
5376	0.0454545454545
5583	0.0454545454545
6547	0.0454545454545
14819	0.0454545454545
15833	0.0454545454545
16416	0.0454545454545
18578	0.0454545454545
30637	0.0454545454545
31323	0.0454545454545
36436	0.0454545454545
39427	0.0454545454545
41046	0.0454545454545
41125	0.0454545454545
41947	0.0454545454545
42909	0.0454545454545
43492	0.0454545454545
47259	0.0454545454545
47807	0.0454545454545
49681	0.0454545454545
51308	0.0454545454545
53270	0.0454545454545
54926	0.0454545454545
56025	0.0454545454545
59650	0.0454545454545
61006	0.0454545454545
41698	0.0444444444444
79	0.0434782608696
92	0.0434782608696
464	0.0434782608696
6391	0.0434782608696
8482	0.0434782608696
8491	0.0434782608696
9220	0.0434782608696
10591	0.0434782608696
12433	0.0434782608696
19854	0.0434782608696
20751	0.0434782608696
22785	0.0434782608696
32701	0.0434782608696
32768	0.0434782608696
33206	0.0434782608696
36904	0.0434782608696
37615	0.0434782608696
38073	0.0434782608696
38934	0.0434782608696
39689	0.0434782608696
40883	0.0434782608696
42115	0.0434782608696
51631	0.0434782608696
52489	0.0434782608696
53388	0.0434782608696
59344	0.0434782608696
61423	0.0434782608696
75	0.0425531914894
3160	0.0416666666667
4200	0.0416666666667
5860	0.0416666666667
10500	0.0416666666667
20820	0.0416666666667
23460	0.0416666666667
23991	0.0416666666667
24331	0.0416666666667
27916	0.0416666666667
28806	0.0416666666667
28976	0.0416666666667
38259	0.0416666666667
38785	0.0416666666667
38813	0.0416666666667
40551	0.0416666666667
40809	0.0416666666667
41135	0.0416666666667
41189	0.0416666666667
44385	0.0416666666667
45870	0.0416666666667
50357	0.0416666666667
51578	0.0416666666667
52456	0.0416666666667
52698	0.0416666666667
52961	0.0416666666667
57812	0.0416666666667
60179	0.0416666666667
23409	0.0408163265306
9211	0.04
9587	0.04
10718	0.04
15926	0.04
16238	0.04
19923	0.04
23567	0.04
24455	0.04
26826	0.04
28966	0.04
32237	0.04
38876	0.04
42579	0.04
43546	0.04
45511	0.04
46674	0.04
48407	0.04
52246	0.04
52430	0.04
53306	0.04
58552	0.04
59652	0.04
4779	0.0384615384615
4894	0.0384615384615
5984	0.0384615384615
6151	0.0384615384615
7506	0.0384615384615
15975	0.0384615384615
16563	0.0384615384615
29272	0.0384615384615
31419	0.0384615384615
35768	0.0384615384615
40398	0.0384615384615
41860	0.0384615384615
42882	0.0384615384615
45898	0.0384615384615
49213	0.0384615384615
49420	0.0384615384615
51550	0.0384615384615
52069	0.0384615384615
52954	0.0384615384615
55948	0.0384615384615
57736	0.0384615384615
59530	0.0384615384615
60386	0.0384615384615
2441	0.037037037037
5390	0.037037037037
9173	0.037037037037
10393	0.037037037037
11777	0.037037037037
13861	0.037037037037
16953	0.037037037037
19956	0.037037037037
20521	0.037037037037
21990	0.037037037037
22481	0.037037037037
28599	0.037037037037
32657	0.037037037037
33354	0.037037037037
35584	0.037037037037
36069	0.037037037037
37059	0.037037037037
37068	0.037037037037
40566	0.037037037037
42737	0.037037037037
47148	0.037037037037
47170	0.037037037037
48753	0.037037037037
51861	0.037037037037
52289	0.037037037037
53354	0.037037037037
53528	0.037037037037
56487	0.037037037037
56496	0.037037037037
58307	0.037037037037
59922	0.037037037037
41811	0.0363636363636
2778	0.0357142857143
3932	0.0357142857143
3990	0.0357142857143
5758	0.0357142857143
6468	0.0357142857143
6533	0.0357142857143
9472	0.0357142857143
9757	0.0357142857143
10790	0.0357142857143
21674	0.0357142857143
26656	0.0357142857143
33078	0.0357142857143
33154	0.0357142857143
34139	0.0357142857143
37522	0.0357142857143
41906	0.0357142857143
47140	0.0357142857143
47446	0.0357142857143
51850	0.0357142857143
52215	0.0357142857143
52871	0.0357142857143
52895	0.0357142857143
53079	0.0357142857143
60571	0.0357142857143
5646	0.0344827586207
9598	0.0344827586207
14411	0.0344827586207
15962	0.0344827586207
16301	0.0344827586207
16519	0.0344827586207
17292	0.0344827586207
18121	0.0344827586207
18423	0.0344827586207
18612	0.0344827586207
21854	0.0344827586207
24417	0.0344827586207
26293	0.0344827586207
27946	0.0344827586207
28071	0.0344827586207
37943	0.0344827586207
39084	0.0344827586207
41969	0.0344827586207
42269	0.0344827586207
49899	0.0344827586207
52810	0.0344827586207
60150	0.0344827586207
60587	0.0344827586207
61074	0.0344827586207
52531	0.0338983050847
2088	0.0333333333333
3925	0.0333333333333
4049	0.0333333333333
6662	0.0333333333333
8963	0.0333333333333
10769	0.0333333333333
11410	0.0333333333333
13146	0.0333333333333
18240	0.0333333333333
19540	0.0333333333333
19702	0.0333333333333
22493	0.0333333333333
26640	0.0333333333333
29425	0.0333333333333
32142	0.0333333333333
41783	0.0333333333333
50590	0.0333333333333
51127	0.0333333333333
52860	0.0333333333333
52959	0.0333333333333
53180	0.0333333333333
59613	0.0333333333333
27522	0.0327868852459
45671	0.0327868852459
328	0.0322580645161
861	0.0322580645161
1163	0.0322580645161
6456	0.0322580645161
6698	0.0322580645161
10074	0.0322580645161
11011	0.0322580645161
11272	0.0322580645161
12115	0.0322580645161
12238	0.0322580645161
15151	0.0322580645161
18723	0.0322580645161
18825	0.0322580645161
24934	0.0322580645161
25278	0.0322580645161
40832	0.0322580645161
42975	0.0322580645161
51160	0.0322580645161
52087	0.0322580645161
52488	0.031746031746
5188	0.03125
7386	0.03125
9148	0.03125
9517	0.03125
12864	0.03125
13353	0.03125
25785	0.03125
26549	0.03125
27337	0.03125
31014	0.03125
32805	0.03125
34889	0.03125
36145	0.03125
37408	0.03125
37623	0.03125
38817	0.03125
41089	0.03125
41108	0.03125
42432	0.03125
50679	0.03125
51656	0.03125
52169	0.03125
59931	0.03125
47473	0.030612244898
53	0.030303030303
474	0.030303030303
9288	0.030303030303
11234	0.030303030303
17006	0.030303030303
23497	0.030303030303
31185	0.030303030303
39864	0.030303030303
39991	0.030303030303
41408	0.030303030303
41466	0.030303030303
41476	0.030303030303
45085	0.030303030303
51982	0.030303030303
60600	0.030303030303
4837	0.0294117647059
7473	0.0294117647059
8406	0.0294117647059
14455	0.0294117647059
15733	0.0294117647059
18595	0.0294117647059
24005	0.0294117647059
31139	0.0294117647059
32897	0.0294117647059
33275	0.0294117647059
36440	0.0294117647059
38970	0.0294117647059
40137	0.0294117647059
42947	0.0294117647059
49564	0.0294117647059
59518	0.0294117647059
59576	0.0294117647059
59610	0.0294117647059
60556	0.0294117647059
1578	0.0285714285714
2820	0.0285714285714
4710	0.0285714285714
20834	0.0285714285714
23900	0.0285714285714
39248	0.0285714285714
40772	0.0285714285714
43218	0.0285714285714
50418	0.0285714285714
52345	0.0285714285714
52475	0.0285714285714
53411	0.0285714285714
59876	0.0285714285714
4948	0.0277777777778
5793	0.0277777777778
9683	0.0277777777778
12306	0.0277777777778
27821	0.0277777777778
33055	0.0277777777778
33144	0.0277777777778
36120	0.0277777777778
37534	0.0277777777778
42904	0.0277777777778
52115	0.0277777777778
53017	0.0277777777778
59700	0.0277777777778
7693	0.027397260274
295	0.027027027027
6179	0.027027027027
11380	0.027027027027
15458	0.027027027027
21265	0.027027027027
22227	0.027027027027
27256	0.027027027027
28347	0.027027027027
34777	0.027027027027
38704	0.027027027027
40313	0.027027027027
42056	0.027027027027
42679	0.027027027027
43675	0.027027027027
51759	0.027027027027
53215	0.027027027027
59715	0.027027027027
59943	0.027027027027
60164	0.027027027027
16357	0.0266666666667
450	0.0263157894737
10344	0.0263157894737
36761	0.0263157894737
41299	0.0263157894737
42444	0.0263157894737
42660	0.0263157894737
44190	0.0263157894737
52043	0.0263157894737
54601	0.0263157894737
56967	0.0263157894737
52227	0.025974025974
2467	0.025641025641
4440	0.025641025641
7440	0.025641025641
10421	0.025641025641
12401	0.025641025641
23071	0.025641025641
25786	0.025641025641
29257	0.025641025641
31111	0.025641025641
38026	0.025641025641
41373	0.025641025641
41846	0.025641025641
43596	0.025641025641
51501	0.025641025641
60525	0.025641025641
35679	0.0253164556962
1060	0.025
4938	0.025
7388	0.025
12581	0.025
14669	0.025
20748	0.025
26094	0.025
27308	0.025
36750	0.025
37478	0.025
39934	0.025
41008	0.025
51188	0.025
51487	0.025
61218	0.025
41433	0.0246913580247
1411	0.0243902439024
3817	0.0243902439024
3852	0.0243902439024
5099	0.0243902439024
7476	0.0243902439024
8195	0.0243902439024
12784	0.0243902439024
14445	0.0243902439024
15438	0.0243902439024
16926	0.0243902439024
18149	0.0243902439024
19489	0.0243902439024
22351	0.0243902439024
23843	0.0243902439024
27632	0.0243902439024
38600	0.0243902439024
42995	0.0243902439024
43815	0.0243902439024
44369	0.0243902439024
45184	0.0243902439024
47234	0.0243902439024
50949	0.0243902439024
51340	0.0243902439024
52072	0.0243902439024
52095	0.0243902439024
7411	0.0242424242424
37073	0.0240963855422
3966	0.0238095238095
4159	0.0238095238095
10943	0.0238095238095
15717	0.0238095238095
16348	0.0238095238095
22157	0.0238095238095
30684	0.0238095238095
36977	0.0238095238095
37879	0.0238095238095
41921	0.0238095238095
45118	0.0238095238095
45156	0.0238095238095
51291	0.0238095238095
51835	0.0238095238095
52974	0.0238095238095
24717	0.0235294117647
26600	0.0235294117647
763	0.0232558139535
2687	0.0232558139535
3786	0.0232558139535
6383	0.0232558139535
10190	0.0232558139535
11061	0.0232558139535
21657	0.0232558139535
22584	0.0232558139535
27504	0.0232558139535
29409	0.0232558139535
31731	0.0232558139535
32814	0.0232558139535
35027	0.0232558139535
41510	0.0232558139535
45712	0.0232558139535
50958	0.0232558139535
52063	0.0232558139535
19420	0.0229885057471
41024	0.0229885057471
457	0.0227272727273
9338	0.0227272727273
9906	0.0227272727273
13073	0.0227272727273
19444	0.0227272727273
22765	0.0227272727273
24355	0.0227272727273
39419	0.0227272727273
40109	0.0227272727273
41497	0.0227272727273
42283	0.0227272727273
51556	0.0227272727273
59909	0.0227272727273
32130	0.0224719101124
41621	0.0224719101124
13061	0.0222222222222
14137	0.0222222222222
14270	0.0222222222222
17789	0.0222222222222
21489	0.0222222222222
21712	0.0222222222222
24316	0.0222222222222
25799	0.0222222222222
28165	0.0222222222222
31308	0.0222222222222
31907	0.0222222222222
32184	0.0222222222222
36726	0.0222222222222
40998	0.0222222222222
41888	0.0222222222222
42388	0.0222222222222
45900	0.0222222222222
52291	0.0222222222222
58620	0.0222222222222
60221	0.0222222222222
6222	0.021897810219
56	0.0217391304348
2707	0.0217391304348
9149	0.0217391304348
11339	0.0217391304348
16562	0.0217391304348
16720	0.0217391304348
22000	0.0217391304348
25313	0.0217391304348
26841	0.0217391304348
31471	0.0217391304348
36743	0.0217391304348
41162	0.0217391304348
42651	0.0217391304348
45203	0.0217391304348
45653	0.0217391304348
53110	0.0217391304348
3216	0.0212765957447
7310	0.0212765957447
9358	0.0212765957447
14407	0.0212765957447
19970	0.0212765957447
21790	0.0212765957447
26590	0.0212765957447
29656	0.0212765957447
30193	0.0212765957447
36548	0.0212765957447
41317	0.0212765957447
43265	0.0212765957447
47547	0.0212765957447
51130	0.0212765957447
51456	0.0212765957447
51741	0.0212765957447
165	0.0208333333333
3828	0.0208333333333
5572	0.0208333333333
6788	0.0208333333333
10400	0.0208333333333
12601	0.0208333333333
17286	0.0208333333333
18530	0.0208333333333
28667	0.0208333333333
28708	0.0208333333333
41970	0.0208333333333
42285	0.0208333333333
49597	0.0208333333333
51248	0.0208333333333
51979	0.0208333333333
52541	0.0208333333333
52661	0.0208333333333
53372	0.0208333333333
59608	0.0208333333333
7715	0.0204081632653
9130	0.0204081632653
10316	0.0204081632653
21353	0.0204081632653
27811	0.0204081632653
31676	0.0204081632653
41247	0.0204081632653
42207	0.0204081632653
44425	0.0204081632653
48973	0.0204081632653
52973	0.0204081632653
2656	0.02
5135	0.02
7875	0.02
14096	0.02
17264	0.02
21835	0.02
22625	0.02
33896	0.02
34971	0.02
37985	0.02
38757	0.02
41652	0.02
41827	0.02
43066	0.02
45994	0.02
47177	0.02
50185	0.02
50792	0.02
56707	0.02
23990	0.019801980198
2129	0.0196078431373
2480	0.0196078431373
2559	0.0196078431373
5880	0.0196078431373
9822	0.0196078431373
11022	0.0196078431373
13770	0.0196078431373
24981	0.0196078431373
27500	0.0196078431373
32589	0.0196078431373
37381	0.0196078431373
40862	0.0196078431373
41051	0.0196078431373
41449	0.0196078431373
48210	0.0196078431373
5165	0.0192307692308
21229	0.0192307692308
31516	0.0192307692308
40993	0.0192307692308
41372	0.0192307692308
41599	0.0192307692308
41658	0.0192307692308
42087	0.0192307692308
45890	0.0192307692308
47638	0.0192307692308
48212	0.0192307692308
51694	0.0192307692308
7115	0.0188679245283
7415	0.0188679245283
22982	0.0188679245283
41455	0.0188679245283
42197	0.0188679245283
42349	0.0188679245283
44333	0.0188679245283
46658	0.0188679245283
47445	0.0188679245283
51777	0.0188679245283
37190	0.018691588785
48978	0.018691588785
46832	0.0186335403727
2092	0.0185185185185
4015	0.0185185185185
4507	0.0185185185185
4983	0.0185185185185
5330	0.0185185185185
6592	0.0185185185185
7470	0.0185185185185
7482	0.0185185185185
10050	0.0185185185185
23531	0.0185185185185
29291	0.0185185185185
32493	0.0185185185185
39767	0.0185185185185
40942	0.0185185185185
41905	0.0185185185185
42053	0.0185185185185
42317	0.0185185185185
42531	0.0185185185185
42701	0.0185185185185
51020	0.0185185185185
51799	0.0185185185185
52367	0.0185185185185
52837	0.0185185185185
56368	0.0185185185185
4611	0.0183486238532
52738	0.0182926829268
8839	0.0181818181818
11661	0.0181818181818
22663	0.0181818181818
22939	0.0181818181818
27649	0.0181818181818
33004	0.0181818181818
34192	0.0181818181818
36356	0.0181818181818
39002	0.0181818181818
44286	0.0181818181818
52238	0.0181818181818
40482	0.0180722891566
59506	0.0180722891566
68	0.0178571428571
182	0.0178571428571
285	0.0178571428571
2925	0.0178571428571
3722	0.0178571428571
6473	0.0178571428571
8611	0.0178571428571
12873	0.0178571428571
15865	0.0178571428571
19696	0.0178571428571
21912	0.0178571428571
23117	0.0178571428571
32041	0.0178571428571
51854	0.0178571428571
52865	0.0178571428571
53239	0.0178571428571
60006	0.0178571428571
21719	0.0176991150442
269	0.0175438596491
3398	0.0175438596491
3427	0.0175438596491
5458	0.0175438596491
11000	0.0175438596491
24109	0.0175438596491
34735	0.0175438596491
35747	0.0175438596491
37591	0.0175438596491
39884	0.0175438596491
53214	0.0175438596491
25937	0.0174825174825
42973	0.0173913043478
7425	0.0172413793103
8218	0.0172413793103
9685	0.0172413793103
26310	0.0172413793103
32720	0.0172413793103
35926	0.0172413793103
36489	0.0172413793103
38575	0.0172413793103
41375	0.0172413793103
44776	0.0172413793103
47282	0.0172413793103
47294	0.0172413793103
50508	0.0172413793103
53396	0.0172413793103
41111	0.017094017094
1168	0.0169491525424
5597	0.0169491525424
21248	0.0169491525424
21281	0.0169491525424
26660	0.0169491525424
29515	0.0169491525424
38968	0.0169491525424
40177	0.0169491525424
41328	0.0169491525424
41914	0.0169491525424
44999	0.0169491525424
51949	0.0169491525424
52623	0.0169491525424
59611	0.0169491525424
60086	0.0169491525424
51213	0.0167597765363
1976	0.0166666666667
3538	0.0166666666667
24087	0.0166666666667
25952	0.0166666666667
33975	0.0166666666667
38063	0.0166666666667
41864	0.0166666666667
46447	0.0166666666667
50894	0.0166666666667
56066	0.0166666666667
2927	0.0165289256198
5781	0.016393442623
9923	0.016393442623
12394	0.016393442623
13854	0.016393442623
15589	0.016393442623
16913	0.016393442623
20642	0.016393442623
21696	0.016393442623
41235	0.016393442623
41286	0.016393442623
42001	0.016393442623
33680	0.0162601626016
46619	0.0162601626016
2071	0.0161290322581
3798	0.0161290322581
9669	0.0161290322581
14695	0.0161290322581
32084	0.0161290322581
42309	0.0161290322581
50146	0.0161290322581
51616	0.0161290322581
51693	0.0161290322581
52080	0.0161290322581
27128	0.015923566879
3328	0.015873015873
25383	0.015873015873
30007	0.015873015873
41432	0.015873015873
41656	0.015873015873
41710	0.015873015873
42291	0.015873015873
51636	0.015873015873
52180	0.015873015873
10266	0.0157894736842
41055	0.0157480314961
7392	0.015625
10177	0.015625
23983	0.015625
29554	0.015625
29680	0.015625
32659	0.015625
38681	0.015625
40356	0.015625
40557	0.015625
41184	0.015625
42097	0.015625
42302	0.015625
42714	0.015625
47668	0.015625
52940	0.015625
16076	0.0155440414508
39358	0.0155440414508
32246	0.015503875969
846	0.0153846153846
5368	0.0153846153846
14002	0.0153846153846
21310	0.0153846153846
21569	0.0153846153846
29365	0.0153846153846
30751	0.0153846153846
47064	0.0153846153846
49860	0.0153846153846
51421	0.0153846153846
289	0.0151515151515
15730	0.0151515151515
17696	0.0151515151515
34658	0.0151515151515
41334	0.0151515151515
46039	0.0151515151515
50056	0.0151515151515
53257	0.0151515151515
2104	0.015037593985
13076	0.015037593985
2415	0.0149253731343
4289	0.0149253731343
13099	0.0149253731343
17275	0.0149253731343
17280	0.0149253731343
17668	0.0149253731343
17735	0.0149253731343
26060	0.0149253731343
35961	0.0149253731343
39239	0.0149253731343
46742	0.0149253731343
50952	0.0149253731343
51012	0.0149253731343
51157	0.0149253731343
52017	0.0149253731343
41223	0.0148514851485
22621	0.0148148148148
2786	0.0147058823529
21982	0.0147058823529
51571	0.0147058823529
51865	0.0147058823529
52296	0.0147058823529
14126	0.0144927536232
16322	0.0144927536232
28745	0.0144927536232
29465	0.0144927536232
30679	0.0144927536232
39324	0.0144927536232
40923	0.0144927536232
41273	0.0144927536232
42790	0.0144927536232
44525	0.0144927536232
45610	0.0144927536232
25414	0.0143369175627
172	0.0142857142857
830	0.0142857142857
6036	0.0142857142857
10633	0.0142857142857
21425	0.0142857142857
25806	0.0142857142857
37186	0.0142857142857
39194	0.0142857142857
42409	0.0142857142857
45206	0.0142857142857
52581	0.0142857142857
51026	0.0141843971631
41521	0.0141509433962
4104	0.0140845070423
7180	0.0140845070423
15870	0.0140845070423
26529	0.0140845070423
28709	0.0140845070423
29010	0.0140845070423
33890	0.0140845070423
51319	0.0140845070423
23337	0.013986013986
2028	0.0138888888889
9646	0.0138888888889
10110	0.0138888888889
11168	0.0138888888889
34950	0.0138888888889
41318	0.0138888888889
41736	0.0138888888889
42675	0.0138888888889
51341	0.0138888888889
51760	0.0138888888889
14515	0.0137931034483
1508	0.013698630137
7449	0.013698630137
9178	0.013698630137
11430	0.013698630137
18022	0.013698630137
36395	0.013698630137
41390	0.013698630137
52641	0.013698630137
52857	0.013698630137
53029	0.013698630137
59681	0.013698630137
25444	0.0136518771331
51246	0.0136054421769
2460	0.0135135135135
27874	0.0135135135135
30209	0.0135135135135
30973	0.0135135135135
37747	0.0135135135135
38989	0.0135135135135
39034	0.0135135135135
41818	0.0135135135135
42928	0.0135135135135
52255	0.0135135135135
52874	0.0135135135135
12585	0.0134228187919
143	0.0133333333333
2644	0.0133333333333
11119	0.0133333333333
18295	0.0133333333333
25987	0.0133333333333
39965	0.0133333333333
41073	0.0133333333333
47273	0.0133333333333
50079	0.0133333333333
53004	0.0133333333333
41596	0.0132450331126
4418	0.0131578947368
14833	0.0131578947368
38739	0.0131578947368
40645	0.0131578947368
49141	0.0131578947368
52476	0.0131578947368
61411	0.0131578947368
4318	0.012987012987
8089	0.012987012987
10914	0.012987012987
21311	0.012987012987
22332	0.012987012987
23440	0.012987012987
27707	0.012987012987
27899	0.012987012987
34522	0.012987012987
41754	0.012987012987
43195	0.012987012987
51509	0.012987012987
52458	0.012987012987
3156	0.0129032258065
37557	0.0129032258065
16368	0.0128205128205
18366	0.0128205128205
18838	0.0128205128205
35526	0.0128205128205
39713	0.0128205128205
42111	0.0128205128205
42813	0.0128205128205
45354	0.0128205128205
42156	0.0127877237852
3843	0.0126582278481
35019	0.0126582278481
38201	0.0126582278481
41122	0.0126582278481
59731	0.0126582278481
34356	0.0126050420168
23742	0.0125523012552
14353	0.0125
33704	0.0125
47995	0.0125
51422	0.0125
51470	0.0125
27906	0.0124223602484
49392	0.0123966942149
3486	0.0123456790123
4753	0.0123456790123
9032	0.0123456790123
12475	0.0123456790123
13634	0.0123456790123
17095	0.0123456790123
23605	0.0123456790123
40961	0.0123456790123
41175	0.0123456790123
50494	0.0123456790123
37680	0.0122699386503
7311	0.0121951219512
18139	0.0121951219512
19465	0.0121951219512
25273	0.0121951219512
34149	0.0121951219512
39024	0.0121951219512
39548	0.0121951219512
41139	0.0121951219512
43522	0.0121951219512
51343	0.0121951219512
18607	0.0121457489879
35360	0.0121212121212
3866	0.0120481927711
10328	0.0120481927711
11887	0.0120481927711
12597	0.0120481927711
26567	0.0120481927711
30835	0.0120481927711
38748	0.0120481927711
43813	0.0120481927711
13642	0.0119760479042
1618	0.0119047619048
11128	0.0119047619048
33709	0.0119047619048
43269	0.0119047619048
6679	0.0117647058824
21715	0.0117647058824
22018	0.0117647058824
29603	0.0117647058824
30913	0.0117647058824
37046	0.0117647058824
42811	0.0117647058824
43920	0.0117647058824
51055	0.0117647058824
14343	0.0116959064327
42450	0.0116959064327
9720	0.0116279069767
37806	0.0116279069767
41343	0.0116279069767
51229	0.0116279069767
4867	0.0114942528736
6381	0.0114942528736
10103	0.0114942528736
17556	0.0114942528736
20527	0.0114942528736
26085	0.0114942528736
29067	0.0114942528736
29280	0.0114942528736
2660	0.0114285714286
50897	0.0114285714286
2811	0.0113636363636
14245	0.0113636363636
14573	0.0113636363636
35699	0.0113636363636
42040	0.0113636363636
43276	0.0113636363636
52638	0.0113636363636
8466	0.0112994350282
4661	0.0112359550562
8755	0.0112359550562
11775	0.0112359550562
18326	0.0112359550562
29933	0.0112359550562
29992	0.0112359550562
41095	0.0112359550562
52197	0.0112359550562
11776	0.0111731843575
25732	0.0111731843575
41088	0.0111731843575
2288	0.0111111111111
3754	0.0111111111111
10082	0.0111111111111
36606	0.0111111111111
43150	0.0111111111111
43834	0.0111111111111
51250	0.0111111111111
50864	0.0110701107011
52494	0.0110497237569
45223	0.011013215859
4398	0.010989010989
11300	0.010989010989
37776	0.010989010989
38932	0.010989010989
48252	0.010989010989
50898	0.010989010989
51792	0.010989010989
51795	0.010989010989
52952	0.010989010989
1015	0.0108695652174
13394	0.0108695652174
17723	0.0108695652174
18374	0.0108695652174
18813	0.0108695652174
27537	0.0108695652174
37775	0.0108695652174
42810	0.0108695652174
52615	0.0108695652174
52817	0.0108695652174
6542	0.010752688172
21557	0.010752688172
23619	0.010752688172
24173	0.010752688172
26509	0.010752688172
41490	0.010752688172
41525	0.010752688172
49335	0.010752688172
52576	0.010752688172
1676	0.0107142857143
33879	0.0106951871658
36967	0.0106951871658
18414	0.0106761565836
27094	0.0106761565836
22398	0.0106382978723
32700	0.0106382978723
34105	0.0106382978723
34649	0.0106382978723
41364	0.0106382978723
49985	0.0106382978723
50924	0.0106382978723
3747	0.0105263157895
14656	0.0105263157895
41222	0.0105263157895
48221	0.0105263157895
52711	0.0105263157895
36394	0.0104384133612
95	0.0104166666667
9502	0.0104166666667
26599	0.0104166666667
33544	0.0104166666667
41269	0.0104166666667
42704	0.0104166666667
21558	0.0103806228374
26235	0.0103626943005
17922	0.0103092783505
30185	0.0103092783505
41083	0.0103092783505
48910	0.0103092783505
49210	0.0103092783505
52560	0.0103092783505
55746	0.0103092783505
40969	0.0102739726027
1393	0.0102040816327
37194	0.0102040816327
45381	0.0102040816327
49136	0.0102040816327
51209	0.0102040816327
17066	0.010152284264
28055	0.0101351351351
5637	0.010101010101
27033	0.010101010101
33564	0.010101010101
41239	0.010101010101
41934	0.010101010101
7214	0.010067114094
3182	0.01
27045	0.01
33751	0.01
41634	0.01
51590	0.01
6632	0.00990099009901
37302	0.00990099009901
37670	0.00990099009901
41618	0.00990099009901
42363	0.00990099009901
50943	0.00990099009901
51563	0.00990099009901
52357	0.00990099009901
59562	0.00990099009901
14115	0.00986842105263
26195	0.00985221674877
16408	0.00980392156863
23054	0.00980392156863
37689	0.00980392156863
51228	0.00980392156863
9715	0.00970873786408
14839	0.00970873786408
20785	0.00970873786408
25169	0.00970873786408
41092	0.00970873786408
42514	0.00970873786408
11782	0.00966183574879
15306	0.00966183574879
1975	0.00961538461538
3664	0.00961538461538
4836	0.00961538461538
6375	0.00961538461538
9651	0.00961538461538
28805	0.00961538461538
29356	0.00961538461538
34369	0.00961538461538
34751	0.00961538461538
41078	0.00961538461538
52891	0.00961538461538
4695	0.00956937799043
41171	0.00956937799043
2681	0.00952380952381
9636	0.00952380952381
14381	0.00952380952381
23831	0.00952380952381
41206	0.00952380952381
47553	0.00952380952381
50886	0.00952380952381
20506	0.00944669365722
4156	0.00943396226415
4620	0.00943396226415
11748	0.00943396226415
25432	0.00943396226415
36275	0.00943396226415
52350	0.00943396226415
1309	0.0093896713615
41366	0.0093896713615
1364	0.00934579439252
22195	0.00934579439252
22231	0.00934579439252
33572	0.00934579439252
41370	0.0093023255814
12467	0.00925925925926
25918	0.00925925925926
26162	0.00925925925926
42320	0.00925925925926
43749	0.00925925925926
47475	0.00925925925926
21845	0.00917431192661
32684	0.00917431192661
50250	0.00917431192661
52521	0.00917431192661
497	0.0091533180778
31830	0.0091533180778
25431	0.00913242009132
38795	0.00913242009132
1655	0.00911854103343
32453	0.00911854103343
2145	0.00909090909091
3317	0.00909090909091
17690	0.00909090909091
23789	0.00909090909091
36105	0.00909090909091
39288	0.00909090909091
41004	0.00909090909091
43828	0.00909090909091
51429	0.00909090909091
38959	0.00906344410876
397	0.00900900900901
511	0.00900900900901
1361	0.00900900900901
22813	0.00900900900901
27859	0.00900900900901
39039	0.00900900900901
41002	0.00900900900901
43325	0.00900900900901
57862	0.00900900900901
689	0.00898876404494
40972	0.00898203592814
5218	0.00897666068223
10369	0.00892857142857
12343	0.00892857142857
26828	0.00892857142857
34373	0.00892857142857
50936	0.00892857142857
51011	0.00892857142857
39546	0.00890207715134
41583	0.00889679715302
41146	0.00888888888889
42374	0.00888888888889
5603	0.00884955752212
10727	0.00884955752212
22238	0.00884955752212
41172	0.00884955752212
48572	0.00882352941176
4523	0.00881057268722
2848	0.00877192982456
41303	0.00877192982456
41519	0.00877192982456
52055	0.00877192982456
52368	0.00877192982456
27255	0.00873362445415
4044	0.00869565217391
21523	0.00869565217391
29492	0.00869565217391
39210	0.00869565217391
47430	0.00869565217391
40318	0.00865800865801
3481	0.00862068965517
8729	0.00862068965517
14275	0.00862068965517
14360	0.00862068965517
33971	0.00862068965517
34210	0.00862068965517
14749	0.00858369098712
26584	0.00857142857143
36537	0.00854700854701
37052	0.00854700854701
40036	0.00854700854701
29453	0.00852272727273
19201	0.00851063829787
4604	0.00847457627119
21648	0.00847457627119
34724	0.00847457627119
50939	0.00847457627119
60005	0.00847457627119
4876	0.0084388185654
28043	0.0084388185654
44281	0.0084388185654
31656	0.00840336134454
36494	0.00840336134454
43787	0.00840336134454
47675	0.00840336134454
27927	0.00836820083682
23782	0.00833333333333
35245	0.00833333333333
51549	0.00833333333333
3531	0.00831600831601
10789	0.00826446280992
17583	0.00826446280992
21915	0.00826446280992
28633	0.00826446280992
40562	0.00826446280992
51173	0.00826446280992
59505	0.00826446280992
18205	0.0082304526749
3006	0.00819672131148
18641	0.00819672131148
20647	0.00819672131148
22919	0.00819672131148
38701	0.00819672131148
40394	0.00819672131148
27404	0.00816326530612
15373	0.00815217391304
17952	0.00813008130081
20738	0.00813008130081
31170	0.00813008130081
31340	0.00813008130081
45139	0.00813008130081
47628	0.00813008130081
52188	0.00813008130081
39383	0.0080971659919
16917	0.00808625336927
4006	0.00806451612903
17015	0.00806451612903
28285	0.00806451612903
41284	0.00806451612903
41354	0.00806451612903
51039	0.00806451612903
52332	0.00803212851406
7420	0.008
11489	0.008
18199	0.008
33830	0.008
41411	0.008
41642	0.008
53361	0.008
16420	0.00797872340426
44117	0.00796812749004
50923	0.00796812749004
1362	0.00793650793651
2090	0.00793650793651
34391	0.00793650793651
41682	0.00793650793651
41018	0.00788436268068
1273	0.00787401574803
7357	0.00787401574803
38078	0.00787401574803
42019	0.00787401574803
13418	0.0078125
50881	0.0078125
51313	0.0078125
20630	0.00777202072539
870	0.0077519379845
1167	0.0077519379845
14502	0.0077519379845
41129	0.00773195876289
3527	0.00770712909441
616	0.00769230769231
12325	0.00769230769231
15207	0.00769230769231
19792	0.00769230769231
22408	0.00769230769231
27209	0.00769230769231
28379	0.00769230769231
41793	0.00769230769231
2110	0.00763358778626
3865	0.00763358778626
11297	0.00763358778626
41536	0.00763358778626
41819	0.00763358778626
51496	0.00763358778626
5503	0.00761904761905
17596	0.0076103500761
1135	0.00757575757576
25570	0.00757575757576
28559	0.00757575757576
38708	0.00757575757576
43376	0.00757575757576
50944	0.00754716981132
761	0.00751879699248
13216	0.00751879699248
14277	0.00751879699248
15782	0.00751879699248
27409	0.00751879699248
28294	0.00751879699248
35920	0.00751879699248
37577	0.00751879699248
60331	0.00751879699248
17790	0.00749063670412
17939	0.00749063670412
24688	0.00746268656716
28673	0.00743494423792
1117	0.00740740740741
2850	0.00740740740741
5634	0.00740740740741
11095	0.00740740740741
19288	0.00740740740741
22798	0.00740740740741
53134	0.00740740740741
30917	0.00735294117647
51164	0.00735294117647
51709	0.00735294117647
57496	0.00735294117647
12998	0.0073126142596
16340	0.00729927007299
28820	0.00729927007299
32120	0.00729927007299
39323	0.00729927007299
41398	0.00729927007299
43414	0.00729927007299
29394	0.00727272727273
9295	0.00724637681159
13058	0.00724637681159
19799	0.00724637681159
29739	0.00724637681159
30585	0.00724637681159
41890	0.00724637681159
51225	0.00724637681159
5599	0.00719424460432
11060	0.00719424460432
30793	0.00719424460432
17605	0.00716845878136
28750	0.00714285714286
35039	0.00714285714286
51568	0.00714285714286
2411	0.00709219858156
18836	0.00709219858156
26486	0.00709219858156
30635	0.00709219858156
4704	0.00704225352113
9245	0.00704225352113
22654	0.00704225352113
32651	0.00704225352113
51393	0.00704225352113
12388	0.00700934579439
4347	0.00699300699301
4625	0.00699300699301
4977	0.00699300699301
5460	0.00699300699301
6564	0.00699300699301
51415	0.00699300699301
52240	0.00699300699301
25738	0.00697471665214
27226	0.00694444444444
38293	0.00694444444444
40847	0.00694444444444
13955	0.00692041522491
39585	0.00692041522491
20573	0.00689655172414
27288	0.00689655172414
53040	0.00689655172414
3022	0.00687285223368
554	0.00684931506849
2829	0.00684931506849
15638	0.00684931506849
19090	0.00684931506849
22251	0.00684931506849
3445	0.00682593856655
3991	0.00680272108844
3436	0.00675675675676
34350	0.00675675675676
2610	0.00671140939597
6954	0.00671140939597
10010	0.00671140939597
39085	0.00671140939597
41106	0.00671140939597
50915	0.00671140939597
2463	0.00670498084291
29861	0.00668151447661
37111	0.00667779632721
5164	0.00666666666667
6781	0.00666666666667
13121	0.00666666666667
34224	0.00664451827243
14122	0.00662251655629
16379	0.00662251655629
17301	0.00662251655629
22830	0.00662251655629
23244	0.00662251655629
26318	0.00662251655629
42424	0.00660066006601
13040	0.00657894736842
22684	0.00657894736842
874	0.00653594771242
12432	0.00653594771242
41832	0.00653594771242
51071	0.00653594771242
49394	0.00652173913043
7444	0.00651465798046
11172	0.00649350649351
24958	0.00649350649351
35958	0.00649350649351
46722	0.00649350649351
11196	0.00645161290323
17152	0.00645161290323
18967	0.00645161290323
23299	0.00645161290323
41093	0.00645161290323
12610	0.00644122383253
5100	0.00641025641026
13063	0.00641025641026
35100	0.00641025641026
40893	0.00641025641026
40986	0.00641025641026
41039	0.00641025641026
41098	0.00641025641026
51784	0.00641025641026
41058	0.0063829787234
2409	0.00636942675159
17637	0.00636942675159
17979	0.00636942675159
20591	0.00636942675159
24457	0.00636942675159
4916	0.00635208711434
41403	0.00634920634921
5715	0.00632911392405
15851	0.00632911392405
26059	0.00632911392405
19687	0.0062893081761
35728	0.0062893081761
1064	0.00626959247649
27125	0.00625
29309	0.00623700623701
384	0.00621118012422
12501	0.00621118012422
38584	0.00621118012422
41059	0.00621118012422
41224	0.00621118012422
254	0.00617283950617
5616	0.00617283950617
37114	0.00617283950617
41250	0.00617283950617
43200	0.00617283950617
38262	0.00615384615385
2403	0.00613496932515
16912	0.00613496932515
32009	0.00613496932515
33405	0.00613496932515
41015	0.00611620795107
26566	0.00609756097561
33780	0.00609756097561
5643	0.00608828006088
18361	0.00606060606061
2825	0.00602409638554
17711	0.00602409638554
41355	0.00602409638554
15714	0.0059880239521
41156	0.0059880239521
11	0.00595829195631
15381	0.00595238095238
18815	0.00595238095238
22838	0.00595238095238
30789	0.00595238095238
14140	0.00593471810089
1537	0.00591715976331
3598	0.00591715976331
7344	0.00591715976331
17915	0.00591715976331
25384	0.00591715976331
37409	0.00591715976331
41029	0.00591715976331
51155	0.00591715976331
29686	0.00589970501475
3946	0.00588235294118
11232	0.00588235294118
16723	0.00588235294118
22805	0.00588235294118
25487	0.00588235294118
29845	0.00588235294118
34121	0.00588235294118
41391	0.00588235294118
50987	0.00588235294118
40964	0.0058651026393
41609	0.0058651026393
2588	0.00584795321637
10852	0.00584795321637
40489	0.00584795321637
41593	0.00584795321637
29591	0.00581395348837
32594	0.00581395348837
34241	0.00581395348837
21797	0.00580270793037
1390	0.00578034682081
17948	0.00578034682081
18701	0.00578034682081
27218	0.00578034682081
41062	0.00578034682081
28405	0.00576701268743
30980	0.00576036866359
4708	0.00575539568345
23211	0.00574712643678
29024	0.00574712643678
40992	0.00574712643678
1700	0.00573065902579
41068	0.00571973307912
955	0.00571428571429
9488	0.00571428571429
10736	0.00571428571429
31850	0.00571428571429
33727	0.00571428571429
51485	0.00571428571429
23285	0.00568181818182
25554	0.00568181818182
32087	0.00568181818182
35162	0.00568181818182
40625	0.00568181818182
49336	0.00568181818182
51120	0.00568181818182
25078	0.0056657223796
28821	0.00566037735849
34667	0.00564971751412
50957	0.00561797752809
34897	0.00560224089636
16935	0.00558659217877
19338	0.00558659217877
41278	0.00558659217877
3312	0.00555555555556
9252	0.00555555555556
22383	0.00555555555556
51655	0.00555555555556
8732	0.00554528650647
27651	0.00554016620499
24970	0.00552486187845
30466	0.00552486187845
40976	0.00552486187845
216	0.00550964187328
2007	0.00550055005501
34367	0.00549954170486
775	0.00549450549451
23121	0.00549450549451
23248	0.00549450549451
25453	0.00549450549451
34830	0.00549450549451
50760	0.00549450549451
52065	0.00549450549451
2333	0.00546946216955
10792	0.00546448087432
23265	0.00546448087432
35136	0.00546448087432
41177	0.00546448087432
51211	0.00546448087432
921	0.00544959128065
1231	0.0054347826087
37238	0.0054347826087
41204	0.0054347826087
41546	0.0054347826087
41968	0.0054347826087
30471	0.00542005420054
5367	0.00537634408602
7505	0.00537634408602
25047	0.00537634408602
18661	0.00534759358289
32042	0.00534759358289
2419	0.00533333333333
12188	0.00531914893617
9135	0.0053050397878
25098	0.00530035335689
4153	0.00529100529101
16273	0.00529100529101
32483	0.00529100529101
34073	0.00529100529101
35809	0.00529100529101
39343	0.00529100529101
41610	0.00529100529101
13056	0.00528169014085
2865	0.00526315789474
24889	0.00526315789474
37737	0.00525394045534
14207	0.00524934383202
29218	0.00524934383202
2381	0.00523560209424
25891	0.00523560209424
51212	0.00521739130435
3204	0.00520833333333
54	0.00518134715026
41074	0.00518134715026
867	0.00516795865633
1680	0.00514138817481
21507	0.00512820512821
36686	0.00512820512821
2216	0.00510204081633
896	0.00507614213198
2169	0.00507614213198
22230	0.00507614213198
22524	0.00507614213198
22572	0.00507614213198
41010	0.00507614213198
41530	0.00505050505051
1743	0.00504201680672
30899	0.00501253132832
4439	0.005
29360	0.005
35581	0.005
41085	0.005
1119	0.00497512437811
32738	0.00497512437811
51096	0.00497512437811
1628	0.00496894409938
3781	0.0049504950495
7956	0.0049504950495
15636	0.0049504950495
18972	0.0049504950495
40541	0.0049504950495
41047	0.0049504950495
1853	0.00492610837438
39709	0.00492610837438
22743	0.00490596892886
6812	0.00490196078431
9761	0.00490196078431
47787	0.00490196078431
26863	0.00488599348534
2595	0.00487804878049
5419	0.00487804878049
27471	0.00487804878049
51019	0.00487804878049
5432	0.00487125956855
1380	0.00485436893204
7175	0.00485436893204
7533	0.00485436893204
35049	0.00483870967742
9625	0.0048309178744
2515	0.00480769230769
10166	0.00478468899522
21978	0.00478468899522
41942	0.00478468899522
29277	0.0047619047619
33678	0.0047619047619
50885	0.0047619047619
53342	0.0047619047619
41071	0.00475059382423
1048	0.00474383301708
20802	0.00473933649289
27525	0.00473933649289
28610	0.00473933649289
39366	0.00473933649289
4173	0.00472813238771
14716	0.00471698113208
7312	0.00471253534402
27890	0.0046783625731
1739	0.00467289719626
3859	0.00467289719626
5553	0.00467289719626
34999	0.00467289719626
27051	0.0046511627907
7518	0.00462962962963
11165	0.00462962962963
40289	0.00462962962963
41037	0.00460829493088
17611	0.0045871559633
20529	0.0045871559633
26602	0.004569687738
11675	0.00456621004566
18613	0.00455927051672
13742	0.00454545454545
29444	0.00454545454545
34929	0.00454545454545
992	0.00453857791225
17346	0.00452488687783
20542	0.00451127819549
27535	0.00451127819549
5120	0.0044776119403
3827	0.00447427293065
32823	0.00446428571429
51099	0.00446428571429
28832	0.00445434298441
2787	0.00444444444444
3273	0.00444444444444
18172	0.00444444444444
41045	0.00444444444444
52697	0.00444444444444
13933	0.00442477876106
50851	0.00440528634361
50875	0.00440528634361
52258	0.00440528634361
39209	0.00436681222707
40411	0.00436681222707
21545	0.00434782608696
253	0.0043431053203
3280	0.004329004329
26934	0.004329004329
40977	0.004329004329
41332	0.004329004329
29780	0.00431034482759
2186	0.00430416068867
31879	0.00429184549356
5693	0.00428265524625
3419	0.00426439232409
37392	0.00426136363636
11169	0.00425531914894
50105	0.00424628450106
2127	0.00423728813559
29055	0.00423728813559
41329	0.00423728813559
2745	0.00422832980973
4057	0.0042194092827
19599	0.00421052631579
9200	0.00420609884332
1062	0.00420168067227
4900	0.00420168067227
17068	0.00420168067227
51724	0.00420168067227
37169	0.00418410041841
5231	0.00416883793643
4390	0.00416666666667
52471	0.00416666666667
76	0.00415627597672
33634	0.00415512465374
31440	0.00415282392027
210	0.00414937759336
4327	0.00414937759336
30805	0.00414937759336
38492	0.00413793103448
37104	0.00413223140496
41041	0.00413223140496
41499	0.00413223140496
29854	0.0041095890411
1902	0.00409836065574
37762	0.00409836065574
7419	0.00408163265306
9138	0.00406504065041
30849	0.00406504065041
41054	0.00406504065041
2	0.00405268490375
50327	0.00403225806452
2344	0.00402819738167
5593	0.00402414486922
34145	0.00401606425703
10287	0.00398406374502
41164	0.00398406374502
4339	0.00396825396825
4518	0.00395083406497
3729	0.00394477317554
40968	0.00393700787402
35345	0.00393184796855
2733	0.00392156862745
4846	0.00392156862745
40970	0.00392156862745
17147	0.00390625
20875	0.00390625
27358	0.00390625
44951	0.00390625
33841	0.00389105058366
33895	0.00389105058366
37427	0.00389105058366
5673	0.00388349514563
4005	0.00387596899225
47637	0.00387596899225
9647	0.00385356454721
38203	0.00383771929825
34920	0.00383141762452
6789	0.00381679389313
41347	0.00381679389313
13318	0.00380228136882
3733	0.00379867046534
26416	0.00374531835206
38080	0.00373134328358
51178	0.00373134328358
9642	0.00372208436725
4655	0.00372124492558
30269	0.00371747211896
39852	0.00371747211896
44184	0.00371747211896
5420	0.00370828182942
4563	0.00370713623726
18556	0.0037037037037
10251	0.00369003690037
28128	0.00369003690037
29372	0.00369003690037
2313	0.00367647058824
11769	0.00367647058824
41326	0.00367647058824
38232	0.003663003663
19601	0.0036496350365
39602	0.0036496350365
27489	0.00362976406534
4711	0.0036231884058
11504	0.0036231884058
41016	0.00362056480811
25405	0.00361010830325
37426	0.0036036036036
18960	0.00359281437126
33887	0.00358422939068
41065	0.00355871886121
17566	0.00355239786856
38794	0.00354609929078
2312	0.00353982300885
4489	0.00353356890459
1931	0.00352112676056
4242	0.00352112676056
41417	0.0034965034965
14750	0.00348432055749
41368	0.00348432055749
52018	0.00348432055749
862	0.00347222222222
1020	0.00347222222222
11381	0.00347222222222
32832	0.00346020761246
5519	0.00345423143351
16449	0.00343642611684
28286	0.00343642611684
50879	0.00340136054422
51006	0.00338983050847
11655	0.00338409475465
2448	0.00337837837838
2401	0.003367003367
21772	0.00335570469799
8709	0.00334001336005
23011	0.00333333333333
6444	0.00332225913621
5112	0.00331564986737
29145	0.00331125827815
1928	0.003300330033
18699	0.00328947368421
14253	0.00326797385621
34637	0.00326797385621
40965	0.00324939073924
1239	0.00324675324675
8681	0.00324675324675
41258	0.00323624595469
41307	0.00323624595469
51027	0.00323624595469
18311	0.00322234156821
4578	0.00321888412017
52225	0.0032154340836
20416	0.00321027287319
1918	0.00320512820513
23999	0.00320512820513
11481	0.00319488817891
17355	0.00318979266348
28742	0.00318809776833
22643	0.0031746031746
51156	0.0031746031746
27809	0.00316455696203
118	0.00315457413249
13339	0.00315457413249
7299	0.00314465408805
35237	0.00314465408805
41126	0.00314465408805
30020	0.00310559006211
41972	0.00310559006211
900	0.0030959752322
16927	0.0030959752322
17715	0.0030959752322
27527	0.0030959752322
41243	0.0030959752322
26893	0.00305810397554
33621	0.00303951367781
5157	0.00303797468354
40982	0.0030303030303
4868	0.00301204819277
4430	0.00297176820208
5774	0.00296735905045
39785	0.00296735905045
41434	0.00295857988166
259	0.00294985250737
41165	0.00294985250737
869	0.00293111871031
2030	0.00291545189504
28810	0.00291545189504
22579	0.00289855072464
38793	0.00289687137891
9656	0.00289435600579
4764	0.0028818443804
37198	0.0028818443804
10250	0.00287356321839
34147	0.00287356321839
2613	0.00286944045911
35563	0.00286885245902
23786	0.00286532951289
11307	0.00285714285714
18301	0.00285714285714
47611	0.00282485875706
21906	0.00281690140845
3788	0.00280898876404
5237	0.00280898876404
33850	0.00280112044818
25324	0.00278551532033
47774	0.00278551532033
50855	0.00277008310249
7317	0.0027397260274
9251	0.00273224043716
30799	0.00273224043716
11359	0.00271739130435
51989	0.00271739130435
6689	0.00271002710027
3059	0.00270635994587
5809	0.0027027027027
28830	0.0027027027027
29971	0.0027027027027
1497	0.00269251480883
40962	0.00268336314848
50933	0.00267379679144
21323	0.00265957446809
6427	0.00264705882353
7442	0.0026455026455
2840	0.00264317180617
14352	0.00263157894737
24522	0.00263157894737
18515	0.00261780104712
36999	0.00261096605744
19547	0.00260416666667
19598	0.00260078023407
12017	0.0025974025974
23481	0.0025706940874
11664	0.0025641025641
9538	0.00256191289496
23688	0.00255102040816
18777	0.00254237288136
3689	0.00252525252525
31483	0.00251256281407
893	0.00250501002004
41031	0.00248447204969
20818	0.00248138957816
51133	0.00248138957816
41090	0.00246913580247
23174	0.00246305418719
24684	0.002457002457
18584	0.00243902439024
10281	0.00243309002433
1113	0.00240963855422
7100	0.00240963855422
41467	0.00239234449761
31536	0.00238095238095
3365	0.00237529691211
41027	0.00236406619385
22971	0.00234741784038
13111	0.00234466588511
35045	0.00232558139535
38191	0.00232558139535
2290	0.00232423009878
7300	0.00232018561485
39136	0.00231124807396
8397	0.00230414746544
868	0.00229885057471
562	0.00227272727273
3499	0.00224719101124
1503	0.00222469410456
26805	0.00222419928826
23666	0.00220750551876
1399	0.00220264317181
20075	0.0021978021978
16447	0.00219298245614
4654	0.00217391304348
631	0.0021645021645
40988	0.00215982721382
4137	0.00213675213675
12423	0.00212314225053
35703	0.00212314225053
33762	0.00211416490486
27865	0.00205761316872
36392	0.00204081632653
39549	0.00202839756592
5768	0.00199203187251
41109	0.00198412698413
34858	0.00193798449612
5204	0.00192184497117
4396	0.00191693290735
40971	0.00188679245283
32862	0.00184842883549
22929	0.00182315405652
13935	0.00181818181818
21745	0.00179211469534
39915	0.00178890876565
22744	0.00175438596491
949	0.00174825174825
28407	0.00172711571675
29863	0.00172117039587
12969	0.00171232876712
41116	0.00168918918919
38925	0.00167504187605
7261	0.00165289256198
2326	0.00161030595813
4121	0.0016051364366
18456	0.0016
25113	0.00152905198777
6304	0.00152671755725
23150	0.00152671755725
50863	0.00142247510669
2037	0.00140449438202
3133	0.00132100396301
1422	0.0013037809648
40995	0.00130208333333
1118	0.00128205128205
39447	0.00118764845606
5000	0.0011013215859
2898	0.00108342361863
7340	0.0010593220339
4937	0.00102564102564
36398	0.000970873786408
11727	0.000936329588015
3933	0.00091407678245
28051	0.000791139240506
