6860	0.333333333333
11138	0.333333333333
19748	0.333333333333
27159	0.333333333333
28512	0.333333333333
30199	0.333333333333
36014	0.333333333333
46485	0.333333333333
49097	0.333333333333
57462	0.333333333333
2383	0.25
7431	0.25
9783	0.25
11466	0.25
11939	0.25
15296	0.25
33635	0.25
34883	0.25
37739	0.25
56197	0.25
56259	0.25
58695	0.25
61020	0.25
10197	0.2
12912	0.2
19821	0.2
27931	0.2
29119	0.2
33252	0.2
33310	0.2
38481	0.2
42981	0.2
44259	0.2
44771	0.2
53063	0.2
53622	0.2
852	0.166666666667
15855	0.166666666667
16435	0.166666666667
27929	0.166666666667
37713	0.166666666667
40615	0.166666666667
47392	0.166666666667
58721	0.166666666667
8686	0.142857142857
24695	0.142857142857
27740	0.142857142857
28287	0.142857142857
47937	0.142857142857
58004	0.142857142857
28706	0.125
42834	0.125
51235	0.125
56633	0.125
60180	0.125
60970	0.125
3138	0.111111111111
4154	0.111111111111
8784	0.111111111111
14678	0.111111111111
19013	0.111111111111
29414	0.111111111111
42734	0.111111111111
43974	0.111111111111
46956	0.111111111111
54903	0.111111111111
54985	0.111111111111
56463	0.111111111111
3310	0.1
15347	0.1
35598	0.1
60535	0.1
61199	0.1
5376	0.0909090909091
5952	0.0909090909091
25646	0.0909090909091
28202	0.0909090909091
30733	0.0909090909091
33831	0.0909090909091
36964	0.0909090909091
40501	0.0909090909091
42518	0.0909090909091
48916	0.0909090909091
49202	0.0909090909091
55791	0.0909090909091
58759	0.0909090909091
60122	0.0909090909091
3568	0.0869565217391
331	0.0833333333333
692	0.0833333333333
6321	0.0833333333333
13987	0.0833333333333
16777	0.0833333333333
22785	0.0833333333333
23670	0.0833333333333
40601	0.0833333333333
41580	0.0833333333333
41643	0.0833333333333
43050	0.0833333333333
45443	0.0833333333333
49586	0.0833333333333
56482	0.0833333333333
58161	0.0833333333333
60543	0.0833333333333
6825	0.0769230769231
9781	0.0769230769231
35691	0.0769230769231
54389	0.0769230769231
59155	0.0769230769231
12594	0.0714285714286
22522	0.0714285714286
27190	0.0714285714286
28966	0.0714285714286
41677	0.0714285714286
42314	0.0714285714286
48547	0.0714285714286
3155	0.0666666666667
19406	0.0666666666667
24953	0.0666666666667
25843	0.0666666666667
42591	0.0666666666667
53126	0.0666666666667
1554	0.0625
9724	0.0625
17421	0.0625
25471	0.0625
33250	0.0625
54233	0.0625
15798	0.0588235294118
33985	0.0588235294118
36827	0.0588235294118
52019	0.0588235294118
27082	0.0555555555556
33114	0.0555555555556
41252	0.0555555555556
47247	0.0555555555556
50922	0.0555555555556
52171	0.0555555555556
53103	0.0555555555556
59733	0.0555555555556
1006	0.0526315789474
13204	0.0526315789474
14314	0.0526315789474
37537	0.0526315789474
43105	0.0526315789474
43506	0.0526315789474
46897	0.0526315789474
59741	0.0526315789474
466	0.05
1166	0.05
3921	0.05
4442	0.05
17877	0.05
25101	0.05
40538	0.05
4933	0.047619047619
32870	0.047619047619
50623	0.047619047619
54708	0.047619047619
17342	0.0454545454545
18348	0.0454545454545
34158	0.0454545454545
41837	0.0454545454545
98	0.0434782608696
6872	0.0434782608696
8228	0.0434782608696
16638	0.0434782608696
18832	0.0434782608696
19080	0.0434782608696
27223	0.0434782608696
29252	0.0434782608696
34518	0.0434782608696
48223	0.0434782608696
17228	0.0416666666667
17695	0.0416666666667
3074	0.04
9743	0.04
24577	0.04
30987	0.04
38265	0.04
59700	0.04
175	0.0384615384615
25086	0.0384615384615
51759	0.0384615384615
5608	0.037037037037
39853	0.037037037037
42064	0.037037037037
7395	0.0357142857143
23071	0.0357142857143
46084	0.0357142857143
52859	0.0357142857143
60554	0.0357142857143
29998	0.0344827586207
40620	0.0344827586207
41586	0.0344827586207
41955	0.0344827586207
50246	0.0344827586207
52185	0.0344827586207
70	0.0333333333333
46776	0.0333333333333
51207	0.0333333333333
52726	0.0333333333333
53034	0.0333333333333
1120	0.0322580645161
22107	0.0322580645161
26818	0.0322580645161
36977	0.0322580645161
50343	0.0322580645161
54298	0.0322580645161
3786	0.03125
16617	0.03125
31801	0.03125
33331	0.03125
39038	0.03125
41454	0.03125
42149	0.03125
48253	0.03125
51098	0.03125
51591	0.03125
51740	0.03125
39782	0.0307692307692
7437	0.030303030303
11171	0.030303030303
27685	0.030303030303
32415	0.030303030303
36125	0.030303030303
41551	0.030303030303
59514	0.030303030303
59707	0.030303030303
42284	0.0294117647059
1215	0.0285714285714
4761	0.0285714285714
6792	0.0285714285714
16909	0.0285714285714
41961	0.0285714285714
51933	0.0285714285714
6391	0.0277777777778
11770	0.0277777777778
14214	0.0277777777778
36483	0.0277777777778
43475	0.0277777777778
49571	0.0277777777778
51958	0.0277777777778
165	0.027027027027
18292	0.027027027027
32398	0.027027027027
39179	0.027027027027
51979	0.027027027027
43003	0.0263157894737
52759	0.0263157894737
52898	0.0263157894737
53277	0.0263157894737
60429	0.0263157894737
1505	0.025641025641
19802	0.025641025641
53232	0.025641025641
8873	0.025
27273	0.025
28323	0.025
38051	0.025
42919	0.025
15820	0.0243902439024
28477	0.0243902439024
42044	0.0243902439024
42318	0.0243902439024
45890	0.0243902439024
36096	0.0238095238095
43348	0.0238095238095
47467	0.0238095238095
37897	0.0232558139535
6235	0.0227272727273
41442	0.0227272727273
41868	0.0227272727273
42412	0.0227272727273
61173	0.0227272727273
3559	0.0222222222222
3867	0.0222222222222
14019	0.0222222222222
3398	0.0217391304348
25012	0.0217391304348
42657	0.0217391304348
50527	0.0217391304348
1690	0.0212765957447
11875	0.0212765957447
36489	0.0212765957447
38573	0.0212765957447
40657	0.0212765957447
35484	0.0208333333333
37795	0.0208333333333
41160	0.0208333333333
4630	0.0204081632653
17601	0.02
17734	0.02
21345	0.02
27643	0.02
33926	0.02
3798	0.0196078431373
7293	0.0196078431373
38452	0.0196078431373
42309	0.0196078431373
6711	0.0192307692308
11766	0.0192307692308
41656	0.0192307692308
42248	0.0192307692308
18134	0.0190476190476
5538	0.0188679245283
7392	0.0188679245283
12731	0.0188679245283
29680	0.0188679245283
49313	0.0188679245283
41381	0.0185185185185
43890	0.0185185185185
1555	0.0181818181818
2578	0.0178571428571
5106	0.0178571428571
11550	0.0178571428571
13451	0.0178571428571
41931	0.0178571428571
51157	0.0178571428571
15325	0.0176991150442
5161	0.0175438596491
23079	0.0172413793103
38572	0.0172413793103
38682	0.0172413793103
51401	0.0172413793103
14105	0.0169491525424
25806	0.0169491525424
28719	0.0169491525424
41022	0.0169491525424
45206	0.0169491525424
2087	0.0166666666667
29573	0.0166666666667
34985	0.0166666666667
2144	0.016393442623
2282	0.016393442623
2358	0.016393442623
41716	0.016393442623
42925	0.0161290322581
52641	0.0161290322581
52874	0.015873015873
59906	0.015873015873
186	0.015625
51292	0.015625
4128	0.0153846153846
10914	0.0151515151515
18773	0.0151515151515
52458	0.0151515151515
15354	0.0149253731343
28545	0.0149253731343
42813	0.0149253731343
9924	0.0147058823529
28456	0.0147058823529
38307	0.0147058823529
38547	0.0147058823529
5754	0.0144927536232
20080	0.0144927536232
33704	0.0144927536232
40208	0.0144927536232
41380	0.0144927536232
39722	0.0142857142857
2424	0.0140845070423
12943	0.0140845070423
32927	0.0140845070423
41548	0.0140845070423
50291	0.0140845070423
33922	0.013986013986
13063	0.0138888888889
18596	0.0138888888889
34190	0.0138888888889
10607	0.0135135135135
29603	0.0135135135135
40202	0.0135135135135
51290	0.0135135135135
16448	0.0133333333333
43391	0.0133333333333
52079	0.0133333333333
52733	0.0133333333333
10103	0.0131578947368
18673	0.0131578947368
34095	0.0131578947368
1740	0.012987012987
38287	0.0128205128205
3754	0.0126582278481
7734	0.0126582278481
42339	0.0125
43371	0.0125
52415	0.0125
819	0.0123456790123
1015	0.0123456790123
35698	0.0123456790123
52615	0.0123456790123
61042	0.0123456790123
41197	0.0121951219512
41525	0.0121951219512
41694	0.0121951219512
32700	0.0120481927711
40104	0.0120481927711
3690	0.0119047619048
32058	0.0119047619048
41385	0.0119047619048
43575	0.0119047619048
41269	0.0117647058824
48662	0.0116279069767
48910	0.0116279069767
377	0.0114942528736
50873	0.0114942528736
52089	0.0114942528736
3182	0.0112359550562
28749	0.0112359550562
41634	0.0112359550562
42363	0.0111111111111
5350	0.010989010989
23514	0.010989010989
25165	0.010989010989
35486	0.010989010989
51079	0.010989010989
52092	0.010989010989
3575	0.0108695652174
14839	0.0108695652174
43542	0.0108695652174
2681	0.0106382978723
23831	0.0106382978723
17389	0.0104166666667
22195	0.0104166666667
4512	0.0103092783505
18403	0.0103092783505
51359	0.0103092783505
51152	0.0102040816327
22031	0.010101010101
397	0.01
6634	0.01
17188	0.01
37156	0.01
12343	0.00990099009901
18643	0.00990099009901
26828	0.00990099009901
41943	0.00980392156863
30880	0.00970873786408
31720	0.00970873786408
41136	0.00970873786408
3120	0.00961538461538
11871	0.00961538461538
38795	0.00961538461538
47430	0.00961538461538
20111	0.00952380952381
41225	0.00952380952381
59890	0.00952380952381
38818	0.00943396226415
2367	0.00925925925926
6904	0.00917431192661
25240	0.00917431192661
26674	0.00909090909091
36976	0.00909090909091
40562	0.00909090909091
22919	0.00900900900901
25305	0.00900900900901
50812	0.00892857142857
52188	0.00892857142857
4006	0.00884955752212
17015	0.00884955752212
21377	0.00884955752212
32146	0.00884955752212
51039	0.00884955752212
5672	0.00877192982456
11489	0.00877192982456
30324	0.00877192982456
17554	0.00869565217391
25324	0.00867052023121
1273	0.00862068965517
2094	0.00862068965517
25810	0.00854700854701
27207	0.00854700854701
41055	0.00854700854701
28379	0.00840336134454
38330	0.00840336134454
41443	0.00840336134454
9818	0.00833333333333
3492	0.00826446280992
43376	0.00826446280992
51281	0.00826446280992
761	0.00819672131148
3793	0.00819672131148
4070	0.00819672131148
14277	0.00819672131148
35920	0.00819672131148
51054	0.00819672131148
2104	0.00813008130081
56100	0.00813008130081
16340	0.00793650793651
43414	0.00793650793651
41890	0.00787401574803
26416	0.0078431372549
755	0.0078125
11798	0.0078125
31864	0.0078125
32318	0.0078125
40344	0.0078125
38790	0.0077519379845
4704	0.00763358778626
1752	0.00757575757576
4347	0.00757575757576
28709	0.00757575757576
27910	0.00751879699248
37800	0.00751879699248
20573	0.00746268656716
37201	0.00746268656716
554	0.00740740740741
14515	0.00740740740741
7390	0.00738007380074
14459	0.00735294117647
27642	0.00735294117647
36594	0.00735294117647
27171	0.00729927007299
51246	0.00729927007299
11381	0.00724637681159
1039	0.00719424460432
12585	0.00719424460432
41066	0.00714285714286
51821	0.00714285714286
35047	0.00709219858156
5089	0.00704225352113
51071	0.00704225352113
18967	0.00694444444444
36364	0.00689655172414
37557	0.00689655172414
20591	0.00684931506849
24457	0.00684931506849
41224	0.00666666666667
254	0.00662251655629
2403	0.00657894736842
4508	0.00657894736842
18283	0.00657894736842
21989	0.00657894736842
33405	0.00657894736842
41403	0.00657894736842
456	0.00649350649351
13064	0.00641025641026
5616	0.00638977635783
7411	0.00636942675159
30762	0.00636942675159
40482	0.00636942675159
51029	0.00636942675159
25942	0.00632911392405
51155	0.00632911392405
51838	0.00632911392405
3946	0.0062893081761
22026	0.0062893081761
22401	0.0062893081761
41391	0.0062893081761
50987	0.0062893081761
2588	0.00625
4868	0.00625
6679	0.00625
40489	0.00625
42954	0.00625
9720	0.00617283950617
17948	0.00617283950617
7751	0.00613496932515
40992	0.00613496932515
10736	0.00609756097561
31850	0.00609756097561
33727	0.00609756097561
39360	0.00609756097561
19897	0.00606060606061
20675	0.00606060606061
35162	0.00606060606061
18701	0.00597014925373
52383	0.00595238095238
41040	0.00591715976331
5116	0.00584795321637
23248	0.00584795321637
33692	0.00584795321637
52494	0.00584795321637
37776	0.00581395348837
42378	0.00574712643678
7460	0.00571428571429
7505	0.00571428571429
18112	0.00571428571429
32042	0.00568181818182
11749	0.00564971751412
48489	0.00564971751412
51038	0.00561797752809
23373	0.00558659217877
24889	0.00558659217877
30982	0.00555555555556
26599	0.00549450549451
3250	0.0054347826087
36686	0.0054347826087
896	0.00537634408602
41452	0.00537634408602
41085	0.00529100529101
492	0.00518134715026
26195	0.00518134715026
51133	0.00511508951407
52029	0.00510204081633
15306	0.00507614213198
932	0.00506329113924
24684	0.00506329113924
4705	0.00502512562814
4706	0.00502512562814
50885	0.00502512562814
5056	0.005
41555	0.005
27579	0.00497512437811
1309	0.00492610837438
11165	0.00487804878049
41037	0.00485436893204
20529	0.0048309178744
13095	0.00471698113208
40981	0.00467289719626
13933	0.0046511627907
41146	0.0046511627907
2722	0.00462962962963
52258	0.00462962962963
21331	0.00460829493088
40411	0.0045871559633
40318	0.00452488687783
41140	0.00452488687783
31879	0.0045045045045
14749	0.00448430493274
2127	0.00444444444444
2785	0.00444444444444
19201	0.00444444444444
24126	0.00440528634361
51724	0.00440528634361
37115	0.00438596491228
15228	0.00437636761488
41270	0.00436681222707
52471	0.00436681222707
4327	0.00434782608696
37104	0.004329004329
45139	0.00423728813559
50327	0.0042194092827
6803	0.00411522633745
40968	0.00411522633745
17711	0.00409836065574
23667	0.00408163265306
35847	0.00408163265306
47637	0.00404858299595
31312	0.00403225806452
15207	0.004
13318	0.00396825396825
34858	0.00396825396825
41253	0.00396825396825
2811	0.00392156862745
17790	0.00389105058366
31877	0.00389105058366
29372	0.00384615384615
40334	0.00384615384615
41326	0.00383141762452
38232	0.00381679389313
50864	0.00381679389313
17605	0.00371747211896
1676	0.00369003690037
13952	0.00369003690037
41417	0.00363636363636
3747	0.0036231884058
25098	0.00359712230216
31400	0.00359712230216
21558	0.00357142857143
3445	0.00353356890459
28407	0.00352733686067
3991	0.00352112676056
18278	0.00352112676056
2448	0.00350877192982
2401	0.0034965034965
28405	0.0034965034965
41106	0.00347222222222
23011	0.00346020761246
1928	0.00342465753425
41154	0.00342465753425
18699	0.00341296928328
14115	0.00338983050847
34548	0.00337837837838
1239	0.003367003367
5512	0.003367003367
7444	0.003367003367
41307	0.00335570469799
684	0.00333333333333
1918	0.00332225913621
26863	0.00331125827815
41039	0.00331125827815
41067	0.00331125827815
16209	0.00327868852459
35049	0.00327868852459
118	0.00326797385621
7299	0.00325732899023
41126	0.00325732899023
17715	0.00320512820513
27527	0.00320512820513
41032	0.00313479623824
18361	0.003125
14140	0.00305810397554
41165	0.0030487804878
11232	0.0030303030303
29845	0.0030303030303
3239	0.00302114803625
48572	0.00302114803625
3943	0.00301204819277
22579	0.00299401197605
29591	0.00299401197605
1700	0.00294985250737
18301	0.00294985250737
25078	0.00291545189504
2186	0.00291120815138
50957	0.0028901734104
4644	0.00287356321839
47774	0.00287356321839
5237	0.00285306704708
27651	0.002849002849
25453	0.00282485875706
5622	0.00281690140845
38932	0.00280898876404
28830	0.00278551532033
30471	0.00278551532033
3059	0.00274725274725
37993	0.00273224043716
5809	0.00272975432211
16420	0.00272479564033
24522	0.00271002710027
2419	0.00269905533063
29218	0.00269541778976
12017	0.00267379679144
1422	0.00264900662252
2381	0.00264900662252
23481	0.0026455026455
25738	0.00262927256792
31868	0.00261780104712
41010	0.00260416666667
51019	0.0025
1380	0.00248756218905
7100	0.00247524752475
2515	0.00246305418719
41467	0.002457002457
31536	0.00244498777506
33678	0.00243902439024
41071	0.00243309002433
27525	0.00242718446602
41027	0.00242718446602
4173	0.00242130750605
3365	0.00240673886883
5553	0.00239234449761
12388	0.00238663484487
35045	0.00238663484487
7300	0.00238095238095
4846	0.00236966824645
11778	0.00236966824645
40289	0.00236966824645
497	0.002331002331
22251	0.002331002331
31830	0.002331002331
39136	0.002331002331
689	0.00228832951945
3827	0.00228832951945
28832	0.00227790432802
29861	0.00227272727273
23666	0.00226244343891
20075	0.00225225225225
16447	0.00224719101124
45223	0.00223713646532
5000	0.00223214285714
49394	0.00221729490022
41332	0.00221238938053
253	0.00219298245614
50105	0.00216919739696
33762	0.0021645021645
41003	0.00215517241379
7340	0.00214592274678
29309	0.0021186440678
5432	0.0020979020979
17938	0.00207039337474
5593	0.00205338809035
2	0.00204498977505
11	0.002
34751	0.00194931773879
28821	0.00191938579655
41985	0.00191938579655
3733	0.00191570881226
11727	0.00189393939394
30269	0.00189393939394
40999	0.00189393939394
32862	0.00188679245283
3312	0.00188323917137
51041	0.00187617260788
32612	0.00187265917603
12998	0.00185528756957
27489	0.00184842883549
22929	0.00184162062615
2333	0.00183486238532
921	0.0018281535649
4916	0.00182481751825
11201	0.00182481751825
40962	0.00180505415162
2312	0.0018018018018
41583	0.0018018018018
13056	0.00178890876565
51212	0.0017667844523
41074	0.00175438596491
9538	0.00172265288544
11655	0.00172117039587
41116	0.00172117039587
1743	0.00170648464164
4121	0.0016339869281
18456	0.00162866449511
1984	0.00158478605388
900	0.00157232704403
25113	0.00155520995334
6304	0.00155279503106
23150	0.00155279503106
27535	0.0015243902439
4430	0.00149588631264
2613	0.00145560407569
4708	0.00145560407569
50863	0.0014450867052
37392	0.00143884892086
40987	0.00142247510669
33634	0.00140252454418
29854	0.00138696255201
20506	0.00135869565217
3133	0.00134048257373
5112	0.00133333333333
35345	0.00132625994695
41018	0.00132450331126
2733	0.00132275132275
40995	0.00132100396301
4518	0.00131984161901
19598	0.00130804447351
1680	0.0012987012987
41031	0.00125786163522
1119	0.00125628140704
1628	0.00125470514429
9642	0.00125470514429
41090	0.00125
18584	0.00123456790123
35563	0.00123304562269
4711	0.001221001221
18960	0.00121065375303
39447	0.00120336943442
29277	0.00120192307692
18307	0.00118764845606
27890	0.00118063754427
14750	0.00117370892019
1503	0.00111794298491
34224	0.00111482720178
2007	0.00110864745011
38203	0.001100110011
4654	0.0010989010989
18311	0.00108459869848
4578	0.00107700592353
28742	0.00107296137339
5231	0.00104493207941
4937	0.00103734439834
1902	0.00103305785124
5157	0.0010162601626
4655	0.00101591601761
2344	0.0010152284264
39785	0.000998003992016
2463	0.000962463907603
41068	0.000958772770853
5503	0.000956022944551
1048	0.000955109837631
7312	0.000943841434639
4563	0.00093370681606
3933	0.000923361034164
34367	0.000921658986175
26805	0.000892857142857
22744	0.000884955752212
6427	0.000883652430044
12969	0.000863557858377
18777	0.000853970964987
76	0.000836120401338
22743	0.000821692686935
19601	0.000733675715334
869	0.000733137829912
41016	0.000727802037846
2745	0.00070771408351
22383	0.000696378830084
8709	0.000671140939597
1118	0.000645161290323
5204	0.000644329896907
4396	0.000642673521851
13111	0.000588928150766
2290	0.000583771161705
38793	0.000581733566027
1497	0.000540540540541
893	0.000502765208648
