61447	0.08
15696	0.0769230769231
27085	0.0769230769231
42104	0.0769230769231
26621	0.0740740740741
3529	0.0714285714286
6593	0.0714285714286
58767	0.0714285714286
12761	0.0689655172414
28633	0.0677966101695
12338	0.0645161290323
5239	0.0625
8745	0.0625
32325	0.0606060606061
26809	0.0576923076923
4534	0.0571428571429
11221	0.0571428571429
8400	0.0540540540541
21669	0.0540540540541
4221	0.0526315789474
23617	0.0526315789474
30886	0.0526315789474
41446	0.0526315789474
1198	0.0512820512821
8492	0.0512820512821
10384	0.0512820512821
52031	0.0512820512821
55055	0.0512820512821
4015	0.05
41476	0.05
32044	0.047619047619
883	0.046511627907
35484	0.0461538461538
5834	0.0454545454545
8388	0.0454545454545
9735	0.0454545454545
13753	0.0454545454545
13821	0.0454545454545
17633	0.0454545454545
24303	0.0454545454545
31759	0.0454545454545
33642	0.0454545454545
34448	0.0454545454545
34561	0.0454545454545
40404	0.0454545454545
46724	0.0454545454545
47260	0.0454545454545
47343	0.0454545454545
47436	0.0454545454545
47762	0.0454545454545
47846	0.0454545454545
47973	0.0454545454545
48939	0.0454545454545
52872	0.0454545454545
54321	0.0454545454545
55150	0.0454545454545
55171	0.0454545454545
55253	0.0454545454545
56033	0.0454545454545
57269	0.0454545454545
57604	0.0454545454545
2434	0.0434782608696
2751	0.0434782608696
3235	0.0434782608696
3797	0.0434782608696
5107	0.0434782608696
5405	0.0434782608696
6701	0.0434782608696
7480	0.0434782608696
7494	0.0434782608696
7603	0.0434782608696
7742	0.0434782608696
8547	0.0434782608696
10605	0.0434782608696
11954	0.0434782608696
12615	0.0434782608696
13815	0.0434782608696
14713	0.0434782608696
15499	0.0434782608696
16504	0.0434782608696
17388	0.0434782608696
19512	0.0434782608696
19632	0.0434782608696
19681	0.0434782608696
23636	0.0434782608696
24402	0.0434782608696
25931	0.0434782608696
26252	0.0434782608696
26346	0.0434782608696
27383	0.0434782608696
32860	0.0434782608696
32869	0.0434782608696
32933	0.0434782608696
35208	0.0434782608696
38304	0.0434782608696
39173	0.0434782608696
39196	0.0434782608696
39521	0.0434782608696
40130	0.0434782608696
41327	0.0434782608696
42427	0.0434782608696
44946	0.0434782608696
44976	0.0434782608696
46925	0.0434782608696
47463	0.0434782608696
48864	0.0434782608696
51369	0.0434782608696
53162	0.0434782608696
53865	0.0434782608696
54025	0.0434782608696
54650	0.0434782608696
54987	0.0434782608696
57831	0.0434782608696
59623	0.0434782608696
59839	0.0434782608696
60461	0.0434782608696
61045	0.0434782608696
61364	0.0434782608696
38471	0.0425531914894
65	0.0416666666667
2388	0.0416666666667
2649	0.0416666666667
3083	0.0416666666667
3706	0.0416666666667
8792	0.0416666666667
8840	0.0416666666667
9025	0.0416666666667
10142	0.0416666666667
16704	0.0416666666667
16710	0.0416666666667
16737	0.0416666666667
17351	0.0416666666667
17527	0.0416666666667
19207	0.0416666666667
20387	0.0416666666667
20759	0.0416666666667
23238	0.0416666666667
23646	0.0416666666667
23673	0.0416666666667
24493	0.0416666666667
24500	0.0416666666667
26090	0.0416666666667
27875	0.0416666666667
28953	0.0416666666667
30009	0.0416666666667
31602	0.0416666666667
32757	0.0416666666667
33547	0.0416666666667
36848	0.0416666666667
38916	0.0416666666667
40257	0.0416666666667
42453	0.0416666666667
43918	0.0416666666667
44490	0.0416666666667
44592	0.0416666666667
44786	0.0416666666667
45161	0.0416666666667
46630	0.0416666666667
47626	0.0416666666667
48303	0.0416666666667
49924	0.0416666666667
50510	0.0416666666667
50736	0.0416666666667
56847	0.0416666666667
57761	0.0416666666667
58179	0.0416666666667
58304	0.0416666666667
59966	0.0416666666667
59992	0.0416666666667
61118	0.0416666666667
42300	0.0408163265306
3655	0.04
4811	0.04
6027	0.04
6193	0.04
6953	0.04
9329	0.04
11420	0.04
11472	0.04
12209	0.04
12722	0.04
12763	0.04
15991	0.04
20582	0.04
21981	0.04
22163	0.04
23588	0.04
26935	0.04
28210	0.04
31723	0.04
32281	0.04
33249	0.04
33623	0.04
33942	0.04
34453	0.04
35322	0.04
37696	0.04
42030	0.04
46293	0.04
46490	0.04
47099	0.04
48512	0.04
48632	0.04
51603	0.04
51832	0.04
52724	0.04
54968	0.04
58214	0.04
60325	0.04
60350	0.04
58641	0.0392156862745
1551	0.0384615384615
3350	0.0384615384615
5524	0.0384615384615
7805	0.0384615384615
8464	0.0384615384615
9980	0.0384615384615
10038	0.0384615384615
10222	0.0384615384615
10353	0.0384615384615
13684	0.0384615384615
16841	0.0384615384615
17412	0.0384615384615
18360	0.0384615384615
18936	0.0384615384615
19396	0.0384615384615
19787	0.0384615384615
19916	0.0384615384615
20306	0.0384615384615
21600	0.0384615384615
23105	0.0384615384615
24478	0.0384615384615
24822	0.0384615384615
26492	0.0384615384615
26632	0.0384615384615
26844	0.0384615384615
28034	0.0384615384615
28940	0.0384615384615
30370	0.0384615384615
31640	0.0384615384615
32437	0.0384615384615
33765	0.0384615384615
33905	0.0384615384615
34953	0.0384615384615
35033	0.0384615384615
35403	0.0384615384615
36340	0.0384615384615
36726	0.0384615384615
37516	0.0384615384615
37679	0.0384615384615
37790	0.0384615384615
40804	0.0384615384615
42696	0.0384615384615
42707	0.0384615384615
42755	0.0384615384615
44100	0.0384615384615
45104	0.0384615384615
46483	0.0384615384615
46588	0.0384615384615
48057	0.0384615384615
48194	0.0384615384615
50475	0.0384615384615
51685	0.0384615384615
55190	0.0384615384615
59062	0.0384615384615
25810	0.0378787878788
387	0.0377358490566
17440	0.0377358490566
36833	0.0377358490566
51567	0.0377358490566
99	0.037037037037
736	0.037037037037
1415	0.037037037037
1794	0.037037037037
2198	0.037037037037
4757	0.037037037037
4788	0.037037037037
6690	0.037037037037
8321	0.037037037037
12203	0.037037037037
12354	0.037037037037
12402	0.037037037037
13798	0.037037037037
13884	0.037037037037
17143	0.037037037037
19911	0.037037037037
21206	0.037037037037
24161	0.037037037037
24649	0.037037037037
25526	0.037037037037
28150	0.037037037037
30693	0.037037037037
31126	0.037037037037
31276	0.037037037037
32470	0.037037037037
34653	0.037037037037
34673	0.037037037037
36024	0.037037037037
38059	0.037037037037
38297	0.037037037037
40665	0.037037037037
41504	0.037037037037
42569	0.037037037037
43274	0.037037037037
43673	0.037037037037
48023	0.037037037037
48464	0.037037037037
52075	0.037037037037
52298	0.037037037037
52579	0.037037037037
53617	0.037037037037
58162	0.037037037037
58243	0.037037037037
58460	0.037037037037
59172	0.037037037037
59350	0.037037037037
59540	0.037037037037
4128	0.0365853658537
3793	0.036496350365
2600	0.0363636363636
2712	0.0363636363636
42093	0.0363636363636
32457	0.036231884058
499	0.0357142857143
6654	0.0357142857143
8224	0.0357142857143
8829	0.0357142857143
12228	0.0357142857143
12486	0.0357142857143
15715	0.0357142857143
17103	0.0357142857143
18358	0.0357142857143
18420	0.0357142857143
21279	0.0357142857143
21487	0.0357142857143
22462	0.0357142857143
26949	0.0357142857143
28844	0.0357142857143
29414	0.0357142857143
30127	0.0357142857143
30792	0.0357142857143
32828	0.0357142857143
33425	0.0357142857143
34496	0.0357142857143
35008	0.0357142857143
35359	0.0357142857143
35835	0.0357142857143
37609	0.0357142857143
40728	0.0357142857143
40915	0.0357142857143
41345	0.0357142857143
46790	0.0357142857143
47346	0.0357142857143
48038	0.0357142857143
48107	0.0357142857143
48456	0.0357142857143
49035	0.0357142857143
49601	0.0357142857143
53128	0.0357142857143
53263	0.0357142857143
53365	0.0357142857143
53375	0.0357142857143
54765	0.0357142857143
55836	0.0357142857143
58438	0.0357142857143
60074	0.0357142857143
61186	0.0357142857143
3843	0.0352941176471
343	0.0344827586207
839	0.0344827586207
923	0.0344827586207
3643	0.0344827586207
5614	0.0344827586207
8521	0.0344827586207
8623	0.0344827586207
9296	0.0344827586207
10172	0.0344827586207
10870	0.0344827586207
11091	0.0344827586207
11256	0.0344827586207
12047	0.0344827586207
12304	0.0344827586207
12308	0.0344827586207
13229	0.0344827586207
13480	0.0344827586207
14454	0.0344827586207
16389	0.0344827586207
16586	0.0344827586207
21349	0.0344827586207
21817	0.0344827586207
22344	0.0344827586207
23161	0.0344827586207
24041	0.0344827586207
24423	0.0344827586207
25108	0.0344827586207
25241	0.0344827586207
26308	0.0344827586207
28682	0.0344827586207
30999	0.0344827586207
33067	0.0344827586207
33127	0.0344827586207
35744	0.0344827586207
35850	0.0344827586207
38541	0.0344827586207
41128	0.0344827586207
42885	0.0344827586207
44512	0.0344827586207
44593	0.0344827586207
47225	0.0344827586207
47961	0.0344827586207
49319	0.0344827586207
50581	0.0344827586207
52592	0.0344827586207
52967	0.0344827586207
53249	0.0344827586207
53357	0.0344827586207
55652	0.0344827586207
59686	0.0344827586207
61446	0.0344827586207
52382	0.034188034188
3666	0.0338983050847
13373	0.0338983050847
31516	0.0338983050847
41431	0.0338983050847
42044	0.0338983050847
53102	0.0338983050847
829	0.0333333333333
3546	0.0333333333333
4767	0.0333333333333
8754	0.0333333333333
9461	0.0333333333333
10969	0.0333333333333
12931	0.0333333333333
20085	0.0333333333333
21428	0.0333333333333
27221	0.0333333333333
28671	0.0333333333333
28846	0.0333333333333
30284	0.0333333333333
30683	0.0333333333333
32526	0.0333333333333
33831	0.0333333333333
35557	0.0333333333333
35680	0.0333333333333
36412	0.0333333333333
36964	0.0333333333333
38658	0.0333333333333
39185	0.0333333333333
42566	0.0333333333333
43595	0.0333333333333
44125	0.0333333333333
44276	0.0333333333333
44927	0.0333333333333
45588	0.0333333333333
45702	0.0333333333333
46510	0.0333333333333
48358	0.0333333333333
50407	0.0333333333333
52410	0.0333333333333
52597	0.0333333333333
53389	0.0333333333333
1973	0.0327868852459
32406	0.0327868852459
45004	0.0327868852459
51023	0.0327868852459
52367	0.0327868852459
53237	0.0327868852459
331	0.0322580645161
464	0.0322580645161
3573	0.0322580645161
4730	0.0322580645161
4867	0.0322580645161
5396	0.0322580645161
7608	0.0322580645161
8491	0.0322580645161
8788	0.0322580645161
9136	0.0322580645161
9348	0.0322580645161
13697	0.0322580645161
15739	0.0322580645161
16641	0.0322580645161
18454	0.0322580645161
18467	0.0322580645161
19649	0.0322580645161
20197	0.0322580645161
22245	0.0322580645161
22762	0.0322580645161
22788	0.0322580645161
22993	0.0322580645161
24350	0.0322580645161
28345	0.0322580645161
29892	0.0322580645161
30296	0.0322580645161
30721	0.0322580645161
30883	0.0322580645161
31039	0.0322580645161
32861	0.0322580645161
36707	0.0322580645161
37963	0.0322580645161
41987	0.0322580645161
42793	0.0322580645161
43878	0.0322580645161
43881	0.0322580645161
49020	0.0322580645161
49337	0.0322580645161
49778	0.0322580645161
50410	0.0322580645161
51236	0.0322580645161
51633	0.0322580645161
51658	0.0322580645161
51903	0.0322580645161
56335	0.0322580645161
59853	0.0322580645161
61049	0.0322580645161
12255	0.031746031746
18506	0.031746031746
177	0.03125
2008	0.03125
2938	0.03125
4046	0.03125
5371	0.03125
7338	0.03125
7496	0.03125
12447	0.03125
16499	0.03125
16618	0.03125
17574	0.03125
18124	0.03125
21294	0.03125
23008	0.03125
24597	0.03125
26147	0.03125
27872	0.03125
28481	0.03125
28993	0.03125
29442	0.03125
34520	0.03125
35747	0.03125
37641	0.03125
39460	0.03125
40458	0.03125
41861	0.03125
42658	0.03125
42746	0.03125
42935	0.03125
43106	0.03125
51796	0.03125
52210	0.03125
52846	0.03125
57490	0.03125
59459	0.03125
59997	0.03125
2310	0.0307692307692
27548	0.0307692307692
39078	0.0307692307692
43026	0.0307692307692
1256	0.030303030303
2869	0.030303030303
2872	0.030303030303
5395	0.030303030303
10440	0.030303030303
13705	0.030303030303
14541	0.030303030303
18529	0.030303030303
19068	0.030303030303
19704	0.030303030303
20966	0.030303030303
23144	0.030303030303
23714	0.030303030303
24431	0.030303030303
24455	0.030303030303
24663	0.030303030303
25703	0.030303030303
26826	0.030303030303
27374	0.030303030303
28378	0.030303030303
30701	0.030303030303
31412	0.030303030303
31532	0.030303030303
33899	0.030303030303
34911	0.030303030303
35521	0.030303030303
36546	0.030303030303
38033	0.030303030303
38980	0.030303030303
40706	0.030303030303
41424	0.030303030303
41491	0.030303030303
42434	0.030303030303
43053	0.030303030303
45511	0.030303030303
47316	0.030303030303
48407	0.030303030303
54128	0.030303030303
55681	0.030303030303
56569	0.030303030303
60946	0.030303030303
8246	0.0298507462687
30820	0.0298507462687
41530	0.0298507462687
14749	0.0296610169492
29909	0.0296296296296
4282	0.0294117647059
4863	0.0294117647059
6148	0.0294117647059
8923	0.0294117647059
10528	0.0294117647059
11829	0.0294117647059
11978	0.0294117647059
12072	0.0294117647059
13240	0.0294117647059
13380	0.0294117647059
15880	0.0294117647059
19614	0.0294117647059
20697	0.0294117647059
24463	0.0294117647059
27091	0.0294117647059
28315	0.0294117647059
28833	0.0294117647059
29035	0.0294117647059
29449	0.0294117647059
30219	0.0294117647059
30650	0.0294117647059
30713	0.0294117647059
31701	0.0294117647059
32207	0.0294117647059
40991	0.0294117647059
42227	0.0294117647059
42535	0.0294117647059
43334	0.0294117647059
44120	0.0294117647059
49213	0.0294117647059
50289	0.0294117647059
50301	0.0294117647059
52954	0.0294117647059
53145	0.0294117647059
56789	0.0294117647059
59793	0.0294117647059
876	0.0288461538462
3946	0.0287356321839
7533	0.0287081339713
1554	0.0285714285714
5627	0.0285714285714
7110	0.0285714285714
7324	0.0285714285714
12465	0.0285714285714
12500	0.0285714285714
13861	0.0285714285714
16856	0.0285714285714
17421	0.0285714285714
18707	0.0285714285714
20168	0.0285714285714
21476	0.0285714285714
21502	0.0285714285714
23472	0.0285714285714
25466	0.0285714285714
25598	0.0285714285714
27989	0.0285714285714
28599	0.0285714285714
30642	0.0285714285714
31025	0.0285714285714
32478	0.0285714285714
38440	0.0285714285714
41494	0.0285714285714
41760	0.0285714285714
42494	0.0285714285714
44842	0.0285714285714
45117	0.0285714285714
47093	0.0285714285714
51182	0.0285714285714
51663	0.0285714285714
59549	0.0285714285714
60407	0.0285714285714
113	0.0281690140845
9309	0.0281690140845
32659	0.0281690140845
47668	0.0281690140845
4138	0.0277777777778
7307	0.0277777777778
7532	0.0277777777778
11624	0.0277777777778
12754	0.0277777777778
12801	0.0277777777778
15798	0.0277777777778
15816	0.0277777777778
17691	0.0277777777778
17907	0.0277777777778
19630	0.0277777777778
22432	0.0277777777778
22728	0.0277777777778
24560	0.0277777777778
27392	0.0277777777778
29698	0.0277777777778
30225	0.0277777777778
31179	0.0277777777778
32035	0.0277777777778
33154	0.0277777777778
34240	0.0277777777778
38648	0.0277777777778
38733	0.0277777777778
39063	0.0277777777778
42090	0.0277777777778
48222	0.0277777777778
49570	0.0277777777778
51282	0.0277777777778
52414	0.0277777777778
59416	0.0277777777778
59769	0.0277777777778
42514	0.0275229357798
7101	0.027397260274
17956	0.027397260274
46039	0.027397260274
4836	0.0272727272727
3694	0.027027027027
8132	0.027027027027
10311	0.027027027027
15429	0.027027027027
17579	0.027027027027
18306	0.027027027027
21493	0.027027027027
28493	0.027027027027
30113	0.027027027027
30695	0.027027027027
34828	0.027027027027
40378	0.027027027027
41822	0.027027027027
41990	0.027027027027
42269	0.027027027027
42874	0.027027027027
50922	0.027027027027
51574	0.027027027027
51927	0.027027027027
53248	0.027027027027
58287	0.027027027027
60150	0.027027027027
1742	0.0266666666667
3964	0.0266666666667
46509	0.0266666666667
36897	0.0264900662252
1214	0.0263157894737
5469	0.0263157894737
6214	0.0263157894737
9450	0.0263157894737
11897	0.0263157894737
14314	0.0263157894737
14962	0.0263157894737
17545	0.0263157894737
19597	0.0263157894737
22493	0.0263157894737
24193	0.0263157894737
26640	0.0263157894737
28185	0.0263157894737
28935	0.0263157894737
29425	0.0263157894737
29434	0.0263157894737
32170	0.0263157894737
41783	0.0263157894737
41966	0.0263157894737
42045	0.0263157894737
42383	0.0263157894737
42573	0.0263157894737
43569	0.0263157894737
45142	0.0263157894737
47233	0.0263157894737
52288	0.0263157894737
52959	0.0263157894737
830	0.025974025974
7421	0.025974025974
32483	0.0259067357513
1163	0.025641025641
4675	0.025641025641
6817	0.025641025641
7463	0.025641025641
8740	0.025641025641
17341	0.025641025641
17615	0.025641025641
18203	0.025641025641
18786	0.025641025641
21012	0.025641025641
22891	0.025641025641
25038	0.025641025641
26431	0.025641025641
27715	0.025641025641
29623	0.025641025641
30817	0.025641025641
34329	0.025641025641
38442	0.025641025641
41703	0.025641025641
42604	0.025641025641
42843	0.025641025641
43005	0.025641025641
45044	0.025641025641
52335	0.025641025641
52783	0.025641025641
52889	0.025641025641
59878	0.025641025641
60242	0.025641025641
5113	0.0252100840336
10340	0.0252100840336
1979	0.025
9148	0.025
10483	0.025
11392	0.025
11814	0.025
15622	0.025
17717	0.025
18105	0.025
18528	0.025
20012	0.025
26941	0.025
31037	0.025
34117	0.025
34232	0.025
34375	0.025
34522	0.025
34982	0.025
40088	0.025
41104	0.025
42163	0.025
43816	0.025
45273	0.025
53015	0.025
59752	0.025
60121	0.025
19572	0.0246913580247
23372	0.0246913580247
28824	0.0246913580247
41818	0.0246913580247
41826	0.0245901639344
143	0.0243902439024
1099	0.0243902439024
1386	0.0243902439024
2124	0.0243902439024
3924	0.0243902439024
4253	0.0243902439024
10431	0.0243902439024
11379	0.0243902439024
11651	0.0243902439024
14451	0.0243902439024
15104	0.0243902439024
16862	0.0243902439024
18202	0.0243902439024
18217	0.0243902439024
18590	0.0243902439024
19800	0.0243902439024
20648	0.0243902439024
22367	0.0243902439024
22620	0.0243902439024
27338	0.0243902439024
27629	0.0243902439024
29032	0.0243902439024
32014	0.0243902439024
34467	0.0243902439024
34650	0.0243902439024
36770	0.0243902439024
37118	0.0243902439024
37183	0.0243902439024
37514	0.0243902439024
37778	0.0243902439024
41232	0.0243902439024
41466	0.0243902439024
41909	0.0243902439024
46033	0.0243902439024
47731	0.0243902439024
48458	0.0243902439024
49262	0.0243902439024
49689	0.0243902439024
51527	0.0243902439024
53510	0.0243902439024
59603	0.0243902439024
44978	0.0242718446602
21690	0.0241935483871
3684	0.0240963855422
5124	0.0240963855422
98	0.0238095238095
2059	0.0238095238095
2911	0.0238095238095
2988	0.0238095238095
3461	0.0238095238095
3860	0.0238095238095
7029	0.0238095238095
7339	0.0238095238095
7473	0.0238095238095
9208	0.0238095238095
10583	0.0238095238095
12054	0.0238095238095
13998	0.0238095238095
14455	0.0238095238095
15043	0.0238095238095
17360	0.0238095238095
18926	0.0238095238095
22395	0.0238095238095
25143	0.0238095238095
27101	0.0238095238095
27385	0.0238095238095
29670	0.0238095238095
31675	0.0238095238095
32685	0.0238095238095
34268	0.0238095238095
39121	0.0238095238095
39544	0.0238095238095
41522	0.0238095238095
42540	0.0238095238095
43323	0.0238095238095
45138	0.0238095238095
51664	0.0238095238095
52448	0.0238095238095
60095	0.0238095238095
4374	0.0235294117647
33720	0.0235294117647
137	0.0232558139535
4710	0.0232558139535
7332	0.0232558139535
10170	0.0232558139535
23237	0.0232558139535
24833	0.0232558139535
26659	0.0232558139535
30154	0.0232558139535
30599	0.0232558139535
38307	0.0232558139535
38436	0.0232558139535
41543	0.0232558139535
41761	0.0232558139535
42855	0.0232558139535
42927	0.0232558139535
47075	0.0232558139535
51883	0.0232558139535
52643	0.0232558139535
60251	0.0232558139535
28285	0.0230769230769
37409	0.0229885057471
41313	0.0229885057471
21458	0.0228310502283
2090	0.0227272727273
2317	0.0227272727273
5214	0.0227272727273
13092	0.0227272727273
13455	0.0227272727273
18642	0.0227272727273
18737	0.0227272727273
24592	0.0227272727273
30191	0.0227272727273
30335	0.0227272727273
37561	0.0227272727273
37647	0.0227272727273
40489	0.0227272727273
42846	0.0227272727273
47575	0.0227272727273
51717	0.0227272727273
51817	0.0227272727273
41548	0.0224719101124
42932	0.0224719101124
1013	0.0222222222222
2676	0.0222222222222
3047	0.0222222222222
3523	0.0222222222222
4309	0.0222222222222
4587	0.0222222222222
10342	0.0222222222222
15348	0.0222222222222
20881	0.0222222222222
22227	0.0222222222222
22264	0.0222222222222
23626	0.0222222222222
28088	0.0222222222222
32472	0.0222222222222
32879	0.0222222222222
34005	0.0222222222222
34647	0.0222222222222
35437	0.0222222222222
36422	0.0222222222222
36701	0.0222222222222
38006	0.0222222222222
41725	0.0222222222222
42113	0.0222222222222
42190	0.0222222222222
42491	0.0222222222222
42672	0.0222222222222
42837	0.0222222222222
50598	0.0222222222222
59649	0.0222222222222
59715	0.0222222222222
19792	0.0220588235294
51364	0.021978021978
11009	0.0217391304348
12481	0.0217391304348
19333	0.0217391304348
20466	0.0217391304348
23724	0.0217391304348
23822	0.0217391304348
25158	0.0217391304348
25441	0.0217391304348
31822	0.0217391304348
34656	0.0217391304348
38458	0.0217391304348
38678	0.0217391304348
39030	0.0217391304348
42660	0.0217391304348
43252	0.0217391304348
43376	0.0217391304348
43447	0.0217391304348
45130	0.0217391304348
47336	0.0217391304348
51387	0.0217391304348
52015	0.0217391304348
55438	0.0217391304348
626	0.0212765957447
733	0.0212765957447
1887	0.0212765957447
6520	0.0212765957447
6773	0.0212765957447
10332	0.0212765957447
11947	0.0212765957447
19290	0.0212765957447
21516	0.0212765957447
23071	0.0212765957447
26133	0.0212765957447
27121	0.0212765957447
28245	0.0212765957447
28334	0.0212765957447
28951	0.0212765957447
29700	0.0212765957447
31111	0.0212765957447
31358	0.0212765957447
40530	0.0212765957447
41316	0.0212765957447
41451	0.0212765957447
42512	0.0212765957447
43588	0.0212765957447
52809	0.0212765957447
60274	0.0212765957447
51709	0.0211267605634
41274	0.0210970464135
7341	0.0210526315789
9601	0.0210526315789
14573	0.0210526315789
18481	0.0210526315789
25400	0.0210526315789
35699	0.0210526315789
41249	0.0210526315789
11004	0.020979020979
41489	0.020979020979
3126	0.0208333333333
4647	0.0208333333333
5702	0.0208333333333
12968	0.0208333333333
15125	0.0208333333333
15881	0.0208333333333
18661	0.0208333333333
24385	0.0208333333333
25156	0.0208333333333
29742	0.0208333333333
31703	0.0208333333333
33662	0.0208333333333
35025	0.0208333333333
37478	0.0208333333333
41221	0.0208333333333
42571	0.0208333333333
42852	0.0208333333333
50354	0.0208333333333
51188	0.0208333333333
51874	0.0208333333333
52185	0.0208333333333
42369	0.020618556701
777	0.0204081632653
1950	0.0204081632653
3589	0.0204081632653
3918	0.0204081632653
5013	0.0204081632653
6378	0.0204081632653
8663	0.0204081632653
8735	0.0204081632653
9686	0.0204081632653
12784	0.0204081632653
16394	0.0204081632653
18505	0.0204081632653
23808	0.0204081632653
24590	0.0204081632653
25836	0.0204081632653
26260	0.0204081632653
28789	0.0204081632653
34179	0.0204081632653
44663	0.0204081632653
45184	0.0204081632653
50898	0.0204081632653
51435	0.0204081632653
56072	0.0204081632653
60283	0.0204081632653
54	0.020202020202
3220	0.02
4506	0.02
5773	0.02
6488	0.02
7740	0.02
11063	0.02
13707	0.02
24348	0.02
25325	0.02
35710	0.02
36387	0.02
38088	0.02
41525	0.02
41921	0.02
42730	0.02
45962	0.02
51058	0.02
52688	0.02
21379	0.019801980198
50924	0.019801980198
3729	0.0197238658777
1958	0.0196078431373
2545	0.0196078431373
3384	0.0196078431373
6685	0.0196078431373
7720	0.0196078431373
9331	0.0196078431373
11061	0.0196078431373
11126	0.0196078431373
12609	0.0196078431373
12970	0.0196078431373
13295	0.0196078431373
18367	0.0196078431373
20229	0.0196078431373
22010	0.0196078431373
23456	0.0196078431373
28155	0.0196078431373
29409	0.0196078431373
31731	0.0196078431373
34832	0.0196078431373
41201	0.0196078431373
41282	0.0196078431373
41385	0.0196078431373
41454	0.0196078431373
42700	0.0196078431373
45205	0.0196078431373
52104	0.0196078431373
52774	0.0196078431373
37747	0.0193548387097
2637	0.0192307692308
10922	0.0192307692308
11252	0.0192307692308
13073	0.0192307692308
13920	0.0192307692308
13992	0.0192307692308
26526	0.0192307692308
31032	0.0192307692308
31860	0.0192307692308
34441	0.0192307692308
35103	0.0192307692308
35883	0.0192307692308
36060	0.0192307692308
38029	0.0192307692308
38315	0.0192307692308
39286	0.0192307692308
41199	0.0192307692308
51762	0.0192307692308
22830	0.0191082802548
3861	0.0190476190476
5574	0.0190476190476
5697	0.0190476190476
34715	0.0190476190476
42249	0.0190476190476
19599	0.0189075630252
338	0.0188679245283
11904	0.0188679245283
20716	0.0188679245283
21903	0.0188679245283
25180	0.0188679245283
29392	0.0188679245283
31962	0.0188679245283
33564	0.0188679245283
36674	0.0188679245283
41196	0.0188679245283
41231	0.0188679245283
41888	0.0188679245283
42949	0.0188679245283
46493	0.0188679245283
51044	0.0188679245283
51247	0.0188679245283
52334	0.0188679245283
52645	0.0188679245283
59815	0.0188679245283
60149	0.0188679245283
15373	0.0188172043011
33751	0.018691588785
6752	0.0185185185185
8248	0.0185185185185
8527	0.0185185185185
8621	0.0185185185185
11339	0.0185185185185
13036	0.0185185185185
13086	0.0185185185185
18334	0.0185185185185
21043	0.0185185185185
21323	0.0185185185185
24936	0.0185185185185
36731	0.0185185185185
37670	0.0185185185185
37780	0.0185185185185
40490	0.0185185185185
41200	0.0185185185185
41555	0.0185185185185
41892	0.0185185185185
43755	0.0185185185185
48084	0.0185185185185
51097	0.0185185185185
51601	0.0185185185185
51681	0.0185185185185
51933	0.0185185185185
52554	0.0185185185185
52699	0.0185185185185
27906	0.0182926829268
1171	0.0181818181818
5563	0.0181818181818
5718	0.0181818181818
6329	0.0181818181818
6363	0.0181818181818
11770	0.0181818181818
14407	0.0181818181818
16283	0.0181818181818
19683	0.0181818181818
21412	0.0181818181818
26779	0.0181818181818
29626	0.0181818181818
33068	0.0181818181818
36483	0.0181818181818
38983	0.0181818181818
42431	0.0181818181818
43103	0.0181818181818
50482	0.0181818181818
51034	0.0181818181818
51751	0.0181818181818
51896	0.0181818181818
60421	0.0181818181818
3664	0.018018018018
24088	0.018018018018
13212	0.0179640718563
38758	0.0179640718563
4868	0.0179104477612
75	0.0178571428571
2202	0.0178571428571
3828	0.0178571428571
4929	0.0178571428571
5572	0.0178571428571
13261	0.0178571428571
13560	0.0178571428571
14593	0.0178571428571
14872	0.0178571428571
20644	0.0178571428571
27646	0.0178571428571
29027	0.0178571428571
29648	0.0178571428571
32784	0.0178571428571
33886	0.0178571428571
38880	0.0178571428571
39179	0.0178571428571
41214	0.0178571428571
41436	0.0178571428571
41797	0.0178571428571
43484	0.0178571428571
51224	0.0178571428571
52541	0.0178571428571
53191	0.0178571428571
53372	0.0178571428571
56215	0.0178571428571
57980	0.0178571428571
59508	0.0178571428571
694	0.0176991150442
4998	0.0176991150442
38663	0.0176470588235
41434	0.0175953079179
4919	0.0175438596491
6368	0.0175438596491
8774	0.0175438596491
10316	0.0175438596491
15356	0.0175438596491
18269	0.0175438596491
18992	0.0175438596491
20641	0.0175438596491
20992	0.0175438596491
26038	0.0175438596491
31676	0.0175438596491
31991	0.0175438596491
32503	0.0175438596491
32550	0.0175438596491
32851	0.0175438596491
40633	0.0175438596491
41135	0.0175438596491
41283	0.0175438596491
41713	0.0175438596491
43827	0.0175438596491
50771	0.0175438596491
52898	0.0175438596491
60456	0.0175438596491
60610	0.0175438596491
32074	0.0173913043478
2211	0.0172413793103
3487	0.0172413793103
4276	0.0172413793103
10727	0.0172413793103
12753	0.0172413793103
13005	0.0172413793103
14617	0.0172413793103
15218	0.0172413793103
17264	0.0172413793103
19802	0.0172413793103
21835	0.0172413793103
23698	0.0172413793103
25254	0.0172413793103
26251	0.0172413793103
26817	0.0172413793103
27593	0.0172413793103
28437	0.0172413793103
29785	0.0172413793103
30484	0.0172413793103
30782	0.0172413793103
32200	0.0172413793103
35551	0.0172413793103
37587	0.0172413793103
37952	0.0172413793103
41652	0.0172413793103
42206	0.0172413793103
43347	0.0172413793103
51466	0.0172413793103
52273	0.0172413793103
52930	0.0172413793103
37198	0.0171428571429
17690	0.017094017094
22401	0.0170454545455
6679	0.0169491525424
8759	0.0169491525424
11761	0.0169491525424
16397	0.0169491525424
18161	0.0169491525424
24031	0.0169491525424
26773	0.0169491525424
41192	0.0169491525424
46674	0.0169491525424
52667	0.0169491525424
52838	0.0169491525424
57862	0.0169491525424
26828	0.0168067226891
41182	0.0168067226891
1113	0.0167865707434
48076	0.0167597765363
18278	0.0167224080268
778	0.0166666666667
2488	0.0166666666667
13627	0.0166666666667
15869	0.0166666666667
20465	0.0166666666667
20490	0.0166666666667
22013	0.0166666666667
23211	0.0166666666667
25266	0.0166666666667
25623	0.0166666666667
28191	0.0166666666667
28627	0.0166666666667
31035	0.0166666666667
39126	0.0166666666667
41704	0.0166666666667
41956	0.0166666666667
46975	0.0166666666667
10736	0.0165745856354
4745	0.0165289256198
28298	0.0165289256198
41136	0.0165289256198
41338	0.0165289256198
23001	0.0164835164835
35162	0.0164835164835
28043	0.0164609053498
4048	0.016393442623
4959	0.016393442623
10317	0.016393442623
20492	0.016393442623
25075	0.016393442623
31866	0.016393442623
31909	0.016393442623
32710	0.016393442623
43348	0.016393442623
44153	0.016393442623
50252	0.016393442623
51777	0.016393442623
26279	0.0162601626016
41353	0.0162601626016
49408	0.0162601626016
59890	0.0162601626016
550	0.0161290322581
937	0.0161290322581
4696	0.0161290322581
6592	0.0161290322581
6689	0.0161290322581
6958	0.0161290322581
12819	0.0161290322581
22362	0.0161290322581
22946	0.0161290322581
23141	0.0161290322581
24980	0.0161290322581
26191	0.0161290322581
26310	0.0161290322581
28971	0.0161290322581
31705	0.0161290322581
35130	0.0161290322581
38818	0.0161290322581
39767	0.0161290322581
40370	0.0161290322581
41127	0.0161290322581
41730	0.0161290322581
42317	0.0161290322581
42701	0.0161290322581
43603	0.0161290322581
44776	0.0161290322581
51064	0.0161290322581
51368	0.0161290322581
8397	0.0160550458716
14525	0.016
2542	0.015873015873
3474	0.015873015873
6940	0.015873015873
7913	0.015873015873
10613	0.015873015873
12889	0.015873015873
15963	0.015873015873
19139	0.015873015873
22939	0.015873015873
24380	0.015873015873
26596	0.015873015873
29608	0.015873015873
37856	0.015873015873
38685	0.015873015873
39140	0.015873015873
41442	0.015873015873
41485	0.015873015873
45093	0.015873015873
51545	0.015873015873
52238	0.015873015873
39510	0.0157894736842
61083	0.0157480314961
285	0.015625
1111	0.015625
3722	0.015625
5649	0.015625
6982	0.015625
7182	0.015625
8657	0.015625
12873	0.015625
14019	0.015625
17064	0.015625
19696	0.015625
23117	0.015625
28438	0.015625
29743	0.015625
41967	0.015625
42505	0.015625
43991	0.015625
51015	0.015625
52112	0.015625
52359	0.015625
52865	0.015625
53174	0.015625
44117	0.0155642023346
30812	0.0154639175258
644	0.0153846153846
1850	0.0153846153846
3427	0.0153846153846
9444	0.0153846153846
10149	0.0153846153846
14686	0.0153846153846
17098	0.0153846153846
25012	0.0153846153846
25475	0.0153846153846
28349	0.0153846153846
30272	0.0153846153846
30784	0.0153846153846
31105	0.0153846153846
41205	0.0153846153846
41610	0.0153846153846
42132	0.0153846153846
50848	0.0153846153846
51038	0.0153846153846
52188	0.0153846153846
60266	0.0153846153846
30020	0.0153374233129
32146	0.0152671755725
2284	0.0151515151515
3820	0.0151515151515
15325	0.0151515151515
30864	0.0151515151515
31868	0.0151515151515
32720	0.0151515151515
33155	0.0151515151515
34694	0.0151515151515
36379	0.0151515151515
38575	0.0151515151515
39528	0.0151515151515
41375	0.0151515151515
50508	0.0151515151515
53122	0.0151515151515
59790	0.0151515151515
26599	0.0150753768844
1362	0.015037593985
9184	0.015037593985
41682	0.015037593985
53114	0.015037593985
106	0.0149253731343
1712	0.0149253731343
3826	0.0149253731343
18492	0.0149253731343
18625	0.0149253731343
18985	0.0149253731343
26158	0.0149253731343
26657	0.0149253731343
33781	0.0149253731343
39458	0.0149253731343
42652	0.0149253731343
43723	0.0149253731343
44152	0.0149253731343
52336	0.0149253731343
52623	0.0149253731343
2216	0.0148514851485
9471	0.0148148148148
982	0.0147058823529
14698	0.0147058823529
22247	0.0147058823529
28450	0.0147058823529
29332	0.0147058823529
29786	0.0147058823529
35164	0.0147058823529
36475	0.0147058823529
36934	0.0147058823529
39771	0.0147058823529
40997	0.0147058823529
41275	0.0147058823529
41864	0.0147058823529
42308	0.0147058823529
43086	0.0147058823529
50893	0.0147058823529
52864	0.0147058823529
60001	0.0147058823529
60486	0.0147058823529
22408	0.014598540146
22479	0.014598540146
41693	0.014598540146
41793	0.014598540146
4195	0.0144927536232
5781	0.0144927536232
6505	0.0144927536232
8226	0.0144927536232
12394	0.0144927536232
18996	0.0144927536232
20642	0.0144927536232
23530	0.0144927536232
24046	0.0144927536232
24610	0.0144927536232
27508	0.0144927536232
28128	0.0144927536232
30922	0.0144927536232
32418	0.0144927536232
38587	0.0144927536232
38826	0.0144927536232
39848	0.0144927536232
40334	0.0144927536232
42360	0.0144927536232
59527	0.0144927536232
1904	0.0143884892086
25570	0.0143884892086
32809	0.0143884892086
492	0.0142857142857
817	0.0142857142857
1685	0.0142857142857
5611	0.0142857142857
5618	0.0142857142857
11535	0.0142857142857
14277	0.0142857142857
24487	0.0142857142857
27522	0.0142857142857
29543	0.0142857142857
32689	0.0142857142857
33772	0.0142857142857
34932	0.0142857142857
36596	0.0142857142857
37480	0.0142857142857
41158	0.0142857142857
41223	0.0142857142857
50146	0.0142857142857
51616	0.0142857142857
51693	0.0142857142857
51738	0.0142857142857
52071	0.0142857142857
52222	0.0142857142857
60231	0.0142857142857
2104	0.0141843971631
20173	0.0141843971631
21550	0.0141843971631
11307	0.0141242937853
11502	0.0140845070423
11766	0.0140845070423
19761	0.0140845070423
32988	0.0140845070423
33672	0.0140845070423
41079	0.0140845070423
41251	0.0140845070423
41710	0.0140845070423
41870	0.0140845070423
42905	0.0140845070423
43744	0.0140845070423
49044	0.0140845070423
50204	0.0140845070423
51636	0.0140845070423
53189	0.0140845070423
11294	0.0140186915888
25554	0.0140056022409
41705	0.013986013986
213	0.0138888888889
1533	0.0138888888889
5538	0.0138888888889
5658	0.0138888888889
20165	0.0138888888889
21561	0.0138888888889
25002	0.0138888888889
26608	0.0138888888889
28201	0.0138888888889
28452	0.0138888888889
29818	0.0138888888889
41184	0.0138888888889
41388	0.0138888888889
42714	0.0138888888889
52144	0.0138888888889
59509	0.0138888888889
60092	0.0138888888889
16228	0.0137931034483
19799	0.0137931034483
4216	0.013698630137
8372	0.013698630137
11060	0.013698630137
14002	0.013698630137
15608	0.013698630137
19996	0.013698630137
32931	0.013698630137
34576	0.013698630137
35198	0.013698630137
37953	0.013698630137
41542	0.013698630137
53164	0.013698630137
7413	0.0136054421769
25937	0.0135593220339
289	0.0135135135135
1490	0.0135135135135
4486	0.0135135135135
7330	0.0135135135135
8948	0.0135135135135
15730	0.0135135135135
16902	0.0135135135135
18997	0.0135135135135
26558	0.0135135135135
27063	0.0135135135135
28300	0.0135135135135
34524	0.0135135135135
35413	0.0135135135135
35953	0.0135135135135
37845	0.0135135135135
41762	0.0135135135135
41984	0.0135135135135
42377	0.0135135135135
43543	0.0135135135135
1098	0.0133333333333
2734	0.0133333333333
3981	0.0133333333333
4409	0.0133333333333
4567	0.0133333333333
8279	0.0133333333333
13099	0.0133333333333
16281	0.0133333333333
17280	0.0133333333333
17735	0.0133333333333
25336	0.0133333333333
26060	0.0133333333333
30828	0.0133333333333
32432	0.0133333333333
38350	0.0133333333333
41145	0.0133333333333
41298	0.0133333333333
41351	0.0133333333333
41576	0.0133333333333
42750	0.0133333333333
43210	0.0133333333333
45143	0.0133333333333
51157	0.0133333333333
51498	0.0133333333333
52064	0.0133333333333
23337	0.0132450331126
41181	0.0132450331126
5918	0.0132158590308
1147	0.0131578947368
2786	0.0131578947368
19416	0.0131578947368
20418	0.0131578947368
38995	0.0131578947368
39874	0.0131578947368
42618	0.0131578947368
51865	0.0131578947368
1361	0.0131004366812
287	0.012987012987
494	0.012987012987
1123	0.012987012987
1928	0.012987012987
2354	0.012987012987
3957	0.012987012987
4746	0.012987012987
12838	0.012987012987
12860	0.012987012987
16322	0.012987012987
16819	0.012987012987
18387	0.012987012987
26530	0.012987012987
28745	0.012987012987
29465	0.012987012987
30679	0.012987012987
38572	0.012987012987
42191	0.012987012987
42204	0.012987012987
45610	0.012987012987
52697	0.012987012987
25413	0.0129310344828
52258	0.0128755364807
1342	0.0128205128205
4804	0.0128205128205
14105	0.0128205128205
35467	0.0128205128205
41022	0.0128205128205
42409	0.0128205128205
45206	0.0128205128205
52121	0.0128205128205
52666	0.0128205128205
54435	0.0128205128205
7444	0.0127795527157
2848	0.0127659574468
11664	0.0126903553299
7180	0.0126582278481
16364	0.0126582278481
17278	0.0126582278481
17301	0.0126582278481
21523	0.0126582278481
24460	0.0126582278481
27419	0.0126582278481
37592	0.0126582278481
51676	0.0126582278481
57861	0.0126582278481
43473	0.0125786163522
14360	0.0125523012552
18759	0.0125523012552
37225	0.012539184953
11168	0.0125
32770	0.0125
41318	0.0125
41716	0.0125
42892	0.0125
50900	0.0125
52777	0.0125
52890	0.0125
2785	0.0123966942149
7295	0.0123456790123
13971	0.0123456790123
15794	0.0123456790123
17295	0.0123456790123
19843	0.0123456790123
21913	0.0123456790123
22681	0.0123456790123
25472	0.0123456790123
28734	0.0123456790123
38987	0.0123456790123
41627	0.0123456790123
43630	0.0123456790123
51004	0.0123456790123
52857	0.0123456790123
59543	0.0123456790123
13063	0.0122699386503
41552	0.0122699386503
37115	0.0122448979592
38206	0.0122448979592
41444	0.0122448979592
41972	0.0122324159021
688	0.0121951219512
2690	0.0121951219512
7462	0.0121951219512
10601	0.0121951219512
12454	0.0121951219512
16847	0.0121951219512
23174	0.0121951219512
27527	0.0121951219512
27594	0.0121951219512
30209	0.0121951219512
30976	0.0121951219512
33947	0.0121951219512
35117	0.0121951219512
35940	0.0121951219512
49889	0.0121951219512
50934	0.0121951219512
51336	0.0121951219512
52170	0.0121951219512
52841	0.0121951219512
37104	0.0120967741935
41041	0.0120967741935
38262	0.012084592145
2632	0.0120481927711
4135	0.0120481927711
4147	0.0120481927711
37774	0.0120481927711
38272	0.0120481927711
38661	0.0120481927711
39965	0.0120481927711
42056	0.0120481927711
42295	0.0120481927711
47273	0.0120481927711
50994	0.0120481927711
51353	0.0120481927711
51589	0.0120481927711
59646	0.0120481927711
29863	0.0120068610635
27125	0.0119760479042
33621	0.0119760479042
4413	0.0119047619048
4739	0.0119047619048
20481	0.0119047619048
25442	0.0119047619048
40645	0.0119047619048
41059	0.0119047619048
41244	0.0119047619048
49141	0.0119047619048
51746	0.0119047619048
51822	0.0119047619048
52476	0.0119047619048
52853	0.0119047619048
52946	0.0119047619048
53136	0.0119047619048
47628	0.0118577075099
254	0.0118343195266
24606	0.0118343195266
38959	0.0118343195266
43200	0.0118343195266
50327	0.011811023622
859	0.0117647058824
2355	0.0117647058824
2403	0.0117647058824
4047	0.0117647058824
16920	0.0117647058824
18145	0.0117647058824
26175	0.0117647058824
27731	0.0117647058824
30694	0.0117647058824
33405	0.0117647058824
34788	0.0117647058824
41350	0.0117647058824
41754	0.0117647058824
51380	0.0117647058824
1422	0.0117340286832
40972	0.0117302052786
28737	0.0116959064327
59661	0.0116959064327
41164	0.011673151751
5279	0.0116279069767
18366	0.0116279069767
19688	0.0116279069767
27550	0.0116279069767
33940	0.0116279069767
37349	0.0116279069767
41029	0.0116279069767
41708	0.0116279069767
42111	0.0116279069767
42813	0.0116279069767
6803	0.0115384615385
40964	0.0115273775216
1487	0.0114942528736
4510	0.0114942528736
9205	0.0114942528736
28042	0.0114942528736
30834	0.0114942528736
38201	0.0114942528736
41143	0.0114942528736
41428	0.0114942528736
41571	0.0114942528736
41712	0.0114942528736
46558	0.0114942528736
59731	0.0114942528736
20875	0.0114503816794
27358	0.0114503816794
37427	0.0114068441065
4485	0.011396011396
5503	0.011385199241
1537	0.0113636363636
3297	0.0113636363636
3582	0.0113636363636
5754	0.0113636363636
14353	0.0113636363636
25384	0.0113636363636
34621	0.0113636363636
35630	0.0113636363636
43327	0.0113636363636
50652	0.0113636363636
50911	0.0113636363636
51196	0.0113636363636
59558	0.0113636363636
497	0.0112612612613
22251	0.0112612612613
7749	0.0112359550562
40961	0.0112359550562
50992	0.0112359550562
2037	0.0112201963534
14343	0.0111731843575
4227	0.0111111111111
12943	0.0111111111111
16073	0.0111111111111
19465	0.0111111111111
24698	0.0111111111111
32927	0.0111111111111
36736	0.0111111111111
38530	0.0111111111111
41188	0.0111111111111
41791	0.0111111111111
41856	0.0111111111111
47918	0.0111111111111
51343	0.0111111111111
51940	0.0111111111111
52102	0.0111111111111
50939	0.01108033241
5230	0.0110497237569
14206	0.0110497237569
2811	0.0110294117647
3369	0.010989010989
7346	0.010989010989
12597	0.010989010989
18596	0.010989010989
20527	0.010989010989
22241	0.010989010989
33727	0.010989010989
33934	0.010989010989
34190	0.010989010989
41001	0.010989010989
41147	0.010989010989
41775	0.010989010989
52613	0.010989010989
40625	0.0109289617486
2152	0.0109090909091
44184	0.0109090909091
6466	0.0108695652174
8197	0.0108695652174
16170	0.0108695652174
22070	0.0108695652174
26274	0.0108695652174
33709	0.0108695652174
35275	0.0108695652174
37073	0.0108695652174
43269	0.0108695652174
29372	0.0108303249097
7317	0.0108108108108
10607	0.010752688172
38763	0.010752688172
40202	0.010752688172
42642	0.010752688172
52383	0.010752688172
49394	0.0107296137339
879	0.0107238605898
1146	0.0106382978723
4149	0.0106382978723
12831	0.0106382978723
30619	0.0106382978723
35229	0.0106382978723
37806	0.0106382978723
51043	0.0106382978723
52442	0.0106382978723
52733	0.0106382978723
51158	0.0106007067138
50760	0.010582010582
5643	0.0105740181269
15228	0.0105708245243
2720	0.0105263157895
4479	0.0105263157895
5656	0.0105263157895
5698	0.0105263157895
10792	0.0105263157895
19506	0.0105263157895
35431	0.0105263157895
7472	0.0104712041885
37238	0.0104712041885
41968	0.0104712041885
35345	0.0104438642298
41018	0.0104302477184
1528	0.0104166666667
8468	0.0104166666667
18604	0.0104166666667
19420	0.0104166666667
22113	0.0104166666667
25414	0.0104166666667
36054	0.0104166666667
38676	0.0104166666667
41081	0.0104166666667
42040	0.0104166666667
42378	0.0104166666667
42414	0.0104166666667
41061	0.0103806228374
25047	0.0103626943005
41364	0.0103448275862
30980	0.0103211009174
5352	0.0103092783505
18317	0.0103092783505
22654	0.0103092783505
25295	0.0103092783505
40752	0.0103092783505
41191	0.0103092783505
48676	0.0103092783505
23782	0.0102669404517
29309	0.0102669404517
33879	0.0102564102564
1020	0.0102040816327
4814	0.0102040816327
26572	0.0102040816327
27865	0.0102040816327
28793	0.0102040816327
43834	0.0102040816327
44456	0.0102040816327
51193	0.0102040816327
51250	0.0102040816327
867	0.0101781170483
870	0.010152284264
2067	0.010101010101
3385	0.010101010101
8890	0.010101010101
13999	0.010101010101
29243	0.010101010101
41629	0.010101010101
41778	0.010101010101
52952	0.010101010101
42609	0.0100334448161
819	0.01
6440	0.01
7739	0.01
25221	0.01
33143	0.01
36632	0.01
40969	0.01
41157	0.01
42810	0.01
2448	0.00993377483444
1119	0.00990099009901
4769	0.00990099009901
9292	0.00990099009901
33523	0.00990099009901
39358	0.00990099009901
39651	0.00990099009901
41197	0.00990099009901
42825	0.00990099009901
53065	0.00990099009901
21772	0.00986842105263
28055	0.00986842105263
7198	0.00985221674877
112	0.00980392156863
896	0.00980392156863
2245	0.00980392156863
31298	0.00980392156863
31995	0.00980392156863
32700	0.00980392156863
40104	0.00980392156863
41019	0.00980392156863
41452	0.00980392156863
49985	0.00980392156863
51133	0.00980392156863
20800	0.00975609756098
38787	0.00975609756098
932	0.00970873786408
3690	0.00970873786408
13006	0.00970873786408
13317	0.00970873786408
34136	0.00970873786408
36894	0.00970873786408
39709	0.00970873786408
41271	0.00970873786408
52711	0.00970873786408
59133	0.00970873786408
42424	0.00967741935484
8159	0.00966183574879
29360	0.00966183574879
2326	0.00961538461538
10281	0.00961538461538
32738	0.00961538461538
33544	0.00961538461538
34865	0.00961538461538
42704	0.00961538461538
51019	0.00961538461538
41047	0.00956937799043
5512	0.00955414012739
4391	0.00952380952381
17922	0.00952380952381
18234	0.00952380952381
20752	0.00952380952381
24958	0.00952380952381
32509	0.00952380952381
34168	0.00952380952381
37588	0.00952380952381
41083	0.00952380952381
48662	0.00952380952381
48910	0.00952380952381
52560	0.00952380952381
28051	0.00951625693894
47787	0.00947867298578
41093	0.00946372239748
377	0.00943396226415
12824	0.00943396226415
33645	0.00943396226415
38338	0.00943396226415
45381	0.00943396226415
50873	0.00943396226415
52089	0.00943396226415
12969	0.00942587832048
41039	0.00940438871473
15083	0.0093896713615
18307	0.00936768149883
156	0.00934579439252
3619	0.00934579439252
4752	0.00934579439252
5916	0.00934579439252
18327	0.00934579439252
31299	0.00934579439252
34443	0.00934579439252
51869	0.00934579439252
52016	0.00934579439252
52029	0.00934579439252
4173	0.00932400932401
11782	0.0093023255814
2247	0.00925925925926
3194	0.00925925925926
3515	0.00925925925926
4174	0.00925925925926
17110	0.00925925925926
22601	0.00925925925926
41634	0.00925925925926
52283	0.00925925925926
53194	0.00925925925926
4563	0.00925069380204
4695	0.00921658986175
4706	0.00921658986175
41025	0.00921658986175
1323	0.00917431192661
9288	0.00917431192661
12484	0.00917431192661
28405	0.00917431192661
37302	0.00917431192661
39727	0.00917431192661
42363	0.00917431192661
42931	0.00917431192661
48608	0.00917431192661
49448	0.00917431192661
50943	0.00917431192661
11778	0.00913242009132
51041	0.00912408759124
1364	0.00911854103343
23150	0.00911854103343
19598	0.00911458333333
11769	0.00910746812386
4943	0.00909090909091
23990	0.00909090909091
28486	0.00909090909091
29399	0.00909090909091
35486	0.00909090909091
51492	0.00909090909091
51707	0.00909090909091
34999	0.00904977375566
41521	0.00904977375566
5455	0.00900900900901
14839	0.00900900900901
15602	0.00900900900901
19922	0.00900900900901
20785	0.00900900900901
28812	0.00900900900901
33716	0.00900900900901
42463	0.00900900900901
43337	0.00900900900901
1118	0.00899742930591
27489	0.0089928057554
41015	0.00898203592814
41370	0.00896860986547
1975	0.00892857142857
9651	0.00892857142857
10492	0.00892857142857
21312	0.00892857142857
28805	0.00892857142857
41037	0.00892857142857
41078	0.00892857142857
42799	0.00892857142857
46277	0.00892857142857
4430	0.00891530460624
14369	0.00888888888889
2544	0.00884955752212
9636	0.00884955752212
41206	0.00884955752212
43824	0.00884955752212
53039	0.00884955752212
34929	0.00881057268722
511	0.00879765395894
2312	0.00877192982456
11397	0.00877192982456
11774	0.00877192982456
13313	0.00877192982456
13891	0.00877192982456
17346	0.00877192982456
33785	0.00877192982456
34933	0.00877192982456
41426	0.00877192982456
51573	0.00877192982456
52024	0.00877192982456
23666	0.00873362445415
13056	0.00871080139373
7513	0.00869565217391
13095	0.00869565217391
19695	0.00869565217391
34943	0.00869565217391
39546	0.00869565217391
40869	0.00869565217391
41165	0.00869565217391
41257	0.00869565217391
41935	0.00869565217391
59684	0.00869565217391
59879	0.00869565217391
41016	0.00868306801737
32823	0.00865800865801
9642	0.00864197530864
3077	0.00862068965517
6428	0.00862068965517
11145	0.00862068965517
14233	0.00862068965517
18403	0.00862068965517
24922	0.00862068965517
28141	0.00862068965517
29583	0.00862068965517
41160	0.00862068965517
48978	0.00862068965517
2030	0.00859598853868
28047	0.00859598853868
13933	0.00858369098712
42374	0.00858369098712
631	0.00856531049251
2186	0.00854700854701
2722	0.00854700854701
20669	0.00854700854701
24971	0.00854700854701
41074	0.00854700854701
42053	0.00854700854701
51152	0.00854700854701
51721	0.00854700854701
41068	0.00853889943074
21331	0.00851063829787
16231	0.00847457627119
20636	0.00847457627119
23789	0.00847457627119
34147	0.00847457627119
39288	0.00847457627119
40411	0.00847457627119
42135	0.00847457627119
12756	0.0084388185654
27255	0.0084388185654
18301	0.00842696629213
397	0.00840336134454
11250	0.00840336134454
14730	0.00840336134454
27649	0.00840336134454
39039	0.00840336134454
51139	0.00840336134454
11655	0.00838926174497
29780	0.00836820083682
40318	0.00836820083682
26602	0.00835866261398
5231	0.00833767587285
71	0.00833333333333
10369	0.00833333333333
10646	0.00833333333333
12343	0.00833333333333
16846	0.00833333333333
41236	0.00833333333333
52428	0.00833333333333
1272	0.00826446280992
5603	0.00826446280992
22238	0.00826446280992
31895	0.00826446280992
41172	0.00826446280992
41943	0.00826446280992
50957	0.00826446280992
37111	0.00825082508251
29055	0.0082304526749
3933	0.00822669104205
7261	0.00821018062397
27225	0.00819672131148
31720	0.00819672131148
36394	0.00819672131148
41303	0.00819672131148
41322	0.00819672131148
52368	0.00819672131148
1902	0.00816326530612
4900	0.00816326530612
6372	0.00816326530612
17068	0.00816326530612
24126	0.00816326530612
33495	0.00816326530612
44281	0.00816326530612
27651	0.00815217391304
7645	0.00813008130081
26403	0.00813008130081
31011	0.00813008130081
39210	0.00813008130081
39404	0.00813008130081
51345	0.00813008130081
3553	0.00810810810811
1144	0.0080971659919
34356	0.0080971659919
41270	0.0080971659919
14750	0.00809248554913
210	0.00806451612903
3481	0.00806451612903
18973	0.00806451612903
23742	0.00806451612903
25091	0.00806451612903
33971	0.00806451612903
41225	0.00806451612903
11359	0.00802139037433
51989	0.00802139037433
17938	0.00801603206413
8709	0.00801068090788
5221	0.008
18134	0.008
41097	0.008
29971	0.00797872340426
18205	0.00796812749004
5112	0.00795228628231
3507	0.00793650793651
4604	0.00793650793651
11383	0.00793650793651
32411	0.00793650793651
30849	0.00790513833992
50933	0.00789473684211
10045	0.00787401574803
10397	0.00787401574803
25416	0.00787401574803
29564	0.00787401574803
36494	0.00787401574803
38822	0.00787401574803
45139	0.00787401574803
27809	0.00784929356358
27949	0.00783289817232
1328	0.0078125
2353	0.0078125
3544	0.0078125
3565	0.0078125
7442	0.0078125
31875	0.0078125
34145	0.0078125
2381	0.00779220779221
35809	0.00779220779221
52332	0.00778210116732
1064	0.0077519379845
5519	0.0077519379845
6218	0.0077519379845
6394	0.0077519379845
26674	0.0077519379845
30835	0.0077519379845
36976	0.0077519379845
2745	0.00773558368495
18515	0.00773195876289
4339	0.00772200772201
50923	0.00772200772201
888	0.00769230769231
3006	0.00769230769231
5000	0.00769230769231
5354	0.00769230769231
6404	0.00769230769231
18641	0.00769230769231
19547	0.00769230769231
20647	0.00769230769231
22919	0.00769230769231
25305	0.00769230769231
25834	0.00769230769231
30923	0.00769230769231
34521	0.00769230769231
37184	0.00769230769231
38701	0.00769230769231
41421	0.00769230769231
1921	0.00763358778626
6657	0.00763358778626
19429	0.00763358778626
21696	0.00763358778626
20630	0.00761421319797
17147	0.00760456273764
392	0.00757575757576
1324	0.00757575757576
4775	0.00757575757576
17015	0.00757575757576
18276	0.00757575757576
40984	0.00757575757576
41284	0.00757575757576
42262	0.00757575757576
53001	0.00757575757576
34369	0.00756143667297
253	0.00755939524838
2290	0.00755813953488
1048	0.00755429650614
47637	0.00754716981132
5672	0.00751879699248
18199	0.00751879699248
22351	0.00751879699248
31312	0.00751879699248
18311	0.00748663101604
17554	0.00746268656716
26711	0.00746268656716
34391	0.00746268656716
20542	0.00745156482861
27535	0.00745156482861
41985	0.00744878957169
41347	0.00743494423792
1273	0.00740740740741
9826	0.00740740740741
19111	0.00740740740741
41253	0.00740740740741
42019	0.00740740740741
42977	0.00740740740741
7340	0.00739957716702
35563	0.00738613048831
34199	0.00738007380074
5420	0.00737100737101
13418	0.00735294117647
27207	0.00735294117647
29567	0.00735294117647
40999	0.00735294117647
41055	0.00735294117647
32862	0.00732600732601
50944	0.00732600732601
3312	0.0073126142596
995	0.00729927007299
26416	0.00729927007299
42302	0.00729927007299
40965	0.00729335494327
32612	0.00727272727273
51178	0.00727272727273
1087	0.00724637681159
2264	0.00724637681159
5552	0.00724637681159
13149	0.00724637681159
22690	0.00724637681159
26437	0.00724637681159
27209	0.00724637681159
29992	0.00724637681159
32246	0.00724637681159
35420	0.00724637681159
41099	0.00724637681159
41443	0.00724637681159
4916	0.00721370604148
12998	0.00720720720721
13935	0.00720720720721
4711	0.00720288115246
1954	0.00719424460432
2171	0.00719424460432
34143	0.00719424460432
42545	0.00719424460432
50941	0.00719424460432
9656	0.00718390804598
2313	0.00716845878136
21801	0.00716845878136
33142	0.00716845878136
4764	0.0071530758226
3492	0.00714285714286
10112	0.00714285714286
15825	0.00714285714286
50864	0.00714285714286
51281	0.00714285714286
53000	0.00714285714286
37426	0.00713012477718
4708	0.00712250712251
35021	0.00711743772242
21745	0.00710479573712
39447	0.00710059171598
4070	0.00709219858156
11201	0.00709219858156
15782	0.00709219858156
16264	0.00709219858156
27409	0.00709219858156
28294	0.00709219858156
60331	0.00709219858156
5218	0.00706713780919
7062	0.00706713780919
2	0.0070564516129
24688	0.00704225352113
29739	0.00704225352113
37775	0.00701754385965
40980	0.00700525394046
41583	0.00700525394046
2850	0.00699300699301
4489	0.00699300699301
11087	0.00699300699301
50952	0.00699300699301
51875	0.00699300699301
3139	0.00696864111498
14476	0.00694444444444
22621	0.00694444444444
35044	0.00694444444444
38191	0.00694444444444
43354	0.00694444444444
57496	0.00694444444444
25738	0.00692640692641
39136	0.00692307692308
13952	0.00692041522491
22383	0.00691562932227
4335	0.00689655172414
4582	0.00689655172414
5553	0.00689655172414
18414	0.00689655172414
36037	0.00689655172414
42270	0.00689655172414
51274	0.00689655172414
16831	0.00684931506849
30585	0.00684931506849
41890	0.00684931506849
7518	0.00683371298405
40289	0.00683371298405
41417	0.00682593856655
9538	0.00681431005111
755	0.00680272108844
3747	0.00680272108844
6222	0.00680272108844
6564	0.00680272108844
11798	0.00680272108844
17315	0.00680272108844
30793	0.00680272108844
31864	0.00680272108844
40344	0.00680272108844
29854	0.00679347826087
38807	0.00677966101695
7095	0.00675675675676
32832	0.00675675675676
51568	0.00675675675676
31830	0.0067264573991
3059	0.00672043010753
172	0.00671140939597
2411	0.00671140939597
4035	0.00671140939597
18836	0.00671140939597
21558	0.00671140939597
26486	0.00671140939597
30635	0.00671140939597
42312	0.00671140939597
52555	0.00671140939597
1503	0.00667408231368
4280	0.00666666666667
32651	0.00666666666667
51393	0.00666666666667
50879	0.00664451827243
76	0.00662251655629
4977	0.00662251655629
28709	0.00662251655629
50963	0.00662251655629
52240	0.00662251655629
31440	0.0066170388751
2419	0.00660501981506
25444	0.00660066006601
34224	0.00658616904501
5157	0.00657894736842
27226	0.00657894736842
27910	0.00657894736842
37800	0.00657894736842
40847	0.00657894736842
3133	0.0065703022339
38203	0.00656814449918
29861	0.00656455142232
6954	0.00653594771242
15114	0.00653594771242
20573	0.00653594771242
27288	0.00653594771242
37201	0.00653594771242
38657	0.00653594771242
40351	0.00653594771242
41106	0.00653594771242
41287	0.00653594771242
1399	0.00652173913043
22743	0.00650935720098
554	0.00649350649351
2829	0.00649350649351
4654	0.00649350649351
14515	0.00649350649351
34254	0.00649350649351
40995	0.00647668393782
3720	0.00646830530401
45223	0.00646551724138
14459	0.00645161290323
41154	0.00645161290323
4578	0.0064308681672
18699	0.0064308681672
3436	0.00641025641026
13119	0.00641025641026
28156	0.00641025641026
51246	0.00641025641026
40988	0.00639658848614
41332	0.00639658848614
14115	0.00638977635783
632	0.00636942675159
5012	0.00636942675159
12777	0.00636942675159
17928	0.00636942675159
27952	0.00636942675159
41038	0.00636942675159
1239	0.00634920634921
30625	0.00634920634921
1039	0.00632911392405
1990	0.00632911392405
4137	0.00632911392405
9920	0.00632911392405
11519	0.00632911392405
41307	0.00632911392405
51027	0.00632911392405
17355	0.00631911532385
14122	0.0062893081761
35703	0.0062893081761
38194	0.0062893081761
41073	0.0062893081761
44847	0.0062893081761
4846	0.00625
16784	0.00625
17483	0.00625
35047	0.00625
41098	0.00625
41596	0.00625
41003	0.00623700623701
50901	0.00623052959502
874	0.00621118012422
5089	0.00621118012422
22643	0.00621118012422
41832	0.00621118012422
51071	0.00621118012422
41403	0.0061919504644
1984	0.00618238021638
4337	0.00617283950617
10096	0.00617283950617
7299	0.00615384615385
4937	0.00613496932515
10248	0.00613496932515
21311	0.00613496932515
23299	0.00613496932515
27899	0.00613496932515
33922	0.00613496932515
22744	0.00612423447069
3531	0.00612244897959
37557	0.00609756097561
40893	0.00609756097561
42145	0.00609756097561
51784	0.00609756097561
16927	0.00606060606061
17637	0.00606060606061
18129	0.00606060606061
18584	0.00606060606061
32935	0.00606060606061
49398	0.00606060606061
25051	0.00604838709677
5715	0.00602409638554
15851	0.00602409638554
19034	0.00602409638554
36078	0.00602409638554
42335	0.00602409638554
51117	0.00602409638554
12467	0.00600600600601
19314	0.0059880239521
19687	0.0059880239521
26893	0.0059880239521
35199	0.0059880239521
5593	0.00595238095238
12511	0.00595238095238
23628	0.00595238095238
18960	0.00594530321046
40982	0.00593471810089
41032	0.00593471810089
17711	0.00592885375494
41355	0.00592885375494
1497	0.00591715976331
1655	0.00591715976331
12501	0.00591715976331
5768	0.00590551181102
3365	0.00590318772137
6427	0.00588754783633
3533	0.00588235294118
21204	0.00588235294118
24373	0.00588235294118
37114	0.00588235294118
41940	0.00588235294118
34169	0.00587084148728
3486	0.00584795321637
16912	0.00584795321637
21989	0.00584795321637
41156	0.00584795321637
50870	0.00584795321637
5774	0.00581395348837
23222	0.00581395348837
26566	0.00581395348837
33780	0.00581395348837
42531	0.00581395348837
7509	0.00578034682081
38800	0.00578034682081
39548	0.00578034682081
34683	0.00576368876081
5204	0.00575815738964
2574	0.00574712643678
3535	0.00574712643678
52738	0.00574712643678
41609	0.00573065902579
2934	0.00571428571429
11887	0.00571428571429
51159	0.00571428571429
4518	0.0056967572305
3527	0.00568181818182
22104	0.00568181818182
22579	0.00568181818182
23415	0.00568181818182
29591	0.00568181818182
30789	0.00568181818182
34217	0.00568181818182
40482	0.00568181818182
51029	0.00568181818182
7349	0.0056657223796
3598	0.00564971751412
10157	0.00564971751412
12194	0.00564971751412
17915	0.00564971751412
25942	0.00564971751412
51145	0.00564971751412
10250	0.0056338028169
18835	0.00561797752809
41391	0.00561797752809
50987	0.00561797752809
11727	0.00560224089636
2588	0.00558659217877
10852	0.00558659217877
14862	0.00558659217877
41593	0.00558659217877
5237	0.00557103064067
42450	0.00555555555556
1390	0.00552486187845
21906	0.00552486187845
41378	0.00552486187845
3273	0.00551267916207
3788	0.00550964187328
893	0.00550550550551
30269	0.00550458715596
3214	0.00549450549451
12149	0.00549450549451
26579	0.00549450549451
29024	0.00549450549451
33634	0.00548696844993
25324	0.00546448087432
39360	0.00546448087432
47774	0.00546448087432
51394	0.00546448087432
51485	0.00546448087432
2007	0.00545256270447
742	0.0054347826087
2660	0.0054347826087
9586	0.0054347826087
19897	0.0054347826087
20675	0.0054347826087
23285	0.0054347826087
32087	0.0054347826087
921	0.00541027953111
4655	0.00540723217303
13660	0.00540540540541
34667	0.00540540540541
2898	0.00539374325782
216	0.00539083557951
6417	0.00537634408602
41132	0.00537634408602
51121	0.00537634408602
5622	0.00536193029491
1456	0.00534759358289
16935	0.00534759358289
19338	0.00534759358289
28700	0.00534759358289
25732	0.00531914893617
41040	0.00531914893617
41544	0.00531914893617
51655	0.00531914893617
38794	0.00529100529101
40976	0.00529100529101
51197	0.00529100529101
51213	0.00529100529101
775	0.00526315789474
5116	0.00526315789474
17566	0.00526315789474
23121	0.00526315789474
23248	0.00526315789474
52065	0.00526315789474
52494	0.00526315789474
8724	0.00523560209424
1931	0.00521739130435
41013	0.00520833333333
41204	0.00520833333333
9135	0.00519480519481
949	0.00519031141869
4153	0.00518134715026
37737	0.00518134715026
38659	0.00518134715026
41404	0.00518134715026
51151	0.00518134715026
24522	0.00516795865633
452	0.00515463917526
7460	0.00515463917526
7505	0.00515463917526
18112	0.00515463917526
1438	0.00514138817481
869	0.00513071096995
6772	0.00512820512821
21557	0.00512820512821
32042	0.00512820512821
39265	0.00512820512821
4396	0.00510204081633
36967	0.00510204081633
48489	0.00510204081633
50913	0.00510204081633
1680	0.00508905852417
16273	0.00507614213198
2865	0.00505050505051
24889	0.00505050505051
41129	0.00503778337531
25891	0.00502512562814
30938	0.00502512562814
30982	0.00502512562814
23688	0.00501253132832
4733	0.005
10266	0.005
51112	0.005
10987	0.00498753117207
23642	0.00498753117207
1743	0.00497512437811
41010	0.00497512437811
50980	0.00497512437811
3689	0.00496277915633
30899	0.00496277915633
41031	0.00493218249075
3250	0.00492610837438
16076	0.00492610837438
21507	0.00492610837438
36686	0.00492610837438
22572	0.00487804878049
5432	0.00484429065744
36398	0.00483558994197
7974	0.0048309178744
24684	0.0048309178744
33656	0.0048309178744
44433	0.0048309178744
51146	0.0048309178744
26863	0.0048231511254
3288	0.00480769230769
21337	0.00480769230769
35581	0.00480769230769
29705	0.00478468899522
3781	0.0047619047619
7956	0.0047619047619
18456	0.00475435816165
2463	0.00474383301708
1853	0.00473933649289
3198	0.00473933649289
7100	0.00473933649289
32188	0.00473933649289
2515	0.00471698113208
3733	0.00471698113208
90	0.00469483568075
5419	0.00469483568075
21321	0.00469483568075
31536	0.00468384074941
13111	0.0046783625731
59604	0.00467289719626
9625	0.0046511627907
27525	0.0046511627907
15306	0.00462962962963
26760	0.00462962962963
29287	0.00460829493088
41942	0.00460829493088
28290	0.0045871559633
50885	0.0045871559633
53342	0.0045871559633
25586	0.0045766590389
35045	0.0045766590389
5056	0.00456621004566
7300	0.00456621004566
1489	0.00454545454545
14716	0.00454545454545
25113	0.00454545454545
4951	0.00453514739229
2333	0.00452079566004
1309	0.0045045045045
1739	0.0045045045045
3859	0.0045045045045
34525	0.0045045045045
992	0.00448430493274
11675	0.00448430493274
5809	0.00448028673835
562	0.00447427293065
11165	0.00446428571429
32490	0.00446428571429
40962	0.00444839857651
26805	0.00444247001333
3499	0.00442477876106
17611	0.00442477876106
20529	0.00442477876106
21845	0.00440528634361
689	0.0043956043956
25431	0.00438596491228
38795	0.00438596491228
2840	0.00438212094654
16447	0.00431965442765
2787	0.00429184549356
18172	0.00429184549356
40981	0.00429184549356
41045	0.00429184549356
21545	0.0042735042735
29852	0.0042735042735
37660	0.0042735042735
3280	0.00425531914894
50851	0.00425531914894
50875	0.00425531914894
4523	0.00423728813559
7312	0.00422336931018
26584	0.0042194092827
28742	0.0042194092827
33377	0.0042194092827
39209	0.0042194092827
52055	0.0042194092827
5693	0.00421052631579
35400	0.00420168067227
40978	0.00418410041841
9200	0.00417101147028
40987	0.00416666666667
41134	0.00416666666667
41140	0.00416666666667
31879	0.00414937759336
13960	0.00413223140496
2127	0.00409836065574
14604	0.00409836065574
19201	0.00409836065574
31882	0.00408163265306
51724	0.00406504065041
37169	0.00404858299595
38793	0.0040415704388
10920	0.00403225806452
22717	0.00403225806452
52471	0.00403225806452
36392	0.00402414486922
20779	0.00401606425703
39483	0.00401606425703
39549	0.004
2344	0.003996003996
20506	0.00398406374502
51173	0.00398406374502
9188	0.00393700787402
27404	0.00393700787402
41054	0.00393700787402
11	0.0039331366765
39785	0.00392927308448
17952	0.00392156862745
31170	0.00392156862745
50845	0.00392156862745
41109	0.00391389432485
14352	0.00391134289439
39383	0.00390625
25930	0.00389105058366
2733	0.00388098318241
10287	0.003861003861
5673	0.0038240917782
34858	0.0038240917782
30445	0.00381679389313
21797	0.00380228136882
9647	0.00379506641366
23667	0.00378787878788
35847	0.00378787878788
44951	0.00378787878788
18613	0.00377358490566
15207	0.00371747211896
28821	0.00371057513915
16956	0.0037037037037
1628	0.0036855036855
26508	0.00367647058824
41090	0.00367197062424
34367	0.00363306085377
19601	0.00362844702467
17939	0.0036231884058
31877	0.0036231884058
41095	0.00361010830325
18556	0.00359712230216
28673	0.00359712230216
38790	0.00359712230216
41208	0.00359712230216
1117	0.00358422939068
19288	0.00358422939068
35136	0.00358422939068
30691	0.00357142857143
31138	0.00357142857143
41326	0.00357142857143
50995	0.00355871886121
2757	0.00354609929078
33887	0.00353356890459
4399	0.00352112676056
29394	0.00352112676056
28443	0.00350877192982
25098	0.00347826086957
17605	0.00347222222222
27890	0.00347222222222
30794	0.00347222222222
41065	0.00346020761246
1676	0.00344827586207
7390	0.00343642611684
27094	0.00343642611684
51212	0.00342465753425
13955	0.00340136054422
27171	0.00340136054422
41368	0.00338983050847
11381	0.00337837837838
39585	0.00335570469799
11746	0.00334448160535
28286	0.00334448160535
53040	0.00334448160535
41116	0.00333889816361
29724	0.00333333333333
19090	0.00332225913621
38925	0.00331125827815
51006	0.003300330033
42912	0.00327868852459
14253	0.00322580645161
41042	0.00319488817891
34637	0.0031847133758
16209	0.00317965023847
35049	0.00317965023847
4121	0.0031746031746
34548	0.0031746031746
12610	0.00316957210777
8681	0.00316455696203
35958	0.00315457413249
6360	0.00314465408805
52225	0.00313479623824
11481	0.00311526479751
13339	0.00311526479751
41067	0.00311526479751
2409	0.0030959752322
51156	0.0030959752322
118	0.00307692307692
27128	0.00306748466258
35237	0.00306748466258
41126	0.00306748466258
900	0.00305810397554
35728	0.00305810397554
38584	0.00305810397554
868	0.0030487804878
6304	0.00302114803625
17715	0.00302114803625
41243	0.00302114803625
17008	0.00299401197605
17596	0.00299401197605
18361	0.00294985250737
32453	0.00294985250737
5120	0.00294550810015
17987	0.00289855072464
14140	0.0028901734104
41000	0.0028901734104
259	0.0028818443804
29686	0.00287356321839
11232	0.00286532951289
3239	0.00285714285714
48572	0.00285714285714
3943	0.002849002849
28810	0.002849002849
2613	0.00283687943262
3260	0.0028328611898
2142	0.00281690140845
18701	0.00281690140845
37392	0.00280504908836
1700	0.00279329608939
41034	0.00277008310249
33850	0.0027397260274
34897	0.00273224043716
41048	0.00273224043716
4644	0.00272479564033
50855	0.00271002710027
25453	0.00268096514745
34830	0.00268096514745
30799	0.00267379679144
23265	0.00266666666667
28830	0.0026455026455
30471	0.0026455026455
41050	0.00263852242744
41374	0.00263852242744
16917	0.00262467191601
37993	0.0025974025974
16420	0.00259067357513
14207	0.0025641025641
12017	0.00254452926209
23481	0.00251889168766
35514	0.00251889168766
42156	0.00248138957816
20818	0.00243309002433
51096	0.00243309002433
6812	0.00242914979757
41092	0.00236406619385
29277	0.00235294117647
41467	0.00234741784038
33678	0.002331002331
41071	0.00232558139535
12388	0.00228310502283
3827	0.00219298245614
28832	0.00218340611354
37961	0.00210970464135
3419	0.00209205020921
11169	0.00208768267223
41044	0.00208768267223
41058	0.00208333333333
50105	0.00208333333333
33762	0.002079002079
33841	0.0019120458891
34751	0.00187969924812
35178	0.00176366843034
39915	0.00176366843034
18777	0.00168208578638
7175	0.0015923566879
20416	0.00158227848101
1135	0.0014880952381
22929	0.000904159132007
