3039	0.12
25706	0.115384615385
10100	0.0952380952381
52512	0.0952380952381
36491	0.0909090909091
51973	0.0869565217391
4282	0.08
19917	0.08
34151	0.0769230769231
1179	0.0740740740741
5270	0.0740740740741
41242	0.0740740740741
5579	0.0714285714286
6479	0.0714285714286
7454	0.0714285714286
8383	0.0714285714286
10759	0.0714285714286
10793	0.0714285714286
10913	0.0714285714286
13852	0.0714285714286
15368	0.0714285714286
16144	0.0714285714286
16315	0.0714285714286
16399	0.0714285714286
17738	0.0714285714286
18289	0.0714285714286
19430	0.0714285714286
20276	0.0714285714286
21280	0.0714285714286
25275	0.0714285714286
27639	0.0714285714286
28032	0.0714285714286
28183	0.0714285714286
28776	0.0714285714286
28914	0.0714285714286
29512	0.0714285714286
30563	0.0714285714286
31635	0.0714285714286
32051	0.0714285714286
32865	0.0714285714286
33641	0.0714285714286
34319	0.0714285714286
35017	0.0714285714286
38504	0.0714285714286
38762	0.0714285714286
40727	0.0714285714286
42322	0.0714285714286
44459	0.0714285714286
44887	0.0714285714286
45691	0.0714285714286
45868	0.0714285714286
46145	0.0714285714286
49146	0.0714285714286
53325	0.0714285714286
54624	0.0714285714286
54950	0.0714285714286
55705	0.0714285714286
57372	0.0714285714286
58910	0.0714285714286
2172	0.0666666666667
4296	0.0666666666667
6652	0.0666666666667
7777	0.0666666666667
11607	0.0666666666667
11688	0.0666666666667
11738	0.0666666666667
12867	0.0666666666667
13020	0.0666666666667
13180	0.0666666666667
14631	0.0666666666667
15315	0.0666666666667
19439	0.0666666666667
19681	0.0666666666667
20300	0.0666666666667
20452	0.0666666666667
21249	0.0666666666667
26189	0.0666666666667
26346	0.0666666666667
26727	0.0666666666667
28388	0.0666666666667
32392	0.0666666666667
33263	0.0666666666667
35692	0.0666666666667
36121	0.0666666666667
37877	0.0666666666667
38092	0.0666666666667
39983	0.0666666666667
40116	0.0666666666667
40894	0.0666666666667
42246	0.0666666666667
42864	0.0666666666667
44194	0.0666666666667
44397	0.0666666666667
45307	0.0666666666667
46140	0.0666666666667
48788	0.0666666666667
48889	0.0666666666667
49434	0.0666666666667
50145	0.0666666666667
50417	0.0666666666667
54216	0.0666666666667
54267	0.0666666666667
54749	0.0666666666667
55443	0.0666666666667
55871	0.0666666666667
56902	0.0666666666667
58018	0.0666666666667
59110	0.0666666666667
10483	0.0645161290323
791	0.0625
1174	0.0625
3367	0.0625
3514	0.0625
3707	0.0625
6043	0.0625
8078	0.0625
8098	0.0625
9227	0.0625
10001	0.0625
10081	0.0625
10635	0.0625
12263	0.0625
14519	0.0625
15220	0.0625
15498	0.0625
16429	0.0625
17553	0.0625
18392	0.0625
20475	0.0625
21081	0.0625
21291	0.0625
23487	0.0625
24153	0.0625
26410	0.0625
26783	0.0625
27549	0.0625
31638	0.0625
32287	0.0625
32327	0.0625
33278	0.0625
36362	0.0625
38559	0.0625
38965	0.0625
39987	0.0625
42686	0.0625
46572	0.0625
48201	0.0625
49388	0.0625
50296	0.0625
50608	0.0625
50700	0.0625
50779	0.0625
53094	0.0625
53590	0.0625
55955	0.0625
56625	0.0625
57052	0.0625
57694	0.0625
60545	0.0625
53240	0.0612244897959
33764	0.0606060606061
39082	0.0606060606061
2192	0.0588235294118
2699	0.0588235294118
3041	0.0588235294118
3340	0.0588235294118
3712	0.0588235294118
6452	0.0588235294118
6941	0.0588235294118
7037	0.0588235294118
9793	0.0588235294118
9943	0.0588235294118
10008	0.0588235294118
10278	0.0588235294118
10542	0.0588235294118
15991	0.0588235294118
19372	0.0588235294118
20266	0.0588235294118
20426	0.0588235294118
21226	0.0588235294118
21276	0.0588235294118
23743	0.0588235294118
24711	0.0588235294118
26708	0.0588235294118
27531	0.0588235294118
27621	0.0588235294118
30827	0.0588235294118
31012	0.0588235294118
31847	0.0588235294118
32727	0.0588235294118
33225	0.0588235294118
33333	0.0588235294118
36124	0.0588235294118
36866	0.0588235294118
37295	0.0588235294118
38588	0.0588235294118
39101	0.0588235294118
40142	0.0588235294118
42375	0.0588235294118
43667	0.0588235294118
46005	0.0588235294118
46480	0.0588235294118
46490	0.0588235294118
46540	0.0588235294118
47888	0.0588235294118
49517	0.0588235294118
49700	0.0588235294118
49918	0.0588235294118
52237	0.0588235294118
52524	0.0588235294118
55147	0.0588235294118
55668	0.0588235294118
59703	0.0588235294118
61087	0.0588235294118
39260	0.0571428571429
3485	0.0555555555556
5373	0.0555555555556
7318	0.0555555555556
7368	0.0555555555556
9053	0.0555555555556
9316	0.0555555555556
12427	0.0555555555556
13273	0.0555555555556
15969	0.0555555555556
18080	0.0555555555556
20661	0.0555555555556
20979	0.0555555555556
21953	0.0555555555556
22959	0.0555555555556
23917	0.0555555555556
26518	0.0555555555556
28608	0.0555555555556
29312	0.0555555555556
29733	0.0555555555556
31706	0.0555555555556
37946	0.0555555555556
38278	0.0555555555556
40612	0.0555555555556
42470	0.0555555555556
42957	0.0555555555556
43205	0.0555555555556
43341	0.0555555555556
44167	0.0555555555556
51238	0.0555555555556
52376	0.0555555555556
53847	0.0555555555556
54917	0.0555555555556
58430	0.0555555555556
11236	0.0540540540541
542	0.0526315789474
1580	0.0526315789474
2177	0.0526315789474
5919	0.0526315789474
6050	0.0526315789474
6944	0.0526315789474
7889	0.0526315789474
8474	0.0526315789474
11552	0.0526315789474
14591	0.0526315789474
14820	0.0526315789474
17209	0.0526315789474
20161	0.0526315789474
25673	0.0526315789474
27121	0.0526315789474
28687	0.0526315789474
32506	0.0526315789474
33269	0.0526315789474
37307	0.0526315789474
41537	0.0526315789474
42355	0.0526315789474
45211	0.0526315789474
46338	0.0526315789474
46720	0.0526315789474
47307	0.0526315789474
47531	0.0526315789474
48097	0.0526315789474
48503	0.0526315789474
49419	0.0526315789474
49835	0.0526315789474
50310	0.0526315789474
52601	0.0526315789474
55845	0.0526315789474
57528	0.0526315789474
58351	0.0526315789474
51298	0.0512820512821
2261	0.05
3143	0.05
5967	0.05
8169	0.05
8224	0.05
8556	0.05
9580	0.05
10085	0.05
11090	0.05
12709	0.05
13030	0.05
13114	0.05
16383	0.05
17551	0.05
21360	0.05
22904	0.05
29501	0.05
31050	0.05
37147	0.05
39307	0.05
40728	0.05
41435	0.05
42061	0.05
44142	0.05
45902	0.05
46964	0.05
47039	0.05
49011	0.05
51661	0.05
52616	0.05
52745	0.05
52929	0.05
53193	0.05
54785	0.05
59721	0.05
60102	0.05
52109	0.0487804878049
4	0.047619047619
2422	0.047619047619
5010	0.047619047619
5163	0.047619047619
5238	0.047619047619
6496	0.047619047619
9296	0.047619047619
11925	0.047619047619
13604	0.047619047619
14240	0.047619047619
17111	0.047619047619
17559	0.047619047619
18982	0.047619047619
19481	0.047619047619
22092	0.047619047619
27325	0.047619047619
27429	0.047619047619
31598	0.047619047619
38784	0.047619047619
38812	0.047619047619
40667	0.047619047619
42586	0.047619047619
42669	0.047619047619
43389	0.047619047619
43578	0.047619047619
44736	0.047619047619
47035	0.047619047619
47337	0.047619047619
47525	0.047619047619
48359	0.047619047619
49253	0.047619047619
51174	0.047619047619
52184	0.047619047619
52257	0.047619047619
53208	0.047619047619
54668	0.047619047619
61222	0.047619047619
41558	0.046511627907
41931	0.0461538461538
6547	0.0454545454545
6702	0.0454545454545
8053	0.0454545454545
9461	0.0454545454545
11160	0.0454545454545
15828	0.0454545454545
16285	0.0454545454545
17067	0.0454545454545
17391	0.0454545454545
17720	0.0454545454545
23263	0.0454545454545
25057	0.0454545454545
25184	0.0454545454545
27069	0.0454545454545
27655	0.0454545454545
32171	0.0454545454545
33156	0.0454545454545
33733	0.0454545454545
35941	0.0454545454545
39333	0.0454545454545
40484	0.0454545454545
42376	0.0454545454545
42388	0.0454545454545
42929	0.0454545454545
43983	0.0454545454545
45305	0.0454545454545
48722	0.0454545454545
49159	0.0454545454545
50407	0.0454545454545
56025	0.0454545454545
60601	0.0454545454545
40677	0.0444444444444
464	0.0434782608696
4219	0.0434782608696
4422	0.0434782608696
5554	0.0434782608696
6978	0.0434782608696
7664	0.0434782608696
7985	0.0434782608696
8482	0.0434782608696
8491	0.0434782608696
8690	0.0434782608696
12056	0.0434782608696
14301	0.0434782608696
14689	0.0434782608696
14904	0.0434782608696
17044	0.0434782608696
18197	0.0434782608696
18516	0.0434782608696
20497	0.0434782608696
20893	0.0434782608696
21886	0.0434782608696
23336	0.0434782608696
23882	0.0434782608696
25462	0.0434782608696
25873	0.0434782608696
27000	0.0434782608696
27619	0.0434782608696
28392	0.0434782608696
29361	0.0434782608696
33075	0.0434782608696
33509	0.0434782608696
42330	0.0434782608696
42993	0.0434782608696
49215	0.0434782608696
49902	0.0434782608696
51637	0.0434782608696
59580	0.0434782608696
43517	0.0425531914894
1473	0.0416666666667
2677	0.0416666666667
9194	0.0416666666667
18719	0.0416666666667
19163	0.0416666666667
24331	0.0416666666667
27298	0.0416666666667
37274	0.0416666666667
39712	0.0416666666667
40438	0.0416666666667
42139	0.0416666666667
42547	0.0416666666667
48893	0.0416666666667
51879	0.0416666666667
52731	0.0416666666667
42295	0.041095890411
23698	0.0408163265306
33864	0.0405405405405
8	0.04
8758	0.04
9910	0.04
16716	0.04
19704	0.04
20941	0.04
23937	0.04
28050	0.04
31810	0.04
32283	0.04
33767	0.04
34075	0.04
34743	0.04
34911	0.04
36323	0.04
39408	0.04
43546	0.04
43619	0.04
44954	0.04
46282	0.04
52592	0.04
60028	0.04
60640	0.04
61282	0.04
5343	0.0384615384615
6423	0.0384615384615
16563	0.0384615384615
18016	0.0384615384615
20008	0.0384615384615
23314	0.0384615384615
24463	0.0384615384615
24966	0.0384615384615
26364	0.0384615384615
26613	0.0384615384615
27044	0.0384615384615
29379	0.0384615384615
31166	0.0384615384615
31615	0.0384615384615
32713	0.0384615384615
34826	0.0384615384615
37833	0.0384615384615
40071	0.0384615384615
40769	0.0384615384615
40929	0.0384615384615
41860	0.0384615384615
44399	0.0384615384615
50559	0.0384615384615
52954	0.0384615384615
58017	0.0384615384615
60492	0.0384615384615
45068	0.0377358490566
52642	0.0377358490566
1554	0.037037037037
2330	0.037037037037
2725	0.037037037037
7464	0.037037037037
11478	0.037037037037
23945	0.037037037037
29250	0.037037037037
31025	0.037037037037
31621	0.037037037037
34304	0.037037037037
34547	0.037037037037
34739	0.037037037037
36242	0.037037037037
37068	0.037037037037
37319	0.037037037037
40424	0.037037037037
42290	0.037037037037
48569	0.037037037037
48753	0.037037037037
50048	0.037037037037
50094	0.037037037037
51090	0.037037037037
51480	0.037037037037
58301	0.037037037037
58307	0.037037037037
10607	0.0361445783133
1675	0.0357142857143
3915	0.0357142857143
9757	0.0357142857143
10341	0.0357142857143
10631	0.0357142857143
11624	0.0357142857143
15380	0.0357142857143
15846	0.0357142857143
20990	0.0357142857143
21103	0.0357142857143
23120	0.0357142857143
24865	0.0357142857143
25733	0.0357142857143
33122	0.0357142857143
34127	0.0357142857143
34640	0.0357142857143
35505	0.0357142857143
36718	0.0357142857143
37522	0.0357142857143
39936	0.0357142857143
41395	0.0357142857143
43487	0.0357142857143
49570	0.0357142857143
49735	0.0357142857143
51433	0.0357142857143
53279	0.0357142857143
60768	0.0357142857143
1907	0.0344827586207
4700	0.0344827586207
4703	0.0344827586207
5260	0.0344827586207
7495	0.0344827586207
12811	0.0344827586207
15340	0.0344827586207
19779	0.0344827586207
21493	0.0344827586207
22729	0.0344827586207
24417	0.0344827586207
24438	0.0344827586207
27462	0.0344827586207
31364	0.0344827586207
34820	0.0344827586207
35908	0.0344827586207
36785	0.0344827586207
40188	0.0344827586207
41502	0.0344827586207
41969	0.0344827586207
42231	0.0344827586207
42269	0.0344827586207
46601	0.0344827586207
50311	0.0344827586207
52122	0.0344827586207
52285	0.0344827586207
60587	0.0344827586207
3934	0.0338983050847
38063	0.0338983050847
5781	0.0333333333333
14667	0.0333333333333
15321	0.0333333333333
18153	0.0333333333333
18715	0.0333333333333
21669	0.0333333333333
30839	0.0333333333333
32400	0.0333333333333
32562	0.0333333333333
39374	0.0333333333333
39581	0.0333333333333
40826	0.0333333333333
41844	0.0333333333333
41966	0.0333333333333
42272	0.0333333333333
43121	0.0333333333333
43569	0.0333333333333
43594	0.0333333333333
43927	0.0333333333333
44841	0.0333333333333
52706	0.0333333333333
53260	0.0333333333333
59728	0.0333333333333
60042	0.0333333333333
41069	0.0327868852459
42959	0.0327868852459
52715	0.0327868852459
466	0.0322580645161
1763	0.0322580645161
4192	0.0322580645161
5263	0.0322580645161
6728	0.0322580645161
7354	0.0322580645161
7463	0.0322580645161
21701	0.0322580645161
22218	0.0322580645161
22891	0.0322580645161
24706	0.0322580645161
26061	0.0322580645161
30933	0.0322580645161
31949	0.0322580645161
33166	0.0322580645161
35783	0.0322580645161
37512	0.0322580645161
37754	0.0322580645161
41028	0.0322580645161
42373	0.0322580645161
42843	0.0322580645161
43065	0.0322580645161
43143	0.0322580645161
44825	0.0322580645161
48568	0.0322580645161
48880	0.0322580645161
52207	0.0322580645161
52335	0.0322580645161
57008	0.0322580645161
47668	0.031746031746
310	0.03125
1592	0.03125
2643	0.03125
6398	0.03125
7274	0.03125
7543	0.03125
9754	0.03125
10893	0.03125
18765	0.03125
24263	0.03125
26467	0.03125
26661	0.03125
29082	0.03125
32103	0.03125
34232	0.03125
34982	0.03125
41020	0.03125
41344	0.03125
51899	0.03125
52169	0.03125
52371	0.03125
53015	0.03125
53179	0.03125
49749	0.030534351145
4917	0.030303030303
11379	0.030303030303
15872	0.030303030303
18079	0.030303030303
18348	0.030303030303
25393	0.030303030303
25610	0.030303030303
30451	0.030303030303
31176	0.030303030303
35135	0.030303030303
36770	0.030303030303
37678	0.030303030303
41476	0.030303030303
41909	0.030303030303
42186	0.030303030303
43604	0.030303030303
46611	0.030303030303
47420	0.030303030303
51428	0.030303030303
51535	0.030303030303
51679	0.030303030303
51773	0.030303030303
51944	0.030303030303
52357	0.030303030303
52534	0.030303030303
53312	0.030303030303
15052	0.029702970297
927	0.0294117647059
5408	0.0294117647059
8045	0.0294117647059
12838	0.0294117647059
14546	0.0294117647059
17360	0.0294117647059
18595	0.0294117647059
20312	0.0294117647059
24058	0.0294117647059
24547	0.0294117647059
29276	0.0294117647059
30139	0.0294117647059
30302	0.0294117647059
32650	0.0294117647059
32844	0.0294117647059
33661	0.0294117647059
34268	0.0294117647059
34738	0.0294117647059
46546	0.0294117647059
49564	0.0294117647059
52941	0.0294117647059
54244	0.0294117647059
56814	0.0294117647059
34652	0.0289855072464
3665	0.0285714285714
4738	0.0285714285714
7678	0.0285714285714
10170	0.0285714285714
18930	0.0285714285714
22985	0.0285714285714
28532	0.0285714285714
29331	0.0285714285714
30462	0.0285714285714
30927	0.0285714285714
33175	0.0285714285714
34318	0.0285714285714
41543	0.0285714285714
41721	0.0285714285714
42690	0.0285714285714
43217	0.0285714285714
43218	0.0285714285714
43689	0.0285714285714
43725	0.0285714285714
46117	0.0285714285714
51570	0.0285714285714
51826	0.0285714285714
2282	0.0281690140845
1542	0.0277777777778
4877	0.0277777777778
5214	0.0277777777778
8766	0.0277777777778
13840	0.0277777777778
18954	0.0277777777778
19324	0.0277777777778
21451	0.0277777777778
26947	0.0277777777778
31733	0.0277777777778
33144	0.0277777777778
36255	0.0277777777778
37069	0.0277777777778
40640	0.0277777777778
42904	0.0277777777778
45060	0.0277777777778
46113	0.0277777777778
47144	0.0277777777778
47500	0.0277777777778
49449	0.0277777777778
52857	0.0277777777778
58279	0.0277777777778
61081	0.0277777777778
8839	0.0275229357798
41818	0.027397260274
5164	0.0272108843537
1847	0.027027027027
3047	0.027027027027
13112	0.027027027027
17448	0.027027027027
18713	0.027027027027
21265	0.027027027027
23521	0.027027027027
27528	0.027027027027
31024	0.027027027027
32050	0.027027027027
34647	0.027027027027
35437	0.027027027027
37778	0.027027027027
41531	0.027027027027
41667	0.027027027027
42526	0.027027027027
42667	0.027027027027
42679	0.027027027027
43006	0.027027027027
43030	0.027027027027
43177	0.027027027027
43518	0.027027027027
47603	0.027027027027
49268	0.027027027027
49678	0.027027027027
51506	0.027027027027
52750	0.027027027027
30195	0.0266666666667
61411	0.0266666666667
524	0.0263157894737
2275	0.0263157894737
2548	0.0263157894737
10398	0.0263157894737
22848	0.0263157894737
23724	0.0263157894737
28242	0.0263157894737
31491	0.0263157894737
38516	0.0263157894737
43447	0.0263157894737
50422	0.0263157894737
51509	0.0263157894737
51551	0.0263157894737
51669	0.0263157894737
52162	0.0263157894737
52608	0.0263157894737
59891	0.0263157894737
60451	0.0263157894737
16919	0.025974025974
32895	0.025974025974
5581	0.025641025641
6520	0.025641025641
7395	0.025641025641
11237	0.025641025641
19675	0.025641025641
21516	0.025641025641
26069	0.025641025641
26172	0.025641025641
28245	0.025641025641
31358	0.025641025641
36441	0.025641025641
37691	0.025641025641
41427	0.025641025641
41669	0.025641025641
42029	0.025641025641
43134	0.025641025641
48901	0.025641025641
50954	0.025641025641
51531	0.025641025641
52712	0.025641025641
58638	0.025641025641
59237	0.025641025641
34621	0.0253164556962
40208	0.0253164556962
51884	0.0253164556962
51680	0.0251572327044
330	0.025
1049	0.025
2437	0.025
6506	0.025
14669	0.025
25156	0.025
27452	0.025
33662	0.025
33994	0.025
37478	0.025
40744	0.025
41096	0.025
41383	0.025
43786	0.025
46729	0.025
46882	0.025
52887	0.025
53250	0.025
52693	0.0246913580247
2598	0.0243902439024
4395	0.0243902439024
4875	0.0243902439024
5013	0.0243902439024
7656	0.0243902439024
13735	0.0243902439024
27632	0.0243902439024
30287	0.0243902439024
30943	0.0243902439024
32775	0.0243902439024
32799	0.0243902439024
38600	0.0243902439024
39335	0.0243902439024
40248	0.0243902439024
41410	0.0243902439024
41775	0.0243902439024
42152	0.0243902439024
42715	0.0243902439024
43815	0.0243902439024
44369	0.0243902439024
50097	0.0243902439024
52211	0.0243902439024
59966	0.0243902439024
8197	0.0240963855422
797	0.0238095238095
2975	0.0238095238095
3220	0.0238095238095
4159	0.0238095238095
6488	0.0238095238095
11063	0.0238095238095
14862	0.0238095238095
15198	0.0238095238095
26829	0.0238095238095
29603	0.0238095238095
31403	0.0238095238095
35723	0.0238095238095
37761	0.0238095238095
39189	0.0238095238095
41921	0.0238095238095
41981	0.0238095238095
42730	0.0238095238095
43115	0.0238095238095
43529	0.0238095238095
51720	0.0238095238095
51824	0.0238095238095
52557	0.0238095238095
52868	0.0238095238095
252	0.0232558139535
2687	0.0232558139535
2720	0.0232558139535
9663	0.0232558139535
16617	0.0232558139535
18367	0.0232558139535
22010	0.0232558139535
24409	0.0232558139535
25436	0.0232558139535
29067	0.0232558139535
30746	0.0232558139535
34832	0.0232558139535
37316	0.0232558139535
39041	0.0232558139535
39207	0.0232558139535
41534	0.0232558139535
42030	0.0232558139535
42989	0.0232558139535
48237	0.0232558139535
51066	0.0232558139535
52774	0.0232558139535
8061	0.0227272727273
9338	0.0227272727273
21933	0.0227272727273
24957	0.0227272727273
27541	0.0227272727273
32923	0.0227272727273
34794	0.0227272727273
35841	0.0227272727273
35883	0.0227272727273
36125	0.0227272727273
50985	0.0227272727273
51786	0.0227272727273
53243	0.0227272727273
58641	0.0227272727273
59587	0.0227272727273
59707	0.0227272727273
26572	0.0224719101124
42344	0.0224719101124
4488	0.0222222222222
6105	0.0222222222222
6910	0.0222222222222
26764	0.0222222222222
29392	0.0222222222222
29645	0.0222222222222
31308	0.0222222222222
32522	0.0222222222222
37055	0.0222222222222
37473	0.0222222222222
39536	0.0222222222222
41196	0.0222222222222
41231	0.0222222222222
41336	0.0222222222222
47456	0.0222222222222
51202	0.0222222222222
51247	0.0222222222222
885	0.0217391304348
1972	0.0217391304348
3025	0.0217391304348
14209	0.0217391304348
15360	0.0217391304348
22205	0.0217391304348
24936	0.0217391304348
26837	0.0217391304348
26841	0.0217391304348
27691	0.0217391304348
30231	0.0217391304348
37780	0.0217391304348
41961	0.0217391304348
42567	0.0217391304348
45653	0.0217391304348
46970	0.0217391304348
2410	0.0215053763441
5803	0.0212765957447
6329	0.0212765957447
7710	0.0212765957447
9357	0.0212765957447
9604	0.0212765957447
10694	0.0212765957447
14656	0.0212765957447
15206	0.0212765957447
16283	0.0212765957447
18959	0.0212765957447
19877	0.0212765957447
29562	0.0212765957447
29626	0.0212765957447
33068	0.0212765957447
38983	0.0212765957447
39400	0.0212765957447
39582	0.0212765957447
41679	0.0212765957447
42315	0.0212765957447
44260	0.0212765957447
45072	0.0212765957447
45619	0.0212765957447
45969	0.0212765957447
51314	0.0212765957447
51482	0.0212765957447
51657	0.0212765957447
60638	0.0212765957447
8901	0.0210526315789
1345	0.0208333333333
2278	0.0208333333333
4305	0.0208333333333
9207	0.0208333333333
18292	0.0208333333333
28667	0.0208333333333
41612	0.0208333333333
41878	0.0208333333333
42093	0.0208333333333
43484	0.0208333333333
49784	0.0208333333333
50849	0.0208333333333
51248	0.0208333333333
1393	0.020618556701
167	0.0204081632653
2838	0.0204081632653
4200	0.0204081632653
7367	0.0204081632653
9130	0.0204081632653
12777	0.0204081632653
14390	0.0204081632653
17982	0.0204081632653
19840	0.0204081632653
20992	0.0204081632653
26592	0.0204081632653
28542	0.0204081632653
31157	0.0204081632653
31399	0.0204081632653
38585	0.0204081632653
41445	0.0204081632653
42866	0.0204081632653
52759	0.0204081632653
52973	0.0204081632653
31891	0.020202020202
1584	0.02
2211	0.02
3199	0.02
4527	0.02
5135	0.02
11132	0.02
15021	0.02
16774	0.02
18291	0.02
34311	0.02
39220	0.02
41289	0.02
41596	0.02
50792	0.02
50943	0.02
52802	0.0198675496689
23990	0.019801980198
4221	0.0196078431373
8759	0.0196078431373
9822	0.0196078431373
10468	0.0196078431373
11726	0.0196078431373
11761	0.0196078431373
14652	0.0196078431373
20362	0.0196078431373
24981	0.0196078431373
27500	0.0196078431373
34348	0.0196078431373
37381	0.0196078431373
41311	0.0196078431373
41655	0.0196078431373
42527	0.0196078431373
42919	0.0196078431373
43337	0.0196078431373
46674	0.0196078431373
47225	0.0196078431373
51495	0.0196078431373
4836	0.0194174757282
2544	0.0192307692308
4702	0.0192307692308
13373	0.0192307692308
19657	0.0192307692308
22013	0.0192307692308
25266	0.0192307692308
28477	0.0192307692308
35203	0.0192307692308
41372	0.0192307692308
41599	0.0192307692308
45890	0.0192307692308
46975	0.0192307692308
48701	0.0192307692308
49413	0.0192307692308
51694	0.0192307692308
694	0.0190476190476
4620	0.0190476190476
2716	0.0188679245283
10022	0.0188679245283
10843	0.0188679245283
25075	0.0188679245283
35338	0.0188679245283
36621	0.0188679245283
48358	0.0188679245283
49431	0.0188679245283
51777	0.0188679245283
52513	0.0188679245283
52743	0.0188679245283
60330	0.0188679245283
28128	0.0187265917603
6428	0.018691588785
550	0.0185185185185
5881	0.0185185185185
11743	0.0185185185185
15687	0.0185185185185
18107	0.0185185185185
22362	0.0185185185185
23531	0.0185185185185
35860	0.0185185185185
42053	0.0185185185185
42819	0.0185185185185
48181	0.0185185185185
48498	0.0185185185185
50472	0.0185185185185
51020	0.0185185185185
51799	0.0185185185185
51813	0.0185185185185
58913	0.0185185185185
11230	0.0183486238532
6634	0.0181818181818
19139	0.0181818181818
22939	0.0181818181818
29608	0.0181818181818
36356	0.0181818181818
36401	0.0181818181818
41002	0.0181818181818
41442	0.0181818181818
44286	0.0181818181818
46121	0.0181818181818
61173	0.0181818181818
71	0.018018018018
26828	0.018018018018
17915	0.0179640718563
6982	0.0178571428571
12255	0.0178571428571
23648	0.0178571428571
25140	0.0178571428571
32889	0.0178571428571
34158	0.0178571428571
37542	0.0178571428571
39226	0.0178571428571
40126	0.0178571428571
43991	0.0178571428571
51294	0.0178571428571
51449	0.0178571428571
51854	0.0178571428571
4745	0.0176991150442
10054	0.0176991150442
28298	0.0176991150442
41519	0.0176991150442
1850	0.0175438596491
3398	0.0175438596491
3561	0.0175438596491
13120	0.0175438596491
17098	0.0175438596491
24109	0.0175438596491
25012	0.0175438596491
25475	0.0175438596491
30784	0.0175438596491
33782	0.0175438596491
51526	0.0175438596491
59890	0.0173913043478
1605	0.0172413793103
15514	0.0172413793103
16943	0.0172413793103
27548	0.0172413793103
31970	0.0172413793103
32210	0.0172413793103
33155	0.0172413793103
34108	0.0172413793103
39528	0.0172413793103
40657	0.0172413793103
43835	0.0172413793103
50508	0.0172413793103
51144	0.0172413793103
53122	0.0172413793103
59714	0.0172413793103
41048	0.0169971671388
887	0.0169491525424
5704	0.0169491525424
16958	0.0169491525424
18625	0.0169491525424
24431	0.0169491525424
30681	0.0169491525424
33781	0.0169491525424
34901	0.0169491525424
39751	0.0169491525424
43372	0.0169491525424
51775	0.0169491525424
52904	0.0169491525424
982	0.0166666666667
1976	0.0166666666667
5116	0.0166666666667
6218	0.0166666666667
10789	0.0166666666667
16378	0.0166666666667
23765	0.0166666666667
29332	0.0166666666667
30252	0.0166666666667
41469	0.0166666666667
42405	0.0166666666667
42474	0.0166666666667
51060	0.0166666666667
51765	0.0166666666667
52065	0.0166666666667
52864	0.0166666666667
59504	0.0166666666667
2927	0.0165289256198
16501	0.016393442623
18437	0.016393442623
20642	0.016393442623
23143	0.016393442623
24610	0.016393442623
31340	0.016393442623
33792	0.016393442623
35387	0.016393442623
39847	0.016393442623
41281	0.016393442623
41401	0.016393442623
48926	0.016393442623
51488	0.016393442623
452	0.0163043478261
17015	0.0162601626016
33577	0.0162601626016
363	0.0161290322581
817	0.0161290322581
5611	0.0161290322581
15325	0.0161290322581
30983	0.0161290322581
33772	0.0161290322581
36967	0.0161290322581
38452	0.0161290322581
40139	0.0161290322581
41158	0.0161290322581
43616	0.0161290322581
49397	0.0161290322581
51030	0.0161290322581
51673	0.0161290322581
51805	0.0161290322581
9135	0.0160857908847
1028	0.016
4524	0.015873015873
6711	0.015873015873
11502	0.015873015873
12153	0.015873015873
16510	0.015873015873
18427	0.015873015873
19761	0.015873015873
20744	0.015873015873
25383	0.015873015873
41656	0.015873015873
42427	0.015873015873
42848	0.015873015873
50204	0.015873015873
51050	0.015873015873
52230	0.015873015873
27934	0.0157480314961
1228	0.015625
1269	0.015625
4158	0.015625
4668	0.015625
9309	0.015625
11556	0.015625
26608	0.015625
41908	0.015625
42096	0.015625
42308	0.015625
52144	0.015625
9292	0.0155440414508
13149	0.015503875969
22479	0.015503875969
27209	0.015503875969
1199	0.0153846153846
2062	0.0153846153846
5368	0.0153846153846
5513	0.0153846153846
8372	0.0153846153846
15608	0.0153846153846
29778	0.0153846153846
32931	0.0153846153846
34576	0.0153846153846
37953	0.0153846153846
41108	0.0153846153846
41717	0.0153846153846
42352	0.0153846153846
49860	0.0153846153846
51421	0.0153846153846
52148	0.0153846153846
53164	0.0153846153846
100	0.0152671755725
51281	0.0152671755725
1555	0.0151515151515
2444	0.0151515151515
4635	0.0151515151515
7330	0.0151515151515
15357	0.0151515151515
20376	0.0151515151515
27320	0.0151515151515
30930	0.0151515151515
34997	0.0151515151515
35920	0.0151515151515
36112	0.0151515151515
41334	0.0151515151515
42626	0.0151515151515
43543	0.0151515151515
52906	0.0151515151515
60331	0.0151515151515
40972	0.0150602409639
2104	0.015037593985
3426	0.015037593985
28673	0.0149812734082
53	0.0149253731343
1853	0.0149253731343
2578	0.0149253731343
4289	0.0149253731343
5484	0.0149253731343
13338	0.0149253731343
13451	0.0149253731343
26060	0.0149253731343
32432	0.0149253731343
33930	0.0149253731343
38350	0.0149253731343
40689	0.0149253731343
43017	0.0149253731343
43179	0.0149253731343
43210	0.0149253731343
51692	0.0149253731343
52017	0.0149253731343
22621	0.0148148148148
1147	0.0147058823529
5161	0.0147058823529
7451	0.0147058823529
8739	0.0147058823529
16722	0.0147058823529
21982	0.0147058823529
25440	0.0147058823529
30294	0.0147058823529
38569	0.0147058823529
40212	0.0147058823529
50578	0.0147058823529
51419	0.0147058823529
59604	0.0147058823529
52029	0.0146341463415
13058	0.014598540146
36418	0.014598540146
1646	0.0144927536232
2739	0.0144927536232
4787	0.0144927536232
18130	0.0144927536232
18387	0.0144927536232
26530	0.0144927536232
28745	0.0144927536232
29465	0.0144927536232
32318	0.0144927536232
41273	0.0144927536232
43251	0.0144927536232
45610	0.0144927536232
51401	0.0144927536232
52239	0.0144927536232
53329	0.0144927536232
4695	0.0144230769231
4705	0.0144230769231
6928	0.0143884892086
51568	0.0143884892086
2411	0.0142857142857
3761	0.0142857142857
4035	0.0142857142857
4804	0.0142857142857
6382	0.0142857142857
14105	0.0142857142857
18414	0.0142857142857
21425	0.0142857142857
35467	0.0142857142857
41397	0.0142857142857
52444	0.0142857142857
53048	0.0142857142857
51026	0.0141843971631
2937	0.0140845070423
5219	0.0140845070423
7180	0.0140845070423
34985	0.0140845070423
36193	0.0140845070423
37997	0.0140845070423
38864	0.0140845070423
41527	0.0140845070423
51220	0.0140845070423
19965	0.013986013986
23337	0.013986013986
40847	0.013986013986
2358	0.0138888888889
2646	0.0138888888889
3178	0.0138888888889
3581	0.0138888888889
26233	0.0138888888889
29806	0.0138888888889
34950	0.0138888888889
41318	0.0138888888889
41579	0.0138888888889
41736	0.0138888888889
42892	0.0138888888889
1000	0.013698630137
1281	0.013698630137
11559	0.013698630137
13067	0.013698630137
18503	0.013698630137
25472	0.013698630137
51254	0.013698630137
25444	0.0136518771331
13119	0.0136054421769
34350	0.0136054421769
688	0.0135135135135
23275	0.0135135135135
23760	0.0135135135135
30614	0.0135135135135
32728	0.0135135135135
39085	0.0135135135135
51820	0.0135135135135
52841	0.0135135135135
52874	0.0135135135135
21323	0.0134408602151
37660	0.0133928571429
4561	0.0133333333333
18119	0.0133333333333
18295	0.0133333333333
25987	0.0133333333333
29804	0.0133333333333
41066	0.0133333333333
51821	0.0133333333333
52549	0.0133333333333
51179	0.0132450331126
4007	0.0131578947368
16357	0.0131578947368
17442	0.0131578947368
37208	0.0131578947368
41244	0.0131578947368
51746	0.0131578947368
21523	0.0131004366812
29492	0.0131004366812
11172	0.0130718954248
8089	0.012987012987
16920	0.012987012987
17152	0.012987012987
23440	0.012987012987
29756	0.012987012987
30069	0.012987012987
33922	0.012987012987
38642	0.012987012987
48899	0.012987012987
13063	0.0129032258065
3669	0.0128205128205
3787	0.0128205128205
7614	0.0128205128205
10439	0.0128205128205
27550	0.0128205128205
37349	0.0128205128205
60334	0.0128205128205
3554	0.0127388535032
19034	0.0127388535032
50868	0.0127388535032
17068	0.0127118644068
1487	0.0126582278481
4510	0.0126582278481
10089	0.0126582278481
15197	0.0126582278481
26659	0.0126582278481
27052	0.0126582278481
28042	0.0126582278481
29095	0.0126582278481
30834	0.0126582278481
33124	0.0126582278481
41143	0.0126582278481
46558	0.0126582278481
15233	0.0125786163522
23742	0.0125523012552
51133	0.0125313283208
1180	0.0125
33704	0.0125
35679	0.0125
41409	0.0125
43327	0.0125
49024	0.0125
51196	0.0125
52231	0.0125
24373	0.0124223602484
767	0.0123456790123
4508	0.0123456790123
9032	0.0123456790123
16912	0.0123456790123
17095	0.0123456790123
39722	0.0123456790123
7311	0.0121951219512
17303	0.0121951219512
21575	0.0121951219512
30515	0.0121951219512
41433	0.0121951219512
41450	0.0121951219512
41791	0.0121951219512
42932	0.0121951219512
44136	0.0121951219512
44233	0.0121951219512
51343	0.0121951219512
52102	0.0121951219512
59617	0.0121951219512
1113	0.0121654501217
17711	0.0121212121212
34967	0.0121212121212
2316	0.0120481927711
4515	0.0120481927711
7346	0.0120481927711
8142	0.0120481927711
16770	0.0120481927711
20077	0.0120481927711
31634	0.0120481927711
34190	0.0120481927711
38748	0.0120481927711
41147	0.0120481927711
41773	0.0120481927711
49401	0.0120481927711
51159	0.0120481927711
52072	0.0120481927711
52613	0.0120481927711
7411	0.0119760479042
1537	0.0119047619048
3598	0.0119047619048
4468	0.0119047619048
6466	0.0119047619048
7344	0.0119047619048
21662	0.0119047619048
29366	0.0119047619048
37073	0.0119047619048
37409	0.0119047619048
41165	0.0119047619048
43269	0.0119047619048
22401	0.0118343195266
50987	0.0118343195266
17147	0.011811023622
12481	0.0117647058824
26218	0.0117647058824
26313	0.0117647058824
30913	0.0117647058824
33895	0.0117647058824
40202	0.0117647058824
41581	0.0117647058824
42182	0.0117647058824
4149	0.0116279069767
12831	0.0116279069767
16145	0.0116279069767
27218	0.0116279069767
28369	0.0116279069767
34531	0.0116279069767
35229	0.0116279069767
41343	0.0116279069767
45199	0.0116279069767
50871	0.0116279069767
52079	0.0116279069767
52733	0.0116279069767
5230	0.0115606936416
41347	0.0115384615385
637	0.0114942528736
4580	0.0114942528736
5698	0.0114942528736
20527	0.0114942528736
26085	0.0114942528736
29280	0.0114942528736
31850	0.0114942528736
50958	0.0114942528736
51394	0.0114942528736
41188	0.0114503816794
1528	0.0113636363636
1740	0.0113636363636
7341	0.0113636363636
8468	0.0113636363636
13660	0.0113636363636
19420	0.0113636363636
22121	0.0113636363636
25400	0.0113636363636
38676	0.0113636363636
41081	0.0113636363636
42040	0.0113636363636
17939	0.0112781954887
5702	0.0112359550562
7280	0.0112359550562
9609	0.0112359550562
19338	0.0112359550562
41208	0.0111940298507
25732	0.0111731843575
41088	0.0111731843575
51655	0.0111731843575
51041	0.0111317254174
4814	0.0111111111111
5371	0.0111111111111
10082	0.0111111111111
32130	0.0111111111111
43834	0.0111111111111
51193	0.0111111111111
7317	0.0110497237569
30901	0.0110497237569
871	0.010989010989
2067	0.010989010989
3548	0.010989010989
8890	0.010989010989
10463	0.010989010989
11300	0.010989010989
29243	0.010989010989
41629	0.010989010989
51795	0.010989010989
4399	0.0109489051095
1231	0.0109289617486
4873	0.0108695652174
11553	0.0108695652174
22731	0.0108695652174
27537	0.0108695652174
33143	0.0108695652174
33855	0.0108695652174
38659	0.0108695652174
40985	0.0108695652174
51092	0.0108695652174
52615	0.0108695652174
52991	0.0108695652174
5367	0.0108108108108
16917	0.0108108108108
4452	0.010752688172
6542	0.010752688172
10343	0.010752688172
26874	0.010752688172
39651	0.010752688172
41490	0.010752688172
46620	0.010752688172
53060	0.010752688172
53065	0.010752688172
12423	0.0107066381156
12188	0.0106951871658
160	0.0106382978723
3205	0.0106382978723
8519	0.0106382978723
22398	0.0106382978723
27687	0.0106382978723
31298	0.0106382978723
34105	0.0106382978723
41113	0.0106382978723
51038	0.0106382978723
11262	0.0105263157895
12970	0.0105263157895
17570	0.0105263157895
41201	0.0105263157895
41385	0.0105263157895
43575	0.0105263157895
45076	0.0105263157895
52416	0.0105263157895
52711	0.0105263157895
59133	0.0105263157895
862	0.0104895104895
38807	0.0104895104895
95	0.0104166666667
31307	0.0104166666667
33544	0.0104166666667
41227	0.0104166666667
41269	0.0104166666667
41481	0.0104166666667
42704	0.0104166666667
20630	0.0103896103896
29724	0.0103448275862
3250	0.0103092783505
15188	0.0103092783505
16076	0.0103092783505
18234	0.0103092783505
20752	0.0103092783505
22426	0.0103092783505
30185	0.0103092783505
32509	0.0103092783505
34168	0.0103092783505
41570	0.0103092783505
52564	0.0103092783505
53168	0.0103092783505
25051	0.0102880658436
50879	0.0102739726027
23080	0.0102564102564
18278	0.0102389078498
896	0.0102040816327
913	0.0102040816327
2448	0.0102040816327
5697	0.0102040816327
37194	0.0102040816327
38338	0.0102040816327
42249	0.0102040816327
51209	0.0102040816327
51892	0.0102040816327
52741	0.0102040816327
42912	0.0101694915254
28055	0.0101351351351
5916	0.010101010101
27033	0.010101010101
30874	0.010101010101
31299	0.010101010101
33564	0.010101010101
41086	0.010101010101
44433	0.010101010101
46493	0.010101010101
51804	0.010101010101
3273	0.0100558659218
4439	0.0100502512563
8159	0.0100502512563
3182	0.01
17110	0.01
20818	0.01
21666	0.01
28749	0.01
33751	0.01
53194	0.01
18972	0.00995024875622
1323	0.00990099009901
6601	0.00990099009901
6632	0.00990099009901
12484	0.00990099009901
25092	0.00990099009901
37670	0.00990099009901
42363	0.00990099009901
49791	0.00990099009901
51563	0.00990099009901
51901	0.00990099009901
34637	0.00986842105263
2084	0.00985221674877
4943	0.00980392156863
14832	0.00980392156863
15009	0.00980392156863
16408	0.00980392156863
30806	0.00980392156863
41103	0.00980392156863
51079	0.00980392156863
51228	0.00980392156863
52092	0.00980392156863
59627	0.00980392156863
35958	0.00977198697068
3575	0.00970873786408
5455	0.00970873786408
5728	0.00970873786408
9715	0.00970873786408
12552	0.00970873786408
19922	0.00970873786408
33716	0.00970873786408
26760	0.00966183574879
3527	0.00965250965251
3515	0.00961538461538
11378	0.00961538461538
11760	0.00961538461538
11784	0.00961538461538
21312	0.00961538461538
33639	0.00961538461538
34369	0.00961538461538
37225	0.00961538461538
41078	0.00961538461538
4706	0.00956937799043
41071	0.00954653937947
4929	0.00952380952381
9636	0.00952380952381
14381	0.00952380952381
41206	0.00952380952381
41555	0.00952380952381
43824	0.00952380952381
45717	0.00952380952381
47265	0.00952380952381
27128	0.00949367088608
35237	0.00949367088608
22971	0.00945626477541
4156	0.00943396226415
4541	0.00943396226415
6369	0.00943396226415
13313	0.00943396226415
13891	0.00943396226415
24612	0.00943396226415
34096	0.00943396226415
41137	0.00943396226415
51573	0.00943396226415
7513	0.00934579439252
16927	0.00934579439252
26531	0.00934579439252
33572	0.00934579439252
33775	0.00934579439252
34943	0.00934579439252
40869	0.00934579439252
41012	0.00934579439252
41257	0.00934579439252
41935	0.00934579439252
32862	0.00931098696462
7518	0.0093023255814
32490	0.0093023255814
40289	0.0093023255814
5616	0.00928792569659
14233	0.00925925925926
25918	0.00925925925926
37190	0.00925925925926
43749	0.00925925925926
48978	0.00925925925926
25113	0.00924499229584
23150	0.00923076923077
51341	0.00921658986175
17764	0.00917431192661
20669	0.00917431192661
26251	0.00917431192661
33621	0.00917431192661
41606	0.00917431192661
52521	0.00917431192661
562	0.0091533180778
31830	0.0091533180778
2639	0.00909090909091
4611	0.00909090909091
41004	0.00909090909091
41715	0.00909090909091
41807	0.00909090909091
42135	0.00909090909091
43828	0.00909090909091
38959	0.00906344410876
21745	0.00902527075812
14730	0.00900900900901
17188	0.00900900900901
37156	0.00900900900901
41156	0.00900900900901
50553	0.00900900900901
51139	0.00900900900901
18172	0.00892857142857
18643	0.00892857142857
41000	0.00892857142857
41182	0.00892857142857
44035	0.00892857142857
51011	0.00892857142857
41146	0.00888888888889
68	0.00884955752212
1272	0.00884955752212
3535	0.00884955752212
3986	0.00884955752212
10340	0.00884955752212
10727	0.00884955752212
13124	0.00884955752212
22238	0.00884955752212
31895	0.00884955752212
41172	0.00884955752212
50875	0.00884955752212
13428	0.00877192982456
30880	0.00877192982456
31720	0.00877192982456
40411	0.00877192982456
41023	0.00877192982456
41136	0.00877192982456
52055	0.00877192982456
29591	0.00874635568513
3280	0.00869565217391
7645	0.00869565217391
11871	0.00869565217391
27582	0.00869565217391
50330	0.00869565217391
10250	0.00867052023121
41134	0.00865800865801
23786	0.00864553314121
8729	0.00862068965517
25091	0.00862068965517
31309	0.00862068965517
31879	0.00862068965517
35951	0.00862068965517
41179	0.00862068965517
41274	0.00862068965517
41894	0.00862068965517
43088	0.00862068965517
52056	0.00862068965517
37392	0.00855920114123
937	0.00854700854701
5221	0.00854700854701
26310	0.00854700854701
27925	0.00854700854701
33552	0.00854700854701
19201	0.00851063829787
2037	0.00848656294201
4057	0.00847457627119
5311	0.00847457627119
47503	0.00847457627119
1062	0.0084388185654
4900	0.0084388185654
24126	0.0084388185654
33495	0.0084388185654
51724	0.0084388185654
2164	0.00840336134454
14646	0.00840336134454
22895	0.00840336134454
26199	0.00840336134454
36494	0.00840336134454
43787	0.00840336134454
51632	0.00840336134454
10920	0.00836820083682
5804	0.00833333333333
6904	0.00833333333333
24803	0.00833333333333
25240	0.00833333333333
30925	0.00833333333333
41041	0.00829875518672
27865	0.00828157349896
6394	0.00826446280992
9104	0.00826446280992
18563	0.00826446280992
21915	0.00826446280992
34830	0.00826446280992
49392	0.0082304526749
888	0.00819672131148
6404	0.00819672131148
7419	0.00819672131148
11359	0.00819672131148
22919	0.00819672131148
34521	0.00819672131148
38701	0.00819672131148
6689	0.00817438692098
9138	0.00816326530612
15373	0.00815217391304
30471	0.00815217391304
20738	0.00813008130081
41374	0.00813008130081
41392	0.00813008130081
44486	0.00813008130081
5593	0.00808080808081
18276	0.00806451612903
21377	0.00806451612903
25930	0.00806451612903
32146	0.00806451612903
33680	0.00806451612903
34145	0.00806451612903
52332	0.00803212851406
2071	0.008
5672	0.008
7420	0.008
11489	0.008
18199	0.008
22877	0.008
28155	0.008
33830	0.008
41411	0.008
53361	0.008
16420	0.00797872340426
1362	0.00793650793651
2090	0.00793650793651
9184	0.00793650793651
14352	0.00793650793651
41682	0.00793650793651
512	0.00790513833992
30445	0.00790513833992
1438	0.00789473684211
1422	0.00787401574803
3826	0.00787401574803
13098	0.00787401574803
38078	0.00787401574803
51988	0.00787401574803
52331	0.00787401574803
29567	0.0078125
37427	0.0078125
50881	0.0078125
51666	0.0078125
47637	0.00778210116732
8246	0.0077519379845
14502	0.0077519379845
9647	0.00773694390716
11664	0.00773195876289
2264	0.00769230769231
12325	0.00769230769231
34920	0.00769230769231
35420	0.00769230769231
47050	0.00769230769231
16956	0.00766283524904
26602	0.00763941940413
17986	0.00763358778626
41536	0.00763358778626
41819	0.00763358778626
42545	0.00763358778626
1169	0.00757575757576
10047	0.00757575757576
10112	0.00757575757576
23532	0.00757575757576
25570	0.00757575757576
26173	0.00757575757576
28559	0.00757575757576
31483	0.00757575757576
43376	0.00757575757576
53000	0.00757575757576
41985	0.00756143667297
761	0.00751879699248
4070	0.00751879699248
26416	0.00751879699248
27048	0.00751879699248
27409	0.00751879699248
29543	0.00751879699248
41001	0.00751879699248
17790	0.00749063670412
51096	0.0074812967581
24688	0.00746268656716
32457	0.00746268656716
44184	0.00746268656716
932	0.00740740740741
2850	0.00740740740741
5634	0.00740740740741
11087	0.00740740740741
11095	0.00740740740741
12646	0.00740740740741
29372	0.00740740740741
41079	0.00740740740741
53134	0.00740740740741
32612	0.00738007380074
41326	0.00738007380074
21734	0.00735294117647
30917	0.00735294117647
35044	0.00735294117647
51164	0.00735294117647
51811	0.00735294117647
10281	0.00733496332518
13935	0.0073126142596
13633	0.00729927007299
28820	0.00729927007299
32120	0.00729927007299
41489	0.00729927007299
42270	0.00729927007299
43414	0.00729927007299
7062	0.00727272727273
11504	0.00727272727273
29394	0.00727272727273
12830	0.00724637681159
16194	0.00724637681159
19799	0.00724637681159
29739	0.00724637681159
41890	0.00724637681159
51158	0.00724637681159
4764	0.00723589001447
37426	0.00723327305606
17771	0.0072202166065
4708	0.00720461095101
39324	0.00719424460432
40344	0.00719424460432
41161	0.00719424460432
41198	0.00719424460432
30794	0.00716845878136
33678	0.00715990453461
7095	0.00714285714286
7413	0.00714285714286
17904	0.00714285714286
28750	0.00714285714286
41705	0.00714285714286
43178	0.00714285714286
27525	0.00712589073634
2312	0.00710479573712
34607	0.00709219858156
41061	0.00709219858156
42312	0.00709219858156
18307	0.00707547169811
4242	0.00706713780919
41364	0.00706713780919
9245	0.00704225352113
32651	0.00704225352113
51393	0.00704225352113
3747	0.00699300699301
4347	0.00699300699301
4625	0.00699300699301
7300	0.00699300699301
28709	0.00699300699301
38907	0.00699300699301
41368	0.00699300699301
51415	0.00699300699301
11381	0.00696864111498
8397	0.00694444444444
27226	0.00694444444444
37800	0.00694444444444
29863	0.00692041522491
38492	0.00691562932227
2028	0.00689655172414
11746	0.00689655172414
16449	0.00689655172414
21558	0.00689655172414
37201	0.00689655172414
38657	0.00689655172414
41287	0.00689655172414
12969	0.00688468158348
14515	0.00684931506849
15638	0.00684931506849
19090	0.00684931506849
36897	0.00684931506849
36398	0.0068359375
18777	0.0068085106383
494	0.00680272108844
4513	0.00680272108844
14459	0.00680272108844
27642	0.00680272108844
3436	0.00675675675676
5012	0.00671140939597
17928	0.00671140939597
27952	0.00671140939597
41038	0.00671140939597
50903	0.00671140939597
23011	0.0066889632107
2419	0.00667556742323
13121	0.00666666666667
26098	0.00666666666667
5000	0.00664451827243
1928	0.00662251655629
9762	0.00662251655629
22830	0.00662251655629
26318	0.00662251655629
38519	0.00662251655629
42424	0.00660066006601
13040	0.00657894736842
17483	0.00657894736842
22684	0.00657894736842
35047	0.00657894736842
41042	0.00657894736842
40995	0.0065445026178
4418	0.00653594771242
5089	0.00653594771242
12432	0.00653594771242
34548	0.00653594771242
253	0.00652883569097
49394	0.00652173913043
8681	0.00651465798046
4337	0.00649350649351
24958	0.00649350649351
41258	0.00649350649351
7175	0.0064829821718
2326	0.00647249190939
618	0.00645161290323
684	0.00645161290323
52525	0.00645161290323
4137	0.00643776824034
18456	0.0064308681672
11481	0.00641025641026
13036	0.00641025641026
36364	0.00641025641026
37557	0.00641025641026
42145	0.00641025641026
11169	0.00639658848614
41058	0.0063829787234
17637	0.00636942675159
20591	0.00636942675159
24457	0.00636942675159
33762	0.00636942675159
51156	0.00636942675159
27809	0.00634920634921
41003	0.00634249471459
4464	0.00632911392405
5715	0.00632911392405
19599	0.00632911392405
41246	0.00632911392405
42335	0.00632911392405
6213	0.0062893081761
19687	0.0062893081761
35019	0.0062893081761
35199	0.0062893081761
10844	0.00625
12511	0.00625
23628	0.00625
34676	0.00625
30020	0.00623052959502
41972	0.00623052959502
1364	0.00621118012422
12501	0.00621118012422
13212	0.00621118012422
17715	0.00621118012422
20335	0.00621118012422
27527	0.00621118012422
40989	0.00621118012422
41059	0.00621118012422
4937	0.00618556701031
1389	0.00617283950617
36392	0.00614754098361
3486	0.00613496932515
6304	0.00613496932515
32009	0.00613496932515
33405	0.00613496932515
50870	0.00613496932515
41015	0.00611620795107
23222	0.00609756097561
37680	0.00609756097561
39426	0.00609756097561
42531	0.00609756097561
456	0.00606060606061
1655	0.00606060606061
18361	0.00606060606061
38800	0.00606060606061
2574	0.00602409638554
27535	0.00602409638554
52738	0.00602409638554
137	0.0059880239521
511	0.0059880239521
4743	0.0059880239521
11887	0.0059880239521
15714	0.0059880239521
17625	0.0059880239521
5120	0.00597907324365
11	0.00595829195631
107	0.00595238095238
13642	0.00595238095238
30762	0.00595238095238
41434	0.00593471810089
259	0.00591715976331
3297	0.00591715976331
4144	0.00591715976331
11128	0.00591715976331
12194	0.00591715976331
17461	0.00591715976331
41029	0.00591715976331
50652	0.00591715976331
51155	0.00591715976331
51699	0.00591715976331
11232	0.00588235294118
16723	0.00588235294118
18835	0.00588235294118
25487	0.00588235294118
51025	0.00588235294118
19598	0.00587084148728
40964	0.0058651026393
2030	0.00584795321637
10852	0.00584795321637
28047	0.00584795321637
40489	0.00584795321637
51168	0.00584795321637
22579	0.00581395348837
41016	0.00580551523948
1390	0.00578034682081
41062	0.00578034682081
41378	0.00578034682081
12149	0.00574712643678
34751	0.00574712643678
2463	0.00574162679426
33727	0.00571428571429
39360	0.00571428571429
51485	0.00571428571429
5503	0.00570342205323
9586	0.00568181818182
19897	0.00568181818182
23285	0.00568181818182
32087	0.00568181818182
35162	0.00568181818182
40625	0.00568181818182
40971	0.00568181818182
51120	0.00568181818182
6194	0.00564971751412
21906	0.00564971751412
34667	0.00564971751412
52638	0.00564971751412
5237	0.0056338028169
28712	0.00561797752809
33850	0.00561797752809
35144	0.00561797752809
50957	0.00561797752809
51121	0.00561797752809
1456	0.00558659217877
16935	0.00558659217877
40999	0.00558659217877
41040	0.00555555555556
41544	0.00555555555556
50855	0.00555555555556
27651	0.00554016620499
34224	0.00553097345133
24970	0.00552486187845
30802	0.00552486187845
775	0.00549450549451
23121	0.00549450549451
25453	0.00549450549451
33692	0.00549450549451
52494	0.00549450549451
5622	0.00547945205479
30799	0.00547945205479
2333	0.00546946216955
4479	0.00546448087432
37776	0.00546448087432
40887	0.00546448087432
879	0.00544959128065
4916	0.00543970988214
7472	0.0054347826087
25376	0.0054347826087
41013	0.0054347826087
41968	0.0054347826087
29971	0.00542005420054
17277	0.00540540540541
18813	0.00540540540541
41404	0.00540540540541
42378	0.00540540540541
1497	0.00539956803456
33887	0.00538599640934
35178	0.00538599640934
39915	0.00538599640934
868	0.0053804765565
7460	0.00537634408602
7505	0.00537634408602
18183	0.00537634408602
5218	0.00536672629696
18661	0.00534759358289
24173	0.00534759358289
32042	0.00534759358289
38794	0.00532859680284
11749	0.00531914893617
33879	0.00531914893617
37993	0.00531914893617
7442	0.0053050397878
1931	0.00529100529101
4153	0.00529100529101
13111	0.00529100529101
35809	0.00529100529101
24522	0.00527704485488
23373	0.00526315789474
24889	0.00526315789474
35345	0.00524934383202
41018	0.00524246395806
2733	0.00523560209424
4675	0.00523560209424
30938	0.00523560209424
30982	0.00523560209424
19547	0.00522193211488
4733	0.00520833333333
12017	0.00520833333333
51112	0.00520833333333
26599	0.00518134715026
41074	0.00518134715026
50980	0.00518134715026
867	0.00516795865633
23481	0.00515463917526
35514	0.00515463917526
5204	0.00514138817481
9538	0.00513698630137
21507	0.00512820512821
26158	0.00512820512821
36686	0.00512820512821
39358	0.00512820512821
7198	0.00510204081633
40983	0.00510204081633
41116	0.00508474576271
2169	0.00507614213198
22572	0.00507614213198
41010	0.00507614213198
41452	0.00507614213198
5157	0.0050735667174
3689	0.00506329113924
17066	0.00505050505051
20800	0.00505050505051
38787	0.00505050505051
41102	0.00505050505051
11314	0.00502512562814
13317	0.00502512562814
21337	0.005
35581	0.005
41085	0.005
76	0.00499168053245
32418	0.00497512437811
32738	0.00497512437811
15636	0.0049504950495
41047	0.0049504950495
44978	0.0049504950495
51697	0.0049504950495
23174	0.00493827160494
26195	0.00490196078431
41223	0.00490196078431
40965	0.00488201790073
90	0.00487804878049
5419	0.00487804878049
12824	0.00487804878049
21321	0.00487804878049
37689	0.00487804878049
51019	0.00487804878049
7533	0.00485436893204
16209	0.00483870967742
4578	0.00483610961848
2089	0.0048309178744
17306	0.0048309178744
41092	0.0048309178744
2515	0.00480769230769
11782	0.00480769230769
17355	0.00479233226837
12182	0.00478468899522
21978	0.00478468899522
41942	0.00478468899522
28051	0.00476568705322
28290	0.0047619047619
50885	0.0047619047619
3733	0.00475285171103
5056	0.00473933649289
20802	0.00473933649289
14716	0.00471698113208
1984	0.0046875
8709	0.00468227424749
3859	0.00467289719626
34999	0.00467289719626
41366	0.00467289719626
2290	0.00465928945836
900	0.0046511627907
28812	0.0046511627907
38584	0.0046511627907
5112	0.00464807436919
11165	0.00462962962963
11778	0.00462962962963
41370	0.00462962962963
41037	0.00460829493088
3933	0.0045871559633
17611	0.0045871559633
11675	0.00456621004566
17946	0.00456621004566
21845	0.00456621004566
18613	0.00455927051672
22251	0.00455580865604
13742	0.00454545454545
25431	0.00454545454545
34929	0.00454545454545
38795	0.00454545454545
992	0.00453857791225
921	0.00453720508167
17346	0.00452488687783
3499	0.0045045045045
1118	0.00450160771704
1361	0.00448430493274
4396	0.00448430493274
13095	0.00448430493274
28832	0.00445434298441
29861	0.00444444444444
40981	0.00444444444444
52697	0.00444444444444
23666	0.00442477876106
25413	0.00442477876106
29852	0.00442477876106
42374	0.00442477876106
1399	0.00441501103753
2840	0.00441306266549
2722	0.00440528634361
20075	0.00440528634361
51721	0.00440528634361
4518	0.00439174352218
4523	0.00438596491228
19601	0.00438276113952
33377	0.00436681222707
39209	0.00436681222707
12756	0.00434782608696
21545	0.00434782608696
25738	0.00434782608696
27255	0.00434782608696
26934	0.004329004329
40977	0.004329004329
40978	0.004329004329
41332	0.004329004329
5519	0.00432152117545
2613	0.00431034482759
40318	0.00431034482759
41140	0.00431034482759
18759	0.00429184549356
38493	0.00429184549356
5693	0.00428265524625
13960	0.0042735042735
28742	0.00425531914894
37052	0.00425531914894
2785	0.00423728813559
14604	0.00423728813559
29055	0.00423728813559
41329	0.00423728813559
15794	0.0042194092827
21648	0.0042194092827
40987	0.00421348314607
4876	0.00420168067227
44281	0.00420168067227
37169	0.00418410041841
38206	0.00418410041841
41444	0.00418410041841
5231	0.00416883793643
4390	0.00416666666667
52471	0.00416666666667
210	0.00414937759336
23782	0.00414937759336
29309	0.00414937759336
30805	0.00414937759336
36394	0.00414937759336
3531	0.00414078674948
37104	0.00413223140496
41499	0.00413223140496
28633	0.00411522633745
29854	0.0041095890411
35563	0.00410340582684
1902	0.00409836065574
18205	0.00409836065574
6812	0.00408163265306
9188	0.00406504065041
27404	0.00406504065041
30849	0.00406504065041
39549	0.00406504065041
41054	0.00406504065041
39383	0.00403225806452
2344	0.00402819738167
20506	0.00402684563758
18607	0.00401606425703
39027	0.00401606425703
10287	0.00398406374502
30835	0.00398406374502
3133	0.00397350993377
4339	0.00396825396825
34169	0.00396825396825
44117	0.00396825396825
50923	0.00396825396825
39785	0.0039603960396
3729	0.00394477317554
6803	0.00393700787402
40968	0.00393700787402
4846	0.00392156862745
20875	0.00390625
27358	0.00390625
41194	0.00390625
44951	0.00390625
33841	0.00389105058366
4005	0.00387596899225
39136	0.00385802469136
1680	0.00385109114249
15207	0.00383141762452
6427	0.00382803297998
6789	0.00381679389313
13318	0.00380228136882
41253	0.00380228136882
1048	0.00379146919431
34199	0.00378787878788
7312	0.00376647834275
2811	0.00375939849624
11727	0.0037558685446
9826	0.00374531835206
38080	0.00373134328358
41031	0.00373134328358
1119	0.00372670807453
1628	0.00372208436725
2152	0.00371747211896
4430	0.00371747211896
29992	0.00371747211896
30269	0.00371747211896
41095	0.00371747211896
5420	0.00370828182942
41090	0.00370828182942
4563	0.00370713623726
18556	0.0037037037037
3312	0.00369685767098
10251	0.00369003690037
19288	0.00369003690037
40334	0.00369003690037
2313	0.00367647058824
21801	0.00367647058824
30691	0.00367647058824
31138	0.00367647058824
33142	0.00367647058824
18584	0.003663003663
38232	0.003663003663
50864	0.003663003663
50995	0.003663003663
2757	0.0036496350365
35021	0.0036496350365
39602	0.0036496350365
12998	0.00364298724954
35136	0.00363636363636
27489	0.00362976406534
4711	0.0036231884058
28443	0.00361010830325
5809	0.00360685302074
40962	0.00358102059087
3139	0.00357142857143
3365	0.00356718192628
4335	0.00353356890459
25098	0.00352733686067
2745	0.00352112676056
13056	0.00351493848858
22654	0.00350877192982
27890	0.0035046728972
949	0.00350262697023
27171	0.0034965034965
41417	0.0034965034965
38191	0.0034924330617
5460	0.00348432055749
6564	0.00348432055749
14750	0.00348432055749
38793	0.00347826086957
1020	0.00347222222222
51212	0.00347222222222
22383	0.003465003465
31400	0.00346020761246
25937	0.00344827586207
3022	0.00342465753425
869	0.00342130987292
3991	0.00338983050847
4655	0.00338180588434
1743	0.00335570469799
21772	0.00335570469799
6954	0.00334448160535
41106	0.00334448160535
7214	0.00333333333333
37111	0.00332778702163
31440	0.00331950207469
7261	0.00331125827815
29145	0.00331125827815
41154	0.003300330033
2007	0.0032930845225
38203	0.00328767123288
4654	0.00326441784548
26863	0.00325203252033
5512	0.00324675324675
30625	0.00324675324675
6360	0.00322580645161
18311	0.00322234156821
12610	0.00321027287319
1918	0.00320512820513
23999	0.00320512820513
5100	0.00319488817891
41067	0.00319488817891
41098	0.00319488817891
7340	0.0031847133758
2409	0.0031746031746
22643	0.0031746031746
118	0.00315457413249
12121	0.00315457413249
7299	0.00314465408805
41126	0.00314465408805
35728	0.00313479623824
41243	0.0030959752322
17008	0.00306748466258
38262	0.00306748466258
41032	0.0030303030303
32453	0.00302114803625
4868	0.00301204819277
20542	0.003003003003
5774	0.00296735905045
17987	0.00296735905045
34683	0.00294117647059
29845	0.00293255131965
41609	0.00292397660819
3943	0.00291545189504
28810	0.00291545189504
3260	0.00289855072464
9656	0.00289435600579
2142	0.0028818443804
18701	0.0028818443804
1700	0.00285714285714
11307	0.00285714285714
18301	0.00285714285714
41068	0.00285171102662
50863	0.002849002849
26584	0.00284090909091
41034	0.0028328611898
25078	0.00282485875706
29453	0.00282485875706
47611	0.00282485875706
4644	0.00278551532033
25324	0.00278551532033
1503	0.00278241513634
742	0.00277008310249
33634	0.00276625172891
216	0.00274725274725
3553	0.00274725274725
34367	0.00274223034735
41132	0.0027397260274
22929	0.00273722627737
9251	0.00273224043716
23265	0.00272479564033
51989	0.00271739130435
41097	0.00271002710027
28830	0.0027027027027
41050	0.00269541778976
26805	0.00267022696929
22744	0.00263388937665
18515	0.00261780104712
29218	0.00261780104712
2381	0.00261096605744
36999	0.00261096605744
870	0.0025706940874
23688	0.00255102040816
31868	0.00254452926209
10987	0.00253807106599
42156	0.00253164556962
893	0.00250501002004
30899	0.0025
9642	0.00247831474597
39709	0.002457002457
22743	0.00244698205546
1380	0.00242130750605
31536	0.00238095238095
39447	0.00237812128419
41027	0.00236406619385
4173	0.00235849056604
5553	0.002331002331
12388	0.00232558139535
25586	0.00232558139535
35045	0.00232558139535
4951	0.00230414746544
28405	0.00229885057471
497	0.00227272727273
45223	0.00218340611354
15228	0.00213219616205
3419	0.00212765957447
41044	0.00212314225053
5432	0.00208188757807
17938	0.00202429149798
5768	0.00199203187251
41109	0.00198412698413
5673	0.00193798449612
34858	0.00193798449612
8732	0.00184162062615
11201	0.00178890876565
17566	0.00177304964539
40980	0.0017667844523
41583	0.0017667844523
4489	0.00176366843034
37737	0.00174520069808
28407	0.00172711571675
13955	0.00172117039587
11655	0.00168918918919
38925	0.00167504187605
14253	0.00163132137031
35049	0.0016077170418
4121	0.0016051364366
32188	0.00159489633174
13339	0.00157480314961
1064	0.0015600624025
5643	0.00151515151515
17596	0.00151285930408
1135	0.00150602409639
2186	0.00143061516452
3059	0.00135135135135
3720	0.00130039011704
18960	0.00119474313023
29277	0.0011862396204
30980	0.00114678899083
9200	0.00104821802935
2	0.0010101010101
