48185	0.1
29003	0.0740740740741
25080	0.0714285714286
49619	0.0689655172414
51981	0.0666666666667
43676	0.0645161290323
51523	0.063829787234
4742	0.0606060606061
41718	0.0588235294118
16861	0.0571428571429
39524	0.0571428571429
10810	0.0540540540541
20433	0.0540540540541
59670	0.0540540540541
349	0.0526315789474
8127	0.0526315789474
60332	0.0512820512821
61	0.05
2315	0.05
3555	0.05
6501	0.05
7830	0.05
8601	0.05
9228	0.05
11685	0.05
11764	0.05
12100	0.05
14850	0.05
17592	0.05
18966	0.05
18971	0.05
20298	0.05
20758	0.05
22144	0.05
24319	0.05
27062	0.05
29048	0.05
29548	0.05
29903	0.05
33115	0.05
43199	0.05
43482	0.05
44376	0.05
44893	0.05
46271	0.05
46291	0.05
47793	0.05
48118	0.05
48735	0.05
49245	0.05
50400	0.05
50639	0.05
51923	0.05
54606	0.05
55248	0.05
56181	0.05
56723	0.05
56824	0.05
57808	0.05
58324	0.05
59278	0.05
59367	0.05
59439	0.05
60070	0.05
60679	0.05
61268	0.05
422	0.047619047619
1596	0.047619047619
1933	0.047619047619
6503	0.047619047619
6826	0.047619047619
7272	0.047619047619
8793	0.047619047619
10858	0.047619047619
12817	0.047619047619
14087	0.047619047619
16766	0.047619047619
17757	0.047619047619
18713	0.047619047619
20230	0.047619047619
21739	0.047619047619
22644	0.047619047619
23183	0.047619047619
24535	0.047619047619
25397	0.047619047619
26150	0.047619047619
29456	0.047619047619
30954	0.047619047619
31464	0.047619047619
35976	0.047619047619
35990	0.047619047619
37684	0.047619047619
37799	0.047619047619
38092	0.047619047619
42487	0.047619047619
42971	0.047619047619
46376	0.047619047619
47992	0.047619047619
48363	0.047619047619
48402	0.047619047619
48769	0.047619047619
52267	0.047619047619
53918	0.047619047619
54863	0.047619047619
54930	0.047619047619
57445	0.047619047619
57487	0.047619047619
57984	0.047619047619
58499	0.047619047619
60320	0.047619047619
60758	0.047619047619
60941	0.047619047619
450	0.046511627907
5207	0.046511627907
32228	0.046511627907
1073	0.0454545454545
1185	0.0454545454545
1479	0.0454545454545
6778	0.0454545454545
10422	0.0454545454545
10509	0.0454545454545
10931	0.0454545454545
14242	0.0454545454545
17423	0.0454545454545
17496	0.0454545454545
19886	0.0454545454545
20759	0.0454545454545
21367	0.0454545454545
23668	0.0454545454545
26005	0.0454545454545
26239	0.0454545454545
29066	0.0454545454545
30374	0.0454545454545
32903	0.0454545454545
34206	0.0454545454545
35840	0.0454545454545
37466	0.0454545454545
37676	0.0454545454545
38854	0.0454545454545
40192	0.0454545454545
41638	0.0454545454545
41669	0.0454545454545
42134	0.0454545454545
49193	0.0454545454545
51733	0.0454545454545
52811	0.0454545454545
53567	0.0454545454545
53777	0.0454545454545
55452	0.0454545454545
61035	0.0454545454545
14669	0.0444444444444
22121	0.043956043956
920	0.0434782608696
4373	0.0434782608696
11423	0.0434782608696
12408	0.0434782608696
12579	0.0434782608696
13004	0.0434782608696
13492	0.0434782608696
15435	0.0434782608696
15484	0.0434782608696
19386	0.0434782608696
20103	0.0434782608696
20613	0.0434782608696
21846	0.0434782608696
22470	0.0434782608696
24121	0.0434782608696
25972	0.0434782608696
29182	0.0434782608696
29464	0.0434782608696
29729	0.0434782608696
29744	0.0434782608696
30673	0.0434782608696
32847	0.0434782608696
40434	0.0434782608696
41260	0.0434782608696
43398	0.0434782608696
46555	0.0434782608696
47128	0.0434782608696
47257	0.0434782608696
47514	0.0434782608696
48940	0.0434782608696
49878	0.0434782608696
49942	0.0434782608696
52550	0.0434782608696
52580	0.0434782608696
53229	0.0434782608696
54117	0.0434782608696
55668	0.0434782608696
59555	0.0434782608696
60008	0.0434782608696
60113	0.0434782608696
6961	0.0425531914894
31403	0.0425531914894
45118	0.0425531914894
1178	0.0416666666667
4736	0.0416666666667
6896	0.0416666666667
6899	0.0416666666667
7754	0.0416666666667
8065	0.0416666666667
13021	0.0416666666667
17537	0.0416666666667
18152	0.0416666666667
18853	0.0416666666667
28492	0.0416666666667
40308	0.0416666666667
42729	0.0416666666667
43866	0.0416666666667
45831	0.0416666666667
46066	0.0416666666667
47157	0.0416666666667
49606	0.0416666666667
49931	0.0416666666667
52182	0.0416666666667
53073	0.0416666666667
53196	0.0416666666667
53373	0.0416666666667
60364	0.0416666666667
338	0.04
5520	0.04
7085	0.04
7207	0.04
11364	0.04
12418	0.04
13277	0.04
14174	0.04
14697	0.04
14921	0.04
15830	0.04
16393	0.04
19260	0.04
20940	0.04
22826	0.04
24018	0.04
25001	0.04
25613	0.04
32993	0.04
33025	0.04
34721	0.04
35801	0.04
37491	0.04
39373	0.04
40998	0.04
44837	0.04
45039	0.04
47181	0.04
48634	0.04
50420	0.04
52596	0.04
55920	0.04
59227	0.04
59534	0.04
44485	0.0394736842105
51077	0.0392156862745
8241	0.0384615384615
10165	0.0384615384615
14594	0.0384615384615
18639	0.0384615384615
21365	0.0384615384615
21553	0.0384615384615
21859	0.0384615384615
25437	0.0384615384615
25903	0.0384615384615
27259	0.0384615384615
30077	0.0384615384615
31165	0.0384615384615
31273	0.0384615384615
40362	0.0384615384615
41435	0.0384615384615
41697	0.0384615384615
41852	0.0384615384615
41919	0.0384615384615
42020	0.0384615384615
42094	0.0384615384615
42422	0.0384615384615
42680	0.0384615384615
42996	0.0384615384615
45618	0.0384615384615
50482	0.0384615384615
50732	0.0384615384615
51987	0.0384615384615
53385	0.0384615384615
56790	0.0384615384615
58993	0.0384615384615
50849	0.0377358490566
51979	0.0377358490566
167	0.037037037037
2623	0.037037037037
2861	0.037037037037
4386	0.037037037037
9678	0.037037037037
9765	0.037037037037
12108	0.037037037037
15439	0.037037037037
15585	0.037037037037
19534	0.037037037037
19801	0.037037037037
21218	0.037037037037
23282	0.037037037037
23432	0.037037037037
26284	0.037037037037
28707	0.037037037037
33389	0.037037037037
36231	0.037037037037
37464	0.037037037037
37760	0.037037037037
38910	0.037037037037
40917	0.037037037037
41283	0.037037037037
42168	0.037037037037
43640	0.037037037037
43880	0.037037037037
45086	0.037037037037
45253	0.037037037037
46150	0.037037037037
47816	0.037037037037
48652	0.037037037037
50988	0.037037037037
51214	0.037037037037
52898	0.037037037037
54237	0.037037037037
56026	0.037037037037
60119	0.037037037037
60181	0.037037037037
60222	0.037037037037
53232	0.0363636363636
2393	0.0357142857143
2674	0.0357142857143
4840	0.0357142857143
8520	0.0357142857143
8730	0.0357142857143
8759	0.0357142857143
10875	0.0357142857143
11456	0.0357142857143
11854	0.0357142857143
12412	0.0357142857143
12436	0.0357142857143
15130	0.0357142857143
21746	0.0357142857143
22329	0.0357142857143
23245	0.0357142857143
28072	0.0357142857143
28366	0.0357142857143
33156	0.0357142857143
35583	0.0357142857143
37612	0.0357142857143
39638	0.0357142857143
42518	0.0357142857143
42938	0.0357142857143
43410	0.0357142857143
43574	0.0357142857143
43856	0.0357142857143
44155	0.0357142857143
45080	0.0357142857143
46374	0.0357142857143
47195	0.0357142857143
47499	0.0357142857143
48617	0.0357142857143
49834	0.0357142857143
50791	0.0357142857143
51270	0.0357142857143
51280	0.0357142857143
52348	0.0357142857143
52352	0.0357142857143
53177	0.0357142857143
57629	0.0357142857143
60166	0.0357142857143
24575	0.0350877192982
38273	0.0350877192982
53093	0.0350877192982
58	0.0344827586207
92	0.0344827586207
2042	0.0344827586207
3246	0.0344827586207
6288	0.0344827586207
11575	0.0344827586207
11908	0.0344827586207
12642	0.0344827586207
13356	0.0344827586207
15210	0.0344827586207
18467	0.0344827586207
20751	0.0344827586207
22166	0.0344827586207
22762	0.0344827586207
22771	0.0344827586207
22963	0.0344827586207
24601	0.0344827586207
30904	0.0344827586207
33803	0.0344827586207
36904	0.0344827586207
37793	0.0344827586207
38475	0.0344827586207
38596	0.0344827586207
41267	0.0344827586207
41925	0.0344827586207
42861	0.0344827586207
43235	0.0344827586207
45727	0.0344827586207
52117	0.0344827586207
52140	0.0344827586207
53003	0.0344827586207
53107	0.0344827586207
53379	0.0344827586207
56598	0.0344827586207
57488	0.0344827586207
59289	0.0344827586207
60091	0.0344827586207
1103	0.0338983050847
6958	0.0338983050847
41503	0.0338983050847
42182	0.0337078651685
4721	0.0333333333333
6272	0.0333333333333
7424	0.0333333333333
7540	0.0333333333333
7636	0.0333333333333
8796	0.0333333333333
12590	0.0333333333333
15543	0.0333333333333
15678	0.0333333333333
17636	0.0333333333333
20483	0.0333333333333
23205	0.0333333333333
24475	0.0333333333333
24742	0.0333333333333
24935	0.0333333333333
25358	0.0333333333333
25361	0.0333333333333
25591	0.0333333333333
39395	0.0333333333333
41064	0.0333333333333
41784	0.0333333333333
42356	0.0333333333333
42600	0.0333333333333
42758	0.0333333333333
42867	0.0333333333333
43407	0.0333333333333
44835	0.0333333333333
45091	0.0333333333333
50891	0.0333333333333
51545	0.0333333333333
52731	0.0333333333333
59459	0.0333333333333
59755	0.0333333333333
60422	0.0333333333333
5703	0.0327868852459
45151	0.0327868852459
18756	0.0326086956522
847	0.0322580645161
1850	0.0322580645161
3945	0.0322580645161
13730	0.0322580645161
14927	0.0322580645161
14964	0.0322580645161
22125	0.0322580645161
22896	0.0322580645161
27633	0.0322580645161
28022	0.0322580645161
28540	0.0322580645161
42244	0.0322580645161
43008	0.0322580645161
43860	0.0322580645161
47199	0.0322580645161
49067	0.0322580645161
51204	0.0322580645161
51552	0.0322580645161
51932	0.0322580645161
52561	0.0322580645161
52987	0.0322580645161
53281	0.0322580645161
58479	0.0322580645161
59803	0.0322580645161
59920	0.0322580645161
60105	0.0322580645161
43834	0.031914893617
44486	0.031746031746
211	0.03125
2068	0.03125
2453	0.03125
4400	0.03125
4583	0.03125
13138	0.03125
17252	0.03125
18251	0.03125
18619	0.03125
23093	0.03125
25898	0.03125
27196	0.03125
27428	0.03125
28083	0.03125
34135	0.03125
37152	0.03125
40176	0.03125
41297	0.03125
43334	0.03125
45987	0.03125
49036	0.03125
49546	0.03125
50349	0.03125
51008	0.03125
51123	0.03125
53327	0.03125
57495	0.03125
59530	0.03125
59821	0.03125
60479	0.03125
3378	0.030303030303
6845	0.030303030303
8684	0.030303030303
16094	0.030303030303
17688	0.030303030303
17724	0.030303030303
18437	0.030303030303
18692	0.030303030303
24148	0.030303030303
24864	0.030303030303
26823	0.030303030303
27771	0.030303030303
29250	0.030303030303
31132	0.030303030303
31892	0.030303030303
35527	0.030303030303
35848	0.030303030303
39848	0.030303030303
41624	0.030303030303
48120	0.030303030303
50919	0.030303030303
52497	0.030303030303
52920	0.030303030303
59299	0.030303030303
11886	0.03
3179	0.0294117647059
3932	0.0294117647059
4534	0.0294117647059
5060	0.0294117647059
5270	0.0294117647059
7532	0.0294117647059
10341	0.0294117647059
12045	0.0294117647059
16311	0.0294117647059
17522	0.0294117647059
17666	0.0294117647059
20435	0.0294117647059
20990	0.0294117647059
24203	0.0294117647059
24865	0.0294117647059
26557	0.0294117647059
31027	0.0294117647059
32035	0.0294117647059
33985	0.0294117647059
38360	0.0294117647059
38733	0.0294117647059
41656	0.0294117647059
42997	0.0294117647059
43047	0.0294117647059
43226	0.0294117647059
43485	0.0294117647059
46423	0.0294117647059
51302	0.0294117647059
51898	0.0294117647059
51996	0.0294117647059
1357	0.0285714285714
5340	0.0285714285714
13811	0.0285714285714
16519	0.0285714285714
17237	0.0285714285714
18532	0.0285714285714
22660	0.0285714285714
26156	0.0285714285714
28071	0.0285714285714
32157	0.0285714285714
36131	0.0285714285714
38046	0.0285714285714
41660	0.0285714285714
42624	0.0285714285714
43890	0.0285714285714
48558	0.0285714285714
50922	0.0285714285714
51107	0.0285714285714
52553	0.0285714285714
52591	0.0285714285714
52686	0.0285714285714
53085	0.0285714285714
25165	0.0283018867925
4635	0.0281690140845
34997	0.0281690140845
3493	0.0277777777778
6214	0.0277777777778
9418	0.0277777777778
11758	0.0277777777778
16051	0.0277777777778
17735	0.0277777777778
18630	0.0277777777778
19495	0.0277777777778
22458	0.0277777777778
22493	0.0277777777778
39239	0.0277777777778
42072	0.0277777777778
42221	0.0277777777778
43594	0.0277777777778
47293	0.0277777777778
48190	0.0277777777778
53437	0.0277777777778
57864	0.0277777777778
59667	0.0277777777778
59830	0.0277777777778
60042	0.0277777777778
61072	0.0277777777778
28396	0.0275229357798
861	0.027027027027
1493	0.027027027027
6698	0.027027027027
8772	0.027027027027
19334	0.027027027027
25488	0.027027027027
26061	0.027027027027
32894	0.027027027027
37006	0.027027027027
44467	0.027027027027
44539	0.027027027027
46211	0.027027027027
46604	0.027027027027
48442	0.027027027027
49272	0.027027027027
51924	0.027027027027
52034	0.027027027027
52087	0.027027027027
52621	0.027027027027
53151	0.027027027027
53405	0.027027027027
60185	0.027027027027
42409	0.0266666666667
48070	0.0266666666667
2484	0.0263157894737
4279	0.0263157894737
8571	0.0263157894737
10139	0.0263157894737
11350	0.0263157894737
24079	0.0263157894737
25066	0.0263157894737
28522	0.0263157894737
29573	0.0263157894737
31459	0.0263157894737
32958	0.0263157894737
33207	0.0263157894737
33501	0.0263157894737
37938	0.0263157894737
41211	0.0263157894737
41527	0.0263157894737
50854	0.0263157894737
50857	0.0263157894737
51902	0.0263157894737
52021	0.0263157894737
52371	0.0263157894737
52704	0.0263157894737
58146	0.0263157894737
59599	0.0263157894737
22813	0.0260869565217
171	0.025641025641
1588	0.025641025641
2461	0.025641025641
4917	0.025641025641
7407	0.025641025641
11180	0.025641025641
11559	0.025641025641
17295	0.025641025641
18590	0.025641025641
19428	0.025641025641
19817	0.025641025641
20477	0.025641025641
20924	0.025641025641
22128	0.025641025641
22827	0.025641025641
35497	0.025641025641
35513	0.025641025641
37341	0.025641025641
37990	0.025641025641
39749	0.025641025641
41408	0.025641025641
42471	0.025641025641
42775	0.025641025641
43159	0.025641025641
51773	0.025641025641
52272	0.025641025641
52757	0.025641025641
59592	0.025641025641
35117	0.0253164556962
27582	0.0252100840336
453	0.025
1253	0.025
2911	0.025
3461	0.025
6399	0.025
6630	0.025
7294	0.025
8406	0.025
11706	0.025
14384	0.025
18832	0.025
21744	0.025
23283	0.025
24406	0.025
25143	0.025
27385	0.025
33042	0.025
35220	0.025
36440	0.025
37124	0.025
40377	0.025
40585	0.025
42346	0.025
42947	0.025
46546	0.025
48853	0.025
49564	0.025
51508	0.025
51752	0.025
51945	0.025
53265	0.025
60095	0.025
60515	0.025
51105	0.0246913580247
51746	0.0246913580247
52629	0.0246913580247
61411	0.0246913580247
2404	0.0243902439024
5098	0.0243902439024
6576	0.0243902439024
7332	0.0243902439024
7619	0.0243902439024
9409	0.0243902439024
11435	0.0243902439024
19118	0.0243902439024
22985	0.0243902439024
30002	0.0243902439024
30462	0.0243902439024
31018	0.0243902439024
43245	0.0243902439024
44826	0.0243902439024
45140	0.0243902439024
46056	0.0243902439024
47075	0.0243902439024
49965	0.0243902439024
51941	0.0243902439024
52585	0.0243902439024
53419	0.0243902439024
55031	0.0243902439024
59928	0.0243902439024
10803	0.0241935483871
6920	0.0240963855422
28982	0.0240963855422
458	0.0238095238095
1542	0.0238095238095
3001	0.0238095238095
5625	0.0238095238095
16074	0.0238095238095
38701	0.0238095238095
42153	0.0238095238095
43102	0.0238095238095
43483	0.0238095238095
44462	0.0238095238095
45060	0.0238095238095
45720	0.0238095238095
46767	0.0238095238095
49415	0.0238095238095
51022	0.0238095238095
52518	0.0238095238095
811	0.0232558139535
2942	0.0232558139535
3523	0.0232558139535
4587	0.0232558139535
11421	0.0232558139535
15348	0.0232558139535
17448	0.0232558139535
24369	0.0232558139535
27862	0.0232558139535
28975	0.0232558139535
30324	0.0232558139535
32125	0.0232558139535
32422	0.0232558139535
32879	0.0232558139535
34647	0.0232558139535
35437	0.0232558139535
36416	0.0232558139535
38197	0.0232558139535
38654	0.0232558139535
42667	0.0232558139535
42744	0.0232558139535
43030	0.0232558139535
49257	0.0232558139535
49268	0.0232558139535
52546	0.0232558139535
34391	0.0230769230769
10326	0.0229885057471
13098	0.0229007633588
22941	0.0229007633588
3839	0.0227272727273
7841	0.0227272727273
9607	0.0227272727273
11185	0.0227272727273
18668	0.0227272727273
22490	0.0227272727273
25117	0.0227272727273
30259	0.0227272727273
32499	0.0227272727273
33934	0.0227272727273
34124	0.0227272727273
36107	0.0227272727273
36761	0.0227272727273
36982	0.0227272727273
39190	0.0227272727273
40651	0.0227272727273
42379	0.0227272727273
43357	0.0227272727273
51710	0.0227272727273
52009	0.0227272727273
52276	0.0227272727273
54601	0.0227272727273
55438	0.0227272727273
59784	0.0227272727273
43269	0.0224719101124
59944	0.0224719101124
72	0.0222222222222
1580	0.0222222222222
3516	0.0222222222222
12953	0.0222222222222
14509	0.0222222222222
26069	0.0222222222222
37033	0.0222222222222
40477	0.0222222222222
41535	0.0222222222222
43198	0.0222222222222
51975	0.0222222222222
52540	0.0222222222222
60525	0.0222222222222
60554	0.0222222222222
37806	0.021978021978
3793	0.021897810219
15782	0.021897810219
785	0.0217391304348
1060	0.0217391304348
1820	0.0217391304348
2027	0.0217391304348
2287	0.0217391304348
12117	0.0217391304348
12604	0.0217391304348
26094	0.0217391304348
27308	0.0217391304348
30618	0.0217391304348
31703	0.0217391304348
35376	0.0217391304348
36805	0.0217391304348
36888	0.0217391304348
37478	0.0217391304348
38471	0.0217391304348
41221	0.0217391304348
41879	0.0217391304348
42640	0.0217391304348
45033	0.0217391304348
52044	0.0217391304348
42040	0.0215053763441
218	0.0212765957447
4875	0.0212765957447
9273	0.0212765957447
11012	0.0212765957447
19620	0.0212765957447
21373	0.0212765957447
21478	0.0212765957447
23112	0.0212765957447
23843	0.0212765957447
29933	0.0212765957447
43287	0.0212765957447
44663	0.0212765957447
50097	0.0212765957447
50964	0.0212765957447
51392	0.0212765957447
51439	0.0212765957447
52059	0.0212765957447
52726	0.0212765957447
59236	0.0212765957447
60283	0.0212765957447
17686	0.0210526315789
3388	0.0208333333333
4250	0.0208333333333
5773	0.0208333333333
10918	0.0208333333333
15198	0.0208333333333
16348	0.0208333333333
18956	0.0208333333333
26855	0.0208333333333
35710	0.0208333333333
38727	0.0208333333333
39189	0.0208333333333
41185	0.0208333333333
41921	0.0208333333333
50110	0.0208333333333
50898	0.0208333333333
51106	0.0208333333333
52361	0.0208333333333
52396	0.0208333333333
52469	0.0208333333333
52688	0.0208333333333
52760	0.0208333333333
8122	0.0204081632653
9254	0.0204081632653
9323	0.0204081632653
11126	0.0204081632653
14003	0.0204081632653
16617	0.0204081632653
17591	0.0204081632653
27268	0.0204081632653
29343	0.0204081632653
29409	0.0204081632653
31374	0.0204081632653
32664	0.0204081632653
34211	0.0204081632653
35973	0.0204081632653
41510	0.0204081632653
49943	0.0204081632653
51323	0.0204081632653
60463	0.0204081632653
8519	0.020202020202
16076	0.020202020202
18231	0.020202020202
21379	0.020202020202
34649	0.020202020202
2933	0.02
11171	0.02
14857	0.02
18313	0.02
21933	0.02
25096	0.02
27685	0.02
29416	0.02
30133	0.02
35194	0.02
36060	0.02
37752	0.02
38315	0.02
42095	0.02
42306	0.02
43732	0.02
44112	0.02
49662	0.02
59691	0.02
59933	0.02
9178	0.0198675496689
8767	0.019801980198
13621	0.0197368421053
3288	0.0197044334975
1241	0.0196078431373
7433	0.0196078431373
11160	0.0196078431373
11346	0.0196078431373
14137	0.0196078431373
15377	0.0196078431373
17789	0.0196078431373
28165	0.0196078431373
29645	0.0196078431373
31125	0.0196078431373
31308	0.0196078431373
32962	0.0196078431373
35907	0.0196078431373
40594	0.0196078431373
41231	0.0196078431373
42516	0.0196078431373
43632	0.0196078431373
44176	0.0196078431373
45277	0.0196078431373
47456	0.0196078431373
51383	0.0196078431373
51834	0.0196078431373
52334	0.0196078431373
57790	0.0196078431373
61098	0.0196078431373
42249	0.0194174757282
566	0.0192307692308
885	0.0192307692308
3590	0.0192307692308
6752	0.0192307692308
7731	0.0192307692308
18378	0.0192307692308
26809	0.0192307692308
26837	0.0192307692308
31299	0.0192307692308
31471	0.0192307692308
35391	0.0192307692308
41323	0.0192307692308
41892	0.0192307692308
41961	0.0192307692308
42651	0.0192307692308
43358	0.0192307692308
46970	0.0192307692308
48977	0.0192307692308
52699	0.0192307692308
52935	0.0192307692308
59785	0.0192307692308
51590	0.0190476190476
2744	0.0188679245283
13318	0.0188679245283
16171	0.0188679245283
19970	0.0188679245283
22170	0.0188679245283
28825	0.0188679245283
37930	0.0188679245283
39400	0.0188679245283
44111	0.0188679245283
49571	0.0188679245283
51034	0.0188679245283
51657	0.0188679245283
59659	0.0188679245283
60421	0.0188679245283
29707	0.018691588785
17637	0.0186335403727
20591	0.0186335403727
2278	0.0185185185185
3828	0.0185185185185
3949	0.0185185185185
6217	0.0185185185185
6788	0.0185185185185
10400	0.0185185185185
11186	0.0185185185185
20785	0.0185185185185
22934	0.0185185185185
23318	0.0185185185185
25827	0.0185185185185
30131	0.0185185185185
39179	0.0185185185185
41076	0.0185185185185
41163	0.0185185185185
41230	0.0185185185185
44154	0.0185185185185
49597	0.0185185185185
52541	0.0185185185185
19687	0.0184049079755
23643	0.0183486238532
2772	0.0181818181818
3743	0.0181818181818
4022	0.0181818181818
7367	0.0181818181818
9670	0.0181818181818
10967	0.0181818181818
13103	0.0181818181818
22922	0.0181818181818
27811	0.0181818181818
31157	0.0181818181818
39550	0.0181818181818
43717	0.0181818181818
45776	0.0181818181818
47448	0.0181818181818
50771	0.0181818181818
50886	0.0181818181818
53039	0.0181818181818
59548	0.0181818181818
4620	0.018018018018
11397	0.018018018018
1584	0.0178571428571
1895	0.0178571428571
3487	0.0178571428571
14859	0.0178571428571
22569	0.0178571428571
23090	0.0178571428571
33896	0.0178571428571
34943	0.0178571428571
34971	0.0178571428571
36798	0.0178571428571
37735	0.0178571428571
40942	0.0178571428571
41166	0.0178571428571
41923	0.0178571428571
41951	0.0178571428571
42012	0.0178571428571
42484	0.0178571428571
45428	0.0178571428571
3077	0.0176991150442
6428	0.0176991150442
18958	0.0176991150442
1676	0.0176056338028
4221	0.0175438596491
4425	0.0175438596491
11726	0.0175438596491
16397	0.0175438596491
18414	0.0175438596491
19320	0.0175438596491
21703	0.0175438596491
24981	0.0175438596491
27273	0.0175438596491
29477	0.0175438596491
42692	0.0175438596491
45884	0.0175438596491
52838	0.0175438596491
59525	0.0175438596491
4144	0.0173410404624
17461	0.0173410404624
397	0.0172413793103
778	0.0172413793103
5165	0.0172413793103
13332	0.0172413793103
14658	0.0172413793103
25487	0.0172413793103
28477	0.0172413793103
33769	0.0172413793103
42318	0.0172413793103
46441	0.0172413793103
53102	0.0172413793103
59935	0.0172413793103
12343	0.017094017094
41182	0.017094017094
645	0.0169491525424
3189	0.0169491525424
22831	0.0169491525424
26047	0.0169491525424
28828	0.0169491525424
33627	0.0169491525424
35508	0.0169491525424
41110	0.0169491525424
44333	0.0169491525424
46658	0.0169491525424
51777	0.0169491525424
955	0.0167597765363
2127	0.0167364016736
2272	0.0166666666667
4507	0.0166666666667
4983	0.0166666666667
6592	0.0166666666667
7482	0.0166666666667
26191	0.0166666666667
31011	0.0166666666667
32493	0.0166666666667
33120	0.0166666666667
37936	0.0166666666667
41007	0.0166666666667
44034	0.0166666666667
48181	0.0166666666667
51368	0.0166666666667
52176	0.0166666666667
52423	0.0166666666667
53320	0.0166666666667
52056	0.0165289256198
937	0.016393442623
1942	0.016393442623
5390	0.016393442623
7913	0.016393442623
10928	0.016393442623
14274	0.016393442623
14276	0.016393442623
17644	0.016393442623
27925	0.016393442623
32524	0.016393442623
34192	0.016393442623
38685	0.016393442623
40036	0.016393442623
41471	0.016393442623
44286	0.016393442623
46121	0.016393442623
47630	0.016393442623
56324	0.016393442623
3316	0.0162601626016
32411	0.0162601626016
41111	0.0162601626016
182	0.0161290322581
285	0.0161290322581
3867	0.0161290322581
4414	0.0161290322581
6982	0.0161290322581
8657	0.0161290322581
14439	0.0161290322581
15865	0.0161290322581
21912	0.0161290322581
25416	0.0161290322581
39226	0.0161290322581
41967	0.0161290322581
43787	0.0161290322581
51549	0.016
41013	0.0159574468085
3398	0.015873015873
4438	0.015873015873
4457	0.015873015873
9749	0.015873015873
11123	0.015873015873
17007	0.015873015873
20245	0.015873015873
28349	0.015873015873
31479	0.015873015873
33826	0.015873015873
41098	0.015873015873
41404	0.015873015873
43202	0.015873015873
50527	0.015873015873
51232	0.015873015873
18641	0.0157480314961
37184	0.0157480314961
3820	0.015625
8218	0.015625
21806	0.015625
31428	0.015625
32210	0.015625
34108	0.015625
38575	0.015625
41033	0.015625
41625	0.015625
43663	0.015625
47282	0.015625
47294	0.015625
51144	0.015625
51474	0.015625
53396	0.015625
59790	0.015625
1936	0.0153846153846
9598	0.0153846153846
15515	0.0153846153846
25115	0.0153846153846
39458	0.0153846153846
43277	0.0153846153846
44999	0.0153846153846
53361	0.0153846153846
60086	0.0153846153846
17554	0.0152671755725
1976	0.0151515151515
2094	0.0151515151515
6832	0.0151515151515
18688	0.0151515151515
21841	0.0151515151515
26235	0.0151515151515
32631	0.0151515151515
36475	0.0151515151515
40848	0.0151515151515
41469	0.0151515151515
51200	0.0151515151515
18361	0.015015015015
4490	0.0149253731343
6352	0.0149253731343
8226	0.0149253731343
12311	0.0149253731343
13854	0.0149253731343
18543	0.0149253731343
24810	0.0149253731343
29328	0.0149253731343
35316	0.0149253731343
44120	0.0149253731343
59734	0.0149253731343
59759	0.0149253731343
5552	0.0148148148148
22408	0.0148148148148
41693	0.0148148148148
13317	0.0147783251232
17790	0.0147601476015
17939	0.0147601476015
101	0.0147058823529
2171	0.0147058823529
5611	0.0147058823529
7293	0.0147058823529
28074	0.0147058823529
34143	0.0147058823529
34792	0.0147058823529
35030	0.0147058823529
37480	0.0147058823529
41158	0.0147058823529
51403	0.0147058823529
51616	0.0147058823529
51805	0.0147058823529
881	0.0144927536232
2093	0.0144927536232
6221	0.0144927536232
16264	0.0144927536232
16510	0.0144927536232
16963	0.0144927536232
20744	0.0144927536232
22741	0.0144927536232
27409	0.0144927536232
29309	0.0144927536232
37577	0.0144927536232
39420	0.0144927536232
41870	0.0144927536232
45891	0.0144927536232
51636	0.0144927536232
492	0.0144230769231
41063	0.0143884892086
90	0.0143540669856
18701	0.0143266475645
1228	0.0142857142857
4405	0.0142857142857
28201	0.0142857142857
28755	0.0142857142857
29680	0.0142857142857
36676	0.0142857142857
40557	0.0142857142857
41584	0.0142857142857
42396	0.0142857142857
51464	0.0142857142857
51875	0.0142857142857
52057	0.0142857142857
52144	0.0142857142857
9625	0.0142180094787
30917	0.0141843971631
51811	0.0141843971631
27529	0.0141509433962
846	0.0140845070423
4582	0.0140845070423
17691	0.0140845070423
19292	0.0140845070423
28820	0.0140845070423
34670	0.0140845070423
37953	0.0140845070423
41150	0.0140845070423
41705	0.0140845070423
51453	0.0140845070423
52131	0.0140845070423
52132	0.0140845070423
52148	0.0140845070423
52468	0.0140845070423
41171	0.0140186915888
103	0.0138888888889
1490	0.0138888888889
2444	0.0138888888889
6222	0.0138888888889
15850	0.0138888888889
26558	0.0138888888889
28721	0.0138888888889
35953	0.0138888888889
36112	0.0138888888889
41174	0.0138888888889
42643	0.0138888888889
45793	0.0138888888889
46039	0.0138888888889
52928	0.0138888888889
41417	0.0138408304498
29399	0.0138248847926
53	0.013698630137
5484	0.013698630137
17275	0.013698630137
26060	0.013698630137
31608	0.013698630137
32803	0.013698630137
41931	0.013698630137
43179	0.013698630137
43210	0.013698630137
46742	0.013698630137
52450	0.013698630137
51393	0.0136054421769
2786	0.0135135135135
19416	0.0135135135135
28579	0.0135135135135
34691	0.0135135135135
43298	0.0135135135135
51745	0.0135135135135
53286	0.0135135135135
59547	0.0135135135135
27226	0.0134228187919
35535	0.0134228187919
37800	0.0134228187919
2739	0.0133333333333
12421	0.0133333333333
16819	0.0133333333333
17346	0.0133333333333
18387	0.0133333333333
19816	0.0133333333333
27288	0.0133333333333
28745	0.0133333333333
37201	0.0133333333333
39874	0.0133333333333
40351	0.0133333333333
40923	0.0133333333333
41273	0.0133333333333
43251	0.0133333333333
53329	0.0133333333333
26765	0.0131578947368
27070	0.0131578947368
38375	0.0131578947368
41397	0.0131578947368
44602	0.0131578947368
50240	0.0131578947368
52876	0.0131578947368
14253	0.0130718954248
2610	0.012987012987
2722	0.012987012987
16364	0.012987012987
17928	0.012987012987
23273	0.012987012987
27952	0.012987012987
34985	0.012987012987
41042	0.012987012987
41325	0.012987012987
42399	0.012987012987
1039	0.0129032258065
26098	0.0129032258065
2358	0.0128205128205
29806	0.0128205128205
30222	0.0128205128205
32770	0.0128205128205
38713	0.0128205128205
42892	0.0128205128205
51760	0.0128205128205
13040	0.0127388535032
1000	0.0126582278481
1508	0.0126582278481
7449	0.0126582278481
11430	0.0126582278481
14360	0.0126582278481
18022	0.0126582278481
28734	0.0126582278481
29746	0.0126582278481
31393	0.0126582278481
36395	0.0126582278481
41210	0.0126582278481
42914	0.0126582278481
42925	0.0126582278481
50177	0.0126582278481
52641	0.0126582278481
53184	0.0126582278481
59543	0.0126582278481
13960	0.0126050420168
11172	0.0125786163522
22643	0.0125786163522
1714	0.0125
2690	0.0125
6271	0.0125
6415	0.0125
14604	0.0125
23760	0.0125
27031	0.0125
27899	0.0125
31008	0.0125
32728	0.0125
38989	0.0125
40307	0.0125
48246	0.0125
13036	0.0124223602484
3531	0.0123711340206
2816	0.0123456790123
4147	0.0123456790123
12280	0.0123456790123
18129	0.0123456790123
18295	0.0123456790123
29804	0.0123456790123
30085	0.0123456790123
33868	0.0123456790123
37169	0.0123456790123
39965	0.0123456790123
42056	0.0123456790123
42295	0.0123456790123
49398	0.0123456790123
10920	0.0122950819672
34519	0.0122950819672
41270	0.0122950819672
5715	0.0122699386503
30805	0.0122448979592
840	0.0121951219512
6213	0.0121951219512
13653	0.0121951219512
19469	0.0121951219512
23230	0.0121951219512
38577	0.0121951219512
38739	0.0121951219512
41499	0.0121951219512
51102	0.0121951219512
51822	0.0121951219512
52853	0.0121951219512
38262	0.0121580547112
49392	0.0120967741935
859	0.0120481927711
3860	0.0120481927711
5528	0.0120481927711
8089	0.0120481927711
26175	0.0120481927711
26830	0.0120481927711
33621	0.0120481927711
34115	0.0120481927711
41224	0.0120481927711
41754	0.0120481927711
48899	0.0120481927711
5593	0.0120240480962
21204	0.0119760479042
32453	0.0119760479042
43200	0.0119760479042
4508	0.0119047619048
19688	0.0119047619048
21989	0.0119047619048
40973	0.0119047619048
42813	0.0119047619048
44270	0.0119047619048
51087	0.0119047619048
51154	0.0119047619048
52227	0.0119047619048
25930	0.0118577075099
1487	0.0117647058824
14511	0.0117647058824
24833	0.0117647058824
30834	0.0117647058824
38064	0.0117647058824
38547	0.0117647058824
53282	0.0117647058824
2825	0.0116959064327
8210	0.0116959064327
451	0.0116279069767
18340	0.0116279069767
20290	0.0116279069767
25555	0.0116279069767
30445	0.0116279069767
36409	0.0116279069767
49024	0.0116279069767
49465	0.0116279069767
50890	0.0116279069767
51196	0.0116279069767
51422	0.0116279069767
52231	0.0116279069767
59558	0.0116279069767
1921	0.011583011583
18815	0.0115606936416
35847	0.0115384615385
767	0.0114942528736
7749	0.0114942528736
9794	0.0114942528736
12475	0.0114942528736
13634	0.0114942528736
22873	0.0114942528736
23605	0.0114942528736
25942	0.0114942528736
39722	0.0114942528736
41096	0.0114942528736
50992	0.0114942528736
51615	0.0114942528736
51623	0.0114942528736
51699	0.0114942528736
51838	0.0114942528736
4485	0.0114613180516
4502	0.0113636363636
7311	0.0113636363636
11069	0.0113636363636
12943	0.0113636363636
16073	0.0113636363636
17027	0.0113636363636
19465	0.0113636363636
21575	0.0113636363636
23786	0.0113636363636
24698	0.0113636363636
25273	0.0113636363636
28799	0.0113636363636
36736	0.0113636363636
41856	0.0113636363636
50961	0.0113636363636
51343	0.0113636363636
59617	0.0113636363636
10328	0.0112359550562
11000	0.0112359550562
11223	0.0112359550562
18596	0.0112359550562
22241	0.0112359550562
34190	0.0112359550562
42398	0.0112359550562
49401	0.0112359550562
56496	0.0112359550562
40992	0.0111731843575
9488	0.0111111111111
29366	0.0111111111111
51418	0.0111111111111
26416	0.0110701107011
19897	0.0110497237569
25324	0.0110497237569
40625	0.0110497237569
31877	0.0110294117647
9252	0.010989010989
21715	0.010989010989
22070	0.010989010989
26218	0.010989010989
31313	0.010989010989
40202	0.010989010989
41272	0.010989010989
43920	0.010989010989
50855	0.010989010989
12831	0.0108695652174
15542	0.0108695652174
19338	0.0108695652174
34225	0.0108695652174
34531	0.0108695652174
41343	0.0108695652174
45199	0.0108695652174
50642	0.0108695652174
51229	0.0108695652174
52383	0.0108695652174
52442	0.0108695652174
11776	0.0108108108108
3280	0.010752688172
16028	0.010752688172
22843	0.010752688172
35431	0.010752688172
21745	0.0107334525939
775	0.0106951871658
23121	0.0106951871658
30901	0.0106951871658
25405	0.0106761565836
1740	0.0106382978723
4479	0.0106382978723
9601	0.0106382978723
11300	0.0106382978723
14245	0.0106382978723
18604	0.0106382978723
21727	0.0106382978723
21983	0.0106382978723
22113	0.0106382978723
24358	0.0106382978723
25400	0.0106382978723
35699	0.0106382978723
36054	0.0106382978723
38676	0.0106382978723
41249	0.0106382978723
41044	0.0105708245243
50105	0.0105485232068
11888	0.0105263157895
18374	0.0105263157895
25295	0.0105263157895
40752	0.0105263157895
41065	0.0105263157895
42378	0.0105263157895
52197	0.0105263157895
7505	0.0104712041885
18183	0.0104712041885
24522	0.0104438642298
1068	0.0104166666667
2288	0.0104166666667
3754	0.0104166666667
4814	0.0104166666667
10082	0.0104166666667
32130	0.0104166666667
41621	0.0104166666667
42369	0.0104166666667
51114	0.0104166666667
51250	0.0104166666667
12188	0.0103626943005
36967	0.0103626943005
871	0.0103092783505
1950	0.0103092783505
2067	0.0103092783505
3385	0.0103092783505
3542	0.0103092783505
3947	0.0103092783505
10388	0.0103092783505
13955	0.0103092783505
29243	0.0103092783505
32778	0.0103092783505
35594	0.0103092783505
35968	0.0103092783505
51038	0.0103092783505
38807	0.0102739726027
1015	0.0102040816327
4873	0.0102040816327
6440	0.0102040816327
11050	0.0102040816327
30938	0.0102040816327
35514	0.0102040816327
35698	0.0102040816327
51092	0.0102040816327
52615	0.0102040816327
61042	0.0102040816327
53040	0.0101694915254
1256	0.010101010101
10343	0.010101010101
39651	0.010101010101
41227	0.010101010101
41525	0.010101010101
49335	0.010101010101
53065	0.010101010101
23642	0.0100755667506
51006	0.0100334448161
1638	0.01
2448	0.01
3205	0.01
18974	0.01
31995	0.01
34105	0.01
40104	0.01
42326	0.01
50924	0.01
23080	0.00995024875622
6954	0.00990099009901
8189	0.00990099009901
11262	0.00990099009901
12970	0.00990099009901
17570	0.00990099009901
22230	0.00990099009901
22524	0.00990099009901
32058	0.00990099009901
36894	0.00990099009901
41271	0.00990099009901
41452	0.00990099009901
45076	0.00990099009901
59133	0.00990099009901
34169	0.00986193293886
766	0.00980392156863
7974	0.00980392156863
9502	0.00980392156863
24067	0.00980392156863
27019	0.00980392156863
29145	0.00980392156863
41481	0.00980392156863
41085	0.00975609756098
15188	0.00970873786408
30185	0.00970873786408
41653	0.00970873786408
48910	0.00970873786408
53168	0.00970873786408
7956	0.00966183574879
18972	0.00966183574879
41047	0.00966183574879
876	0.00961538461538
913	0.00961538461538
5512	0.00961538461538
6748	0.00961538461538
7444	0.00961538461538
38338	0.00961538461538
50873	0.00961538461538
51892	0.00961538461538
52089	0.00961538461538
35958	0.00958466453674
5419	0.00952380952381
5637	0.00952380952381
5916	0.00952380952381
26592	0.00952380952381
51044	0.00952380952381
59604	0.00947867298578
20173	0.00945626477541
2089	0.00943396226415
3182	0.00943396226415
21666	0.00943396226415
22601	0.00943396226415
33678	0.00943396226415
37225	0.00943396226415
41634	0.00943396226415
52283	0.00943396226415
53194	0.00943396226415
3294	0.00934579439252
12484	0.00934579439252
13927	0.00934579439252
37670	0.00934579439252
39727	0.00934579439252
42363	0.00934579439252
51563	0.00934579439252
59562	0.00934579439252
22971	0.00932400932401
27128	0.00931677018634
16408	0.00925925925926
23054	0.00925925925926
23514	0.00925925925926
41103	0.00925925925926
51228	0.00925925925926
51707	0.00925925925926
52092	0.00925925925926
12388	0.00923787528868
41972	0.00920245398773
3575	0.00917431192661
4770	0.00917431192661
15602	0.00917431192661
17715	0.00917431192661
19922	0.00917431192661
20010	0.00917431192661
41082	0.00917431192661
41167	0.00917431192661
41243	0.00917431192661
42463	0.00917431192661
41018	0.00913838120104
6305	0.00909090909091
6375	0.00909090909091
11378	0.00909090909091
11784	0.00909090909091
12467	0.00909090909091
17008	0.00909090909091
21227	0.00909090909091
21312	0.00909090909091
21458	0.00909090909091
24088	0.00909090909091
33639	0.00909090909091
40819	0.00909090909091
42555	0.00909090909091
11165	0.00904977375566
2681	0.00900900900901
23831	0.00900900900901
41206	0.00900900900901
47265	0.00900900900901
17611	0.00896860986547
20529	0.00896860986547
1753	0.00892857142857
1821	0.00892857142857
6369	0.00892857142857
17946	0.00892857142857
21694	0.00892857142857
25432	0.00892857142857
33785	0.00892857142857
34096	0.00892857142857
34933	0.00892857142857
42483	0.00892857142857
50938	0.00892857142857
51573	0.00892857142857
3827	0.00886917960089
511	0.00884955752212
19695	0.00884955752212
22231	0.00884955752212
5000	0.00882028665932
5774	0.00879765395894
17987	0.00879765395894
4512	0.00877192982456
14233	0.00877192982456
37190	0.00877192982456
17764	0.00869565217391
52697	0.00869565217391
45223	0.00867678958785
41609	0.00867052023121
13933	0.00865800865801
9722	0.00862068965517
10727	0.00862068965517
20636	0.00862068965517
41807	0.00862068965517
43828	0.00862068965517
52258	0.00862068965517
21331	0.00858369098712
2142	0.00854700854701
17188	0.00854700854701
27649	0.00854700854701
37156	0.00854700854701
40411	0.00854700854701
41002	0.00854700854701
43325	0.00854700854701
50553	0.00854700854701
57862	0.00854700854701
10250	0.00852272727273
1632	0.00851063829787
37392	0.00848656294201
18301	0.00847457627119
29790	0.00847457627119
40978	0.00847457627119
44035	0.00847457627119
51011	0.00847457627119
52382	0.00847457627119
29780	0.0084388185654
41134	0.0084388185654
41140	0.0084388185654
41058	0.00842105263158
1272	0.00840336134454
10340	0.00840336134454
13124	0.00840336134454
18759	0.00840336134454
25554	0.00840336134454
26741	0.00840336134454
31895	0.00840336134454
51854	0.00840336134454
53200	0.00840336134454
19126	0.00833333333333
41023	0.00833333333333
41303	0.00833333333333
41519	0.00833333333333
4396	0.00832799487508
50957	0.00831024930748
19201	0.00829875518672
3120	0.00826446280992
4644	0.00826446280992
7645	0.00826446280992
15794	0.00826446280992
26403	0.00826446280992
39210	0.00826446280992
51345	0.00826446280992
1062	0.0082304526749
4876	0.0082304526749
23782	0.0082304526749
33495	0.0082304526749
44281	0.0082304526749
4937	0.0082135523614
18973	0.00819672131148
26279	0.00819672131148
31309	0.00819672131148
41225	0.00819672131148
41444	0.00819672131148
41826	0.00819672131148
49408	0.00819672131148
59890	0.00819672131148
22717	0.00816326530612
52471	0.00816326530612
4327	0.00813008130081
7419	0.00813008130081
15986	0.00813008130081
26310	0.00813008130081
41245	0.00813008130081
44776	0.00813008130081
49689	0.00813008130081
37104	0.0080971659919
23265	0.00808625336927
3507	0.00806451612903
4604	0.00806451612903
11383	0.00806451612903
14525	0.00806451612903
17299	0.00806451612903
42753	0.00806451612903
47292	0.00806451612903
51989	0.00806451612903
2326	0.00802568218299
16209	0.00801282051282
39140	0.008
41328	0.008
41374	0.008
18456	0.00797448165869
9138	0.00796812749004
30849	0.00796812749004
2353	0.00793650793651
30925	0.00793650793651
45139	0.00793650793651
50933	0.00793650793651
61083	0.00793650793651
5768	0.00792079207921
9104	0.00787401574803
34145	0.00787401574803
36976	0.00787401574803
37599	0.00787401574803
59505	0.00787401574803
3006	0.0078125
20647	0.0078125
22919	0.0078125
25834	0.0078125
30835	0.0078125
30923	0.0078125
34521	0.0078125
40394	0.0078125
41421	0.0078125
14207	0.00777202072539
1096	0.0077519379845
6657	0.0077519379845
9753	0.0077519379845
14686	0.0077519379845
20738	0.0077519379845
31340	0.0077519379845
44351	0.0077519379845
19547	0.00773195876289
392	0.00769230769231
17015	0.00769230769231
41284	0.00769230769231
41354	0.00769230769231
27358	0.00766283524904
44951	0.00766283524904
5672	0.00763358778626
7420	0.00763358778626
18199	0.00763358778626
21252	0.00763358778626
33830	0.00763358778626
34155	0.00763358778626
41425	0.00763358778626
41642	0.00763358778626
49397	0.00763358778626
51030	0.00763358778626
11664	0.00761421319797
41129	0.00761421319797
41068	0.00759734093067
2090	0.00757575757576
41682	0.00757575757576
7357	0.00751879699248
7427	0.00751879699248
22319	0.00751879699248
33481	0.00751879699248
42156	0.00751879699248
42977	0.00751879699248
51988	0.00751879699248
41347	0.00749063670412
2110	0.00746268656716
4658	0.00746268656716
27934	0.00746268656716
50881	0.00746268656716
51313	0.00746268656716
53377	0.00746268656716
28742	0.00742311770944
995	0.00740740740741
1167	0.00740740740741
14502	0.00740740740741
42302	0.00740740740741
2811	0.00738007380074
50944	0.00738007380074
13216	0.00735294117647
26437	0.00735294117647
27209	0.00735294117647
30845	0.00735294117647
32862	0.00735294117647
38330	0.00735294117647
41793	0.00735294117647
2152	0.00729927007299
3865	0.00729927007299
11297	0.00729927007299
17986	0.00729927007299
21657	0.00729927007299
29992	0.00729927007299
39852	0.00729927007299
41536	0.00729927007299
50941	0.00729927007299
1117	0.00724637681159
1169	0.00724637681159
26173	0.00724637681159
29372	0.00724637681159
32809	0.00724637681159
27489	0.00720720720721
27048	0.00719424460432
27320	0.00719424460432
28294	0.00719424460432
38232	0.00719424460432
35021	0.00716845878136
128	0.00714285714286
2104	0.00714285714286
2144	0.00714285714286
3426	0.00714285714286
4708	0.00714285714286
24688	0.00714285714286
2130	0.00709219858156
2850	0.00709219858156
22798	0.00709219858156
29739	0.00709219858156
50863	0.00709219858156
50952	0.00709219858156
53134	0.00709219858156
17566	0.00705467372134
5599	0.00704225352113
14476	0.00704225352113
22621	0.00704225352113
27087	0.00704225352113
35044	0.00704225352113
43785	0.00704225352113
49403	0.00704225352113
51164	0.00704225352113
57496	0.00704225352113
41583	0.00702987697715
18307	0.00702576112412
13633	0.00699300699301
32120	0.00699300699301
41398	0.00699300699301
43414	0.00699300699301
13056	0.00698080279232
4335	0.00694444444444
16194	0.00694444444444
16831	0.00694444444444
41061	0.00694444444444
51225	0.00694444444444
11798	0.00689655172414
32318	0.00689655172414
41198	0.00689655172414
51212	0.00689655172414
28407	0.00687285223368
2070	0.00684931506849
2789	0.00684931506849
5460	0.00684931506849
7413	0.00684931506849
14518	0.00684931506849
17904	0.00684931506849
29863	0.00684931506849
35039	0.00684931506849
43178	0.00684931506849
51568	0.00684931506849
1020	0.00682593856655
2411	0.00680272108844
18997	0.00680272108844
27063	0.00680272108844
38820	0.00680272108844
51266	0.00680272108844
4280	0.00675675675676
4704	0.00675675675676
31830	0.00675675675676
51026	0.00675675675676
3059	0.00673854447439
29724	0.00673400673401
11655	0.00672268907563
4625	0.00671140939597
4977	0.00671140939597
19090	0.00671140939597
28709	0.00671140939597
30828	0.00671140939597
38907	0.00671140939597
42750	0.00671140939597
52240	0.00671140939597
50879	0.0066889632107
19965	0.00666666666667
40847	0.00666666666667
25444	0.00664451827243
689	0.00663716814159
2028	0.00662251655629
2419	0.00662251655629
9646	0.00662251655629
38657	0.00662251655629
41287	0.00662251655629
37111	0.00661157024793
29861	0.00659340659341
3133	0.00658761528327
554	0.00657894736842
15638	0.00657894736842
34254	0.00657894736842
36897	0.00657894736842
23666	0.00656455142232
7214	0.00655737704918
1399	0.00655021834061
3698	0.00653594771242
6444	0.00653594771242
13067	0.00653594771242
36594	0.00653594771242
51254	0.00653594771242
4654	0.00650759219089
1928	0.00649350649351
13119	0.00649350649351
28156	0.00649350649351
40995	0.00649350649351
40965	0.00648824006488
18699	0.00647249190939
42424	0.00647249190939
50915	0.00645161290323
49394	0.00643776824034
1990	0.00641025641026
6781	0.00641025641026
9920	0.00641025641026
12585	0.00641025641026
13121	0.00641025641026
34548	0.00641025641026
41331	0.00641025641026
2290	0.00639534883721
12610	0.00637958532695
22830	0.00636942675159
23244	0.00636942675159
26318	0.00636942675159
44847	0.00636942675159
57861	0.00636942675159
17355	0.00633914421553
921	0.00632911392405
2745	0.00632911392405
17483	0.00632911392405
34109	0.00632911392405
41596	0.00632911392405
51179	0.00632911392405
11169	0.00631578947368
12423	0.00631578947368
1918	0.00630914826498
4418	0.0062893081761
5089	0.0062893081761
14833	0.0062893081761
41039	0.0062893081761
41832	0.0062893081761
2409	0.00625
4337	0.00625
51156	0.00625
41403	0.00623052959502
5206	0.00621118012422
10248	0.00621118012422
11196	0.00621118012422
12121	0.00621118012422
18967	0.00621118012422
34522	0.00621118012422
7299	0.0061919504644
3156	0.00617283950617
36364	0.00617283950617
40893	0.00617283950617
41552	0.00617283950617
41672	0.00617283950617
5420	0.00615006150062
22744	0.00613496932515
1364	0.00609756097561
3554	0.00609756097561
4464	0.00609756097561
26059	0.00609756097561
42335	0.00609756097561
25113	0.00608828006088
18584	0.00607533414338
10089	0.00606060606061
39549	0.00603621730382
12511	0.00602409638554
27125	0.00602409638554
712	0.0059880239521
4413	0.0059880239521
13212	0.0059880239521
40989	0.0059880239521
41059	0.0059880239521
27535	0.00597014925373
41032	0.00597014925373
5112	0.00596026490066
1389	0.00595238095238
3533	0.00595238095238
24606	0.00595238095238
37114	0.00595238095238
38861	0.00595238095238
41355	0.00595238095238
41940	0.00595238095238
51680	0.00595238095238
4868	0.00593471810089
11	0.00592300098717
2403	0.00591715976331
3486	0.00591715976331
39785	0.00591715976331
46832	0.00591715976331
50870	0.00591715976331
50883	0.00591715976331
26566	0.00588235294118
28737	0.00588235294118
33780	0.00588235294118
42531	0.00588235294118
3729	0.005859375
7509	0.00584795321637
39548	0.00584795321637
41434	0.00583090379009
259	0.00581395348837
2574	0.00581395348837
35360	0.00581395348837
41029	0.00581395348837
52738	0.00581395348837
137	0.00578034682081
4743	0.00578034682081
11887	0.00578034682081
15714	0.00578034682081
51159	0.00578034682081
5673	0.00576923076923
5204	0.00576553491352
3239	0.00576368876081
9656	0.00575539568345
4655	0.00575101488498
107	0.00574712643678
7411	0.00574712643678
15381	0.00574712643678
22104	0.00574712643678
22838	0.00574712643678
30762	0.00574712643678
30789	0.00574712643678
1537	0.00571428571429
3598	0.00571428571429
7344	0.00571428571429
17915	0.00571428571429
29591	0.00571428571429
50652	0.00571428571429
51145	0.00571428571429
2613	0.00570613409415
22743	0.0057003257329
6812	0.00569568755085
16723	0.00568181818182
22805	0.00568181818182
25332	0.00568181818182
41391	0.00568181818182
50987	0.00568181818182
3733	0.00567644276254
6679	0.00564971751412
26584	0.00564971751412
40489	0.00564971751412
42954	0.00564971751412
14343	0.00561797752809
32594	0.00561797752809
1390	0.00558659217877
13120	0.00558659217877
17948	0.00558659217877
27218	0.00558659217877
41062	0.00558659217877
29453	0.00557103064067
1503	0.0055617352614
5230	0.00555555555556
21906	0.00555555555556
26579	0.00555555555556
5432	0.00554785020804
22383	0.00553250345781
14361	0.00552486187845
20527	0.00552486187845
30269	0.00552486187845
31850	0.00552486187845
39360	0.00552486187845
40999	0.00552486187845
51394	0.00552486187845
41048	0.00550964187328
9586	0.00549450549451
20675	0.00549450549451
34224	0.00549450549451
44599	0.00549450549451
50897	0.00549450549451
3933	0.00547945205479
38492	0.00547945205479
742	0.00546448087432
2007	0.00546448087432
11769	0.00546448087432
32612	0.00546448087432
34667	0.00546448087432
40975	0.00546448087432
27723	0.0054347826087
3553	0.00542005420054
13935	0.00541516245487
1456	0.00540540540541
25453	0.00540540540541
28700	0.00540540540541
41278	0.00540540540541
253	0.00539956803456
39136	0.00538461538462
25732	0.00537634408602
41040	0.00537634408602
41544	0.00537634408602
51655	0.00537634408602
40962	0.00535236396075
16516	0.00534759358289
40976	0.00534759358289
51213	0.00534759358289
30471	0.00533333333333
35178	0.00532859680284
50760	0.00531914893617
38794	0.00530035335689
10792	0.00529100529101
16917	0.00529100529101
37776	0.00529100529101
51211	0.00529100529101
7340	0.00528541226216
1231	0.00526315789474
7472	0.00526315789474
34471	0.00526315789474
40980	0.00526315789474
41546	0.00526315789474
1931	0.00523560209424
6573	0.00523560209424
37993	0.00523560209424
51151	0.00523560209424
7442	0.00522193211488
949	0.00520833333333
5367	0.00520833333333
7460	0.00520833333333
18112	0.00520833333333
25047	0.00520833333333
5231	0.00520020800832
37737	0.0051993067591
19598	0.00519480519481
21557	0.00518134715026
24173	0.00518134715026
32042	0.00518134715026
39265	0.00518134715026
18515	0.00516795865633
3842	0.00515463917526
33879	0.00515463917526
48489	0.00515463917526
12969	0.00512820512821
16273	0.00512820512821
32483	0.00512820512821
34073	0.00512820512821
41074	0.00512820512821
1680	0.00510204081633
24889	0.00510204081633
867	0.00508905852417
23481	0.00507614213198
4733	0.00505050505051
10266	0.00505050505051
23688	0.00503778337531
54	0.00502512562814
26599	0.00502512562814
31868	0.00502512562814
10987	0.00501253132832
6427	0.00500294290759
3250	0.00497512437811
9292	0.00497512437811
26158	0.00497512437811
29902	0.00497512437811
31483	0.00496277915633
2216	0.0049504950495
9642	0.00493218249075
896	0.00492610837438
2169	0.00492610837438
7261	0.00492610837438
37194	0.00492610837438
41090	0.004914004914
17066	0.00490196078431
41102	0.00490196078431
41530	0.00490196078431
51096	0.00490196078431
51133	0.00490196078431
932	0.00485436893204
24684	0.00485436893204
36398	0.00484496124031
32738	0.0048309178744
3781	0.00480769230769
7175	0.00480769230769
10281	0.00480769230769
40541	0.00480769230769
1853	0.00478468899522
3198	0.00478468899522
4121	0.00478468899522
2084	0.0047619047619
7100	0.0047619047619
9761	0.0047619047619
2463	0.00475285171103
2515	0.00473933649289
10653	0.00473933649289
21321	0.00473933649289
39447	0.00473372781065
3365	0.00472813238771
15083	0.00471698113208
31536	0.00470588235294
52029	0.00469483568075
4846	0.0046875
13111	0.00468384074941
11782	0.00467289719626
27525	0.00467289719626
8709	0.00466355762825
1064	0.0046511627907
3515	0.0046511627907
27890	0.00464576074332
4705	0.00462962962963
4706	0.00462962962963
28290	0.00462962962963
50885	0.00462962962963
53342	0.00462962962963
4563	0.00461254612546
41555	0.00460829493088
25586	0.00459770114943
35045	0.00459770114943
868	0.0045871559633
1489	0.0045871559633
7300	0.0045871559633
7303	0.0045871559633
28405	0.0045766590389
7518	0.00456621004566
40289	0.00456621004566
34367	0.00455373406193
34525	0.00454545454545
34999	0.00454545454545
41521	0.00454545454545
2333	0.00452898550725
27051	0.00452488687783
5643	0.00451807228916
893	0.0045045045045
11675	0.0045045045045
32490	0.0045045045045
35563	0.0045045045045
497	0.00449438202247
562	0.00449438202247
22251	0.00449438202247
1135	0.00449101796407
1118	0.00448430493274
41037	0.00448430493274
20542	0.00447093889717
21845	0.00444444444444
5120	0.00443786982249
38795	0.00442477876106
3273	0.00441501103753
5918	0.00440528634361
869	0.00439667806546
2840	0.00438981562774
38203	0.00437397484964
1361	0.00436681222707
13095	0.00436681222707
16447	0.00433839479393
18172	0.004329004329
40981	0.004329004329
2898	0.00431965442765
25413	0.00431034482759
29852	0.00431034482759
41146	0.00431034482759
42374	0.00431034482759
51721	0.00429184549356
18311	0.0042735042735
39209	0.00425531914894
52055	0.00425531914894
37961	0.00424628450106
27255	0.00423728813559
5693	0.00422832980973
18777	0.00422297297297
21523	0.0042194092827
26934	0.0042194092827
29492	0.0042194092827
40977	0.0042194092827
41091	0.0042194092827
50937	0.0042194092827
35703	0.00420168067227
40318	0.00420168067227
5237	0.00418410041841
33762	0.00418410041841
37052	0.00414937759336
29055	0.00413223140496
21648	0.00411522633745
31882	0.00411522633745
28043	0.00409836065574
36394	0.00409836065574
37115	0.00408163265306
38206	0.00408163265306
29854	0.00407608695652
1902	0.0040733197556
210	0.00404858299595
20779	0.00404858299595
39483	0.00404858299595
41353	0.00404858299595
2	0.00402819738167
2344	0.004004004004
26805	0.004
37762	0.004
20506	0.00399467376831
27404	0.00396825396825
41054	0.00396825396825
17711	0.0039603960396
50845	0.00395256916996
41109	0.00392927308448
18607	0.00392156862745
39027	0.00392156862745
52332	0.00390625
1422	0.00389105058366
2381	0.00389105058366
10287	0.00389105058366
28155	0.00389105058366
4339	0.00387596899225
50923	0.00387596899225
512	0.00384615384615
40968	0.00384615384615
34858	0.00383877159309
17147	0.00381679389313
20875	0.00381679389313
21797	0.00381679389313
23667	0.00381679389313
33895	0.00380228136882
37427	0.00380228136882
40984	0.00380228136882
4005	0.00378787878788
17586	0.00378787878788
26602	0.00378787878788
34369	0.00378071833648
18613	0.00377928949358
1497	0.00376141859215
4578	0.00374531835206
15207	0.00374531835206
34920	0.00374531835206
40971	0.00373831775701
30899	0.00372670807453
28821	0.00372439478585
41253	0.00371747211896
9826	0.0037037037037
26508	0.0037037037037
41188	0.0037037037037
4430	0.00370096225019
1119	0.00369913686806
1628	0.00369458128079
41001	0.003663003663
38080	0.0036496350365
51178	0.0036496350365
51041	0.00364298724954
41095	0.00363636363636
19601	0.00363372093023
22929	0.00363306085377
18556	0.0036231884058
28673	0.0036231884058
38790	0.0036231884058
41208	0.0036231884058
10251	0.00361010830325
19288	0.00361010830325
28128	0.00361010830325
40334	0.00361010830325
41016	0.00360490266763
12998	0.0036036036036
4916	0.003600360036
21801	0.00359712230216
30691	0.00359712230216
33142	0.00359712230216
41326	0.00359712230216
5809	0.00358744394619
3116	0.00358422939068
50995	0.00358422939068
2757	0.00357142857143
37426	0.00356506238859
4399	0.00354609929078
11201	0.00354609929078
11504	0.00354609929078
29394	0.00354609929078
29277	0.00354191263282
5157	0.00353535353535
5218	0.00353356890459
28443	0.00353356890459
17771	0.00352112676056
37775	0.00352112676056
2312	0.00350262697023
4518	0.0035010940919
3139	0.0034965034965
17605	0.0034965034965
13952	0.00347222222222
25414	0.00347222222222
7390	0.00346020761246
14750	0.00346020761246
27094	0.00346020761246
25738	0.00345721694036
4242	0.00344827586207
5519	0.00343642611684
27171	0.00342465753425
30980	0.00342465753425
6564	0.00341296928328
41368	0.00341296928328
862	0.00340136054422
9538	0.00340136054422
31400	0.00338983050847
32832	0.00338983050847
38293	0.00338983050847
25937	0.00337837837838
28286	0.003367003367
41116	0.00335008375209
3445	0.00333333333333
3991	0.00332225913621
18278	0.00332225913621
38925	0.00332225913621
76	0.00330578512397
31440	0.00330305532618
2401	0.003300330033
21772	0.00328947368421
28055	0.00328947368421
41106	0.00327868852459
30625	0.0031847133758
24958	0.0031746031746
41258	0.0031746031746
51027	0.0031746031746
6360	0.00316455696203
32188	0.00316455696203
28051	0.00315706393054
5100	0.00313479623824
11481	0.00313479623824
9200	0.00313152400835
50901	0.003125
41126	0.00308641975309
38987	0.00307692307692
40979	0.00307692307692
900	0.00306748466258
30020	0.0030487804878
6304	0.0030303030303
23150	0.0030303030303
17596	0.003003003003
26893	0.003003003003
992	0.00299401197605
1655	0.00296735905045
41156	0.00293255131965
40972	0.00292397660819
14140	0.00290697674419
39546	0.00289855072464
29686	0.0028901734104
3535	0.0028818443804
40964	0.00287356321839
2030	0.00286532951289
28047	0.00286532951289
3260	0.002849002849
22579	0.002849002849
2186	0.00284090909091
7349	0.00284090909091
34147	0.00282485875706
7312	0.00281425891182
1700	0.00280898876404
11307	0.00280898876404
11727	0.00279850746269
2037	0.00278940027894
41034	0.00278551532033
25078	0.00277777777778
47611	0.00277777777778
3788	0.00276243093923
50939	0.00276243093923
33634	0.00274348422497
47774	0.0027397260274
216	0.0027027027027
34830	0.00269541778976
5622	0.00268817204301
30799	0.00268817204301
41097	0.00266666666667
15373	0.00265957446809
28830	0.00265957446809
29971	0.00265957446809
41050	0.0026525198939
38822	0.00262467191601
21323	0.00261780104712
27949	0.00261096605744
9135	0.00260416666667
16420	0.00260416666667
4153	0.0025974025974
3720	0.00258397932817
29218	0.00257731958763
36999	0.0025706940874
12017	0.00255754475703
41010	0.00249376558603
3689	0.00248756218905
15636	0.00243309002433
51019	0.00239808153477
4711	0.00239520958084
1380	0.00238663484487
1113	0.00237529691211
18960	0.00237529691211
41092	0.00237529691211
41467	0.00235849056604
41071	0.00233644859813
41027	0.002331002331
38191	0.00230946882217
38793	0.00230813618003
5553	0.00229885057471
11778	0.00227790432802
4951	0.00227272727273
8397	0.00227272727273
3499	0.00221729490022
28832	0.00219298245614
21545	0.00214132762313
631	0.00213675213675
40988	0.00213219616205
41332	0.00213219616205
4137	0.00210970464135
15228	0.00210526315789
3419	0.00210084033613
41003	0.002079002079
19599	0.00207468879668
27865	0.0020325203252
25051	0.00201612903226
36392	0.00201612903226
17938	0.002
9647	0.00190114068441
3527	0.00189393939394
34751	0.00188679245283
5503	0.00188323917137
41985	0.00185873605948
8732	0.00182149362477
35136	0.00179533213645
33887	0.00176991150442
39915	0.00176991150442
4489	0.00174520069808
25098	0.00174216027875
1743	0.0016583747927
26863	0.0016077170418
35049	0.0015923566879
20416	0.0015873015873
27809	0.00156494522692
13339	0.0015600624025
4764	0.00142653352354
40987	0.00138888888889
14352	0.0013037809648
2733	0.0012936610608
41031	0.0012315270936
1048	0.00093984962406
