35221	0.153846153846
1831	0.142857142857
7888	0.142857142857
11284	0.142857142857
13269	0.142857142857
13708	0.142857142857
19357	0.142857142857
21100	0.142857142857
31089	0.142857142857
39105	0.142857142857
43850	0.142857142857
51939	0.142857142857
53924	0.142857142857
54295	0.142857142857
54973	0.142857142857
56349	0.142857142857
56530	0.142857142857
7304	0.125
8605	0.125
8985	0.125
15460	0.125
15594	0.125
17893	0.125
19651	0.125
20969	0.125
28017	0.125
31742	0.125
32219	0.125
32423	0.125
39463	0.125
45497	0.125
50877	0.125
52088	0.125
56191	0.125
57637	0.125
57806	0.125
8484	0.111111111111
9464	0.111111111111
16464	0.111111111111
20583	0.111111111111
23238	0.111111111111
24450	0.111111111111
26378	0.111111111111
33617	0.111111111111
36283	0.111111111111
36417	0.111111111111
42530	0.111111111111
47203	0.111111111111
52324	0.111111111111
54682	0.111111111111
2076	0.1
3161	0.1
3718	0.1
10934	0.1
14102	0.1
14704	0.1
19398	0.1
26609	0.1
26630	0.1
28876	0.1
35812	0.1
36795	0.1
44603	0.1
45166	0.1
46173	0.1
46561	0.1
47842	0.1
50550	0.1
51255	0.1
51659	0.1
54968	0.1
56129	0.1
57425	0.1
14705	0.0909090909091
19218	0.0909090909091
19787	0.0909090909091
20982	0.0909090909091
24014	0.0909090909091
38885	0.0909090909091
39304	0.0909090909091
43904	0.0909090909091
47629	0.0909090909091
50411	0.0909090909091
59941	0.0909090909091
2584	0.0833333333333
4788	0.0833333333333
16062	0.0833333333333
17143	0.0833333333333
18827	0.0833333333333
30322	0.0833333333333
35096	0.0833333333333
35165	0.0833333333333
42131	0.0833333333333
45211	0.0833333333333
47054	0.0833333333333
50733	0.0833333333333
51458	0.0833333333333
55089	0.0833333333333
55889	0.0833333333333
55980	0.0833333333333
60970	0.0833333333333
22855	0.08
3401	0.0769230769231
6164	0.0769230769231
14293	0.0769230769231
27335	0.0769230769231
30971	0.0769230769231
36282	0.0769230769231
37264	0.0769230769231
41959	0.0769230769231
45689	0.0769230769231
46694	0.0769230769231
53244	0.0769230769231
53652	0.0769230769231
53116	0.0740740740741
28841	0.0731707317073
2530	0.0714285714286
6054	0.0714285714286
12660	0.0714285714286
24507	0.0714285714286
24665	0.0714285714286
26296	0.0714285714286
39340	0.0714285714286
43646	0.0714285714286
59095	0.0714285714286
60119	0.0714285714286
61333	0.0714285714286
581	0.0666666666667
1751	0.0666666666667
5868	0.0666666666667
6579	0.0666666666667
10477	0.0666666666667
15833	0.0666666666667
24739	0.0666666666667
28376	0.0666666666667
28679	0.0666666666667
33007	0.0666666666667
36696	0.0666666666667
41561	0.0666666666667
42938	0.0666666666667
46608	0.0666666666667
47194	0.0666666666667
49681	0.0666666666667
6773	0.0645161290323
3682	0.0625
16124	0.0625
18929	0.0625
20240	0.0625
24601	0.0625
27619	0.0625
31500	0.0625
40595	0.0625
41267	0.0625
42861	0.0625
43361	0.0625
46747	0.0625
60543	0.0625
61449	0.0625
1134	0.0588235294118
2173	0.0588235294118
3695	0.0588235294118
18719	0.0588235294118
18792	0.0588235294118
21439	0.0588235294118
31631	0.0588235294118
39238	0.0588235294118
42746	0.0588235294118
43255	0.0588235294118
48909	0.0588235294118
5468	0.0555555555556
14541	0.0555555555556
20941	0.0555555555556
27304	0.0555555555556
34867	0.0555555555556
44476	0.0555555555556
51932	0.0555555555556
52246	0.0555555555556
59800	0.0555555555556
60271	0.0555555555556
1306	0.0526315789474
4894	0.0526315789474
18142	0.0526315789474
20731	0.0526315789474
22199	0.0526315789474
23093	0.0526315789474
24779	0.0526315789474
34222	0.0526315789474
36285	0.0526315789474
37920	0.0526315789474
38867	0.0526315789474
45116	0.0526315789474
208	0.05
843	0.05
2246	0.05
4064	0.05
6482	0.05
11186	0.05
16137	0.05
24864	0.05
25008	0.05
28131	0.05
34760	0.05
42784	0.05
47059	0.05
4698	0.047619047619
6396	0.047619047619
10790	0.047619047619
11329	0.047619047619
18082	0.047619047619
18273	0.047619047619
18892	0.047619047619
20622	0.047619047619
20990	0.047619047619
24203	0.047619047619
32737	0.047619047619
39063	0.047619047619
39337	0.047619047619
44975	0.047619047619
46423	0.047619047619
48222	0.047619047619
60424	0.047619047619
47225	0.046511627907
7815	0.0454545454545
9430	0.0454545454545
10311	0.0454545454545
17237	0.0454545454545
20074	0.0454545454545
32611	0.0454545454545
35908	0.0454545454545
40409	0.0454545454545
40504	0.0454545454545
45641	0.0454545454545
53103	0.0454545454545
8736	0.0434782608696
27436	0.0434782608696
34818	0.0434782608696
41234	0.0434782608696
22663	0.0425531914894
31478	0.0425531914894
1699	0.0416666666667
11840	0.0416666666667
18490	0.0416666666667
24721	0.0416666666667
26739	0.0416666666667
30817	0.0416666666667
31182	0.0416666666667
37754	0.0416666666667
38039	0.0416666666667
40832	0.0416666666667
43139	0.0416666666667
52889	0.0416666666667
57008	0.0416666666667
53214	0.0408163265306
3939	0.04
7078	0.04
9633	0.04
34117	0.04
35036	0.04
42163	0.04
54708	0.04
58405	0.04
18985	0.0392156862745
24862	0.0392156862745
3545	0.0384615384615
6537	0.0384615384615
10327	0.0384615384615
11788	0.0384615384615
12525	0.0384615384615
14492	0.0384615384615
26067	0.0384615384615
28714	0.0384615384615
34467	0.0384615384615
34650	0.0384615384615
52041	0.0384615384615
52534	0.0384615384615
12483	0.037037037037
17198	0.037037037037
23187	0.037037037037
33938	0.037037037037
39409	0.037037037037
40137	0.037037037037
49256	0.037037037037
54244	0.037037037037
58086	0.037037037037
14432	0.0357142857143
19280	0.0357142857143
22567	0.0357142857143
41418	0.0357142857143
43145	0.0357142857143
51570	0.0357142857143
8510	0.0344827586207
11625	0.0344827586207
12306	0.0344827586207
14054	0.0344827586207
18954	0.0344827586207
19324	0.0344827586207
24114	0.0344827586207
29403	0.0344827586207
34297	0.0344827586207
37069	0.0344827586207
37647	0.0344827586207
42153	0.0344827586207
52344	0.0344827586207
61081	0.0344827586207
811	0.0333333333333
1612	0.0333333333333
16232	0.0333333333333
20438	0.0333333333333
29122	0.0333333333333
59943	0.0333333333333
524	0.0322580645161
17707	0.0322580645161
23724	0.0322580645161
24600	0.0322580645161
32782	0.0322580645161
34505	0.0322580645161
50651	0.0322580645161
4481	0.031746031746
12386	0.03125
19662	0.03125
24503	0.03125
29700	0.03125
42126	0.03125
52800	0.03125
1071	0.030303030303
1558	0.030303030303
3126	0.030303030303
6018	0.030303030303
6506	0.030303030303
11858	0.030303030303
16806	0.030303030303
27308	0.030303030303
27594	0.030303030303
34101	0.030303030303
40620	0.030303030303
51251	0.030303030303
51764	0.030303030303
52192	0.030303030303
3817	0.0294117647059
5099	0.0294117647059
7546	0.0294117647059
18336	0.0294117647059
38577	0.0294117647059
3128	0.0285714285714
10439	0.0285714285714
10918	0.0285714285714
12494	0.0285714285714
15982	0.0285714285714
24348	0.0285714285714
33807	0.0285714285714
41962	0.0285714285714
45118	0.0285714285714
45237	0.0285714285714
50518	0.0285714285714
3413	0.0277777777778
6383	0.0277777777778
18441	0.0277777777778
31731	0.0277777777778
33331	0.0277777777778
52136	0.0277777777778
53443	0.0277777777778
60026	0.0277777777778
31032	0.027027027027
40109	0.027027027027
41743	0.027027027027
43732	0.027027027027
51316	0.027027027027
60432	0.027027027027
16770	0.0266666666667
26764	0.0263157894737
27168	0.0263157894737
29645	0.0263157894737
40594	0.0263157894737
41336	0.0263157894737
59233	0.0263157894737
8527	0.025641025641
9149	0.025641025641
19661	0.025641025641
26840	0.025641025641
41187	0.025641025641
41323	0.025641025641
52699	0.025641025641
4580	0.0253164556962
15471	0.025
25332	0.025
26779	0.025
41215	0.025
49571	0.025
50287	0.025
51314	0.025
51958	0.025
18292	0.0243902439024
18755	0.0243902439024
25827	0.0243902439024
27519	0.0243902439024
27921	0.0243902439024
28708	0.0243902439024
30131	0.0243902439024
35950	0.0243902439024
41797	0.0243902439024
41878	0.0243902439024
57980	0.0243902439024
60272	0.0243902439024
1094	0.0238095238095
4919	0.0238095238095
14390	0.0238095238095
19840	0.0238095238095
27811	0.0238095238095
29384	0.0238095238095
36305	0.0238095238095
1584	0.0232558139535
15021	0.0232558139535
15218	0.0232558139535
19660	0.0232558139535
43461	0.0232558139535
8	0.0227272727273
3223	0.0227272727273
9421	0.0227272727273
39663	0.0227272727273
42527	0.0227272727273
51234	0.0227272727273
52592	0.0227272727273
52838	0.0227272727273
55722	0.0227272727273
59525	0.0227272727273
59557	0.0227272727273
2488	0.0222222222222
28477	0.0222222222222
37673	0.0222222222222
48701	0.0222222222222
52762	0.0222222222222
1369	0.0217391304348
3189	0.0217391304348
4048	0.0217391304348
4712	0.0217391304348
18703	0.0217391304348
31902	0.0217391304348
31909	0.0217391304348
41455	0.0217391304348
52260	0.0217391304348
4696	0.0212765957447
7482	0.0212765957447
10050	0.0212765957447
32406	0.0212765957447
33120	0.0212765957447
36429	0.0212765957447
37897	0.0212765957447
38732	0.0212765957447
45068	0.0212765957447
963	0.0208333333333
6235	0.0208333333333
6305	0.0208333333333
27587	0.0208333333333
30778	0.0208333333333
33273	0.0208333333333
41851	0.0208333333333
44704	0.0208333333333
2925	0.0204081632653
18522	0.0204081632653
40126	0.0204081632653
269	0.02
1850	0.02
9444	0.02
30784	0.02
31105	0.02
41205	0.02
42132	0.02
55194	0.02
7425	0.0196078431373
52536	0.0194174757282
1168	0.0192307692308
1356	0.0192307692308
1936	0.0192307692308
11353	0.0192307692308
20187	0.0192307692308
37989	0.0192307692308
40630	0.0192307692308
43372	0.0192307692308
45701	0.0192307692308
24087	0.0188679245283
51965	0.0188679245283
52531	0.0188679245283
59504	0.0188679245283
4195	0.0185185185185
12394	0.0185185185185
13854	0.0185185185185
19463	0.0185185185185
35316	0.0185185185185
35387	0.0185185185185
41401	0.0185185185185
44120	0.0185185185185
101	0.0181818181818
363	0.0181818181818
28074	0.0181818181818
42309	0.0181818181818
11766	0.0178571428571
33166	0.0178571428571
34532	0.0178571428571
39420	0.0178571428571
43924	0.0178571428571
213	0.0175438596491
7392	0.0175438596491
12355	0.0175438596491
22252	0.0175438596491
28578	0.0175438596491
28755	0.0175438596491
41584	0.0175438596491
42097	0.0175438596491
49313	0.0175438596491
4194	0.0172413793103
48998	0.0172413793103
51282	0.0172413793103
52931	0.0172413793103
59648	0.0172413793103
2444	0.0169491525424
4486	0.0169491525424
26558	0.0169491525424
26711	0.0169491525424
28721	0.0169491525424
46039	0.0169491525424
51689	0.0169491525424
52906	0.0169491525424
2734	0.0166666666667
13451	0.0166666666667
37379	0.0166666666667
52450	0.0166666666667
8739	0.016393442623
41405	0.016393442623
43298	0.016393442623
287	0.0161290322581
4656	0.0161290322581
42790	0.0161290322581
52239	0.0161290322581
830	0.015873015873
6036	0.015873015873
10633	0.015873015873
14105	0.015873015873
28719	0.015873015873
41022	0.015873015873
41397	0.015873015873
52876	0.015873015873
7180	0.015625
24460	0.015625
29573	0.015625
46050	0.015625
28820	0.015503875969
2096	0.0153846153846
16831	0.0153846153846
41318	0.0153846153846
52777	0.0153846153846
52890	0.0153846153846
11559	0.0151515151515
21582	0.0151515151515
28734	0.0151515151515
41210	0.0151515151515
50391	0.0151515151515
57430	0.0151515151515
19775	0.0149253731343
23760	0.0149253731343
31008	0.0149253731343
42103	0.0149253731343
15917	0.0147058823529
42295	0.0147058823529
44323	0.0147058823529
51506	0.0147058823529
3534	0.0144927536232
17442	0.0144927536232
34276	0.0144927536232
4047	0.0142857142857
34788	0.0142857142857
38099	0.0142857142857
48899	0.0142857142857
51509	0.0142857142857
41038	0.0141843971631
3787	0.0140845070423
12585	0.0140845070423
23825	0.0140845070423
32822	0.0140845070423
33964	0.0140845070423
51154	0.0140845070423
29095	0.0138888888889
30866	0.0138888888889
38307	0.0138888888889
38547	0.0138888888889
41428	0.0138888888889
41571	0.0138888888889
41596	0.0138888888889
20080	0.013698630137
34621	0.013698630137
41409	0.013698630137
47995	0.013698630137
49024	0.013698630137
59558	0.013698630137
9794	0.0135135135135
12475	0.0135135135135
13092	0.0135135135135
30191	0.0135135135135
41096	0.0135135135135
43338	0.0135135135135
4502	0.0133333333333
41100	0.0133333333333
41856	0.0133333333333
42649	0.0133333333333
44233	0.0133333333333
54577	0.0133333333333
283	0.0131578947368
20629	0.0131578947368
34659	0.0131578947368
41147	0.0131578947368
50335	0.012987012987
21989	0.0129032258065
33780	0.0128205128205
20089	0.0126582278481
41142	0.0126582278481
43391	0.0126582278481
5656	0.0125
5698	0.0125
7301	0.0123456790123
7341	0.0123456790123
41081	0.0123456790123
43276	0.0123456790123
53234	0.0123456790123
40968	0.0122448979592
123	0.0121951219512
218	0.0121951219512
18317	0.0121951219512
25295	0.0121951219512
28134	0.0121951219512
38287	0.0121951219512
52197	0.0121951219512
9720	0.0121212121212
2288	0.0120481927711
16204	0.0120481927711
26572	0.0120481927711
28793	0.0120481927711
41621	0.0120481927711
42468	0.0120481927711
51114	0.0120481927711
871	0.0119047619048
43371	0.0119047619048
1015	0.0117647058824
17723	0.0117647058824
25221	0.0117647058824
29816	0.0117647058824
33855	0.0117647058824
36632	0.0117647058824
51121	0.0117647058824
60068	0.0117647058824
21375	0.0116279069767
27691	0.0116279069767
41544	0.0116279069767
49335	0.0116279069767
51213	0.0115606936416
41113	0.0114942528736
50760	0.0114942528736
52065	0.0114942528736
1231	0.0113636363636
36894	0.0113636363636
40936	0.0113636363636
41649	0.0113636363636
95	0.0112359550562
7460	0.0112359550562
18183	0.0112359550562
27019	0.0112359550562
33544	0.0112359550562
22589	0.0111111111111
30185	0.0111111111111
48910	0.0111111111111
52564	0.0111111111111
913	0.010989010989
1393	0.010989010989
6748	0.010989010989
51892	0.010989010989
18414	0.0109489051095
18327	0.0108695652174
51804	0.0108695652174
52645	0.0108695652174
41157	0.0108108108108
44819	0.010752688172
47473	0.010752688172
23080	0.0106382978723
41618	0.0106382978723
51901	0.0106382978723
23054	0.0105263157895
23514	0.0105263157895
28486	0.0105263157895
31494	0.0105263157895
36366	0.0105263157895
51228	0.0105263157895
51492	0.0105263157895
59627	0.0105263157895
14839	0.0104166666667
19922	0.0104166666667
29533	0.0104166666667
41082	0.0104166666667
1975	0.0103092783505
6375	0.0103092783505
9651	0.0103092783505
10492	0.0103092783505
42555	0.0103092783505
45587	0.0103092783505
32784	0.0102040816327
47265	0.0102040816327
47553	0.0102040816327
59508	0.0102040816327
1821	0.010101010101
11397	0.010101010101
17886	0.010101010101
33785	0.010101010101
34096	0.010101010101
41426	0.010101010101
52350	0.010101010101
15306	0.01
26531	0.01
41257	0.01
14233	0.00990099009901
25918	0.00990099009901
29583	0.00990099009901
37190	0.00990099009901
47475	0.00990099009901
47633	0.00980392156863
118	0.00974025974026
20636	0.00970873786408
22031	0.00970873786408
41807	0.00970873786408
43828	0.00970873786408
14730	0.00961538461538
6330	0.00952380952381
18643	0.00952380952381
34373	0.00952380952381
44035	0.00952380952381
41943	0.00943396226415
53200	0.00943396226415
12503	0.00934579439252
3120	0.00925925925926
32823	0.00925925925926
41640	0.00925925925926
40981	0.00921658986175
52697	0.00921658986175
20111	0.00917431192661
41826	0.00917431192661
29855	0.00909090909091
11383	0.00900900900901
14525	0.00900900900901
20205	0.00900900900901
34724	0.00900900900901
3260	0.00892857142857
11239	0.00892857142857
14646	0.00892857142857
31656	0.00892857142857
37198	0.00887573964497
1328	0.00884955752212
2353	0.00884955752212
5804	0.00884955752212
30925	0.00884955752212
6404	0.00869565217391
30923	0.00869565217391
33495	0.00869565217391
37184	0.00869565217391
41421	0.00869565217391
51724	0.00869565217391
1096	0.00862068965517
6657	0.00862068965517
44351	0.00862068965517
47774	0.00857142857143
29990	0.00854700854701
83	0.00847457627119
7420	0.00847457627119
22351	0.00847457627119
22877	0.00847457627119
33830	0.00847457627119
1028	0.00840336134454
1362	0.00840336134454
17952	0.00836820083682
31170	0.00836820083682
106	0.00833333333333
1273	0.00833333333333
3826	0.00833333333333
15288	0.00833333333333
22941	0.00833333333333
33481	0.00833333333333
18226	0.00826446280992
25810	0.00826446280992
53377	0.00826446280992
44117	0.00819672131148
616	0.00813008130081
2264	0.00813008130081
5552	0.00813008130081
21742	0.00813008130081
28379	0.00813008130081
30845	0.00813008130081
32246	0.00813008130081
11297	0.00806451612903
20875	0.00806451612903
34143	0.00806451612903
41819	0.00806451612903
51496	0.00806451612903
1904	0.008
28559	0.008
51281	0.008
2104	0.00787401574803
21550	0.00787401574803
12646	0.0078125
27087	0.0077519379845
41398	0.00769230769231
16228	0.00763358778626
19799	0.00763358778626
36418	0.00763358778626
6222	0.00757575757576
11060	0.00757575757576
12393	0.00757575757576
31864	0.00757575757576
40344	0.00757575757576
14518	0.00751879699248
35039	0.00751879699248
30635	0.00746268656716
34607	0.00746268656716
32651	0.00740740740741
52240	0.00735294117647
13952	0.00729927007299
23337	0.00729927007299
27226	0.00729927007299
15114	0.00724637681159
20573	0.00724637681159
37201	0.00724637681159
38657	0.00724637681159
40351	0.00724637681159
41011	0.00724637681159
41027	0.00724637681159
22654	0.0072202166065
2829	0.00719424460432
41417	0.00719424460432
14459	0.00714285714286
51254	0.00714285714286
13119	0.00709219858156
13621	0.00709219858156
11746	0.00706713780919
39085	0.00704225352113
1039	0.00699300699301
11519	0.00699300699301
13121	0.00699300699301
2776	0.00694444444444
17301	0.00694444444444
38194	0.00694444444444
41073	0.00694444444444
17483	0.00689655172414
34109	0.00689655172414
51179	0.00689655172414
5089	0.00684931506849
41832	0.00684931506849
51071	0.00684931506849
11172	0.00680272108844
18967	0.00675675675676
21311	0.00675675675676
51575	0.00675675675676
13036	0.00671140939597
37557	0.00671140939597
40986	0.00671140939597
16368	0.00666666666667
24457	0.00666666666667
32935	0.00666666666667
41258	0.00664451827243
4464	0.00662251655629
6360	0.00662251655629
7161	0.00662251655629
41246	0.00662251655629
35019	0.00657894736842
10844	0.00653594771242
15233	0.00653594771242
38758	0.00649350649351
37114	0.00645161290323
43200	0.00645161290323
18283	0.00641025641026
50870	0.00641025641026
23222	0.00636942675159
39426	0.00636942675159
40942	0.00636942675159
7509	0.00632911392405
38800	0.00632911392405
5616	0.00630914826498
2574	0.0062893081761
2825	0.0062893081761
8210	0.0062893081761
26893	0.00626959247649
15714	0.00625
51159	0.00625
18815	0.00621118012422
23415	0.00621118012422
30762	0.00621118012422
41032	0.00621118012422
51029	0.00621118012422
1655	0.0061919504644
25942	0.00617283950617
51838	0.00617283950617
16723	0.00613496932515
18835	0.00613496932515
51025	0.00613496932515
2588	0.00609756097561
6679	0.00609756097561
10852	0.00609756097561
29532	0.00609756097561
41593	0.00609756097561
41029	0.00604229607251
41062	0.00602409638554
3365	0.00600961538462
5230	0.0059880239521
23211	0.0059880239521
3369	0.00595238095238
4485	0.00591715976331
7349	0.00591715976331
9586	0.00591715976331
35162	0.00591715976331
6194	0.00588235294118
8466	0.00584795321637
11307	0.00584795321637
41278	0.00581395348837
11776	0.00578034682081
41040	0.00578034682081
51655	0.00578034682081
50939	0.00574712643678
33850	0.00573065902579
23121	0.00571428571429
30901	0.00571428571429
37776	0.00568181818182
41177	0.00568181818182
25376	0.00564971751412
37238	0.00564971751412
41546	0.00564971751412
6573	0.00561797752809
18374	0.00561797752809
42378	0.00561797752809
51151	0.00561797752809
32612	0.00559701492537
5622	0.00558659217877
7505	0.00558659217877
9251	0.00558659217877
18112	0.00558659217877
6772	0.00555555555556
11359	0.00555555555556
24173	0.00555555555556
11749	0.00552486187845
12188	0.00552486187845
48489	0.00552486187845
32483	0.00549450549451
51038	0.00549450549451
21745	0.00546448087432
50933	0.00546448087432
7442	0.00540540540541
1931	0.00535714285714
18515	0.00534759358289
3250	0.00531914893617
9292	0.00531914893617
36686	0.00531914893617
12017	0.0053050397878
896	0.00526315789474
41452	0.00526315789474
35514	0.00524934383202
38787	0.00523560209424
41530	0.00523560209424
11314	0.00520833333333
33656	0.00520833333333
31868	0.00519480519481
29360	0.00518134715026
35581	0.00518134715026
41010	0.00516795865633
32738	0.00515463917526
41116	0.00514579759863
7956	0.00512820512821
2084	0.00507614213198
9761	0.00507614213198
26195	0.00507614213198
20818	0.00506329113924
90	0.00505050505051
5419	0.00505050505051
37689	0.00505050505051
15636	0.00503778337531
7261	0.00503355704698
41031	0.00502512562814
9625	0.005
11782	0.00497512437811
41308	0.0049504950495
42328	0.0049504950495
4705	0.00492610837438
53342	0.00492610837438
7303	0.00487804878049
17355	0.0048465266559
3859	0.0048309178744
27809	0.00480769230769
41012	0.00480769230769
11165	0.00478468899522
22971	0.00478468899522
41370	0.00478468899522
5553	0.00475059382423
51341	0.00473933649289
11778	0.00470588235294
38795	0.00469483568075
11230	0.00467289719626
53069	0.0046511627907
51099	0.00460829493088
37660	0.00456621004566
50875	0.00454545454545
52258	0.00454545454545
1632	0.00448430493274
12756	0.00448430493274
27255	0.00448430493274
35400	0.00448430493274
20075	0.00447427293065
21523	0.00446428571429
26934	0.00446428571429
29492	0.00446428571429
41091	0.00446428571429
50937	0.00446428571429
14360	0.00442477876106
32811	0.00442477876106
41274	0.00442477876106
631	0.00440528634361
14749	0.00440528634361
40988	0.0043956043956
14604	0.00436681222707
2186	0.00434782608696
1062	0.004329004329
24126	0.004329004329
37115	0.00431034482759
41444	0.00431034482759
1144	0.00429184549356
27927	0.00429184549356
4327	0.0042735042735
23742	0.0042735042735
49392	0.0042194092827
23782	0.00421052631579
9138	0.00418410041841
9188	0.00418410041841
27404	0.00418410041841
30849	0.00418410041841
41054	0.00418410041841
45139	0.00416666666667
50845	0.00416666666667
36392	0.00414937759336
25930	0.00413223140496
39027	0.00413223140496
52332	0.00411522633745
10287	0.00409836065574
50923	0.00408163265306
17711	0.00406504065041
5768	0.00404858299595
1921	0.00403225806452
2419	0.00403225806452
40970	0.00403225806452
35847	0.00401606425703
41194	0.00401606425703
3729	0.004
33895	0.004
4005	0.00398406374502
15207	0.00393700787402
34920	0.00393700787402
41347	0.00392156862745
41253	0.00390625
26508	0.00389105058366
34751	0.00387596899225
39852	0.00381679389313
18556	0.00380228136882
38790	0.00380228136882
41208	0.00380228136882
29372	0.00378787878788
30899	0.00378787878788
30691	0.00377358490566
33142	0.00377358490566
50864	0.00375939849624
50995	0.00375939849624
2757	0.00374531835206
3312	0.00374531835206
51041	0.00373134328358
7062	0.00371747211896
25405	0.0037037037037
17771	0.00369003690037
37775	0.00369003690037
34367	0.0036832412523
5599	0.00367647058824
27489	0.00367647058824
24017	0.003663003663
1676	0.00363636363636
41061	0.0036231884058
4242	0.00361010830325
27171	0.00358422939068
41583	0.00358422939068
4489	0.00357781753131
3747	0.00357142857143
6564	0.00357142857143
52018	0.00357142857143
1020	0.00355871886121
13056	0.00355871886121
31400	0.00354609929078
38293	0.00354609929078
37737	0.00353982300885
27890	0.00353356890459
28286	0.00352112676056
51212	0.00351493848858
14750	0.00351288056206
29863	0.00349040139616
3445	0.00348432055749
3991	0.00347222222222
42912	0.00344827586207
6444	0.00340136054422
1743	0.00339558573854
41154	0.00337837837838
41042	0.00335570469799
5112	0.00333111259161
8681	0.00332225913621
2007	0.0033185840708
24958	0.00331125827815
51027	0.00331125827815
684	0.00328947368421
41093	0.00328947368421
52225	0.00328947368421
5100	0.00326797385621
11481	0.00326797385621
37225	0.00325732899023
27128	0.0032154340836
35237	0.0032154340836
7340	0.00320855614973
40979	0.00320512820513
1364	0.00316455696203
17715	0.00316455696203
27527	0.00316455696203
41243	0.00316455696203
1064	0.00315955766193
1984	0.00315457413249
5231	0.00313479623824
12467	0.00313479623824
17008	0.00313479623824
38584	0.00312989045383
41015	0.00311526479751
33621	0.00310559006211
26602	0.00305810397554
18613	0.00305110602593
511	0.0030487804878
2344	0.00303951367781
20542	0.00303490136571
17987	0.0030303030303
14140	0.00302114803625
41000	0.00302114803625
259	0.00301204819277
39546	0.00301204819277
41165	0.00301204819277
34683	0.003003003003
29845	0.00299401197605
3943	0.00297619047619
28810	0.00297619047619
22579	0.00295857988166
29591	0.00295857988166
34147	0.00293255131965
1700	0.00291545189504
41016	0.00290909090909
2613	0.00289855072464
4708	0.00289855072464
25078	0.0028818443804
41068	0.00287081339713
3733	0.00286532951289
3788	0.00286532951289
1048	0.00285986653956
41048	0.002849002849
25324	0.00284090909091
5237	0.00283687943262
11727	0.0028328611898
40987	0.0028328611898
742	0.00282485875706
50855	0.00282485875706
34830	0.00279329608939
30799	0.00278551532033
879	0.00277008310249
6689	0.00276243093923
15373	0.00275482093664
29971	0.00275482093664
38203	0.00274876305662
41050	0.00274725274725
41374	0.00274725274725
5809	0.00271985494107
20506	0.00270635994587
1497	0.0027027027027
27949	0.0027027027027
37993	0.0027027027027
9135	0.00269541778976
16420	0.00269541778976
4153	0.00268817204301
35809	0.00268817204301
1438	0.00266666666667
19547	0.0026525198939
40995	0.00263157894737
3720	0.00262812089356
20630	0.00262467191601
25738	0.00262008733624
870	0.00261780104712
19598	0.00261267145656
11664	0.00261096605744
10987	0.00258397932817
23642	0.00258397932817
42156	0.00257731958763
3689	0.0025706940874
18777	0.00255754475703
31483	0.00255754475703
51096	0.00252525252525
76	0.0025041736227
31440	0.00250208507089
932	0.0025
9642	0.0025
39709	0.0025
10281	0.00247524752475
51019	0.00247524752475
1113	0.00245098039216
40965	0.00244897959184
2515	0.00243902439024
41467	0.00243309002433
20173	0.00242130750605
31536	0.00242130750605
33678	0.0024154589372
4173	0.00239808153477
39447	0.00239808153477
29277	0.00239520958084
28051	0.00239043824701
12388	0.00236406619385
25586	0.00236406619385
7312	0.00235849056604
38191	0.00234466588511
8397	0.00234192037471
38793	0.00232558139535
39136	0.00232378001549
28405	0.00231749710313
30980	0.00231481481481
562	0.00230946882217
31830	0.00230946882217
3827	0.00226757369615
29861	0.00225225225225
23666	0.00224215246637
1399	0.00223713646532
3273	0.00223463687151
1503	0.00223338916806
49394	0.0021978021978
2898	0.00218579234973
253	0.00218340611354
15228	0.0021645021645
18311	0.00216216216216
12423	0.00215517241379
33762	0.00214592274678
19599	0.00213219616205
9200	0.00211416490486
36394	0.00210084033613
3531	0.0020964360587
5432	0.00209205020921
4937	0.00206825232678
17938	0.00205338809035
5593	0.0020366598778
5157	0.00203045685279
893	0.00201005025126
34169	0.00200803212851
39785	0.00199004975124
3527	0.00194174757282
1118	0.00193298969072
5204	0.0019305019305
2463	0.00191938579655
5503	0.00190657769304
28821	0.00190476190476
30269	0.00187969924812
32862	0.00187265917603
11769	0.00185873605948
3933	0.00184162062615
35136	0.00183823529412
22929	0.00183486238532
2333	0.0018281535649
921	0.00182149362477
11201	0.0018115942029
39915	0.0018115942029
5218	0.00180505415162
40962	0.00179856115108
40980	0.00178890876565
25098	0.0017825311943
949	0.00176991150442
4518	0.00175746924429
28407	0.00174825174825
13955	0.00174216027875
12969	0.00172265288544
38925	0.00169491525424
37111	0.00168067226891
14253	0.0016501650165
26863	0.00164203612479
22743	0.0016393442623
2326	0.00162866449511
4121	0.00162337662338
12610	0.00162074554295
4578	0.00161290322581
32188	0.00161290322581
13339	0.0015923566879
900	0.0015625
868	0.00153964588145
5643	0.00153139356815
17596	0.00152905198777
992	0.0015243902439
5120	0.0015037593985
19601	0.00146412884334
9656	0.0014598540146
4764	0.00145348837209
37392	0.00143061516452
2037	0.00141843971631
2745	0.00141242937853
33634	0.00139470013947
38492	0.00138888888889
29854	0.00137931034483
7419	0.0013698630137
14352	0.00132625994695
35345	0.00131926121372
41018	0.00131752305665
2733	0.00131578947368
1680	0.00129198966408
1119	0.00125
1628	0.00124843945069
5420	0.00124378109453
35563	0.00123102174805
18584	0.0012285012285
869	0.00122129946263
4711	0.00121506682868
18307	0.00118203309693
2290	0.0011655011655
5000	0.00110987791343
4654	0.00109409190372
28742	0.00106837606838
1902	0.00102880658436
4655	0.0010145417653
4916	0.000908265213442
38794	0.000889679715302
2840	0.000884955752212
6427	0.000882612533098
22744	0.000881834215168
5519	0.000866551126516
9538	0.000857632933105
6812	0.000818330605565
4846	0.000786163522013
4430	0.000745156482861
22383	0.000694444444444
8709	0.000669344042838
4396	0.000641025641026
26805	0.000445434298441
