16165	0.25
37714	0.25
49722	0.25
55038	0.25
57650	0.25
16000	0.2
16601	0.2
17472	0.2
38462	0.2
38912	0.2
41168	0.2
58784	0.2
34336	0.181818181818
2308	0.166666666667
6919	0.166666666667
7127	0.166666666667
22844	0.166666666667
39740	0.166666666667
48428	0.166666666667
49547	0.166666666667
57207	0.166666666667
59880	0.166666666667
5449	0.142857142857
6000	0.142857142857
9660	0.142857142857
19297	0.142857142857
22732	0.142857142857
23812	0.142857142857
25573	0.142857142857
42910	0.142857142857
51603	0.142857142857
52304	0.142857142857
58559	0.142857142857
60113	0.142857142857
2133	0.125
9946	0.125
23917	0.125
24407	0.125
28878	0.125
32458	0.125
50703	0.125
51007	0.125
59262	0.125
11364	0.111111111111
13144	0.111111111111
32993	0.111111111111
42331	0.111111111111
5571	0.1
7079	0.1
8241	0.1
15996	0.1
41917	0.1
44945	0.1
45378	0.1
59789	0.1
60043	0.1
60228	0.1
6496	0.0909090909091
23589	0.0909090909091
26284	0.0909090909091
42780	0.0909090909091
43688	0.0909090909091
44317	0.0909090909091
52175	0.0909090909091
60029	0.0909090909091
7377	0.0833333333333
7530	0.0833333333333
18309	0.0833333333333
23200	0.0833333333333
30683	0.0833333333333
32425	0.0833333333333
32681	0.0833333333333
37545	0.0833333333333
48617	0.0833333333333
60362	0.0833333333333
3682	0.0769230769231
10754	0.0769230769231
29443	0.0769230769231
29605	0.0769230769231
33490	0.0769230769231
35098	0.0769230769231
48689	0.0769230769231
49902	0.0769230769231
52813	0.0769230769231
53220	0.0769230769231
54634	0.0769230769231
5179	0.0714285714286
23512	0.0714285714286
35406	0.0714285714286
42356	0.0714285714286
43172	0.0714285714286
44463	0.0714285714286
18320	0.0666666666667
32570	0.0666666666667
33030	0.0666666666667
60199	0.0666666666667
4956	0.0625
5442	0.0625
8765	0.0625
35153	0.0625
40076	0.0625
2441	0.0588235294118
6107	0.0588235294118
37319	0.0588235294118
50048	0.0588235294118
51480	0.0588235294118
60387	0.0588235294118
5485	0.0555555555556
8207	0.0555555555556
16585	0.0555555555556
22432	0.0555555555556
35283	0.0555555555556
39507	0.0555555555556
43923	0.0555555555556
49548	0.0555555555556
6780	0.0526315789474
23892	0.0526315789474
33797	0.0526315789474
34122	0.0526315789474
38046	0.0526315789474
42900	0.0526315789474
4759	0.05
10375	0.05
27907	0.05
28788	0.05
33620	0.05
41234	0.05
59843	0.05
861	0.047619047619
6698	0.047619047619
10370	0.047619047619
11536	0.047619047619
11555	0.047619047619
21701	0.047619047619
48576	0.047619047619
60242	0.047619047619
41005	0.0454545454545
48630	0.0454545454545
14584	0.0434782608696
18079	0.0434782608696
19428	0.0434782608696
35497	0.0434782608696
37514	0.0434782608696
37990	0.0434782608696
41755	0.0434782608696
42775	0.0434782608696
56078	0.0434782608696
59561	0.0434782608696
4645	0.0416666666667
12054	0.0416666666667
21263	0.0416666666667
38124	0.0416666666667
47911	0.0416666666667
50029	0.0416666666667
10170	0.04
22567	0.04
22698	0.04
30599	0.04
35061	0.04
37913	0.04
42519	0.04
51405	0.04
51831	0.04
13840	0.0384615384615
33144	0.0384615384615
36266	0.0384615384615
37534	0.0384615384615
42904	0.0384615384615
43532	0.0384615384615
51717	0.0384615384615
7061	0.037037037037
21709	0.037037037037
25086	0.037037037037
59864	0.037037037037
10348	0.0357142857143
15015	0.0357142857143
37572	0.0357142857143
7157	0.0344827586207
29700	0.0344827586207
36557	0.0344827586207
43127	0.0344827586207
52125	0.0344827586207
330	0.0333333333333
1778	0.0333333333333
30552	0.0333333333333
31465	0.0333333333333
33662	0.0333333333333
39387	0.0333333333333
50626	0.0333333333333
795	0.0322580645161
2416	0.0322580645161
3852	0.0322580645161
34360	0.0322580645161
41748	0.0322580645161
43287	0.0322580645161
51175	0.0322580645161
59966	0.0322580645161
2072	0.03125
52975	0.03125
32664	0.030303030303
34211	0.030303030303
34879	0.030303030303
6397	0.0294117647059
37293	0.0294117647059
43732	0.0294117647059
51268	0.0294117647059
51390	0.0294117647059
51671	0.0285714285714
10705	0.0277777777778
13298	0.0277777777778
43755	0.0277777777778
50850	0.0277777777778
51097	0.0277777777778
6391	0.027027027027
39582	0.027027027027
849	0.0263157894737
4305	0.0263157894737
7325	0.0263157894737
9207	0.0263157894737
24874	0.0263157894737
26502	0.0263157894737
51327	0.0263157894737
51559	0.0263157894737
53297	0.0263157894737
2772	0.025641025641
17982	0.025641025641
26038	0.025641025641
36305	0.025641025641
43780	0.025641025641
52500	0.025641025641
3566	0.025
11159	0.025
16955	0.025
45345	0.025
53158	0.025
56707	0.025
11761	0.0243902439024
35155	0.0243902439024
13627	0.0238095238095
19657	0.0238095238095
33769	0.0238095238095
41895	0.0238095238095
36096	0.0232558139535
44333	0.0232558139535
44862	0.0232558139535
49431	0.0232558139535
6277	0.0227272727273
34094	0.0227272727273
38732	0.0227272727273
41007	0.0227272727273
1354	0.0222222222222
44500	0.0222222222222
47483	0.0222222222222
3114	0.0217391304348
29538	0.0217391304348
51057	0.0217391304348
4836	0.0215053763441
7430	0.0212765957447
11123	0.0212765957447
59533	0.0212765957447
51983	0.0208333333333
18492	0.0204081632653
43372	0.0204081632653
52336	0.0204081632653
53407	0.0204081632653
36105	0.020202020202
22813	0.02
39002	0.02
3986	0.0196078431373
4967	0.0196078431373
4524	0.0188679245283
16963	0.0188679245283
17932	0.0188679245283
35569	0.0188679245283
41870	0.0188679245283
42848	0.0188679245283
43585	0.0188679245283
4604	0.018691588785
4668	0.0185185185185
22252	0.0185185185185
28755	0.0185185185185
32785	0.0185185185185
47668	0.0185185185185
52573	0.0185185185185
17598	0.0181818181818
29053	0.0181818181818
34670	0.0181818181818
1096	0.0178571428571
41174	0.0178571428571
41762	0.0178571428571
2748	0.0175438596491
40689	0.0175438596491
52392	0.0175438596491
1097	0.0169491525424
28719	0.0166666666667
52309	0.0166666666667
15870	0.016393442623
41527	0.016393442623
2096	0.0161290322581
10110	0.0161290322581
26940	0.0161290322581
32770	0.0161290322581
41262	0.0161290322581
41716	0.0161290322581
52777	0.0161290322581
7084	0.015873015873
21582	0.015873015873
32974	0.015873015873
688	0.015625
19572	0.015625
35117	0.015625
38989	0.015625
4766	0.0153846153846
12280	0.0153846153846
18119	0.0153846153846
42056	0.0153846153846
50079	0.0153846153846
2387	0.0151515151515
3684	0.0151515151515
13653	0.0151515151515
40645	0.0151515151515
35480	0.0149253731343
3669	0.0147058823529
11079	0.0147058823529
40973	0.0147058823529
51154	0.0147058823529
60334	0.0147058823529
9205	0.0144927536232
41712	0.0144927536232
2917	0.0142857142857
5754	0.0142857142857
14757	0.0142857142857
25555	0.0142857142857
59558	0.0142857142857
50992	0.0140845070423
36736	0.0138888888889
41856	0.0138888888889
41773	0.013698630137
59507	0.0135135135135
40477	0.0133333333333
51055	0.0133333333333
12831	0.0131578947368
41343	0.0131578947368
51043	0.0131578947368
45033	0.012987012987
7301	0.0128205128205
35699	0.0128205128205
41191	0.0126582278481
36606	0.0125
51114	0.0125
51250	0.0125
4398	0.0123456790123
51242	0.0123456790123
33143	0.0121951219512
33599	0.0121951219512
41213	0.0121951219512
23619	0.0120481927711
26874	0.0120481927711
112	0.0119047619048
18231	0.0119047619048
40104	0.0119047619048
9502	0.0116279069767
10973	0.0116279069767
34104	0.0116279069767
25376	0.0115606936416
20752	0.0114942528736
48662	0.0114942528736
52560	0.0114942528736
377	0.0113636363636
3861	0.0113636363636
34715	0.0113636363636
51209	0.0113636363636
3488	0.0112359550562
2247	0.0111111111111
6601	0.010989010989
11866	0.010989010989
49791	0.010989010989
14832	0.0108695652174
23990	0.0108695652174
31494	0.0108695652174
41480	0.0108695652174
49350	0.0108695652174
59627	0.0108695652174
9715	0.010752688172
33716	0.010752688172
41167	0.010752688172
23643	0.0106382978723
24088	0.0106382978723
41085	0.010582010582
1132	0.0105263157895
9636	0.0105263157895
694	0.0104166666667
1821	0.0104166666667
11748	0.0104166666667
13891	0.0104166666667
21694	0.0104166666667
25432	0.0104166666667
34933	0.0104166666667
36275	0.0104166666667
41426	0.0104166666667
17389	0.0103092783505
26531	0.0103092783505
33775	0.0103092783505
18958	0.0102040816327
32074	0.0102040816327
34637	0.0102040816327
42320	0.0102040816327
32684	0.010101010101
50250	0.010101010101
3317	0.01
41236	0.00980392156863
5603	0.00970873786408
22238	0.00970873786408
41136	0.00961538461538
41322	0.00961538461538
41338	0.00961538461538
11871	0.00952380952381
50330	0.00952380952381
14275	0.00943396226415
5221	0.00934579439252
19313	0.00934579439252
36537	0.00934579439252
41127	0.00934579439252
3507	0.00925925925926
3565	0.00909090909091
26674	0.00900900900901
37184	0.00892857142857
40394	0.00892857142857
50812	0.00884955752212
17068	0.00881057268722
17015	0.00877192982456
41056	0.00877192982456
15325	0.00869565217391
51340	0.00869565217391
53361	0.00869565217391
15288	0.00854700854701
27934	0.00847457627119
51666	0.00847457627119
39027	0.00840336134454
2264	0.00833333333333
12325	0.00833333333333
22690	0.00833333333333
3865	0.00826446280992
100	0.00819672131148
1169	0.00819672131148
15825	0.00819672131148
51281	0.00819672131148
53000	0.00819672131148
3793	0.00813008130081
29543	0.00813008130081
32457	0.00806451612903
11087	0.008
22798	0.008
41079	0.008
43785	0.00793650793651
51709	0.00793650793651
57496	0.00793650793651
7451	0.00787401574803
11004	0.00787401574803
30585	0.0078125
41890	0.0078125
755	0.0077519379845
6222	0.0077519379845
30793	0.0077519379845
31864	0.0077519379845
3116	0.00763358778626
18997	0.00763358778626
30635	0.00763358778626
39602	0.00760456273764
29739	0.00751879699248
19965	0.00746268656716
9646	0.00740740740741
38657	0.00740740740741
3957	0.00729927007299
14459	0.00729927007299
27642	0.00729927007299
10010	0.00719424460432
31400	0.00719424460432
11778	0.00712589073634
26318	0.00709219858156
22684	0.00704225352113
43473	0.00704225352113
874	0.00699300699301
52802	0.00699300699301
4337	0.00694444444444
46722	0.00694444444444
618	0.00689655172414
17152	0.00689655172414
23299	0.00689655172414
27899	0.00689655172414
1928	0.00684931506849
41552	0.00684931506849
18129	0.00680272108844
24457	0.00680272108844
19034	0.00675675675676
42335	0.00675675675676
51117	0.00675675675676
24958	0.00671140939597
35019	0.00671140939597
38758	0.00662251655629
254	0.00657894736842
16912	0.00653594771242
50870	0.00653594771242
23222	0.00649350649351
33780	0.00649350649351
38663	0.00649350649351
59661	0.00649350649351
52738	0.00641025641026
17625	0.00636942675159
1537	0.0062893081761
7344	0.0062893081761
11128	0.0062893081761
51145	0.0062893081761
51838	0.0062893081761
18835	0.00625
25487	0.00625
51025	0.00625
6679	0.00621118012422
22018	0.00621118012422
9720	0.00613496932515
41378	0.00613496932515
5230	0.00609756097561
14206	0.00609756097561
14361	0.00606060606061
39360	0.00606060606061
51394	0.00606060606061
23285	0.00602409638554
28810	0.00602409638554
33862	0.0059880239521
40975	0.0059880239521
28700	0.00591715976331
16516	0.00584795321637
23248	0.00581395348837
4479	0.00578034682081
41177	0.00578034682081
1231	0.00574712643678
39510	0.00574712643678
39265	0.00564971751412
4153	0.0054347826087
17066	0.00531914893617
44433	0.00529100529101
35581	0.00526315789474
3689	0.00519480519481
1853	0.00518134715026
90	0.00512820512821
27471	0.00512820512821
11294	0.00505050505051
10166	0.00502512562814
12182	0.00502512562814
29287	0.00502512562814
41308	0.00502512562814
28290	0.005
50885	0.005
20802	0.00497512437811
41555	0.00497512437811
7303	0.0049504950495
2515	0.00492610837438
23388	0.00492610837438
1309	0.00490196078431
1739	0.00490196078431
3859	0.00490196078431
20173	0.00488997555012
25431	0.0047619047619
5918	0.00473933649289
22251	0.004662004662
27255	0.00454545454545
21523	0.00452488687783
41091	0.00452488687783
41274	0.00448430493274
13960	0.00446428571429
9656	0.00441176470588
1062	0.00438596491228
24126	0.00438596491228
44281	0.00438596491228
34519	0.00434782608696
19599	0.00430107526882
2037	0.00428571428571
37762	0.0042735042735
9188	0.00423728813559
31170	0.0042194092827
50845	0.0042194092827
39383	0.00420168067227
25930	0.00418410041841
10287	0.00414937759336
23667	0.00406504065041
35847	0.00406504065041
6789	0.00396825396825
5673	0.0039603960396
17790	0.00387596899225
2152	0.003861003861
29909	0.003861003861
40971	0.00385356454721
38790	0.00384615384615
41208	0.00384615384615
28128	0.00383141762452
50995	0.00380228136882
2757	0.00378787878788
4399	0.00375939849624
29394	0.00375939849624
5599	0.00371747211896
30794	0.0037037037037
7390	0.003663003663
27094	0.003663003663
17566	0.00361663652803
4489	0.00359712230216
1931	0.00358422939068
38293	0.00358422939068
16449	0.00355871886121
53040	0.00355871886121
3022	0.00354609929078
28407	0.00352112676056
3991	0.00350877192982
23011	0.00344827586207
6444	0.00343642611684
1239	0.00335570469799
8681	0.00335570469799
35958	0.00334448160535
41307	0.00334448160535
51027	0.00334448160535
6360	0.00333333333333
684	0.00332225913621
52225	0.00332225913621
23999	0.00331125827815
5100	0.003300330033
11481	0.003300330033
41067	0.003300330033
50901	0.00328947368421
2326	0.00327868852459
2409	0.00327868852459
51156	0.00327868852459
20416	0.00326264274062
28742	0.00322234156821
27809	0.0032154340836
16927	0.00319488817891
27906	0.0031746031746
38262	0.00316455696203
33621	0.00313479623824
40982	0.003125
18361	0.00311526479751
32453	0.00311526479751
23150	0.00310559006211
38959	0.0030959752322
17987	0.00305810397554
259	0.00303951367781
39546	0.00303951367781
41165	0.00303951367781
48572	0.00301204819277
3260	0.00298507462687
4485	0.00297619047619
41034	0.00291545189504
25078	0.00290697674419
3788	0.0028901734104
33850	0.0028818443804
34897	0.00287356321839
41048	0.00287356321839
4644	0.00286532951289
742	0.002849002849
25453	0.00281690140845
5622	0.00280898876404
23265	0.00280112044818
38932	0.00280112044818
11359	0.00279329608939
51989	0.00279329608939
29971	0.00277777777778
41050	0.00277008310249
2333	0.00275229357798
21323	0.00273224043716
27949	0.00272479564033
7442	0.00271739130435
16420	0.00271739130435
14207	0.00268817204301
18515	0.00268817204301
12017	0.00266666666667
14352	0.00266666666667
35514	0.00263852242744
20818	0.00254452926209
23174	0.00252525252525
39709	0.00251889168766
1628	0.00250941028858
6812	0.00246507806081
41027	0.00242130750605
4173	0.0024154589372
5553	0.00238663484487
38191	0.00235294117647
31830	0.00232558139535
30980	0.00232288037166
3499	0.00229885057471
28832	0.00227272727273
4430	0.00224382946896
2898	0.00219298245614
37961	0.00219298245614
4137	0.00218340611354
12423	0.00216919739696
41044	0.00216919739696
23782	0.00211416490486
36394	0.00211416490486
27865	0.00210084033613
36392	0.00208333333333
39549	0.00207039337474
17938	0.00206611570248
41355	0.00204081632653
5157	0.00203355363498
2344	0.00203045685279
33841	0.0019801980198
36398	0.00196270853778
9647	0.00196078431373
3527	0.001953125
17586	0.00194931773879
11727	0.00189214758751
51041	0.00187265917603
32612	0.0018691588785
27489	0.00184501845018
22929	0.00183992640294
4916	0.00182315405652
5809	0.00181653042688
5218	0.00181488203267
40962	0.00180342651037
40980	0.00179856115108
25098	0.00179211469534
949	0.0017793594306
22744	0.00176991150442
29863	0.00175131348511
7261	0.00168067226891
76	0.00167224080268
26863	0.0016501650165
35563	0.00164406083025
40965	0.00163532297629
35049	0.0016339869281
12610	0.00162866449511
1497	0.00162249864792
32188	0.00162074554295
4578	0.0016155088853
1064	0.00158478605388
4846	0.00157728706625
38584	0.00156985871272
25113	0.00155279503106
868	0.00154320987654
18613	0.00152671755725
20542	0.00152207001522
5120	0.00151057401813
893	0.00150905432596
4764	0.0014598540146
41016	0.00145560407569
4708	0.00145348837209
40987	0.00142045454545
7312	0.00141576215196
33634	0.00140056022409
5432	0.00139664804469
3133	0.00133868808568
35345	0.00132450331126
2381	0.00132100396301
40995	0.00131926121372
3720	0.00131752305665
19598	0.00130718954248
1680	0.00129701686122
1118	0.00129032258065
30899	0.00126422250316
41031	0.00125628140704
1119	0.00125470514429
5420	0.00124843945069
41090	0.00124843945069
18584	0.00123304562269
18960	0.00120918984281
39447	0.00120192307692
29277	0.00120048019208
18307	0.0011862396204
27890	0.00117924528302
6427	0.00117820324006
14750	0.00117233294256
38793	0.00116346713205
1503	0.00111731843575
5000	0.0011135857461
253	0.00109409190372
18311	0.00108342361863
7340	0.00107066381156
9200	0.0010593220339
1902	0.00103199174407
2	0.00102040816327
11	0.000998003992016
41068	0.00095785440613
3733	0.000956022944551
5503	0.000955109837631
4563	0.000932835820896
34367	0.000920810313076
38794	0.000892060660125
25738	0.000874125874126
5519	0.000868809730669
12969	0.000862812769629
9538	0.000859845227859
31440	0.000834724540902
22743	0.000821018062397
28051	0.000797448165869
39136	0.00077519379845
26602	0.000764525993884
19601	0.000733137829912
2745	0.000707213578501
4655	0.000676818950931
8709	0.000670690811536
5204	0.00064391500322
4396	0.000642260757868
38203	0.000549450549451
5231	0.000521920668058
869	0.000488519785051
26805	0.000446030330062
4518	0.000439367311072
