3744	0.8
12078	0.2
15977	0.2
19516	0.2
39766	0.2
43413	0.2
55582	0.2
25652	0.166666666667
25679	0.166666666667
30992	0.166666666667
45561	0.166666666667
46987	0.166666666667
49687	0.166666666667
51546	0.166666666667
57145	0.166666666667
59499	0.166666666667
35	0.142857142857
10101	0.142857142857
11081	0.142857142857
17479	0.142857142857
17553	0.142857142857
21869	0.142857142857
31741	0.142857142857
35134	0.142857142857
47522	0.142857142857
55646	0.142857142857
59851	0.142857142857
60014	0.142857142857
61501	0.142857142857
10008	0.125
11089	0.125
15853	0.125
17367	0.125
35769	0.125
40761	0.125
42224	0.125
43286	0.125
55137	0.125
59990	0.125
2175	0.111111111111
9000	0.111111111111
10038	0.111111111111
12427	0.111111111111
13174	0.111111111111
15672	0.111111111111
38755	0.111111111111
50493	0.111111111111
59844	0.111111111111
7670	0.1
25341	0.1
51730	0.1
52221	0.1
52447	0.1
60427	0.1
61113	0.1
1993	0.0909090909091
23848	0.0909090909091
25287	0.0909090909091
29693	0.0909090909091
33674	0.0909090909091
48090	0.0909090909091
49071	0.0909090909091
52274	0.0909090909091
55974	0.0909090909091
59315	0.0909090909091
60544	0.0909090909091
261	0.0833333333333
10015	0.0833333333333
18221	0.0833333333333
35221	0.0833333333333
42395	0.0833333333333
50017	0.0833333333333
50158	0.0833333333333
50928	0.0833333333333
51017	0.0833333333333
5955	0.0769230769231
8655	0.0769230769231
16285	0.0769230769231
20427	0.0769230769231
20449	0.0769230769231
28549	0.0769230769231
30616	0.0769230769231
47499	0.0769230769231
52695	0.0769230769231
59708	0.0769230769231
79	0.0714285714286
14904	0.0714285714286
17314	0.0714285714286
38073	0.0714285714286
38341	0.0714285714286
39938	0.0714285714286
42255	0.0714285714286
42330	0.0714285714286
42803	0.0714285714286
43526	0.0714285714286
46745	0.0714285714286
49020	0.0714285714286
51249	0.0714285714286
53388	0.0714285714286
4321	0.0666666666667
6272	0.0666666666667
18719	0.0666666666667
19509	0.0666666666667
26975	0.0666666666667
30997	0.0666666666667
39395	0.0666666666667
42100	0.0666666666667
48893	0.0666666666667
50357	0.0666666666667
51141	0.0666666666667
59522	0.0666666666667
43053	0.0625
35204	0.0606060606061
382	0.0588235294118
5442	0.0588235294118
23314	0.0588235294118
30656	0.0588235294118
41026	0.0588235294118
43334	0.0588235294118
45170	0.0588235294118
54884	0.0588235294118
55962	0.0588235294118
11478	0.0555555555556
13861	0.0555555555556
42007	0.0555555555556
47096	0.0555555555556
91	0.0526315789474
1476	0.0526315789474
3038	0.0526315789474
4984	0.0526315789474
11792	0.0526315789474
15361	0.0526315789474
25733	0.0526315789474
31027	0.0526315789474
42384	0.0526315789474
11243	0.05
20562	0.05
27421	0.05
31607	0.05
42486	0.05
42743	0.05
43733	0.05
50922	0.05
51660	0.05
52223	0.05
52721	0.05
14297	0.047619047619
16353	0.047619047619
22458	0.047619047619
29434	0.047619047619
35552	0.047619047619
52706	0.047619047619
1163	0.0454545454545
1493	0.0454545454545
11011	0.0454545454545
12115	0.0454545454545
17426	0.0454545454545
17959	0.0454545454545
18825	0.0454545454545
24132	0.0454545454545
46122	0.0454545454545
1198	0.0434782608696
12894	0.0434782608696
25716	0.0434782608696
34232	0.0434782608696
41211	0.0434782608696
41724	0.0434782608696
44913	0.0434782608696
52835	0.0434782608696
53179	0.0434782608696
1099	0.0416666666667
18202	0.0416666666667
34650	0.0416666666667
36770	0.0416666666667
39749	0.0416666666667
51944	0.0416666666667
52241	0.0416666666667
2059	0.04
14384	0.04
21744	0.04
22390	0.04
32897	0.04
33048	0.04
33858	0.04
51063	0.04
1417	0.0384615384615
17992	0.0384615384615
20253	0.0384615384615
43321	0.0384615384615
9743	0.037037037037
22333	0.037037037037
37580	0.037037037037
59524	0.037037037037
21265	0.0357142857143
29122	0.0357142857143
32422	0.0357142857143
51816	0.0357142857143
2277	0.0344827586207
11236	0.0344827586207
17272	0.0344827586207
22618	0.0344827586207
59784	0.0344827586207
60140	0.0344827586207
6773	0.0333333333333
17967	0.0333333333333
51501	0.0333333333333
52012	0.0333333333333
5634	0.0325203252033
1778	0.0322580645161
13534	0.0322580645161
41974	0.0322580645161
50354	0.0322580645161
51487	0.0322580645161
52503	0.0322580645161
795	0.03125
2416	0.03125
16926	0.03125
17361	0.03125
24942	0.03125
27918	0.03125
28190	0.03125
42995	0.03125
43884	0.03125
44369	0.03125
50964	0.03125
52726	0.03125
797	0.030303030303
924	0.030303030303
16297	0.030303030303
31403	0.030303030303
38727	0.030303030303
50518	0.030303030303
51720	0.030303030303
2759	0.0294117647059
34463	0.0294117647059
39207	0.0294117647059
41049	0.0294117647059
51323	0.0294117647059
34794	0.0285714285714
41551	0.0285714285714
42306	0.0285714285714
51786	0.0285714285714
52259	0.0285714285714
6910	0.0277777777778
20157	0.0277777777778
27078	0.0277777777778
45277	0.0277777777778
52232	0.0277777777778
60999	0.0277777777778
13922	0.027027027027
17073	0.027027027027
41679	0.0263157894737
51314	0.0263157894737
59882	0.0263157894737
2278	0.025641025641
2712	0.025641025641
5572	0.025641025641
18755	0.025641025641
29648	0.025641025641
52661	0.025641025641
59584	0.025641025641
60400	0.025
60456	0.025
13005	0.0243902439024
14859	0.0243902439024
11761	0.0238095238095
12057	0.0238095238095
15211	0.0238095238095
34918	0.0238095238095
52772	0.0238095238095
14658	0.0232558139535
25623	0.0232558139535
41948	0.0232558139535
7911	0.0227272727273
10843	0.0227272727273
19606	0.0227272727273
41455	0.0227272727273
49431	0.0227272727273
4015	0.0222222222222
23141	0.0222222222222
23887	0.0222222222222
28749	0.0222222222222
39767	0.0222222222222
41007	0.0222222222222
10613	0.0217391304348
32524	0.0217391304348
44286	0.0217391304348
49842	0.0217391304348
13125	0.0212765957447
42505	0.0212765957447
52359	0.0212765957447
644	0.0208333333333
3561	0.0208333333333
3796	0.0208333333333
4457	0.0208333333333
25230	0.0208333333333
27872	0.0208333333333
28439	0.0208333333333
38688	0.0208333333333
50848	0.0208333333333
51526	0.0208333333333
10315	0.0204081632653
10729	0.0204081632653
26904	0.0204081632653
33155	0.0204081632653
47294	0.0204081632653
47431	0.0204081632653
12641	0.02
18625	0.02
37795	0.02
39458	0.02
29786	0.0196078431373
35164	0.0196078431373
38063	0.0196078431373
50893	0.0196078431373
52382	0.0196078431373
938	0.0192307692308
12311	0.0192307692308
21750	0.0192307692308
41281	0.0192307692308
42309	0.0188679245283
43171	0.0188679245283
42942	0.0185185185185
43585	0.0185185185185
49044	0.0185185185185
20165	0.0181818181818
23983	0.0181818181818
40356	0.0181818181818
45715	0.0181818181818
51464	0.0181818181818
60092	0.0181818181818
1636	0.0178571428571
29365	0.0178571428571
41421	0.0178571428571
52131	0.0178571428571
289	0.0175438596491
28721	0.0175438596491
30930	0.0175438596491
43543	0.0175438596491
4567	0.0172413793103
13451	0.0172413793103
1147	0.0169491525424
1742	0.0169491525424
3964	0.0169491525424
28111	0.0169491525424
28379	0.0166666666667
28745	0.0166666666667
42191	0.0166666666667
4074	0.016393442623
14860	0.016393442623
51037	0.016393442623
52444	0.016393442623
27419	0.0161290322581
29573	0.0161290322581
36193	0.0161290322581
3178	0.015873015873
11168	0.015873015873
32770	0.015873015873
34749	0.015873015873
36411	0.015873015873
41262	0.015873015873
52777	0.015873015873
1508	0.015625
688	0.0153846153846
6415	0.0153846153846
30976	0.0153846153846
35940	0.0153846153846
48246	0.0153846153846
49889	0.0153846153846
50934	0.0153846153846
52863	0.0153846153846
42389	0.0151515151515
50079	0.0151515151515
50935	0.0151515151515
52240	0.015037593985
41399	0.0149253731343
27864	0.0147058823529
38642	0.0147058823529
39782	0.0147058823529
44335	0.0147058823529
51380	0.0147058823529
19688	0.0144927536232
33940	0.0144927536232
35526	0.0144927536232
39713	0.0144927536232
17928	0.0143884892086
28042	0.0142857142857
29095	0.0142857142857
30866	0.0142857142857
1877	0.0140845070423
20080	0.0140845070423
22881	0.0140845070423
25555	0.0140845070423
50929	0.0140845070423
52231	0.0140845070423
874	0.013986013986
46722	0.0138888888889
17303	0.013698630137
28799	0.013698630137
34149	0.013698630137
36736	0.013698630137
47918	0.013698630137
1365	0.0135135135135
51978	0.0135135135135
52613	0.0135135135135
4468	0.0133333333333
51364	0.0133333333333
59944	0.0133333333333
20089	0.012987012987
29067	0.0128205128205
7341	0.0126582278481
18604	0.0126582278481
42414	0.0126582278481
123	0.0125
28621	0.0123456790123
36606	0.0123456790123
51250	0.0123456790123
50898	0.0121951219512
51242	0.0121951219512
51792	0.0121951219512
13385	0.0120481927711
27537	0.0120481927711
29816	0.0120481927711
40985	0.0120481927711
52991	0.0120481927711
18231	0.0117647058824
12970	0.0116279069767
41201	0.0116279069767
41271	0.0116279069767
52065	0.0116279069767
256	0.0114942528736
12719	0.0114942528736
39510	0.0114942528736
41101	0.0114942528736
37588	0.0113636363636
41570	0.0113636363636
34715	0.0112359550562
5916	0.0111111111111
52645	0.0111111111111
22601	0.010989010989
27045	0.010989010989
32711	0.010989010989
51901	0.0108695652174
5350	0.010752688172
51228	0.010752688172
15602	0.0106382978723
19922	0.0106382978723
9651	0.0105263157895
11784	0.0105263157895
32418	0.0104712041885
3781	0.0104166666667
43824	0.0104166666667
50886	0.0104166666667
694	0.0103092783505
17886	0.0103092783505
33785	0.0103092783505
34933	0.0103092783505
52350	0.0103092783505
59879	0.0102040816327
4512	0.010101010101
17764	0.01
28290	0.01
29596	0.01
41606	0.01
51152	0.01
22031	0.00990099009901
36105	0.00990099009901
42135	0.00990099009901
11250	0.00980392156863
41002	0.00980392156863
10369	0.00970873786408
5603	0.00961538461538
22238	0.00961538461538
26741	0.00961538461538
26868	0.00943396226415
31011	0.00943396226415
39210	0.00943396226415
59890	0.00934579439252
937	0.00925925925926
27925	0.00925925925926
40036	0.00925925925926
44776	0.00925925925926
4604	0.00917431192661
34724	0.00917431192661
41111	0.00917431192661
26199	0.00909090909091
51632	0.00909090909091
59611	0.00909090909091
35245	0.00900900900901
26674	0.00892857142857
40562	0.00892857142857
2927	0.00884955752212
17068	0.00877192982456
42262	0.00869565217391
48902	0.00869565217391
50939	0.00869565217391
2071	0.00862068965517
37104	0.00862068965517
41041	0.00862068965517
51340	0.00862068965517
1362	0.00854700854701
9184	0.00854700854701
17554	0.00854700854701
41682	0.00854700854701
106	0.00847457627119
1273	0.00847457627119
3826	0.00847457627119
13098	0.00847457627119
19111	0.00847457627119
33481	0.00847457627119
42019	0.00847457627119
30799	0.00845070422535
13418	0.00840336134454
50881	0.00840336134454
51666	0.00840336134454
12325	0.00826446280992
26437	0.00826446280992
35420	0.00826446280992
44117	0.00826446280992
1954	0.00819672131148
3865	0.00819672131148
6803	0.00819672131148
11297	0.00819672131148
21657	0.00819672131148
35809	0.00815217391304
15825	0.00813008130081
51281	0.00813008130081
35920	0.00806451612903
51054	0.00806451612903
128	0.008
13076	0.008
2850	0.00793650793651
5575	0.00793650793651
11095	0.00793650793651
22798	0.00793650793651
27087	0.00787401574803
51811	0.00787401574803
7451	0.0078125
25440	0.0078125
16228	0.0077519379845
41890	0.0077519379845
2152	0.00772200772201
30793	0.00769230769231
31864	0.00769230769231
10251	0.00766283524904
28128	0.00766283524904
2070	0.00763358778626
6928	0.00763358778626
28750	0.00763358778626
35039	0.00763358778626
4035	0.00757575757576
51266	0.00757575757576
50963	0.00746268656716
15114	0.00735294117647
41011	0.00735294117647
41287	0.00735294117647
554	0.00729927007299
3436	0.00719424460432
34350	0.00719424460432
12777	0.00714285714286
25937	0.00714285714286
50903	0.00714285714286
5164	0.00709219858156
42609	0.00706713780919
23244	0.00704225352113
40969	0.00704225352113
51676	0.00704225352113
13040	0.00699300699301
23440	0.00684931506849
40893	0.00680272108844
41552	0.00680272108844
41672	0.00680272108844
17979	0.00675675675676
30625	0.00671140939597
42335	0.00671140939597
41258	0.0066889632107
10089	0.00666666666667
684	0.00664451827243
23628	0.00662251655629
34676	0.00662251655629
384	0.00657894736842
4413	0.00657894736842
35237	0.00649350649351
35728	0.00647249190939
28737	0.00645161290323
37680	0.00645161290323
13064	0.00632911392405
17625	0.00632911392405
13642	0.0062893081761
22104	0.0062893081761
30789	0.0062893081761
4144	0.00625
7344	0.00625
11128	0.00625
21662	0.00625
51699	0.00625
1655	0.00623052959502
16723	0.00621118012422
22805	0.00621118012422
2588	0.00617283950617
6679	0.00617283950617
42450	0.00613496932515
26890	0.00609756097561
48076	0.00609756097561
36710	0.00606060606061
9488	0.00602409638554
20527	0.00602409638554
41609	0.00602409638554
40625	0.0059880239521
44599	0.0059880239521
50897	0.0059880239521
13660	0.00595238095238
22070	0.00595238095238
18701	0.00593471810089
37198	0.00593471810089
41278	0.00588235294118
17586	0.005859375
41034	0.00583090379009
25078	0.00581395348837
30802	0.00581395348837
51197	0.00581395348837
30901	0.00578034682081
33692	0.00578034682081
52494	0.00578034682081
11300	0.00574712643678
37238	0.00571428571429
41546	0.00571428571429
6573	0.00568181818182
7460	0.00564971751412
7505	0.00564971751412
11359	0.00558659217877
30812	0.00558659217877
41610	0.00555555555556
51038	0.00555555555556
30982	0.00549450549451
16420	0.0054347826087
4489	0.00539568345324
39358	0.00537634408602
22230	0.00531914893617
22524	0.00531914893617
41452	0.00531914893617
11314	0.00526315789474
51146	0.00526315789474
8159	0.00523560209424
29705	0.00520833333333
41047	0.00518134715026
44978	0.00518134715026
51697	0.00518134715026
31483	0.00515463917526
5419	0.00510204081633
10653	0.00510204081633
37689	0.00510204081633
7533	0.00507614213198
9625	0.00505050505051
52029	0.00505050505051
11782	0.00502512562814
10166	0.005
41308	0.005
5056	0.0049504950495
1489	0.00492610837438
35049	0.00490998363339
1739	0.00487804878049
41366	0.00487804878049
32490	0.0048309178744
53069	0.00469483568075
13095	0.00467289719626
32823	0.0046511627907
51099	0.0046511627907
18172	0.00462962962963
25413	0.00460829493088
37660	0.00460829493088
2722	0.0045871559633
10727	0.0045871559633
50851	0.0045871559633
3827	0.00456621004566
21331	0.00456621004566
12756	0.00452488687783
50937	0.0045045045045
6816	0.00446428571429
14360	0.00446428571429
18759	0.00446428571429
14749	0.00444444444444
21545	0.00443458980044
2127	0.00440528634361
4876	0.00436681222707
4900	0.00436681222707
24126	0.00436681222707
51724	0.00436681222707
5519	0.00435540069686
38206	0.00434782608696
11169	0.00433839479393
41044	0.00433839479393
34356	0.004329004329
4327	0.00431034482759
20779	0.00431034482759
28633	0.0042735042735
9188	0.0042194092827
17952	0.00420168067227
18607	0.00416666666667
25051	0.00416666666667
52332	0.00414937759336
17147	0.00404858299595
23667	0.00404858299595
35847	0.00404858299595
44951	0.00404858299595
40984	0.00403225806452
35345	0.00397877984085
33841	0.0039603960396
6789	0.00395256916996
41188	0.00392156862745
38080	0.003861003861
28821	0.00383141762452
29372	0.00381679389313
41326	0.00380228136882
3116	0.00378787878788
50995	0.00378787878788
30269	0.00378071833648
35021	0.00377358490566
39602	0.00377358490566
8732	0.00375234521576
7062	0.00374531835206
5599	0.0037037037037
12998	0.0037037037037
35136	0.00369685767098
11201	0.00364298724954
4242	0.00363636363636
5218	0.00362976406534
5460	0.00359712230216
862	0.00358422939068
21558	0.00354609929078
28286	0.00354609929078
3022	0.00353356890459
29724	0.00353356890459
19090	0.00352112676056
2448	0.00348432055749
41106	0.00344827586207
6444	0.00342465753425
1743	0.00340715502555
41154	0.00340136054422
41042	0.00337837837838
7261	0.00336134453782
34548	0.00335570469799
5512	0.00334448160535
35958	0.00333333333333
41307	0.00333333333333
41093	0.00331125827815
52225	0.00331125827815
1918	0.003300330033
41098	0.00328947368421
253	0.00328587075575
37225	0.00327868852459
50901	0.00327868852459
51156	0.00326797385621
118	0.00324675324675
38987	0.00322580645161
40979	0.00322580645161
41972	0.00319488817891
1364	0.0031847133758
17715	0.0031847133758
26893	0.00314465408805
900	0.00313971742543
32453	0.00310559006211
23150	0.0031007751938
4868	0.0030959752322
41000	0.00303951367781
41434	0.00303951367781
39546	0.0030303030303
29686	0.00302114803625
3535	0.00301204819277
3239	0.003003003003
29591	0.00297619047619
7349	0.00296735905045
2142	0.00295857988166
34147	0.00294985250737
4764	0.0029197080292
47611	0.00289855072464
3788	0.0028818443804
50957	0.00287356321839
34897	0.00286532951289
41048	0.00286532951289
4644	0.00285714285714
47774	0.00285714285714
7317	0.00280898876404
4563	0.00280112044818
5622	0.00280112044818
6689	0.00277777777778
41097	0.00277777777778
15373	0.00277008310249
29971	0.00277008310249
41050	0.00276243093923
50933	0.0027397260274
27949	0.00271739130435
29218	0.00268096514745
20630	0.00263852242744
40995	0.00263852242744
23481	0.00263157894737
35514	0.00263157894737
11664	0.00262467191601
42156	0.00259067357513
20818	0.00253807106599
51133	0.00253807106599
932	0.00251256281407
24684	0.00251256281407
41031	0.00251256281407
76	0.00250836120401
10281	0.00248756218905
18584	0.00246609124538
40965	0.00245298446443
4711	0.00243902439024
31536	0.00243309002433
41071	0.00242130750605
18960	0.00241837968561
41027	0.0024154589372
12388	0.00237529691211
25586	0.00237529691211
7518	0.00235849056604
38191	0.00235017626322
497	0.00232018561485
26602	0.00229533282326
689	0.00227790432802
29861	0.00226244343891
23666	0.00225225225225
20075	0.00224215246637
3273	0.00223964165733
49394	0.00220750551876
41332	0.00220264317181
4654	0.00219538968167
37961	0.00218818380744
15228	0.00217391304348
3419	0.00216919739696
35703	0.0021645021645
1497	0.00216333153056
41058	0.00215982721382
33762	0.00215517241379
41003	0.00214592274678
28742	0.0021436227224
23782	0.00210970464135
29309	0.00210970464135
27865	0.0020964360587
22383	0.00208913649025
39549	0.00206611570248
5593	0.00204498977505
17711	0.0020366598778
41355	0.0020366598778
2344	0.00202839756592
5768	0.00202839756592
41109	0.0020202020202
34169	0.00201612903226
3729	0.00200400801603
5673	0.00197238658777
9647	0.00195694716243
34369	0.00194174757282
1118	0.00193548387097
40971	0.00191938579655
9826	0.00190114068441
11727	0.00189035916824
40999	0.00188679245283
51041	0.0018691588785
21745	0.00182149362477
39915	0.00181818181818
17566	0.0018018018018
41583	0.00179533213645
25098	0.00178890876565
51212	0.00176056338028
4518	0.00175901495163
28407	0.00175438596491
29863	0.00174825174825
41074	0.00174825174825
38793	0.00174520069808
12969	0.00172562553926
18777	0.00170648464164
38925	0.00170068027211
1503	0.00167597765363
31440	0.0016694490818
14253	0.00165562913907
38203	0.00164925783397
26863	0.00164744645799
22743	0.00164203612479
7175	0.00163666121113
2326	0.0016339869281
16209	0.00163132137031
4121	0.00162866449511
12610	0.00162601626016
20416	0.00162601626016
18456	0.00162337662338
17355	0.0016155088853
4578	0.0016146393972
28051	0.00159489633174
38584	0.00156739811912
25113	0.0015503875969
868	0.00154202004626
17596	0.00153374233129
5157	0.00152361604876
4430	0.00149365197909
50863	0.0014409221902
2037	0.00142247510669
5237	0.00142045454545
40987	0.00141843971631
2745	0.001414427157
38492	0.00139275766017
7419	0.00137362637363
3059	0.00136798905609
20506	0.00135501355014
2419	0.00134408602151
26805	0.00133868808568
3133	0.00133689839572
41018	0.00132100396301
2381	0.00131926121372
1628	0.00125156445557
9642	0.00125156445557
5420	0.00124688279302
41090	0.00124688279302
39447	0.00120048019208
3365	0.00119904076739
29277	0.00119904076739
6427	0.00117785630153
27890	0.00117785630153
13111	0.00117716303708
2290	0.00116686114352
28405	0.00116009280742
5000	0.00111234705228
34224	0.00111234705228
2007	0.00110619469027
2898	0.00109409190372
18311	0.00108225108225
7340	0.00106951871658
4937	0.00103519668737
1902	0.00103092783505
2	0.00101936799185
11	0.000997008973081
39785	0.000996015936255
36398	0.000979431929481
869	0.00097727827999
2463	0.000960614793468
3733	0.000955109837631
1048	0.00095328884652
7312	0.000942951438001
34367	0.000919963201472
22929	0.000918273645546
921	0.000911577028259
5809	0.00090661831369
38794	0.000891265597148
22744	0.000883392226148
9538	0.00085910652921
35563	0.000821018062397
6812	0.000819672131148
4846	0.000787401574803
39136	0.000774593338497
19601	0.000732600732601
41016	0.000726744186047
5432	0.000697350069735
4655	0.000676589986468
8709	0.000670241286863
5112	0.000665335994677
19598	0.00065274151436
5204	0.000643500643501
4396	0.000641848523748
5231	0.000521648408972
893	0.000502260170768
