49960	0.063829787234
6030	0.0625
704	0.0588235294118
52506	0.0588235294118
17999	0.0571428571429
41463	0.0571428571429
5225	0.0555555555556
50395	0.0555555555556
8034	0.0545454545455
22081	0.0540540540541
52144	0.0540540540541
34736	0.0512820512821
2243	0.0508474576271
39936	0.05
43275	0.05
53654	0.05
11243	0.0487804878049
20323	0.0487804878049
21493	0.0487804878049
40378	0.0487804878049
14536	0.047619047619
27424	0.047619047619
37673	0.047619047619
52976	0.047619047619
1493	0.046511627907
41446	0.046511627907
50393	0.046511627907
60116	0.046511627907
515	0.0461538461538
18772	0.0454545454545
46121	0.0454545454545
53312	0.0444444444444
5408	0.0434782608696
12054	0.0434782608696
41509	0.0434782608696
46546	0.0434782608696
49564	0.0434782608696
18930	0.0425531914894
24577	0.0416666666667
25947	0.0416666666667
30987	0.0416666666667
44424	0.0416666666667
817	0.041095890411
175	0.0408163265306
32472	0.0408163265306
51816	0.0408163265306
10344	0.04
12434	0.04
33428	0.04
41150	0.0394736842105
51441	0.0392156862745
1555	0.038961038961
1778	0.0384615384615
53380	0.0384615384615
795	0.0377358490566
35160	0.0377358490566
193	0.037037037037
347	0.037037037037
1126	0.037037037037
1496	0.037037037037
2039	0.037037037037
2622	0.037037037037
5038	0.037037037037
6224	0.037037037037
6267	0.037037037037
7186	0.037037037037
10191	0.037037037037
10759	0.037037037037
11244	0.037037037037
13709	0.037037037037
14302	0.037037037037
15786	0.037037037037
15957	0.037037037037
16089	0.037037037037
16791	0.037037037037
18289	0.037037037037
18845	0.037037037037
19229	0.037037037037
19638	0.037037037037
19920	0.037037037037
20938	0.037037037037
20977	0.037037037037
21280	0.037037037037
22097	0.037037037037
22162	0.037037037037
22956	0.037037037037
23005	0.037037037037
23791	0.037037037037
25124	0.037037037037
25198	0.037037037037
26920	0.037037037037
27155	0.037037037037
27665	0.037037037037
27996	0.037037037037
28032	0.037037037037
28614	0.037037037037
28776	0.037037037037
29353	0.037037037037
30173	0.037037037037
30244	0.037037037037
30684	0.037037037037
31084	0.037037037037
32263	0.037037037037
32563	0.037037037037
33107	0.037037037037
33197	0.037037037037
33324	0.037037037037
33641	0.037037037037
33918	0.037037037037
34313	0.037037037037
35806	0.037037037037
36425	0.037037037037
37138	0.037037037037
38041	0.037037037037
38279	0.037037037037
38463	0.037037037037
38605	0.037037037037
39077	0.037037037037
39999	0.037037037037
41185	0.037037037037
42769	0.037037037037
44113	0.037037037037
44481	0.037037037037
45729	0.037037037037
48733	0.037037037037
49702	0.037037037037
49724	0.037037037037
50109	0.037037037037
50806	0.037037037037
52666	0.037037037037
53565	0.037037037037
54130	0.037037037037
54624	0.037037037037
55624	0.037037037037
55659	0.037037037037
56359	0.037037037037
57065	0.037037037037
57112	0.037037037037
58910	0.037037037037
59257	0.037037037037
60816	0.037037037037
32814	0.0363636363636
43242	0.0363636363636
51893	0.0363636363636
4346	0.0357142857143
4426	0.0357142857143
4448	0.0357142857143
6082	0.0357142857143
6131	0.0357142857143
6652	0.0357142857143
7777	0.0357142857143
9599	0.0357142857143
11325	0.0357142857143
12848	0.0357142857143
13283	0.0357142857143
13782	0.0357142857143
13893	0.0357142857143
15535	0.0357142857143
16489	0.0357142857143
19189	0.0357142857143
19336	0.0357142857143
19575	0.0357142857143
22631	0.0357142857143
24911	0.0357142857143
25872	0.0357142857143
26112	0.0357142857143
26343	0.0357142857143
26539	0.0357142857143
26769	0.0357142857143
26999	0.0357142857143
27100	0.0357142857143
29993	0.0357142857143
30455	0.0357142857143
30474	0.0357142857143
30993	0.0357142857143
31162	0.0357142857143
31630	0.0357142857143
31862	0.0357142857143
31884	0.0357142857143
32884	0.0357142857143
33244	0.0357142857143
33322	0.0357142857143
35226	0.0357142857143
35310	0.0357142857143
35335	0.0357142857143
35692	0.0357142857143
35944	0.0357142857143
37820	0.0357142857143
38183	0.0357142857143
38366	0.0357142857143
38542	0.0357142857143
38684	0.0357142857143
39359	0.0357142857143
39993	0.0357142857143
40592	0.0357142857143
40940	0.0357142857143
41695	0.0357142857143
41973	0.0357142857143
42864	0.0357142857143
43375	0.0357142857143
43994	0.0357142857143
44099	0.0357142857143
44194	0.0357142857143
45046	0.0357142857143
45280	0.0357142857143
46887	0.0357142857143
46954	0.0357142857143
47004	0.0357142857143
47030	0.0357142857143
47855	0.0357142857143
48788	0.0357142857143
48790	0.0357142857143
49111	0.0357142857143
49604	0.0357142857143
49627	0.0357142857143
49882	0.0357142857143
50391	0.0357142857143
50394	0.0357142857143
50417	0.0357142857143
50874	0.0357142857143
51762	0.0357142857143
52020	0.0357142857143
53990	0.0357142857143
54216	0.0357142857143
54507	0.0357142857143
55017	0.0357142857143
57904	0.0357142857143
58111	0.0357142857143
58452	0.0357142857143
59403	0.0357142857143
59473	0.0357142857143
61373	0.0357142857143
1241	0.0350877192982
32522	0.0350877192982
42388	0.0350877192982
47456	0.0350877192982
3065	0.0344827586207
3706	0.0344827586207
3994	0.0344827586207
4150	0.0344827586207
4761	0.0344827586207
6337	0.0344827586207
8568	0.0344827586207
8792	0.0344827586207
9122	0.0344827586207
10001	0.0344827586207
10241	0.0344827586207
10530	0.0344827586207
12263	0.0344827586207
12554	0.0344827586207
12920	0.0344827586207
14550	0.0344827586207
14679	0.0344827586207
15773	0.0344827586207
16429	0.0344827586207
17012	0.0344827586207
17553	0.0344827586207
18728	0.0344827586207
19796	0.0344827586207
20475	0.0344827586207
20616	0.0344827586207
21517	0.0344827586207
24153	0.0344827586207
24962	0.0344827586207
24976	0.0344827586207
25442	0.0344827586207
25905	0.0344827586207
26410	0.0344827586207
26414	0.0344827586207
26854	0.0344827586207
29069	0.0344827586207
29659	0.0344827586207
30489	0.0344827586207
31529	0.0344827586207
33310	0.0344827586207
34904	0.0344827586207
36362	0.0344827586207
36588	0.0344827586207
36730	0.0344827586207
36882	0.0344827586207
36955	0.0344827586207
37783	0.0344827586207
37818	0.0344827586207
38271	0.0344827586207
39987	0.0344827586207
40910	0.0344827586207
43432	0.0344827586207
43606	0.0344827586207
44426	0.0344827586207
46080	0.0344827586207
47371	0.0344827586207
48201	0.0344827586207
50296	0.0344827586207
50380	0.0344827586207
50809	0.0344827586207
52594	0.0344827586207
52852	0.0344827586207
53512	0.0344827586207
55310	0.0344827586207
56934	0.0344827586207
58358	0.0344827586207
58835	0.0344827586207
59207	0.0344827586207
59880	0.0344827586207
60545	0.0344827586207
61092	0.0344827586207
38642	0.0340909090909
51852	0.0340909090909
20261	0.0338983050847
39582	0.0338983050847
52123	0.0338983050847
33720	0.0337078651685
1327	0.0333333333333
1487	0.0333333333333
1633	0.0333333333333
1691	0.0333333333333
2192	0.0333333333333
2382	0.0333333333333
2712	0.0333333333333
3340	0.0333333333333
7037	0.0333333333333
8200	0.0333333333333
8251	0.0333333333333
8713	0.0333333333333
9943	0.0333333333333
10008	0.0333333333333
10648	0.0333333333333
11848	0.0333333333333
14342	0.0333333333333
14872	0.0333333333333
15343	0.0333333333333
15695	0.0333333333333
15991	0.0333333333333
16334	0.0333333333333
16703	0.0333333333333
17358	0.0333333333333
18593	0.0333333333333
18980	0.0333333333333
19015	0.0333333333333
19372	0.0333333333333
21483	0.0333333333333
21877	0.0333333333333
22041	0.0333333333333
23070	0.0333333333333
24121	0.0333333333333
24755	0.0333333333333
25492	0.0333333333333
25925	0.0333333333333
26689	0.0333333333333
27538	0.0333333333333
28042	0.0333333333333
28491	0.0333333333333
30670	0.0333333333333
30771	0.0333333333333
31012	0.0333333333333
31499	0.0333333333333
33309	0.0333333333333
34489	0.0333333333333
36206	0.0333333333333
36223	0.0333333333333
36427	0.0333333333333
36670	0.0333333333333
36795	0.0333333333333
36866	0.0333333333333
37950	0.0333333333333
38274	0.0333333333333
38335	0.0333333333333
42523	0.0333333333333
43131	0.0333333333333
43499	0.0333333333333
46012	0.0333333333333
46013	0.0333333333333
46540	0.0333333333333
47091	0.0333333333333
47370	0.0333333333333
48654	0.0333333333333
49412	0.0333333333333
49517	0.0333333333333
49878	0.0333333333333
50103	0.0333333333333
50646	0.0333333333333
52119	0.0333333333333
52524	0.0333333333333
52880	0.0333333333333
52968	0.0333333333333
53191	0.0333333333333
53454	0.0333333333333
53993	0.0333333333333
54475	0.0333333333333
55500	0.0333333333333
56658	0.0333333333333
58335	0.0333333333333
58613	0.0333333333333
59725	0.0333333333333
60273	0.0333333333333
52759	0.0327868852459
41942	0.0324074074074
1450	0.0322580645161
4259	0.0322580645161
4375	0.0322580645161
6293	0.0322580645161
7244	0.0322580645161
7813	0.0322580645161
8058	0.0322580645161
9316	0.0322580645161
9726	0.0322580645161
12321	0.0322580645161
12427	0.0322580645161
12526	0.0322580645161
12561	0.0322580645161
13273	0.0322580645161
13899	0.0322580645161
16721	0.0322580645161
17759	0.0322580645161
18087	0.0322580645161
19582	0.0322580645161
19784	0.0322580645161
20303	0.0322580645161
22363	0.0322580645161
24007	0.0322580645161
24695	0.0322580645161
24847	0.0322580645161
29202	0.0322580645161
29759	0.0322580645161
31297	0.0322580645161
31869	0.0322580645161
36380	0.0322580645161
38278	0.0322580645161
40539	0.0322580645161
42180	0.0322580645161
43205	0.0322580645161
43309	0.0322580645161
44167	0.0322580645161
44233	0.0322580645161
45268	0.0322580645161
47157	0.0322580645161
48854	0.0322580645161
50503	0.0322580645161
52978	0.0322580645161
54441	0.0322580645161
58004	0.0322580645161
58430	0.0322580645161
59062	0.0322580645161
60182	0.0322580645161
60329	0.0322580645161
11223	0.031914893617
52613	0.031914893617
8	0.031746031746
2129	0.031746031746
46674	0.031746031746
59944	0.0315789473684
38818	0.0314960629921
897	0.03125
2177	0.03125
3491	0.03125
3837	0.03125
5520	0.03125
7745	0.03125
9380	0.03125
9898	0.03125
12094	0.03125
12521	0.03125
13373	0.03125
14576	0.03125
14590	0.03125
15229	0.03125
16202	0.03125
16274	0.03125
17005	0.03125
18734	0.03125
19054	0.03125
20331	0.03125
20490	0.03125
22965	0.03125
25797	0.03125
28356	0.03125
28687	0.03125
28706	0.03125
29974	0.03125
30065	0.03125
30118	0.03125
31402	0.03125
32827	0.03125
34000	0.03125
35611	0.03125
36512	0.03125
37307	0.03125
38614	0.03125
40238	0.03125
42355	0.03125
42357	0.03125
42479	0.03125
42834	0.03125
44105	0.03125
45678	0.03125
48097	0.03125
50310	0.03125
50451	0.03125
50549	0.03125
50729	0.03125
50921	0.03125
50982	0.03125
52447	0.03125
52596	0.03125
54030	0.03125
54158	0.03125
54261	0.03125
54744	0.03125
56924	0.03125
57366	0.03125
57528	0.03125
58140	0.03125
59534	0.03125
59628	0.03125
60317	0.03125
52733	0.0309278350515
29379	0.0307692307692
31866	0.0307692307692
60330	0.0307692307692
34095	0.030612244898
2261	0.030303030303
3362	0.030303030303
3401	0.030303030303
4164	0.030303030303
4507	0.030303030303
11211	0.030303030303
13252	0.030303030303
14293	0.030303030303
15448	0.030303030303
15981	0.030303030303
18420	0.030303030303
18787	0.030303030303
20040	0.030303030303
20830	0.030303030303
21360	0.030303030303
23062	0.030303030303
26325	0.030303030303
26527	0.030303030303
29666	0.030303030303
30376	0.030303030303
34094	0.030303030303
35177	0.030303030303
37147	0.030303030303
37179	0.030303030303
37607	0.030303030303
37917	0.030303030303
38491	0.030303030303
38574	0.030303030303
39376	0.030303030303
40656	0.030303030303
41036	0.030303030303
42129	0.030303030303
45508	0.030303030303
46020	0.030303030303
46235	0.030303030303
46771	0.030303030303
47208	0.030303030303
48492	0.030303030303
48582	0.030303030303
49189	0.030303030303
49952	0.030303030303
50880	0.030303030303
52186	0.030303030303
52274	0.030303030303
52803	0.030303030303
53581	0.030303030303
54297	0.030303030303
55118	0.030303030303
55885	0.030303030303
56544	0.030303030303
56807	0.030303030303
58840	0.030303030303
59619	0.030303030303
59827	0.030303030303
60102	0.030303030303
60478	0.030303030303
61177	0.030303030303
5390	0.0298507462687
41471	0.0298507462687
51250	0.029702970297
182	0.0294117647059
1111	0.0294117647059
3185	0.0294117647059
3310	0.0294117647059
3542	0.0294117647059
5163	0.0294117647059
8182	0.0294117647059
9940	0.0294117647059
10553	0.0294117647059
11892	0.0294117647059
12046	0.0294117647059
13604	0.0294117647059
13751	0.0294117647059
13863	0.0294117647059
14215	0.0294117647059
16772	0.0294117647059
17384	0.0294117647059
18601	0.0294117647059
22092	0.0294117647059
22920	0.0294117647059
23294	0.0294117647059
23471	0.0294117647059
23520	0.0294117647059
25948	0.0294117647059
27272	0.0294117647059
29431	0.0294117647059
29743	0.0294117647059
30473	0.0294117647059
31026	0.0294117647059
31707	0.0294117647059
33031	0.0294117647059
33533	0.0294117647059
33840	0.0294117647059
33921	0.0294117647059
34021	0.0294117647059
37464	0.0294117647059
39746	0.0294117647059
40126	0.0294117647059
43080	0.0294117647059
43095	0.0294117647059
44308	0.0294117647059
44780	0.0294117647059
48991	0.0294117647059
49201	0.0294117647059
50521	0.0294117647059
52625	0.0294117647059
53083	0.0294117647059
53589	0.0294117647059
53760	0.0294117647059
61222	0.0294117647059
33855	0.0291262135922
4457	0.0289855072464
4658	0.0289855072464
5144	0.0289855072464
30784	0.0289855072464
51297	0.0289855072464
52459	0.0289855072464
456	0.0287356321839
1927	0.0285714285714
2178	0.0285714285714
3762	0.0285714285714
4767	0.0285714285714
5955	0.0285714285714
6118	0.0285714285714
6702	0.0285714285714
7994	0.0285714285714
9352	0.0285714285714
10740	0.0285714285714
11763	0.0285714285714
12436	0.0285714285714
14513	0.0285714285714
15828	0.0285714285714
17391	0.0285714285714
17720	0.0285714285714
19225	0.0285714285714
19751	0.0285714285714
28202	0.0285714285714
30064	0.0285714285714
30362	0.0285714285714
30637	0.0285714285714
30677	0.0285714285714
31888	0.0285714285714
31995	0.0285714285714
32171	0.0285714285714
32210	0.0285714285714
33991	0.0285714285714
35589	0.0285714285714
36754	0.0285714285714
39187	0.0285714285714
40099	0.0285714285714
40546	0.0285714285714
41033	0.0285714285714
42694	0.0285714285714
42898	0.0285714285714
42987	0.0285714285714
43777	0.0285714285714
44396	0.0285714285714
44897	0.0285714285714
45080	0.0285714285714
45135	0.0285714285714
46834	0.0285714285714
47431	0.0285714285714
50186	0.0285714285714
51638	0.0285714285714
51803	0.0285714285714
52269	0.0285714285714
52348	0.0285714285714
52504	0.0285714285714
52512	0.0285714285714
57431	0.0285714285714
57781	0.0285714285714
58112	0.0285714285714
58759	0.0285714285714
60094	0.0285714285714
60369	0.0285714285714
13064	0.0284090909091
41385	0.0283018867925
52416	0.0283018867925
59133	0.0283018867925
5267	0.0281690140845
23395	0.0281690140845
464	0.0277777777778
2340	0.0277777777778
4219	0.0277777777778
4730	0.0277777777778
6978	0.0277777777778
7471	0.0277777777778
7985	0.0277777777778
8015	0.0277777777778
8490	0.0277777777778
8690	0.0277777777778
8785	0.0277777777778
9348	0.0277777777778
9550	0.0277777777778
13314	0.0277777777778
13356	0.0277777777778
14301	0.0277777777778
14670	0.0277777777778
16500	0.0277777777778
16557	0.0277777777778
17587	0.0277777777778
17922	0.0277777777778
18397	0.0277777777778
18929	0.0277777777778
19477	0.0277777777778
20502	0.0277777777778
22764	0.0277777777778
23113	0.0277777777778
23336	0.0277777777778
23882	0.0277777777778
26336	0.0277777777778
32258	0.0277777777778
33075	0.0277777777778
33240	0.0277777777778
33580	0.0277777777778
35157	0.0277777777778
37495	0.0277777777778
37603	0.0277777777778
38475	0.0277777777778
39657	0.0277777777778
41580	0.0277777777778
41675	0.0277777777778
42330	0.0277777777778
42474	0.0277777777778
43183	0.0277777777778
47166	0.0277777777778
50774	0.0277777777778
52537	0.0277777777778
52681	0.0277777777778
52775	0.0277777777778
52813	0.0277777777778
53033	0.0277777777778
53220	0.0277777777778
57681	0.0277777777778
58449	0.0277777777778
59538	0.0277777777778
59580	0.0277777777778
59994	0.0277777777778
60933	0.0277777777778
18327	0.0272727272727
31850	0.0271739130435
363	0.027027027027
690	0.027027027027
1176	0.027027027027
2051	0.027027027027
4777	0.027027027027
5186	0.027027027027
6203	0.027027027027
7338	0.027027027027
8615	0.027027027027
9295	0.027027027027
9669	0.027027027027
9781	0.027027027027
9975	0.027027027027
13026	0.027027027027
15592	0.027027027027
16618	0.027027027027
17344	0.027027027027
18061	0.027027027027
19230	0.027027027027
19889	0.027027027027
20986	0.027027027027
22851	0.027027027027
24331	0.027027027027
26506	0.027027027027
27298	0.027027027027
29504	0.027027027027
30015	0.027027027027
31692	0.027027027027
32049	0.027027027027
33125	0.027027027027
34688	0.027027027027
37023	0.027027027027
37274	0.027027027027
37480	0.027027027027
37536	0.027027027027
37779	0.027027027027
39460	0.027027027027
39712	0.027027027027
42547	0.027027027027
42630	0.027027027027
42658	0.027027027027
42708	0.027027027027
43106	0.027027027027
43136	0.027027027027
46101	0.027027027027
51805	0.027027027027
52214	0.027027027027
53296	0.027027027027
59718	0.027027027027
59986	0.027027027027
17932	0.0266666666667
43744	0.0266666666667
43924	0.0266666666667
744	0.0263157894737
2817	0.0263157894737
3953	0.0263157894737
5983	0.0263157894737
8758	0.0263157894737
9918	0.0263157894737
12171	0.0263157894737
12530	0.0263157894737
13257	0.0263157894737
15358	0.0263157894737
19923	0.0263157894737
21394	0.0263157894737
21646	0.0263157894737
25283	0.0263157894737
25321	0.0263157894737
25587	0.0263157894737
26573	0.0263157894737
26826	0.0263157894737
28966	0.0263157894737
29259	0.0263157894737
32255	0.0263157894737
32752	0.0263157894737
32755	0.0263157894737
34731	0.0263157894737
41216	0.0263157894737
42096	0.0263157894737
42579	0.0263157894737
42695	0.0263157894737
42720	0.0263157894737
43008	0.0263157894737
43053	0.0263157894737
43093	0.0263157894737
43860	0.0263157894737
45714	0.0263157894737
46282	0.0263157894737
51067	0.0263157894737
51204	0.0263157894737
51981	0.0263157894737
52082	0.0263157894737
53198	0.0263157894737
53281	0.0263157894737
53306	0.0263157894737
58479	0.0263157894737
59746	0.0263157894737
61282	0.0263157894737
37007	0.025974025974
52131	0.025974025974
52931	0.025974025974
26	0.025641025641
3011	0.025641025641
3313	0.025641025641
4635	0.025641025641
4792	0.025641025641
6423	0.025641025641
10147	0.025641025641
10724	0.025641025641
11978	0.025641025641
12764	0.025641025641
13247	0.025641025641
20008	0.025641025641
20378	0.025641025641
20877	0.025641025641
21590	0.025641025641
24966	0.025641025641
26364	0.025641025641
30219	0.025641025641
30622	0.025641025641
32102	0.025641025641
33752	0.025641025641
33966	0.025641025641
34675	0.025641025641
34826	0.025641025641
36252	0.025641025641
36285	0.025641025641
37833	0.025641025641
38867	0.025641025641
44749	0.025641025641
47866	0.025641025641
49132	0.025641025641
50858	0.025641025641
52388	0.025641025641
54902	0.025641025641
8198	0.0253164556962
16281	0.0253164556962
31608	0.0253164556962
51498	0.0253164556962
41160	0.0252100840336
28128	0.0251798561151
5012	0.0251572327044
773	0.025
1879	0.025
7110	0.025
7716	0.025
10334	0.025
10337	0.025
10544	0.025
11266	0.025
11865	0.025
14466	0.025
15122	0.025
16137	0.025
16856	0.025
17421	0.025
18692	0.025
18707	0.025
19956	0.025
20389	0.025
22481	0.025
23203	0.025
23240	0.025
23945	0.025
24826	0.025
25598	0.025
26919	0.025
28131	0.025
28200	0.025
28599	0.025
30944	0.025
31416	0.025
33035	0.025
37319	0.025
37324	0.025
37788	0.025
38086	0.025
38569	0.025
39432	0.025
41474	0.025
42007	0.025
42232	0.025
42274	0.025
42390	0.025
42494	0.025
43425	0.025
44953	0.025
47308	0.025
49859	0.025
51182	0.025
51529	0.025
51663	0.025
52077	0.025
52129	0.025
52497	0.025
53225	0.025
60048	0.025
60143	0.025
60404	0.025
2145	0.0247933884298
42135	0.0247933884298
2739	0.0246913580247
8965	0.0246913580247
12838	0.0246913580247
29465	0.0246913580247
50553	0.0245901639344
5089	0.0245398773006
1179	0.0243902439024
1468	0.0243902439024
3761	0.0243902439024
3968	0.0243902439024
5270	0.0243902439024
5645	0.0243902439024
7532	0.0243902439024
8454	0.0243902439024
9535	0.0243902439024
11624	0.0243902439024
11792	0.0243902439024
16247	0.0243902439024
16973	0.0243902439024
17666	0.0243902439024
19466	0.0243902439024
19630	0.0243902439024
20007	0.0243902439024
20622	0.0243902439024
21629	0.0243902439024
22525	0.0243902439024
23169	0.0243902439024
24767	0.0243902439024
27070	0.0243902439024
29886	0.0243902439024
33078	0.0243902439024
36414	0.0243902439024
37029	0.0243902439024
37763	0.0243902439024
38451	0.0243902439024
38648	0.0243902439024
39337	0.0243902439024
41395	0.0243902439024
41520	0.0243902439024
45648	0.0243902439024
48070	0.0243902439024
49316	0.0243902439024
52023	0.0243902439024
55499	0.0243902439024
59737	0.0243902439024
60768	0.0243902439024
5603	0.0241935483871
20800	0.024154589372
7180	0.0240963855422
27419	0.0240963855422
36193	0.0240963855422
51053	0.0240963855422
51712	0.0240963855422
41136	0.024
41322	0.024
1907	0.0238095238095
2890	0.0238095238095
3642	0.0238095238095
6205	0.0238095238095
6479	0.0238095238095
6780	0.0238095238095
9247	0.0238095238095
10377	0.0238095238095
13779	0.0238095238095
15863	0.0238095238095
18964	0.0238095238095
21854	0.0238095238095
22373	0.0238095238095
24438	0.0238095238095
30120	0.0238095238095
30779	0.0238095238095
32611	0.0238095238095
32995	0.0238095238095
35908	0.0238095238095
36785	0.0238095238095
38217	0.0238095238095
39607	0.0238095238095
41262	0.0238095238095
41718	0.0238095238095
41822	0.0238095238095
42343	0.0238095238095
42486	0.0238095238095
42900	0.0238095238095
43944	0.0238095238095
44178	0.0238095238095
48413	0.0238095238095
50311	0.0238095238095
50900	0.0238095238095
51345	0.0238095238095
51410	0.0238095238095
52223	0.0238095238095
52326	0.0238095238095
59921	0.0238095238095
60206	0.0238095238095
60513	0.0238095238095
2874	0.0235294117647
21307	0.0235294117647
29746	0.0235294117647
42925	0.0235294117647
52857	0.0235294117647
1389	0.0232558139535
6201	0.0232558139535
8222	0.0232558139535
8736	0.0232558139535
11897	0.0232558139535
13685	0.0232558139535
14465	0.0232558139535
16861	0.0232558139535
17545	0.0232558139535
18683	0.0232558139535
18695	0.0232558139535
19495	0.0232558139535
19959	0.0232558139535
23275	0.0232558139535
24059	0.0232558139535
25070	0.0232558139535
29716	0.0232558139535
30839	0.0232558139535
32718	0.0232558139535
32753	0.0232558139535
35106	0.0232558139535
36627	0.0232558139535
38724	0.0232558139535
39581	0.0232558139535
40826	0.0232558139535
41731	0.0232558139535
42045	0.0232558139535
42072	0.0232558139535
42221	0.0232558139535
43599	0.0232558139535
47659	0.0232558139535
48190	0.0232558139535
50852	0.0232558139535
51059	0.0232558139535
51820	0.0232558139535
51888	0.0232558139535
52255	0.0232558139535
55367	0.0232558139535
59600	0.0232558139535
59830	0.0232558139535
60453	0.0232558139535
28155	0.023166023166
42912	0.0230263157895
2816	0.0229885057471
38661	0.0229885057471
42389	0.0229885057471
51353	0.0229885057471
317	0.0227272727273
7463	0.0227272727273
10007	0.0227272727273
11536	0.0227272727273
16302	0.0227272727273
16357	0.0227272727273
16870	0.0227272727273
17426	0.0227272727273
17634	0.0227272727273
18186	0.0227272727273
18265	0.0227272727273
18723	0.0227272727273
18769	0.0227272727273
21689	0.0227272727273
22891	0.0227272727273
24132	0.0227272727273
25038	0.0227272727273
26061	0.0227272727273
29330	0.0227272727273
30651	0.0227272727273
30933	0.0227272727273
31949	0.0227272727273
32306	0.0227272727273
35016	0.0227272727273
35574	0.0227272727273
38442	0.0227272727273
41389	0.0227272727273
42121	0.0227272727273
42192	0.0227272727273
42751	0.0227272727273
44467	0.0227272727273
46508	0.0227272727273
48880	0.0227272727273
49272	0.0227272727273
51073	0.0227272727273
51399	0.0227272727273
52164	0.0227272727273
52744	0.0227272727273
52853	0.0227272727273
53115	0.0227272727273
14181	0.0224719101124
18145	0.0224719101124
38099	0.0224719101124
51509	0.0224719101124
52190	0.0224719101124
3297	0.0223463687151
17915	0.0223463687151
1227	0.0222222222222
1969	0.0222222222222
3373	0.0222222222222
3669	0.0222222222222
5353	0.0222222222222
6802	0.0222222222222
7078	0.0222222222222
7274	0.0222222222222
7614	0.0222222222222
8393	0.0222222222222
9633	0.0222222222222
10483	0.0222222222222
10893	0.0222222222222
11392	0.0222222222222
17015	0.0222222222222
18105	0.0222222222222
18838	0.0222222222222
19182	0.0222222222222
20216	0.0222222222222
20515	0.0222222222222
24263	0.0222222222222
25081	0.0222222222222
26661	0.0222222222222
27294	0.0222222222222
27337	0.0222222222222
27550	0.0222222222222
29333	0.0222222222222
29378	0.0222222222222
32146	0.0222222222222
32870	0.0222222222222
33587	0.0222222222222
33874	0.0222222222222
34982	0.0222222222222
35526	0.0222222222222
38653	0.0222222222222
38817	0.0222222222222
39466	0.0222222222222
41557	0.0222222222222
41843	0.0222222222222
43037	0.0222222222222
43768	0.0222222222222
45273	0.0222222222222
45696	0.0222222222222
50665	0.0222222222222
51047	0.0222222222222
51087	0.0222222222222
52169	0.0222222222222
53179	0.0222222222222
59093	0.0222222222222
59871	0.0222222222222
60334	0.0222222222222
22877	0.0220588235294
49397	0.0220588235294
51030	0.0220588235294
15197	0.021978021978
911	0.0217391304348
5133	0.0217391304348
6355	0.0217391304348
8162	0.0217391304348
8744	0.0217391304348
10431	0.0217391304348
11662	0.0217391304348
14584	0.0217391304348
15872	0.0217391304348
20690	0.0217391304348
23841	0.0217391304348
24201	0.0217391304348
26067	0.0217391304348
27043	0.0217391304348
29012	0.0217391304348
35135	0.0217391304348
37183	0.0217391304348
37678	0.0217391304348
38078	0.0217391304348
38559	0.0217391304348
40158	0.0217391304348
41380	0.0217391304348
42878	0.0217391304348
43604	0.0217391304348
46611	0.0217391304348
48458	0.0217391304348
50929	0.0217391304348
52292	0.0217391304348
52522	0.0217391304348
56078	0.0217391304348
59603	0.0217391304348
59962	0.0217391304348
60147	0.0217391304348
51394	0.0216216216216
23605	0.0215053763441
41096	0.0215053763441
52196	0.0215053763441
52884	0.0215053763441
201	0.0212765957447
453	0.0212765957447
927	0.0212765957447
1608	0.0212765957447
3368	0.0212765957447
3461	0.0212765957447
5183	0.0212765957447
9703	0.0212765957447
11706	0.0212765957447
12483	0.0212765957447
17027	0.0212765957447
18595	0.0212765957447
18926	0.0212765957447
21820	0.0212765957447
24406	0.0212765957447
29252	0.0212765957447
29276	0.0212765957447
30056	0.0212765957447
32844	0.0212765957447
32893	0.0212765957447
32913	0.0212765957447
32927	0.0212765957447
38124	0.0212765957447
39024	0.0212765957447
39082	0.0212765957447
40585	0.0212765957447
41139	0.0212765957447
41450	0.0212765957447
41839	0.0212765957447
42039	0.0212765957447
42932	0.0212765957447
42947	0.0212765957447
42992	0.0212765957447
43259	0.0212765957447
43421	0.0212765957447
47911	0.0212765957447
48414	0.0212765957447
48853	0.0212765957447
52941	0.0212765957447
53053	0.0212765957447
54244	0.0212765957447
59576	0.0212765957447
59617	0.0212765957447
60095	0.0212765957447
60137	0.0212765957447
3492	0.020979020979
12756	0.0209205020921
3568	0.0208333333333
3883	0.0208333333333
5739	0.0208333333333
8542	0.0208333333333
11228	0.0208333333333
13727	0.0208333333333
17695	0.0208333333333
19118	0.0208333333333
20838	0.0208333333333
22985	0.0208333333333
23186	0.0208333333333
23237	0.0208333333333
30705	0.0208333333333
32881	0.0208333333333
36809	0.0208333333333
36901	0.0208333333333
38436	0.0208333333333
39642	0.0208333333333
41630	0.0208333333333
41719	0.0208333333333
41761	0.0208333333333
42070	0.0208333333333
42408	0.0208333333333
43217	0.0208333333333
43315	0.0208333333333
45140	0.0208333333333
46489	0.0208333333333
51129	0.0208333333333
51570	0.0208333333333
51942	0.0208333333333
52237	0.0208333333333
52475	0.0208333333333
52643	0.0208333333333
53116	0.0208333333333
53235	0.0208333333333
60251	0.0208333333333
61153	0.0208333333333
13076	0.0206896551724
51290	0.020618556701
41079	0.0205479452055
41364	0.0205479452055
458	0.0204081632653
3001	0.0204081632653
4149	0.0204081632653
4948	0.0204081632653
4985	0.0204081632653
5122	0.0204081632653
5817	0.0204081632653
6328	0.0204081632653
6552	0.0204081632653
11279	0.0204081632653
11488	0.0204081632653
13840	0.0204081632653
15121	0.0204081632653
19324	0.0204081632653
22878	0.0204081632653
24775	0.0204081632653
28798	0.0204081632653
32232	0.0204081632653
34728	0.0204081632653
35235	0.0204081632653
37069	0.0204081632653
37534	0.0204081632653
37561	0.0204081632653
37580	0.0204081632653
39260	0.0204081632653
41218	0.0204081632653
43231	0.0204081632653
43483	0.0204081632653
43785	0.0204081632653
46113	0.0204081632653
49406	0.0204081632653
49415	0.0204081632653
49449	0.0204081632653
51164	0.0204081632653
52401	0.0204081632653
52604	0.0204081632653
59524	0.0204081632653
61081	0.0204081632653
18673	0.020202020202
34073	0.0201005025126
811	0.02
1013	0.02
3047	0.02
8268	0.02
8468	0.02
8964	0.02
13210	0.02
15025	0.02
16843	0.02
16995	0.02
17612	0.02
19420	0.02
21142	0.02
22121	0.02
22521	0.02
23321	0.02
34005	0.02
35437	0.02
36701	0.02
38639	0.02
41611	0.02
41665	0.02
41835	0.02
42113	0.02
43030	0.02
51325	0.02
51379	0.02
51938	0.02
52354	0.02
53234	0.02
61010	0.02
5702	0.019801980198
7280	0.019801980198
9609	0.019801980198
25295	0.019801980198
27063	0.0197368421053
34607	0.0197368421053
38820	0.0197368421053
524	0.0196078431373
670	0.0196078431373
1181	0.0196078431373
4336	0.0196078431373
4704	0.0196078431373
8970	0.0196078431373
11190	0.0196078431373
12797	0.0196078431373
13293	0.0196078431373
17686	0.0196078431373
18067	0.0196078431373
22618	0.0196078431373
22848	0.0196078431373
24600	0.0196078431373
25441	0.0196078431373
28242	0.0196078431373
31971	0.0196078431373
32228	0.0196078431373
32329	0.0196078431373
34668	0.0196078431373
36926	0.0196078431373
38516	0.0196078431373
39030	0.0196078431373
39744	0.0196078431373
41299	0.0196078431373
41621	0.0196078431373
50098	0.0196078431373
51387	0.0196078431373
51860	0.0196078431373
53386	0.0196078431373
30828	0.0194805194805
10463	0.0194174757282
35968	0.0194174757282
37800	0.0193548387097
72	0.0192307692308
390	0.0192307692308
546	0.0192307692308
819	0.0192307692308
6520	0.0192307692308
7069	0.0192307692308
7395	0.0192307692308
9759	0.0192307692308
10332	0.0192307692308
13321	0.0192307692308
14004	0.0192307692308
14739	0.0192307692308
15293	0.0192307692308
16129	0.0192307692308
17723	0.0192307692308
17967	0.0192307692308
22937	0.0192307692308
23557	0.0192307692308
24503	0.0192307692308
26069	0.0192307692308
27121	0.0192307692308
28245	0.0192307692308
28676	0.0192307692308
28951	0.0192307692308
29816	0.0192307692308
31111	0.0192307692308
31544	0.0192307692308
32590	0.0192307692308
34861	0.0192307692308
35810	0.0192307692308
38953	0.0192307692308
41492	0.0192307692308
43134	0.0192307692308
48901	0.0192307692308
49873	0.0192307692308
50954	0.0192307692308
51092	0.0192307692308
52809	0.0192307692308
60130	0.0192307692308
4339	0.0191570881226
27691	0.0190476190476
39651	0.0190476190476
785	0.0188679245283
845	0.0188679245283
1558	0.0188679245283
2437	0.0188679245283
3436	0.0188679245283
3692	0.0188679245283
6095	0.0188679245283
13173	0.0188679245283
18771	0.0188679245283
20640	0.0188679245283
24385	0.0188679245283
24472	0.0188679245283
27308	0.0188679245283
27358	0.0188679245283
27452	0.0188679245283
29998	0.0188679245283
30552	0.0188679245283
30618	0.0188679245283
31001	0.0188679245283
31465	0.0188679245283
36805	0.0188679245283
39934	0.0188679245283
40620	0.0188679245283
41221	0.0188679245283
45089	0.0188679245283
46729	0.0188679245283
46882	0.0188679245283
48807	0.0188679245283
49119	0.0188679245283
50626	0.0188679245283
51420	0.0188679245283
51487	0.0188679245283
52192	0.0188679245283
52887	0.0188679245283
53113	0.0188679245283
60589	0.0188679245283
2084	0.018691588785
7124	0.018691588785
13006	0.018691588785
14656	0.018691588785
17570	0.018691588785
32058	0.018691588785
45076	0.018691588785
48221	0.018691588785
555	0.0185185185185
2598	0.0185185185185
4124	0.0185185185185
4875	0.0185185185185
5013	0.0185185185185
6378	0.0185185185185
7656	0.0185185185185
8663	0.0185185185185
8901	0.0185185185185
9273	0.0185185185185
11569	0.0185185185185
12426	0.0185185185185
15083	0.0185185185185
15438	0.0185185185185
17361	0.0185185185185
18149	0.0185185185185
23808	0.0185185185185
24590	0.0185185185185
26318	0.0185185185185
30261	0.0185185185185
30287	0.0185185185185
32439	0.0185185185185
32799	0.0185185185185
38600	0.0185185185185
39335	0.0185185185185
41066	0.0185185185185
41073	0.0185185185185
41101	0.0185185185185
41447	0.0185185185185
41481	0.0185185185185
42704	0.0185185185185
42995	0.0185185185185
44369	0.0185185185185
45184	0.0185185185185
50097	0.0185185185185
51565	0.0185185185185
51821	0.0185185185185
52580	0.0185185185185
59537	0.0185185185185
59966	0.0185185185185
29309	0.0184426229508
16784	0.0184049079755
41126	0.0184049079755
20752	0.0183486238532
3515	0.0182648401826
10166	0.0182648401826
29287	0.0182648401826
876	0.0181818181818
913	0.0181818181818
3220	0.0181818181818
4695	0.0181818181818
8397	0.0181818181818
11172	0.0181818181818
17069	0.0181818181818
26829	0.0181818181818
31854	0.0181818181818
35710	0.0181818181818
38088	0.0181818181818
38291	0.0181818181818
39189	0.0181818181818
40401	0.0181818181818
42503	0.0181818181818
50930	0.0181818181818
51106	0.0181818181818
51720	0.0181818181818
51824	0.0181818181818
51835	0.0181818181818
52362	0.0181818181818
52688	0.0181818181818
52868	0.0181818181818
52974	0.0181818181818
57364	0.0181818181818
59563	0.0181818181818
60009	0.0181818181818
3488	0.018018018018
5637	0.018018018018
38585	0.018018018018
41934	0.018018018018
52645	0.018018018018
13036	0.0179640718563
59	0.0178571428571
1958	0.0178571428571
2901	0.0178571428571
3425	0.0178571428571
6685	0.0178571428571
8122	0.0178571428571
9663	0.0178571428571
17637	0.0178571428571
18367	0.0178571428571
18441	0.0178571428571
18535	0.0178571428571
20575	0.0178571428571
29409	0.0178571428571
30746	0.0178571428571
33102	0.0178571428571
34879	0.0178571428571
37316	0.0178571428571
37665	0.0178571428571
39013	0.0178571428571
39207	0.0178571428571
42989	0.0178571428571
49943	0.0178571428571
50951	0.0178571428571
52283	0.0178571428571
52377	0.0178571428571
53269	0.0178571428571
60463	0.0178571428571
41012	0.0177777777778
3554	0.0177514792899
22170	0.0176991150442
19314	0.0176470588235
1799	0.0175438596491
3431	0.0175438596491
4943	0.0175438596491
9338	0.0175438596491
11252	0.0175438596491
13073	0.0175438596491
18749	0.0175438596491
19032	0.0175438596491
21933	0.0175438596491
23850	0.0175438596491
23990	0.0175438596491
24888	0.0175438596491
28330	0.0175438596491
28486	0.0175438596491
35841	0.0175438596491
36366	0.0175438596491
37424	0.0175438596491
41199	0.0175438596491
41587	0.0175438596491
41743	0.0175438596491
42306	0.0175438596491
43262	0.0175438596491
46610	0.0175438596491
49350	0.0175438596491
51316	0.0175438596491
51341	0.0175438596491
52417	0.0175438596491
52713	0.0175438596491
52734	0.0175438596491
53243	0.0175438596491
60731	0.0175438596491
9715	0.0173913043478
15602	0.0173913043478
33716	0.0173913043478
34929	0.0173913043478
42514	0.0173913043478
43337	0.0173913043478
51680	0.0173410404624
5918	0.017316017316
11230	0.017316017316
338	0.0172413793103
948	0.0172413793103
3486	0.0172413793103
4488	0.0172413793103
7433	0.0172413793103
11160	0.0172413793103
11673	0.0172413793103
13605	0.0172413793103
21436	0.0172413793103
23643	0.0172413793103
24155	0.0172413793103
24999	0.0172413793103
26643	0.0172413793103
28165	0.0172413793103
29645	0.0172413793103
31954	0.0172413793103
41231	0.0172413793103
41336	0.0172413793103
41337	0.0172413793103
42117	0.0172413793103
50884	0.0172413793103
51202	0.0172413793103
51205	0.0172413793103
53044	0.0172413793103
53253	0.0172413793103
59602	0.0172413793103
60221	0.0172413793103
60601	0.0172413793103
3943	0.017094017094
45717	0.017094017094
53039	0.017094017094
134	0.0169491525424
597	0.0169491525424
885	0.0169491525424
1972	0.0169491525424
2707	0.0169491525424
4343	0.0169491525424
4541	0.0169491525424
6369	0.0169491525424
8621	0.0169491525424
13298	0.0169491525424
16562	0.0169491525424
22000	0.0169491525424
26809	0.0169491525424
26837	0.0169491525424
26840	0.0169491525424
26841	0.0169491525424
30760	0.0169491525424
36581	0.0169491525424
36731	0.0169491525424
39683	0.0169491525424
41162	0.0169491525424
41961	0.0169491525424
45653	0.0169491525424
48084	0.0169491525424
48977	0.0169491525424
51077	0.0169491525424
51097	0.0169491525424
51262	0.0169491525424
51933	0.0169491525424
52886	0.0169491525424
932	0.0169082125604
18340	0.0168539325843
17389	0.0168067226891
41799	0.0168067226891
15381	0.0167597765363
25937	0.0167224080268
2150	0.0166666666667
4512	0.0166666666667
5554	0.0166666666667
5803	0.0166666666667
6391	0.0166666666667
9357	0.0166666666667
9824	0.0166666666667
10443	0.0166666666667
10694	0.0166666666667
11386	0.0166666666667
17639	0.0166666666667
19877	0.0166666666667
21242	0.0166666666667
29626	0.0166666666667
32074	0.0166666666667
33954	0.0166666666667
37409	0.0166666666667
38983	0.0166666666667
39400	0.0166666666667
42315	0.0166666666667
42482	0.0166666666667
43637	0.0166666666667
43805	0.0166666666667
45619	0.0166666666667
45969	0.0166666666667
47861	0.0166666666667
50482	0.0166666666667
51314	0.0166666666667
51604	0.0166666666667
51657	0.0166666666667
51896	0.0166666666667
60638	0.0166666666667
17764	0.0165289256198
20669	0.0165289256198
26251	0.0165289256198
14862	0.0164835164835
32811	0.0164609053498
62	0.016393442623
849	0.016393442623
1345	0.016393442623
2202	0.016393442623
2278	0.016393442623
2600	0.016393442623
4305	0.016393442623
4765	0.016393442623
6217	0.016393442623
13771	0.016393442623
16231	0.016393442623
20173	0.016393442623
20644	0.016393442623
33815	0.016393442623
34503	0.016393442623
41048	0.016393442623
41715	0.016393442623
41795	0.016393442623
41970	0.016393442623
43517	0.016393442623
43828	0.016393442623
46442	0.016393442623
50344	0.016393442623
52523	0.016393442623
52541	0.016393442623
53297	0.016393442623
57980	0.016393442623
32612	0.0163636363636
8839	0.0162601626016
14730	0.0162601626016
22813	0.0162601626016
41002	0.0162601626016
51139	0.0162601626016
5230	0.0162162162162
23211	0.0162162162162
27489	0.016157989228
1903	0.0161290322581
2772	0.0161290322581
2838	0.0161290322581
3822	0.0161290322581
6368	0.0161290322581
10428	0.0161290322581
10958	0.0161290322581
12928	0.0161290322581
14390	0.0161290322581
18643	0.0161290322581
20992	0.0161290322581
28043	0.0161290322581
28976	0.0161290322581
29318	0.0161290322581
31306	0.0161290322581
32550	0.0161290322581
33788	0.0161290322581
34373	0.0161290322581
41135	0.0161290322581
41182	0.0161290322581
41713	0.0161290322581
45776	0.0161290322581
47038	0.0161290322581
50584	0.0161290322581
51348	0.0161290322581
52382	0.0161290322581
52465	0.0161290322581
52511	0.0161290322581
52973	0.0161290322581
7317	0.0160857908847
37115	0.0160642570281
35162	0.0160427807487
68	0.016
10920	0.016
53200	0.016
18699	0.0159744408946
11201	0.0159574468085
23742	0.0159362549801
41353	0.0159362549801
2108	0.015873015873
2211	0.015873015873
3199	0.015873015873
4527	0.015873015873
5135	0.015873015873
6417	0.015873015873
10054	0.015873015873
14096	0.015873015873
16774	0.015873015873
18291	0.015873015873
20747	0.015873015873
23698	0.015873015873
27225	0.015873015873
27593	0.015873015873
28514	0.015873015873
29785	0.015873015873
30484	0.015873015873
30782	0.015873015873
36798	0.015873015873
37587	0.015873015873
37952	0.015873015873
37985	0.015873015873
41166	0.015873015873
41652	0.015873015873
42206	0.015873015873
42572	0.015873015873
51620	0.015873015873
52273	0.015873015873
52930	0.015873015873
41544	0.0157068062827
6360	0.0156739811912
497	0.0156599552573
2153	0.015625
2559	0.015625
8729	0.015625
10750	0.015625
11022	0.015625
14652	0.015625
15211	0.015625
16397	0.015625
19595	0.015625
20362	0.015625
21349	0.015625
24981	0.015625
27273	0.015625
27404	0.015625
27500	0.015625
32006	0.015625
41051	0.015625
41826	0.015625
41894	0.015625
43088	0.015625
51195	0.015625
52838	0.015625
59701	0.015625
23248	0.0155440414508
49689	0.015503875969
25930	0.015444015444
3666	0.0153846153846
4702	0.0153846153846
5311	0.0153846153846
9447	0.0153846153846
11946	0.0153846153846
13332	0.0153846153846
13627	0.0153846153846
15869	0.0153846153846
19321	0.0153846153846
20465	0.0153846153846
22949	0.0153846153846
24575	0.0153846153846
29212	0.0153846153846
31035	0.0153846153846
32020	0.0153846153846
33769	0.0153846153846
41013	0.0153846153846
41895	0.0153846153846
42753	0.0153846153846
46975	0.0153846153846
51694	0.0153846153846
52332	0.0153846153846
58837	0.0153846153846
59798	0.0153846153846
13829	0.0152671755725
29564	0.0152671755725
41328	0.0152671755725
45093	0.0152671755725
51632	0.0152671755725
9647	0.0152091254753
645	0.0151515151515
1328	0.0151515151515
1369	0.0151515151515
3093	0.0151515151515
4712	0.0151515151515
6904	0.0151515151515
10843	0.0151515151515
20085	0.0151515151515
31902	0.0151515151515
31909	0.0151515151515
35338	0.0151515151515
36096	0.0151515151515
36621	0.0151515151515
37695	0.0151515151515
41110	0.0151515151515
41123	0.0151515151515
43348	0.0151515151515
46658	0.0151515151515
47445	0.0151515151515
47467	0.0151515151515
50252	0.0151515151515
52260	0.0151515151515
52513	0.0151515151515
23481	0.0151133501259
36967	0.0150753768844
48489	0.0150753768844
27527	0.0150602409639
9104	0.015037593985
18563	0.015037593985
21915	0.015037593985
37599	0.015037593985
16273	0.015
2092	0.0149253731343
2865	0.0149253731343
2927	0.0149253731343
4015	0.0149253731343
5881	0.0149253731343
9589	0.0149253731343
10680	0.0149253731343
11384	0.0149253731343
23210	0.0149253731343
30923	0.0149253731343
31169	0.0149253731343
31705	0.0149253731343
32493	0.0149253731343
34521	0.0149253731343
37001	0.0149253731343
37184	0.0149253731343
38732	0.0149253731343
40370	0.0149253731343
42701	0.0149253731343
42819	0.0149253731343
43679	0.0149253731343
43943	0.0149253731343
45004	0.0149253731343
45068	0.0149253731343
51020	0.0149253731343
51023	0.0149253731343
51767	0.0149253731343
52058	0.0149253731343
52423	0.0149253731343
52642	0.0149253731343
6657	0.0148148148148
52188	0.0148148148148
4733	0.0147783251232
31483	0.0147783251232
2542	0.0147058823529
3474	0.0147058823529
4006	0.0147058823529
6940	0.0147058823529
13870	0.0147058823529
14274	0.0147058823529
14276	0.0147058823529
15596	0.0147058823529
24380	0.0147058823529
27587	0.0147058823529
29608	0.0147058823529
30778	0.0147058823529
31478	0.0147058823529
33273	0.0147058823529
34192	0.0147058823529
36356	0.0147058823529
38685	0.0147058823529
41442	0.0147058823529
42412	0.0147058823529
45412	0.0147058823529
49842	0.0147058823529
51299	0.0147058823529
51545	0.0147058823529
51891	0.0147058823529
59816	0.0147058823529
61173	0.0147058823529
18199	0.014598540146
22351	0.014598540146
30324	0.014598540146
33830	0.014598540146
41188	0.014598540146
1028	0.0144927536232
1682	0.0144927536232
2216	0.0144927536232
3114	0.0144927536232
6473	0.0144927536232
13125	0.0144927536232
18522	0.0144927536232
22271	0.0144927536232
25559	0.0144927536232
34158	0.0144927536232
34391	0.0144927536232
37542	0.0144927536232
39658	0.0144927536232
40068	0.0144927536232
40983	0.0144927536232
43991	0.0144927536232
51258	0.0144927536232
51294	0.0144927536232
51689	0.0144927536232
52112	0.0144927536232
53174	0.0144927536232
26416	0.014440433213
2169	0.0144230769231
106	0.0143884892086
1273	0.0143884892086
3826	0.0143884892086
19111	0.0143884892086
41530	0.0143540669856
51019	0.0143198090692
1850	0.0142857142857
3561	0.0142857142857
7417	0.0142857142857
18916	0.0142857142857
20245	0.0142857142857
25810	0.0142857142857
26650	0.0142857142857
26924	0.0142857142857
27934	0.0142857142857
31105	0.0142857142857
31479	0.0142857142857
33782	0.0142857142857
36948	0.0142857142857
42368	0.0142857142857
44433	0.0142857142857
50527	0.0142857142857
52297	0.0142857142857
59533	0.0142857142857
19288	0.0142348754448
28047	0.0142045454545
29705	0.0141509433962
32418	0.0141509433962
50863	0.01414427157
1087	0.0140845070423
1257	0.0140845070423
1605	0.0140845070423
2310	0.0140845070423
5552	0.0140845070423
10729	0.0140845070423
14684	0.0140845070423
14714	0.0140845070423
15514	0.0140845070423
19792	0.0140845070423
21806	0.0140845070423
26904	0.0140845070423
28379	0.0140845070423
31970	0.0140845070423
33155	0.0140845070423
39078	0.0140845070423
41047	0.0140845070423
41212	0.0140845070423
41375	0.0140845070423
41443	0.0140845070423
41528	0.0140845070423
41693	0.0140845070423
43238	0.0140845070423
44978	0.0140845070423
47050	0.0140845070423
47294	0.0140845070423
50508	0.0140845070423
51144	0.0140845070423
53396	0.0140845070423
34147	0.0140056022409
1954	0.013986013986
887	0.0138888888889
1356	0.0138888888889
2611	0.0138888888889
5704	0.0138888888889
12824	0.0138888888889
16958	0.0138888888889
18985	0.0138888888889
19204	0.0138888888889
19835	0.0138888888889
20070	0.0138888888889
24431	0.0138888888889
25703	0.0138888888889
27236	0.0138888888889
29515	0.0138888888889
34901	0.0138888888889
35484	0.0138888888889
37775	0.0138888888889
37795	0.0138888888889
40630	0.0138888888889
41297	0.0138888888889
41914	0.0138888888889
45701	0.0138888888889
51281	0.0138888888889
52336	0.0138888888889
52904	0.0138888888889
53206	0.0138888888889
5599	0.0138408304498
41355	0.0138067061144
3139	0.0137931034483
28294	0.0137931034483
5768	0.0137524557957
695	0.013698630137
982	0.013698630137
1673	0.013698630137
4630	0.013698630137
7468	0.013698630137
12388	0.013698630137
13383	0.013698630137
18688	0.013698630137
24087	0.013698630137
26095	0.013698630137
29786	0.013698630137
30252	0.013698630137
36475	0.013698630137
38063	0.013698630137
41864	0.013698630137
52531	0.013698630137
60001	0.013698630137
7390	0.0136518771331
21978	0.0136363636364
2130	0.0136054421769
5575	0.0136054421769
4705	0.0135746606335
4706	0.0135746606335
3050	0.0135135135135
5056	0.0135135135135
6505	0.0135135135135
12311	0.0135135135135
13854	0.0135135135135
16913	0.0135135135135
18996	0.0135135135135
19463	0.0135135135135
21345	0.0135135135135
22621	0.0135135135135
24610	0.0135135135135
27171	0.0135135135135
30922	0.0135135135135
33871	0.0135135135135
33926	0.0135135135135
38587	0.0135135135135
41152	0.0135135135135
51488	0.0135135135135
41368	0.013468013468
7303	0.0134529147982
862	0.0134228187919
25440	0.0134228187919
36037	0.0134228187919
34830	0.0133689839572
3798	0.0133333333333
5611	0.0133333333333
5865	0.0133333333333
7293	0.0133333333333
12830	0.0133333333333
16194	0.0133333333333
32084	0.0133333333333
42959	0.0133333333333
43616	0.0133333333333
50146	0.0133333333333
51673	0.0133333333333
51693	0.0133333333333
51844	0.0133333333333
51880	0.0133333333333
52222	0.0133333333333
52715	0.0133333333333
21458	0.0132743362832
27051	0.0132743362832
51989	0.0132625994695
39324	0.0132450331126
41198	0.0132450331126
41468	0.0132450331126
6689	0.0132275132275
42609	0.013201320132
6928	0.0131578947368
7413	0.0131578947368
13403	0.0131578947368
14518	0.0131578947368
18427	0.0131578947368
25383	0.0131578947368
28735	0.0131578947368
28750	0.0131578947368
30952	0.0131578947368
34532	0.0131578947368
35569	0.0131578947368
39420	0.0131578947368
41432	0.0131578947368
42942	0.0131578947368
50204	0.0131578947368
51050	0.0131578947368
51568	0.0131578947368
52230	0.0131578947368
53173	0.0131578947368
53189	0.0131578947368
2411	0.0130718954248
29861	0.0130718954248
113	0.012987012987
2137	0.012987012987
4158	0.012987012987
4280	0.012987012987
4668	0.012987012987
5538	0.012987012987
20165	0.012987012987
21323	0.012987012987
28055	0.012987012987
29554	0.012987012987
29822	0.012987012987
32785	0.012987012987
40557	0.012987012987
41184	0.012987012987
42097	0.012987012987
51026	0.012987012987
51462	0.012987012987
51497	0.012987012987
52057	0.012987012987
17346	0.0129310344828
4347	0.0129032258065
42750	0.0129032258065
50963	0.0129032258065
51415	0.0129032258065
1199	0.0128205128205
1636	0.0128205128205
2062	0.0128205128205
3258	0.0128205128205
5513	0.0128205128205
5876	0.0128205128205
8372	0.0128205128205
13095	0.0128205128205
17598	0.0128205128205
23337	0.0128205128205
25840	0.0128205128205
29053	0.0128205128205
32931	0.0128205128205
34077	0.0128205128205
34670	0.0128205128205
41181	0.0128205128205
41381	0.0128205128205
51421	0.0128205128205
51925	0.0128205128205
1928	0.0127795527157
32862	0.0127737226277
51099	0.0127659574468
3280	0.0127388535032
9646	0.0127388535032
27288	0.0127388535032
19547	0.0127226463104
18172	0.0127118644068
554	0.0126582278481
7101	0.0126582278481
14115	0.0126582278481
14515	0.0126582278481
15357	0.0126582278481
16305	0.0126582278481
20376	0.0126582278481
23712	0.0126582278481
26558	0.0126582278481
28300	0.0126582278481
29852	0.0126582278481
34524	0.0126582278481
35413	0.0126582278481
35971	0.0126582278481
37845	0.0126582278481
41146	0.0126582278481
41616	0.0126582278481
41762	0.0126582278481
42377	0.0126582278481
45793	0.0126582278481
46039	0.0126582278481
50056	0.0126582278481
52906	0.0126582278481
51721	0.0126050420168
52258	0.0126050420168
20630	0.0125944584383
3698	0.0125786163522
30625	0.0125786163522
41307	0.012539184953
11664	0.0125313283208
11169	0.0125260960334
35703	0.0125260960334
2578	0.0125
5484	0.0125
13451	0.0125
17318	0.0125
17668	0.0125
26601	0.0125
32432	0.0125
33930	0.0125
37379	0.0125
40689	0.0125
41298	0.0125
43179	0.0125
47136	0.0125
52017	0.0125
52392	0.0125
41093	0.01246105919
52225	0.01246105919
35400	0.0124481327801
12777	0.0124223602484
39085	0.0124223602484
41003	0.0124223602484
50903	0.0124223602484
40978	0.0123966942149
50937	0.0123966942149
41098	0.0123839009288
1039	0.0123456790123
2786	0.0123456790123
5161	0.0123456790123
8739	0.0123456790123
11519	0.0123456790123
19416	0.0123456790123
20418	0.0123456790123
21982	0.0123456790123
22554	0.0123456790123
28111	0.0123456790123
41134	0.0123456790123
41331	0.0123456790123
41405	0.0123456790123
50578	0.0123456790123
51745	0.0123456790123
38493	0.0122950819672
14122	0.0122699386503
41090	0.0122699386503
41403	0.0122699386503
1097	0.0121951219512
2354	0.0121951219512
3531	0.0121951219512
4746	0.0121951219512
12421	0.0121951219512
13040	0.0121951219512
17483	0.0121951219512
19816	0.0121951219512
22684	0.0121951219512
24058	0.0121951219512
26530	0.0121951219512
28745	0.0121951219512
30679	0.0121951219512
38572	0.0121951219512
38682	0.0121951219512
41577	0.0121951219512
42204	0.0121951219512
43251	0.0121951219512
44525	0.0121951219512
45610	0.0121951219512
51401	0.0121951219512
52034	0.0121951219512
35728	0.0121580547112
27865	0.0121457489879
20818	0.0121359223301
51071	0.0121212121212
52802	0.0121212121212
6304	0.0121028744327
15794	0.0120967741935
830	0.0120481927711
1342	0.0120481927711
4876	0.0120481927711
7421	0.0120481927711
14860	0.0120481927711
18213	0.0120481927711
21425	0.0120481927711
33495	0.0120481927711
38072	0.0120481927711
39194	0.0120481927711
41633	0.0120481927711
41859	0.0120481927711
50240	0.0120481927711
52444	0.0120481927711
52581	0.0120481927711
53048	0.0120481927711
54435	0.0120481927711
17596	0.0119940029985
5206	0.0119760479042
11196	0.0119760479042
24429	0.0119760479042
52525	0.0119760479042
4390	0.0119521912351
5616	0.0119402985075
4104	0.0119047619048
6906	0.0119047619048
24460	0.0119047619048
28458	0.0119047619048
29573	0.0119047619048
36364	0.0119047619048
37997	0.0119047619048
41074	0.0119047619048
41325	0.0119047619048
41438	0.0119047619048
41672	0.0119047619048
51319	0.0119047619048
52962	0.0119047619048
37104	0.0118577075099
41499	0.0118577075099
20591	0.0118343195266
24457	0.0118343195266
32895	0.0118343195266
28633	0.011811023622
51173	0.011811023622
2282	0.0117647058824
2358	0.0117647058824
2646	0.0117647058824
5715	0.0117647058824
14649	0.0117647058824
18205	0.0117647058824
24104	0.0117647058824
26233	0.0117647058824
29530	0.0117647058824
32770	0.0117647058824
34749	0.0117647058824
36411	0.0117647058824
39851	0.0117647058824
41579	0.0117647058824
42354	0.0117647058824
42675	0.0117647058824
44485	0.0117647058824
51117	0.0117647058824
51760	0.0117647058824
10089	0.0116959064327
9188	0.011673151751
1000	0.0116279069767
5145	0.0116279069767
7084	0.0116279069767
7295	0.0116279069767
15233	0.0116279069767
17952	0.0116279069767
18022	0.0116279069767
21913	0.0116279069767
25472	0.0116279069767
36120	0.0116279069767
41180	0.0116279069767
41156	0.0115942028986
4413	0.0115606936416
38758	0.0115606936416
41224	0.0115606936416
5774	0.0115273775216
947	0.0114942528736
2690	0.0114942528736
12454	0.0114942528736
16847	0.0114942528736
18698	0.0114942528736
21204	0.0114942528736
24606	0.0114942528736
27594	0.0114942528736
30209	0.0114942528736
31008	0.0114942528736
49889	0.0114942528736
52682	0.0114942528736
52841	0.0114942528736
53328	0.0114942528736
59906	0.0114942528736
41165	0.0114613180516
50883	0.0114285714286
11232	0.011396011396
143	0.0113636363636
2613	0.0113636363636
4147	0.0113636363636
4561	0.0113636363636
4766	0.0113636363636
7526	0.0113636363636
18119	0.0113636363636
19521	0.0113636363636
23222	0.0113636363636
26566	0.0113636363636
28737	0.0113636363636
29804	0.0113636363636
33780	0.0113636363636
37680	0.0113636363636
37774	0.0113636363636
40964	0.0113636363636
44323	0.0113636363636
50079	0.0113636363636
50935	0.0113636363636
52549	0.0113636363636
2186	0.0113475177305
6803	0.011320754717
7509	0.0112994350282
322	0.0112359550562
840	0.0112359550562
2276	0.0112359550562
2574	0.0112359550562
2825	0.0112359550562
3534	0.0112359550562
4007	0.0112359550562
5124	0.0112359550562
8210	0.0112359550562
13653	0.0112359550562
15264	0.0112359550562
17442	0.0112359550562
20481	0.0112359550562
23667	0.0112359550562
37163	0.0112359550562
38739	0.0112359550562
38899	0.0112359550562
40645	0.0112359550562
41194	0.0112359550562
41244	0.0112359550562
44993	0.0112359550562
51105	0.0112359550562
51822	0.0112359550562
40984	0.0111940298507
137	0.0111731843575
4743	0.0111731843575
30899	0.0111662531017
40971	0.0111524163569
47637	0.0111524163569
2326	0.0111464968153
2355	0.0111111111111
5528	0.0111111111111
8089	0.0111111111111
10914	0.0111111111111
11307	0.0111111111111
16193	0.0111111111111
22332	0.0111111111111
26175	0.0111111111111
27731	0.0111111111111
27864	0.0111111111111
30789	0.0111111111111
31312	0.0111111111111
39544	0.0111111111111
39782	0.0111111111111
41350	0.0111111111111
41985	0.0111111111111
43016	0.0111111111111
43195	0.0111111111111
48899	0.0111111111111
20416	0.0110935023772
19598	0.0110533159948
1537	0.0110497237569
3598	0.0110497237569
4144	0.0110497237569
9826	0.0110497237569
10157	0.0110497237569
25384	0.0110497237569
50652	0.0110497237569
51145	0.0110497237569
34920	0.0110294117647
25554	0.0110192837466
41034	0.0110192837466
5279	0.010989010989
11079	0.010989010989
15354	0.010989010989
16919	0.010989010989
23825	0.010989010989
25487	0.010989010989
27173	0.010989010989
28982	0.010989010989
29453	0.010989010989
40973	0.010989010989
41347	0.010989010989
41708	0.010989010989
42111	0.010989010989
44270	0.010989010989
2110	0.0109489051095
41253	0.0109489051095
10852	0.0109289617486
40489	0.0109289617486
41593	0.0109289617486
14527	0.0108695652174
26172	0.0108695652174
27052	0.0108695652174
29095	0.0108695652174
30866	0.0108695652174
34897	0.0108695652174
38547	0.0108695652174
41143	0.0108695652174
41241	0.0108695652174
42029	0.0108695652174
42450	0.0108695652174
46558	0.0108695652174
53282	0.0108695652174
53338	0.0108695652174
59731	0.0108695652174
29854	0.0108401084011
1390	0.0108108108108
27218	0.0108108108108
41062	0.0108108108108
9252	0.010781671159
76	0.010761589404
451	0.010752688172
1180	0.010752688172
1877	0.010752688172
2917	0.010752688172
3582	0.010752688172
14206	0.010752688172
14757	0.010752688172
17790	0.010752688172
17939	0.010752688172
20080	0.010752688172
22881	0.010752688172
25555	0.010752688172
27379	0.010752688172
31440	0.010752688172
31877	0.010752688172
33704	0.010752688172
35630	0.010752688172
38080	0.010752688172
40569	0.010752688172
40992	0.010752688172
41114	0.010752688172
41409	0.010752688172
41689	0.010752688172
43327	0.010752688172
45459	0.010752688172
49465	0.010752688172
50890	0.010752688172
50911	0.010752688172
51196	0.010752688172
41095	0.0107142857143
20527	0.0106951871658
26085	0.0106951871658
33727	0.0106951871658
39360	0.0106951871658
7749	0.0106382978723
13092	0.0106382978723
16838	0.0106382978723
23001	0.0106382978723
28415	0.0106382978723
40625	0.0106382978723
49336	0.0106382978723
50992	0.0106382978723
51615	0.0106382978723
51623	0.0106382978723
51937	0.0106382978723
38932	0.0106100795756
41326	0.0106007067138
879	0.010582010582
33887	0.010582010582
34667	0.010582010582
38232	0.0105633802817
2321	0.0105263157895
7311	0.0105263157895
12943	0.0105263157895
17303	0.0105263157895
18192	0.0105263157895
24698	0.0105263157895
27723	0.0105263157895
28830	0.0105263157895
32762	0.0105263157895
40843	0.0105263157895
40965	0.0105263157895
41548	0.0105263157895
41856	0.0105263157895
50291	0.0105263157895
52102	0.0105263157895
5693	0.0104821802935
1456	0.0104712041885
2312	0.0104529616725
7062	0.0104529616725
992	0.010447761194
27890	0.0104287369641
2316	0.0104166666667
11776	0.0104166666667
16770	0.0104166666667
18596	0.0104166666667
21298	0.0104166666667
25098	0.0104166666667
25117	0.0104166666667
31634	0.0104166666667
33934	0.0104166666667
39213	0.0104166666667
41040	0.0104166666667
41044	0.0104166666667
41088	0.0104166666667
41775	0.0104166666667
42398	0.0104166666667
49401	0.0104166666667
50933	0.0104166666667
40976	0.0103626943005
730	0.0103092783505
1618	0.0103092783505
4468	0.0103092783505
16170	0.0103092783505
17605	0.0103092783505
23121	0.0103092783505
24017	0.0103092783505
35701	0.0103092783505
37792	0.0103092783505
43269	0.0103092783505
50335	0.0103092783505
51364	0.0103092783505
51418	0.0103092783505
59507	0.0103092783505
28051	0.0102766798419
12969	0.0102476515798
4937	0.0102145045965
1438	0.0102040816327
7472	0.0102040816327
10607	0.0102040816327
26218	0.0102040816327
29603	0.0102040816327
31313	0.0102040816327
34471	0.0102040816327
37046	0.0102040816327
40202	0.0102040816327
41030	0.0102040816327
41061	0.0102040816327
41581	0.0102040816327
41968	0.0102040816327
42182	0.0102040816327
42811	0.0102040816327
51055	0.0102040816327
57798	0.0102040816327
29863	0.0101867572156
17277	0.010152284264
41404	0.010152284264
51151	0.010152284264
452	0.010101010101
1146	0.010101010101
34225	0.010101010101
34531	0.010101010101
35229	0.010101010101
39262	0.010101010101
45199	0.010101010101
50871	0.010101010101
51043	0.010101010101
52442	0.010101010101
5460	0.010067114094
52018	0.010067114094
18661	0.0100502512563
21557	0.0100502512563
32042	0.0100502512563
1020	0.0100334448161
3480	0.01
4580	0.01
4867	0.01
5698	0.01
6381	0.01
8129	0.01
16028	0.01
17556	0.01
19506	0.01
22843	0.01
29067	0.01
32832	0.01
33879	0.01
37224	0.01
48237	0.01
50958	0.01
13111	0.00996483001172
39549	0.00996015936255
23688	0.00995024875622
32483	0.00995024875622
921	0.00991884580703
1740	0.00990099009901
7341	0.00990099009901
7654	0.00990099009901
9142	0.00990099009901
9601	0.00990099009901
10987	0.00990099009901
18481	0.00990099009901
18604	0.00990099009901
24358	0.00990099009901
24889	0.00990099009901
25400	0.00990099009901
41249	0.00990099009901
43276	0.00990099009901
51905	0.00990099009901
30938	0.00985221674877
50879	0.00983606557377
26584	0.00983146067416
4661	0.00980392156863
8755	0.00980392156863
18278	0.00980392156863
32923	0.00980392156863
38287	0.00980392156863
40752	0.00980392156863
51112	0.00980392156863
5420	0.00979192166463
41157	0.00975609756098
41109	0.00974658869396
1788	0.00970873786408
2288	0.00970873786408
4814	0.00970873786408
16204	0.00970873786408
26572	0.00970873786408
28793	0.00970873786408
32130	0.00970873786408
34208	0.00970873786408
42344	0.00970873786408
51193	0.00970873786408
51133	0.00968523002421
36398	0.00967117988395
3250	0.00966183574879
23011	0.0096463022508
1950	0.00961538461538
3947	0.00961538461538
9588	0.00961538461538
22744	0.00961538461538
23080	0.00961538461538
26863	0.00961538461538
29243	0.00961538461538
41711	0.00961538461538
42339	0.00961538461538
43371	0.00961538461538
48252	0.00961538461538
51000	0.00961538461538
51242	0.00961538461538
52952	0.00961538461538
29145	0.00958466453674
41154	0.00955414012739
4873	0.00952380952381
17066	0.00952380952381
22731	0.00952380952381
33599	0.00952380952381
34191	0.00952380952381
38787	0.00952380952381
41102	0.00952380952381
41213	0.00952380952381
41833	0.00952380952381
60068	0.00952380952381
4121	0.0095087163233
30874	0.00947867298578
33656	0.00947867298578
32188	0.00944881889764
3733	0.00943396226415
4439	0.00943396226415
4452	0.00943396226415
10343	0.00943396226415
21337	0.00943396226415
21375	0.00943396226415
41694	0.00943396226415
42825	0.00943396226415
49335	0.00943396226415
50984	0.00943396226415
52576	0.00943396226415
53060	0.00943396226415
5503	0.00942507068803
1113	0.00941176470588
41092	0.00941176470588
5512	0.00940438871473
8681	0.00940438871473
41016	0.00937950937951
41258	0.009375
51027	0.009375
2515	0.00936768149883
27809	0.00936037441498
2245	0.00934579439252
3781	0.00934579439252
7956	0.00934579439252
10013	0.00934579439252
18231	0.00934579439252
22398	0.00934579439252
33990	0.00934579439252
37162	0.00934579439252
40104	0.00934579439252
40541	0.00934579439252
41340	0.00934579439252
11727	0.00932835820896
1918	0.00928792569659
23999	0.00928792569659
492	0.00925925925926
9761	0.00925925925926
18223	0.00925925925926
26195	0.00925925925926
41223	0.00925925925926
41649	0.00925925925926
47787	0.00925925925926
52711	0.00925925925926
37225	0.00923076923077
50901	0.00923076923077
4563	0.00920810313076
2409	0.00920245398773
256	0.00917431192661
9502	0.00917431192661
10973	0.00917431192661
24067	0.00917431192661
34865	0.00917431192661
41269	0.00917431192661
1902	0.00914634146341
9625	0.00913242009132
17306	0.00913242009132
5553	0.00911161731207
4391	0.00909090909091
22426	0.00909090909091
27529	0.00909090909091
30185	0.00909090909091
38987	0.00909090909091
40979	0.00909090909091
49210	0.00909090909091
52564	0.00909090909091
53168	0.00909090909091
55746	0.00909090909091
3312	0.00907441016334
42328	0.00904977375566
51041	0.00904159132007
1393	0.00900900900901
5697	0.00900900900901
6748	0.00900900900901
28290	0.00900900900901
33645	0.00900900900901
41171	0.00900900900901
51505	0.00900900900901
51892	0.00900900900901
52089	0.00900900900901
1364	0.00898203592814
41243	0.00898203592814
20802	0.00896860986547
39366	0.00896860986547
5809	0.0089605734767
1252	0.00892857142857
3619	0.00892857142857
4752	0.00892857142857
5916	0.00892857142857
26592	0.00892857142857
27033	0.00892857142857
31962	0.00892857142857
41086	0.00892857142857
41913	0.00892857142857
51346	0.00892857142857
51804	0.00892857142857
562	0.00888888888889
29399	0.00888888888889
31830	0.00888888888889
3182	0.00884955752212
21666	0.00884955752212
28749	0.00884955752212
31891	0.00884955752212
33751	0.00884955752212
34525	0.00884955752212
34999	0.00884955752212
41634	0.00884955752212
44819	0.00884955752212
47473	0.00884955752212
53194	0.00884955752212
39915	0.00880281690141
41032	0.00879765395894
1655	0.00877192982456
3294	0.00877192982456
11866	0.00877192982456
18361	0.00877192982456
32490	0.00877192982456
37670	0.00877192982456
39727	0.00877192982456
41370	0.00877192982456
42363	0.00877192982456
42931	0.00877192982456
49791	0.00877192982456
51563	0.00877192982456
52357	0.00877192982456
59562	0.00877192982456
34224	0.00875273522976
41037	0.00873362445415
19601	0.00872093023256
38959	0.00872093023256
2007	0.00870511425462
5023	0.00869565217391
10890	0.00869565217391
23054	0.00869565217391
23514	0.00869565217391
27580	0.00869565217391
31494	0.00869565217391
41583	0.00869565217391
51079	0.00869565217391
511	0.00867052023121
17946	0.00865800865801
21845	0.00865800865801
13056	0.00863557858377
3575	0.00862068965517
4770	0.00862068965517
5455	0.00862068965517
14839	0.00862068965517
17987	0.00862068965517
19922	0.00862068965517
25431	0.00862068965517
29444	0.00862068965517
29533	0.00862068965517
38795	0.00862068965517
41167	0.00862068965517
41655	0.00862068965517
42463	0.00862068965517
949	0.00860585197935
1119	0.00859950859951
41000	0.00859598853868
9656	0.00857142857143
41029	0.00857142857143
1975	0.00854700854701
6305	0.00854700854701
6375	0.00854700854701
9651	0.00854700854701
10492	0.00854700854701
11378	0.00854700854701
11760	0.00854700854701
29686	0.00854700854701
40819	0.00854700854701
52891	0.00854700854701
4708	0.00849858356941
563	0.00847457627119
1132	0.00847457627119
4929	0.00847457627119
9636	0.00847457627119
32823	0.00847457627119
41206	0.00847457627119
43824	0.00847457627119
47265	0.00847457627119
50506	0.00847457627119
50886	0.00847457627119
55841	0.00847457627119
1048	0.00846660395108
40988	0.00845665961945
2787	0.0084388185654
28742	0.00842992623815
29591	0.00842696629213
7340	0.00842105263158
1753	0.00840336134454
4156	0.00840336134454
4620	0.00840336134454
13313	0.00840336134454
13933	0.00840336134454
24612	0.00840336134454
34096	0.00840336134454
36275	0.00840336134454
37392	0.00840336134454
37660	0.00840336134454
37961	0.00840336134454
52024	0.00840336134454
18701	0.00837988826816
50851	0.00836820083682
4711	0.00836320191159
10250	0.008356545961
2037	0.00833333333333
7513	0.00833333333333
9200	0.00833333333333
18002	0.00833333333333
19695	0.00833333333333
21331	0.00833333333333
33572	0.00833333333333
41935	0.00833333333333
26602	0.00832702498107
40987	0.00831024930748
5432	0.0083044982699
2848	0.00829875518672
1632	0.00826446280992
3077	0.00826446280992
11145	0.00826446280992
18403	0.00826446280992
26162	0.00826446280992
28141	0.00826446280992
32626	0.00826446280992
42320	0.00826446280992
47475	0.00826446280992
48978	0.00826446280992
51359	0.00826446280992
39447	0.00824499411072
26934	0.0082304526749
29492	0.0082304526749
38203	0.00820120284308
21906	0.00819672131148
24971	0.00819672131148
40318	0.00819672131148
41606	0.00819672131148
42053	0.00819672131148
47633	0.00819672131148
50250	0.00819672131148
52521	0.00819672131148
3933	0.00818926296633
50939	0.00817438692098
31879	0.00816326530612
50957	0.00815217391304
2639	0.00813008130081
20636	0.00813008130081
39288	0.00813008130081
4644	0.00810810810811
38793	0.00809248554913
742	0.00806451612903
2361	0.00806451612903
6634	0.00806451612903
19201	0.00806451612903
20511	0.00806451612903
27649	0.00806451612903
27859	0.00806451612903
30949	0.00806451612903
37156	0.00806451612903
41329	0.00806451612903
4057	0.00803212851406
31882	0.00803212851406
71	0.008
1062	0.008
4900	0.008
6372	0.008
16846	0.008
25051	0.008
29790	0.008
36392	0.008
40962	0.008
41132	0.00797872340426
28405	0.00797266514806
30799	0.0079575596817
7175	0.00794912559618
5113	0.00793650793651
10340	0.00793650793651
13071	0.00793650793651
13124	0.00793650793651
22238	0.00793650793651
26741	0.00793650793651
31895	0.00793650793651
34356	0.00793650793651
41270	0.00793650793651
41704	0.00793650793651
52471	0.00793650793651
16209	0.00792393026941
38794	0.00792253521127
210	0.00790513833992
2419	0.00788436268068
2840	0.00788091068301
4745	0.00787401574803
12503	0.00787401574803
13428	0.00787401574803
19126	0.00787401574803
21719	0.00787401574803
28298	0.00787401574803
30471	0.00787401574803
30880	0.00787401574803
31720	0.00787401574803
41023	0.00787401574803
41041	0.00787401574803
44538	0.00787401574803
17711	0.0078431372549
3120	0.0078125
26868	0.0078125
27582	0.0078125
39404	0.0078125
50330	0.0078125
1503	0.00777345918934
18973	0.0077519379845
25091	0.0077519379845
31309	0.0077519379845
34210	0.0077519379845
35951	0.0077519379845
41018	0.0077519379845
41054	0.0077519379845
59890	0.0077519379845
3720	0.00772200772201
50845	0.00772200772201
9135	0.00771208226221
2745	0.00770847932726
18134	0.00769230769231
26310	0.00769230769231
27925	0.00769230769231
36537	0.00769230769231
40036	0.00769230769231
41245	0.00769230769231
1984	0.00768049155146
24522	0.0076726342711
18607	0.00766283524904
11383	0.00763358778626
14525	0.00763358778626
17299	0.00763358778626
18515	0.00763358778626
20205	0.00763358778626
21690	0.00763358778626
41111	0.00763358778626
60005	0.00763358778626
900	0.00762195121951
30835	0.00760456273764
41164	0.00760456273764
22383	0.00758620689655
5157	0.00757958564932
2164	0.00757575757576
2463	0.00757575757576
10045	0.00757575757576
11239	0.00757575757576
25416	0.00757575757576
26199	0.00757575757576
36494	0.00757575757576
37947	0.00757575757576
43787	0.00757575757576
44117	0.00757575757576
47675	0.00757575757576
59611	0.00757575757576
18613	0.00754716981132
41068	0.00754716981132
12167	0.00751879699248
25240	0.00751879699248
35245	0.00751879699248
61083	0.00751879699248
17586	0.00750469043152
1921	0.00749063670412
4578	0.00749063670412
6218	0.00746268656716
6394	0.00746268656716
10789	0.00746268656716
17147	0.00746268656716
36976	0.00746268656716
51232	0.00746268656716
18311	0.00744680851064
33895	0.00743494423792
37427	0.00743494423792
1135	0.0074294205052
6404	0.00740740740741
15720	0.00740740740741
20647	0.00740740740741
22919	0.00740740740741
23642	0.00740740740741
41010	0.00738916256158
3689	0.00737100737101
2215	0.00735294117647
41392	0.00735294117647
1324	0.00729927007299
4775	0.00729927007299
16956	0.00729927007299
33577	0.00729927007299
33680	0.00729927007299
42262	0.00729927007299
46619	0.00729927007299
48902	0.00729927007299
30269	0.00728597449909
13318	0.00727272727273
5231	0.00726895119418
83	0.00724637681159
15325	0.00724637681159
21252	0.00724637681159
22929	0.00724637681159
41425	0.00724637681159
41642	0.00724637681159
51340	0.00724637681159
2333	0.0072202166065
1362	0.00719424460432
2090	0.00719424460432
9184	0.00719424460432
41682	0.00719424460432
4916	0.00718132854578
24684	0.00717703349282
39709	0.00717703349282
13216	0.00716845878136
41001	0.00716845878136
7357	0.00714285714286
7427	0.00714285714286
12998	0.00714285714286
13098	0.00714285714286
42019	0.00714285714286
50969	0.00714285714286
51178	0.00714285714286
51988	0.00714285714286
35136	0.00713012477718
39852	0.00711743772242
10281	0.00710900473934
4655	0.0070969922271
27207	0.00709219858156
28673	0.00709219858156
29567	0.00709219858156
38790	0.00709219858156
41208	0.00709219858156
50881	0.00709219858156
10251	0.00706713780919
29372	0.00706713780919
995	0.00704225352113
7100	0.00704225352113
21745	0.00704225352113
33142	0.00704225352113
42308	0.00704225352113
1118	0.00703324808184
3116	0.00701754385965
50864	0.00701754385965
4846	0.00700934579439
893	0.007
4136	0.00699300699301
12325	0.00699300699301
13149	0.00699300699301
21742	0.00699300699301
22408	0.00699300699301
27209	0.00699300699301
35021	0.00699300699301
35420	0.00699300699301
39478	0.00699300699301
2344	0.00697906281157
17566	0.00696864111498
35563	0.00695865738846
2171	0.00694444444444
4399	0.00694444444444
11297	0.00694444444444
34143	0.00694444444444
40980	0.00694444444444
41108	0.00694444444444
42545	0.00694444444444
51496	0.00694444444444
41071	0.00692840646651
5237	0.00692520775623
29739	0.00692041522491
100	0.00689655172414
1904	0.00689655172414
10047	0.00689655172414
10112	0.00689655172414
15825	0.00689655172414
25738	0.00689655172414
26173	0.00689655172414
28559	0.00689655172414
38708	0.00689655172414
43376	0.00689655172414
37737	0.00686106346484
868	0.00685975609756
761	0.00684931506849
5618	0.00684931506849
27048	0.00684931506849
27320	0.00684931506849
27409	0.00684931506849
35920	0.00684931506849
41705	0.00682593856655
51212	0.00681431005111
128	0.00680272108844
1676	0.00680272108844
2104	0.00680272108844
3426	0.00680272108844
25586	0.00680272108844
32457	0.00680272108844
35045	0.00680272108844
7300	0.00678733031674
4335	0.00677966101695
6427	0.00676669608708
5634	0.00675675675676
11087	0.00675675675676
11095	0.00675675675676
40289	0.00675675675676
51875	0.00675675675676
18777	0.00673400673401
22654	0.00673400673401
14476	0.00671140939597
27087	0.00671140939597
43354	0.00671140939597
51709	0.00671140939597
51811	0.00671140939597
6564	0.0066889632107
7451	0.00666666666667
11004	0.00666666666667
29818	0.00666666666667
38807	0.00666666666667
43414	0.00666666666667
8709	0.00664451827243
13058	0.00662251655629
16831	0.00662251655629
19799	0.00662251655629
36418	0.00662251655629
39585	0.00662251655629
51225	0.00662251655629
20506	0.00661375661376
11746	0.00660066006601
28286	0.00660066006601
5112	0.0065963060686
1743	0.00658978583196
38925	0.00658978583196
3273	0.00658616904501
755	0.00657894736842
11060	0.00657894736842
12393	0.00657894736842
18130	0.00657894736842
29724	0.00657894736842
30793	0.00657894736842
31864	0.00657894736842
32318	0.00657894736842
40344	0.00657894736842
17904	0.00653594771242
43178	0.00653594771242
3133	0.0065274151436
3991	0.00651465798046
51006	0.00651465798046
4035	0.00649350649351
18997	0.00649350649351
42312	0.00649350649351
51266	0.00649350649351
52555	0.00649350649351
2401	0.00647249190939
35345	0.00645994832041
21772	0.00645161290323
32651	0.00645161290323
51393	0.00645161290323
1422	0.00644329896907
1497	0.00644122383253
253	0.00643776824034
20075	0.00643776824034
40995	0.00643500643501
41106	0.0064308681672
4625	0.00641025641026
4977	0.00641025641026
28709	0.00641025641026
27226	0.00636942675159
40847	0.00636942675159
869	0.00635230881994
49394	0.00634249471459
2028	0.00632911392405
15114	0.00632911392405
35049	0.00632911392405
40351	0.00632911392405
41042	0.00630914826498
15638	0.0062893081761
34254	0.0062893081761
34637	0.0062893081761
36897	0.0062893081761
34548	0.00626959247649
4137	0.0062630480167
1239	0.00625
3957	0.00625
7444	0.00625
14459	0.00625
36594	0.00625
51254	0.00625
3419	0.00623700623701
12423	0.00622406639004
13119	0.00621118012422
34350	0.00621118012422
41058	0.00621118012422
51246	0.00621118012422
33762	0.00619834710744
684	0.0061919504644
632	0.00617283950617
2610	0.00617283950617
17928	0.00617283950617
27952	0.00617283950617
37747	0.00617283950617
41038	0.00617283950617
19599	0.00616016427105
5100	0.00615384615385
41067	0.00615384615385
5164	0.00613496932515
13121	0.00613496932515
26098	0.00613496932515
4518	0.00612423447069
51156	0.00611620795107
9762	0.00609756097561
17301	0.00609756097561
22830	0.00609756097561
38194	0.00609756097561
38519	0.00609756097561
51676	0.00609756097561
12121	0.00607902735562
36394	0.00607287449393
7299	0.00606060606061
34109	0.00606060606061
35237	0.00606060606061
51179	0.00606060606061
12432	0.00602409638554
23150	0.00601503759398
4337	0.0059880239521
30020	0.0059880239521
41972	0.0059880239521
17715	0.00597014925373
17152	0.00595238095238
21311	0.00595238095238
23440	0.00595238095238
27899	0.00595238095238
33922	0.00595238095238
51575	0.00595238095238
17938	0.00594059405941
27906	0.00593471810089
9538	0.00593220338983
3156	0.00591715976331
37557	0.00591715976331
40893	0.00591715976331
41552	0.00591715976331
42145	0.00591715976331
51784	0.00591715976331
53344	0.00591715976331
18960	0.00591016548463
20542	0.00590841949778
27535	0.00590841949778
4430	0.00590405904059
11	0.00588235294118
16368	0.00588235294118
18129	0.00588235294118
32935	0.00588235294118
41015	0.00588235294118
49398	0.00588235294118
29277	0.00586854460094
33621	0.0058651026393
15851	0.00584795321637
26059	0.00584795321637
40982	0.00584795321637
41246	0.00584795321637
42335	0.00584795321637
50868	0.00584795321637
4868	0.00581395348837
6213	0.00581395348837
19687	0.00581395348837
18307	0.00580046403712
3729	0.00578034682081
10844	0.00578034682081
12511	0.00578034682081
23628	0.00578034682081
27125	0.00578034682081
26805	0.005770084332
4739	0.00574712643678
12501	0.00574712643678
13212	0.00574712643678
20335	0.00574712643678
40972	0.00574712643678
41059	0.00574712643678
14750	0.00573394495413
4396	0.00572519083969
3533	0.00571428571429
24373	0.00571428571429
37114	0.00571428571429
38861	0.00571428571429
41434	0.00571428571429
41940	0.00571428571429
43200	0.00571428571429
39546	0.00569800569801
2403	0.00568181818182
4508	0.00568181818182
16912	0.00568181818182
18283	0.00568181818182
30980	0.00567536889898
3535	0.0056657223796
38663	0.00564971751412
39426	0.00564971751412
40942	0.00564971751412
59661	0.00564971751412
3527	0.00562851782364
38800	0.00561797752809
41060	0.00561797752809
34369	0.00560747663551
3260	0.00560224089636
7349	0.00558659217877
37198	0.00557103064067
11887	0.00555555555556
15714	0.00555555555556
17625	0.00555555555556
51159	0.00555555555556
23786	0.00554016620499
107	0.00552486187845
1700	0.00552486187845
7411	0.00552486187845
22104	0.00552486187845
30762	0.00552486187845
34217	0.00552486187845
40482	0.00552486187845
7344	0.00549450549451
11128	0.00549450549451
17461	0.00549450549451
21662	0.00549450549451
25942	0.00549450549451
51155	0.00549450549451
51699	0.00549450549451
51838	0.00549450549451
3946	0.00546448087432
16723	0.00546448087432
22401	0.00546448087432
22805	0.00546448087432
25332	0.00546448087432
50987	0.00546448087432
33634	0.00544959128065
3788	0.0054347826087
6679	0.0054347826087
42954	0.0054347826087
38492	0.00542740841248
33850	0.00542005420054
32594	0.00540540540541
25324	0.00539083557951
47774	0.00539083557951
11000	0.00537634408602
13120	0.00537634408602
26890	0.00537634408602
41378	0.00537634408602
48076	0.00537634408602
50855	0.00536193029491
3214	0.00534759358289
7751	0.00534759358289
12149	0.00534759358289
13935	0.00534759358289
29024	0.00534759358289
3059	0.00533333333333
9488	0.00531914893617
2660	0.00529100529101
5622	0.00529100529101
9586	0.00529100529101
19897	0.00529100529101
20675	0.00529100529101
23285	0.00529100529101
44599	0.00529100529101
50897	0.00529100529101
23265	0.00527704485488
11359	0.00526315789474
13660	0.00526315789474
33862	0.00526315789474
35178	0.00526315789474
41097	0.00524934383202
5218	0.00524475524476
28712	0.00523560209424
35144	0.00523560209424
51121	0.00523560209424
41050	0.00522193211488
41374	0.00522193211488
1170	0.00520833333333
19338	0.00520833333333
2290	0.00520532099479
4489	0.00519031141869
14352	0.00518806744488
25732	0.00518134715026
51655	0.00518134715026
24970	0.00515463917526
30802	0.00515463917526
51197	0.00515463917526
51213	0.00515463917526
2733	0.00514800514801
27949	0.00514138817481
5519	0.00513259195894
5116	0.00512820512821
7442	0.00512820512821
16420	0.00512820512821
30901	0.00512820512821
33692	0.00512820512821
52065	0.00512820512821
52494	0.00512820512821
35809	0.00511508951407
3548	0.00510204081633
4479	0.00510204081633
8724	0.00510204081633
11300	0.00510204081633
37776	0.00510204081633
40887	0.00510204081633
41177	0.00510204081633
1231	0.00507614213198
14207	0.00507614213198
25376	0.00507614213198
29218	0.00507614213198
41204	0.00507614213198
38659	0.00505050505051
42378	0.00505050505051
7460	0.00502512562814
7505	0.00502512562814
18112	0.00502512562814
2	0.00500500500501
6772	0.005
24173	0.005
41116	0.00497512437811
50913	0.00497512437811
39343	0.0049504950495
41610	0.0049504950495
44456	0.0049504950495
51038	0.0049504950495
31868	0.00493827160494
23373	0.00492610837438
30982	0.00490196078431
41031	0.00490196078431
37111	0.00489396411093
39785	0.00489236790607
9642	0.00488997555012
10266	0.00487804878049
7261	0.00487012987013
31307	0.00485436893204
6812	0.00485044462409
18584	0.00481347773767
9292	0.00480769230769
21507	0.00480769230769
29902	0.00480769230769
39358	0.00480769230769
7198	0.00478468899522
896	0.0047619047619
22524	0.0047619047619
22572	0.0047619047619
12610	0.00472440944882
11314	0.00471698113208
13317	0.00471698113208
3288	0.00469483568075
8159	0.00469483568075
29360	0.00469483568075
41085	0.00469483568075
32738	0.00467289719626
18972	0.0046511627907
41467	0.0046511627907
13339	0.0046439628483
1853	0.00462962962963
3198	0.00462962962963
31536	0.00462962962963
41027	0.00459770114943
38191	0.00459242250287
2595	0.0045871559633
10653	0.0045871559633
37689	0.0045871559633
39136	0.0045871559633
38584	0.00455927051672
11782	0.00452488687783
15306	0.00452488687783
26760	0.00452488687783
25113	0.00451127819549
12182	0.0045045045045
41308	0.0045045045045
11778	0.00449438202247
4951	0.00448430493274
41025	0.00448430493274
50885	0.00448430493274
53342	0.00448430493274
5643	0.00447093889717
28610	0.00446428571429
14716	0.00444444444444
27579	0.00444444444444
11675	0.00443458980044
23388	0.00442477876106
1309	0.00440528634361
1739	0.00440528634361
3859	0.00440528634361
5120	0.00439238653001
3499	0.00437636761488
11165	0.00436681222707
689	0.00434782608696
17611	0.004329004329
23666	0.00430107526882
1399	0.00429184549356
2898	0.0042872454448
16447	0.0042735042735
45223	0.00425531914894
53069	0.00425531914894
4764	0.0042492917847
1361	0.00423728813559
21545	0.00422832980973
41332	0.00421052631579
41045	0.00420168067227
52697	0.00420168067227
42374	0.00418410041841
10727	0.00416666666667
50875	0.00416666666667
15228	0.004158004158
39209	0.00413223140496
40411	0.00413223140496
52055	0.00413223140496
21523	0.00409836065574
41091	0.00409836065574
29780	0.00408163265306
6816	0.00406504065041
14360	0.00406504065041
18759	0.00406504065041
13960	0.00404858299595
14749	0.00404858299595
22743	0.00404203718674
37052	0.00403225806452
2127	0.00401606425703
2785	0.00401606425703
14604	0.00401606425703
29055	0.00401606425703
7419	0.00401069518717
21648	0.004
17068	0.00398406374502
24126	0.00398406374502
44281	0.00398406374502
51724	0.00398406374502
37169	0.00396825396825
38206	0.00396825396825
22717	0.00395256916996
27927	0.00395256916996
20779	0.00393700787402
5593	0.00392156862745
37762	0.00389105058366
49392	0.00389105058366
34169	0.00386847195358
9138	0.003861003861
31170	0.00384615384615
45139	0.00384615384615
50327	0.00383141762452
5204	0.00381922342457
33841	0.00379506641366
1680	0.00378787878788
10287	0.00378787878788
34858	0.00378787878788
512	0.00374531835206
7312	0.00374356574637
40970	0.00373134328358
20875	0.00371747211896
35847	0.00371747211896
4005	0.00369003690037
28821	0.00367647058824
15207	0.0036496350365
6789	0.00363636363636
40999	0.00362976406534
11769	0.00359066427289
50944	0.00358422939068
2152	0.00354609929078
29992	0.00354609929078
44184	0.00354609929078
18556	0.00353356890459
1117	0.00352112676056
2313	0.00350877192982
21801	0.00350877192982
31138	0.00350877192982
50995	0.0034965034965
2757	0.00348432055749
29394	0.00346020761246
25405	0.00344827586207
51158	0.00344827586207
1931	0.00344234079174
30794	0.00341296928328
25414	0.00338983050847
28407	0.00338409475465
18414	0.00337837837838
13955	0.00337268128162
4242	0.003367003367
41417	0.00334448160535
11381	0.00332225913621
31400	0.00331125827815
38293	0.00331125827815
16449	0.00328947368421
21558	0.00328947368421
53040	0.00328947368421
3022	0.00327868852459
19090	0.00326797385621
5000	0.00326441784548
3445	0.00325732899023
40969	0.00325732899023
2448	0.00323624595469
25444	0.00323624595469
4654	0.00321888412017
6954	0.00320512820513
7214	0.00319488817891
42424	0.00315457413249
18456	0.00313971742543
17355	0.003125
24958	0.00310559006211
35958	0.00310559006211
11481	0.00306748466258
41039	0.00306748466258
1064	0.00306278713629
27128	0.00302114803625
16927	0.00297619047619
12467	0.00294985250737
17008	0.00294985250737
26893	0.00294117647059
14140	0.002849002849
34683	0.0028328611898
29845	0.00282485875706
3239	0.00281690140845
41609	0.00281690140845
48572	0.00281690140845
28810	0.00280898876404
22579	0.00279329608939
4485	0.00278551532033
2142	0.00277777777778
18301	0.00275482093664
34367	0.00271002710027
27651	0.00266666666667
216	0.0026525198939
3553	0.0026525198939
25453	0.0026455026455
9251	0.00263852242744
16917	0.00259067357513
38822	0.00257731958763
2381	0.00256739409499
4153	0.00255102040816
36999	0.00252525252525
12017	0.00251256281407
867	0.00249376558603
870	0.00248756218905
35514	0.00248756218905
41129	0.00248138957816
42156	0.00245098039216
51096	0.00240384615385
23174	0.00238663484487
1380	0.00234741784038
3365	0.00233918128655
33678	0.00230414746544
27525	0.00229357798165
4173	0.00228832951945
22971	0.00227790432802
7518	0.00224215246637
22251	0.00220750551876
3827	0.00216919739696
631	0.00210526315789
50105	0.0020618556701
23782	0.00201612903226
5673	0.00189035916824
21797	0.00187969924812
34751	0.00186219739292
11655	0.00165289256198
14253	0.00159744408946
1628	0.00121802679659
