31287	0.0645161290323
21469	0.0606060606061
60112	0.0588235294118
32768	0.0555555555556
38310	0.0555555555556
52813	0.0555555555556
47607	0.0512820512821
47732	0.0512820512821
25026	0.05
51855	0.05
22432	0.0487804878049
42965	0.0487804878049
45081	0.0487804878049
1584	0.0483870967742
17579	0.047619047619
41057	0.047619047619
48558	0.047619047619
51195	0.047619047619
42221	0.046511627907
51353	0.046511627907
29317	0.0461538461538
1258	0.0444444444444
29418	0.0444444444444
34132	0.0444444444444
50609	0.0444444444444
23117	0.0441176470588
32412	0.0441176470588
42878	0.0434782608696
59550	0.0434782608696
7294	0.0425531914894
43504	0.0425531914894
50644	0.0425531914894
51260	0.0425531914894
56123	0.0425531914894
15515	0.0422535211268
25710	0.0416666666667
41630	0.0416666666667
42098	0.0416666666667
11279	0.0408163265306
14422	0.0408163265306
34728	0.0408163265306
52808	0.0408163265306
27225	0.0403225806452
3985	0.04
32125	0.04
59649	0.04
17272	0.0392156862745
35722	0.038961038961
28300	0.0384615384615
41616	0.0384615384615
41700	0.0384615384615
39387	0.0377358490566
51033	0.0377358490566
8739	0.0375
1646	0.037037037037
52528	0.037037037037
6961	0.0363636363636
15982	0.0363636363636
45118	0.0363636363636
59832	0.0363636363636
723	0.0357142857143
3476	0.0357142857143
5316	0.0357142857143
5415	0.0357142857143
7118	0.0357142857143
7218	0.0357142857143
7544	0.0357142857143
7720	0.0357142857143
8718	0.0357142857143
11516	0.0357142857143
12609	0.0357142857143
12667	0.0357142857143
13495	0.0357142857143
13753	0.0357142857143
17633	0.0357142857143
18568	0.0357142857143
20575	0.0357142857143
21033	0.0357142857143
21713	0.0357142857143
21810	0.0357142857143
23158	0.0357142857143
24823	0.0357142857143
25884	0.0357142857143
26122	0.0357142857143
27351	0.0357142857143
27420	0.0357142857143
29566	0.0357142857143
29574	0.0357142857143
30320	0.0357142857143
30375	0.0357142857143
32679	0.0357142857143
34634	0.0357142857143
38355	0.0357142857143
39041	0.0357142857143
40695	0.0357142857143
42149	0.0357142857143
47041	0.0357142857143
47658	0.0357142857143
48323	0.0357142857143
49109	0.0357142857143
54732	0.0357142857143
55708	0.0357142857143
55827	0.0357142857143
56140	0.0357142857143
57038	0.0357142857143
57498	0.0357142857143
58866	0.0357142857143
60962	0.0357142857143
61227	0.0357142857143
7295	0.0352941176471
8034	0.0350877192982
13992	0.0350877192982
10046	0.0348837209302
50934	0.0348837209302
1224	0.0344827586207
1878	0.0344827586207
4039	0.0344827586207
4281	0.0344827586207
6582	0.0344827586207
9036	0.0344827586207
9334	0.0344827586207
11674	0.0344827586207
13302	0.0344827586207
13838	0.0344827586207
13857	0.0344827586207
14193	0.0344827586207
15377	0.0344827586207
15651	0.0344827586207
16261	0.0344827586207
17082	0.0344827586207
19382	0.0344827586207
19907	0.0344827586207
20160	0.0344827586207
20332	0.0344827586207
20781	0.0344827586207
22472	0.0344827586207
22531	0.0344827586207
23091	0.0344827586207
23560	0.0344827586207
24591	0.0344827586207
26303	0.0344827586207
27935	0.0344827586207
28956	0.0344827586207
29115	0.0344827586207
29485	0.0344827586207
30654	0.0344827586207
32086	0.0344827586207
35079	0.0344827586207
36873	0.0344827586207
37116	0.0344827586207
37871	0.0344827586207
39422	0.0344827586207
40329	0.0344827586207
40894	0.0344827586207
43766	0.0344827586207
44976	0.0344827586207
45738	0.0344827586207
46019	0.0344827586207
46149	0.0344827586207
48092	0.0344827586207
49647	0.0344827586207
55088	0.0344827586207
55647	0.0344827586207
55866	0.0344827586207
56566	0.0344827586207
57352	0.0344827586207
58311	0.0344827586207
58369	0.0344827586207
59597	0.0344827586207
59636	0.0344827586207
56	0.0338983050847
15360	0.0338983050847
31471	0.0338983050847
36581	0.0338983050847
38642	0.0337078651685
44335	0.0337078651685
65	0.0333333333333
1221	0.0333333333333
1343	0.0333333333333
3170	0.0333333333333
4885	0.0333333333333
5788	0.0333333333333
6011	0.0333333333333
6574	0.0333333333333
8292	0.0333333333333
10081	0.0333333333333
10143	0.0333333333333
10349	0.0333333333333
13326	0.0333333333333
13887	0.0333333333333
16974	0.0333333333333
17161	0.0333333333333
17189	0.0333333333333
17702	0.0333333333333
17997	0.0333333333333
19498	0.0333333333333
19706	0.0333333333333
20539	0.0333333333333
22927	0.0333333333333
23188	0.0333333333333
23307	0.0333333333333
24624	0.0333333333333
25651	0.0333333333333
26961	0.0333333333333
27675	0.0333333333333
28506	0.0333333333333
28825	0.0333333333333
29711	0.0333333333333
29891	0.0333333333333
31508	0.0333333333333
32441	0.0333333333333
32602	0.0333333333333
34118	0.0333333333333
34497	0.0333333333333
34625	0.0333333333333
35890	0.0333333333333
35955	0.0333333333333
38916	0.0333333333333
39620	0.0333333333333
40582	0.0333333333333
41615	0.0333333333333
42802	0.0333333333333
43188	0.0333333333333
43536	0.0333333333333
44359	0.0333333333333
45161	0.0333333333333
47114	0.0333333333333
47861	0.0333333333333
51751	0.0333333333333
51819	0.0333333333333
52076	0.0333333333333
54397	0.0333333333333
54720	0.0333333333333
54975	0.0333333333333
55464	0.0333333333333
56699	0.0333333333333
58037	0.0333333333333
58248	0.0333333333333
59551	0.0333333333333
60480	0.0333333333333
61501	0.0333333333333
52555	0.0331125827815
38201	0.032967032967
32398	0.0327868852459
52541	0.0327868852459
557	0.0322580645161
809	0.0322580645161
1691	0.0322580645161
2892	0.0322580645161
3851	0.0322580645161
4293	0.0322580645161
4713	0.0322580645161
6193	0.0322580645161
6941	0.0322580645161
6953	0.0322580645161
8181	0.0322580645161
9498	0.0322580645161
10148	0.0322580645161
11608	0.0322580645161
15054	0.0322580645161
15628	0.0322580645161
15853	0.0322580645161
16334	0.0322580645161
16355	0.0322580645161
16613	0.0322580645161
17635	0.0322580645161
18287	0.0322580645161
19840	0.0322580645161
21543	0.0322580645161
22501	0.0322580645161
22622	0.0322580645161
22797	0.0322580645161
26561	0.0322580645161
26925	0.0322580645161
27210	0.0322580645161
28987	0.0322580645161
29311	0.0322580645161
29335	0.0322580645161
30421	0.0322580645161
33499	0.0322580645161
34343	0.0322580645161
35037	0.0322580645161
36006	0.0322580645161
37513	0.0322580645161
37791	0.0322580645161
39596	0.0322580645161
40493	0.0322580645161
40761	0.0322580645161
40791	0.0322580645161
42391	0.0322580645161
42756	0.0322580645161
43458	0.0322580645161
43896	0.0322580645161
44121	0.0322580645161
44213	0.0322580645161
44226	0.0322580645161
44761	0.0322580645161
45934	0.0322580645161
46146	0.0322580645161
47217	0.0322580645161
48211	0.0322580645161
48654	0.0322580645161
48802	0.0322580645161
49517	0.0322580645161
49716	0.0322580645161
50601	0.0322580645161
51696	0.0322580645161
51906	0.0322580645161
53656	0.0322580645161
53715	0.0322580645161
56468	0.0322580645161
57468	0.0322580645161
57641	0.0322580645161
58559	0.0322580645161
59548	0.0322580645161
59763	0.0322580645161
60290	0.0322580645161
60436	0.0322580645161
60537	0.0322580645161
60606	0.0322580645161
60981	0.0322580645161
61007	0.0322580645161
31720	0.032
11132	0.031746031746
11159	0.031746031746
21835	0.031746031746
28514	0.031746031746
42073	0.031746031746
18596	0.0315789473684
33934	0.0315789473684
898	0.03125
1882	0.03125
2077	0.03125
3775	0.03125
5141	0.03125
5288	0.03125
5557	0.03125
6894	0.03125
7368	0.03125
7806	0.03125
8504	0.03125
11067	0.03125
12395	0.03125
13721	0.03125
13858	0.03125
13982	0.03125
15534	0.03125
16466	0.03125
16881	0.03125
16977	0.03125
17450	0.03125
18290	0.03125
20495	0.03125
21046	0.03125
21678	0.03125
21957	0.03125
22961	0.03125
23746	0.03125
26632	0.03125
26679	0.03125
28501	0.03125
29084	0.03125
29737	0.03125
29894	0.03125
30097	0.03125
30942	0.03125
31223	0.03125
32215	0.03125
33439	0.03125
37071	0.03125
37492	0.03125
40448	0.03125
41051	0.03125
41933	0.03125
42107	0.03125
44327	0.03125
46983	0.03125
47338	0.03125
47412	0.03125
47709	0.03125
47997	0.03125
48465	0.03125
50703	0.03125
50821	0.03125
51418	0.03125
51744	0.03125
51756	0.03125
52381	0.03125
52676	0.03125
52792	0.03125
53011	0.03125
53321	0.03125
54205	0.03125
54709	0.03125
55190	0.03125
58397	0.03125
59939	0.03125
60298	0.03125
60901	0.03125
32411	0.031007751938
13332	0.0307692307692
2716	0.030303030303
3093	0.030303030303
5588	0.030303030303
5657	0.030303030303
6931	0.030303030303
7090	0.030303030303
7415	0.030303030303
7538	0.030303030303
8990	0.030303030303
11177	0.030303030303
12370	0.030303030303
16063	0.030303030303
16733	0.030303030303
17143	0.030303030303
17209	0.030303030303
18168	0.030303030303
19260	0.030303030303
19278	0.030303030303
19593	0.030303030303
20052	0.030303030303
20423	0.030303030303
22530	0.030303030303
22874	0.030303030303
25162	0.030303030303
28031	0.030303030303
28828	0.030303030303
30046	0.030303030303
30332	0.030303030303
32732	0.030303030303
32772	0.030303030303
33528	0.030303030303
33627	0.030303030303
34120	0.030303030303
34673	0.030303030303
35334	0.030303030303
35649	0.030303030303
36303	0.030303030303
37517	0.030303030303
38081	0.030303030303
38357	0.030303030303
38359	0.030303030303
38581	0.030303030303
39371	0.030303030303
41415	0.030303030303
41898	0.030303030303
42241	0.030303030303
42583	0.030303030303
44846	0.030303030303
45211	0.030303030303
46517	0.030303030303
46798	0.030303030303
47006	0.030303030303
47597	0.030303030303
47765	0.030303030303
47943	0.030303030303
47947	0.030303030303
48447	0.030303030303
49895	0.030303030303
49917	0.030303030303
49940	0.030303030303
50722	0.030303030303
51584	0.030303030303
52491	0.030303030303
52579	0.030303030303
52646	0.030303030303
53028	0.030303030303
56865	0.030303030303
57366	0.030303030303
57824	0.030303030303
58812	0.030303030303
59319	0.030303030303
59749	0.030303030303
60305	0.030303030303
61236	0.030303030303
21727	0.03
35699	0.03
22362	0.0298507462687
22946	0.0298507462687
37897	0.0298507462687
41503	0.0298507462687
52367	0.0298507462687
2095	0.0294117647059
4642	0.0294117647059
7540	0.0294117647059
7692	0.0294117647059
8178	0.0294117647059
8722	0.0294117647059
8756	0.0294117647059
9655	0.0294117647059
9969	0.0294117647059
11278	0.0294117647059
15175	0.0294117647059
17471	0.0294117647059
18639	0.0294117647059
19605	0.0294117647059
20611	0.0294117647059
20671	0.0294117647059
23059	0.0294117647059
23241	0.0294117647059
25267	0.0294117647059
25903	0.0294117647059
26065	0.0294117647059
26756	0.0294117647059
26770	0.0294117647059
26912	0.0294117647059
28149	0.0294117647059
29251	0.0294117647059
29678	0.0294117647059
30075	0.0294117647059
31033	0.0294117647059
32213	0.0294117647059
35550	0.0294117647059
35844	0.0294117647059
35921	0.0294117647059
36898	0.0294117647059
37804	0.0294117647059
37826	0.0294117647059
38862	0.0294117647059
39349	0.0294117647059
39774	0.0294117647059
41435	0.0294117647059
41938	0.0294117647059
42025	0.0294117647059
43130	0.0294117647059
45144	0.0294117647059
45378	0.0294117647059
46330	0.0294117647059
47470	0.0294117647059
47879	0.0294117647059
48938	0.0294117647059
49108	0.0294117647059
50408	0.0294117647059
51051	0.0294117647059
51861	0.0294117647059
54641	0.0294117647059
54765	0.0294117647059
61173	0.0294117647059
7357	0.0289855072464
51015	0.0289855072464
855	0.0285714285714
8467	0.0285714285714
8877	0.0285714285714
10031	0.0285714285714
10343	0.0285714285714
13229	0.0285714285714
13747	0.0285714285714
14050	0.0285714285714
14728	0.0285714285714
15785	0.0285714285714
16586	0.0285714285714
18654	0.0285714285714
25343	0.0285714285714
25475	0.0285714285714
26655	0.0285714285714
27364	0.0285714285714
28005	0.0285714285714
28682	0.0285714285714
30270	0.0285714285714
30872	0.0285714285714
35744	0.0285714285714
39236	0.0285714285714
40667	0.0285714285714
40820	0.0285714285714
41694	0.0285714285714
42395	0.0285714285714
42825	0.0285714285714
43278	0.0285714285714
44074	0.0285714285714
45086	0.0285714285714
46328	0.0285714285714
46860	0.0285714285714
49914	0.0285714285714
50261	0.0285714285714
50711	0.0285714285714
52451	0.0285714285714
52632	0.0285714285714
53216	0.0285714285714
57851	0.0285714285714
59294	0.0285714285714
60158	0.0285714285714
61222	0.0285714285714
19792	0.0283687943262
1690	0.0281690140845
43663	0.0281690140845
5956	0.0277777777778
6187	0.0277777777778
7400	0.0277777777778
9896	0.0277777777778
10140	0.0277777777778
10477	0.0277777777778
11915	0.0277777777778
12310	0.0277777777778
12488	0.0277777777778
12641	0.0277777777778
13426	0.0277777777778
14699	0.0277777777778
14898	0.0277777777778
17881	0.0277777777778
19024	0.0277777777778
21747	0.0277777777778
22901	0.0277777777778
23379	0.0277777777778
23387	0.0277777777778
24857	0.0277777777778
25184	0.0277777777778
25514	0.0277777777778
25646	0.0277777777778
26227	0.0277777777778
26534	0.0277777777778
27236	0.0277777777778
28202	0.0277777777778
28671	0.0277777777778
29127	0.0277777777778
31323	0.0277777777778
32046	0.0277777777778
32177	0.0277777777778
32681	0.0277777777778
33991	0.0277777777778
35306	0.0277777777778
38145	0.0277777777778
38564	0.0277777777778
39113	0.0277777777778
40251	0.0277777777778
41440	0.0277777777778
42214	0.0277777777778
42632	0.0277777777778
42909	0.0277777777778
43029	0.0277777777778
43595	0.0277777777778
43900	0.0277777777778
45588	0.0277777777778
48916	0.0277777777778
49081	0.0277777777778
50207	0.0277777777778
51705	0.0277777777778
52410	0.0277777777778
54266	0.0277777777778
54272	0.0277777777778
55173	0.0277777777778
56178	0.0277777777778
59616	0.0277777777778
59767	0.0277777777778
60186	0.0277777777778
60724	0.0277777777778
60960	0.0277777777778
61006	0.0277777777778
51003	0.027397260274
60486	0.027397260274
33645	0.0272727272727
45381	0.0272727272727
51505	0.0272727272727
22621	0.0272108843537
1372	0.027027027027
4182	0.027027027027
4195	0.027027027027
4783	0.027027027027
5128	0.027027027027
9124	0.027027027027
9244	0.027027027027
9550	0.027027027027
10672	0.027027027027
11919	0.027027027027
14313	0.027027027027
15186	0.027027027027
18589	0.027027027027
18616	0.027027027027
19170	0.027027027027
19649	0.027027027027
19678	0.027027027027
19743	0.027027027027
20058	0.027027027027
20751	0.027027027027
21750	0.027027027027
23670	0.027027027027
24782	0.027027027027
25303	0.027027027027
27000	0.027027027027
27718	0.027027027027
29984	0.027027027027
30296	0.027027027027
30904	0.027027027027
34303	0.027027027027
35086	0.027027027027
36274	0.027027027027
40555	0.027027027027
41384	0.027027027027
41815	0.027027027027
42584	0.027027027027
42803	0.027027027027
42969	0.027027027027
43140	0.027027027027
43840	0.027027027027
45609	0.027027027027
45966	0.027027027027
47450	0.027027027027
47751	0.027027027027
48008	0.027027027027
48836	0.027027027027
51711	0.027027027027
51903	0.027027027027
52037	0.027027027027
52117	0.027027027027
52489	0.027027027027
52650	0.027027027027
52775	0.027027027027
53005	0.027027027027
53379	0.027027027027
58439	0.027027027027
59571	0.027027027027
59862	0.027027027027
60091	0.027027027027
60134	0.027027027027
60457	0.027027027027
61049	0.027027027027
2247	0.0267857142857
17110	0.0267857142857
101	0.0266666666667
3798	0.0266666666667
39310	0.0266666666667
35039	0.0264900662252
1678	0.0263157894737
4618	0.0263157894737
6272	0.0263157894737
6354	0.0263157894737
7338	0.0263157894737
9194	0.0263157894737
9351	0.0263157894737
10055	0.0263157894737
10500	0.0263157894737
15678	0.0263157894737
17574	0.0263157894737
17675	0.0263157894737
17784	0.0263157894737
17969	0.0263157894737
20090	0.0263157894737
21235	0.0263157894737
21907	0.0263157894737
23524	0.0263157894737
25466	0.0263157894737
26821	0.0263157894737
28806	0.0263157894737
29442	0.0263157894737
32715	0.0263157894737
33672	0.0263157894737
33685	0.0263157894737
34435	0.0263157894737
34966	0.0263157894737
35932	0.0263157894737
38499	0.0263157894737
40700	0.0263157894737
41710	0.0263157894737
42312	0.0263157894737
42773	0.0263157894737
42867	0.0263157894737
42905	0.0263157894737
43022	0.0263157894737
43788	0.0263157894737
44835	0.0263157894737
45795	0.0263157894737
46966	0.0263157894737
47811	0.0263157894737
48247	0.0263157894737
49075	0.0263157894737
49261	0.0263157894737
51553	0.0263157894737
51642	0.0263157894737
51707	0.0263157894737
52210	0.0263157894737
52731	0.0263157894737
57433	0.0263157894737
61261	0.0263157894737
113	0.025974025974
4977	0.025974025974
21561	0.025974025974
42096	0.025974025974
45715	0.025974025974
11784	0.0258620689655
33639	0.0258620689655
2412	0.025641025641
3123	0.025641025641
3740	0.025641025641
8745	0.025641025641
12944	0.025641025641
13923	0.025641025641
14404	0.025641025641
14541	0.025641025641
16826	0.025641025641
20322	0.025641025641
22156	0.025641025641
23144	0.025641025641
24455	0.025641025641
25283	0.025641025641
26573	0.025641025641
29436	0.025641025641
31194	0.025641025641
31520	0.025641025641
32081	0.025641025641
32270	0.025641025641
32570	0.025641025641
32752	0.025641025641
34075	0.025641025641
34555	0.025641025641
35241	0.025641025641
35702	0.025641025641
37354	0.025641025641
37949	0.025641025641
40542	0.025641025641
42109	0.025641025641
42314	0.025641025641
43771	0.025641025641
43860	0.025641025641
45212	0.025641025641
45511	0.025641025641
46049	0.025641025641
50438	0.025641025641
51472	0.025641025641
51626	0.025641025641
52028	0.025641025641
52132	0.025641025641
52486	0.025641025641
52561	0.025641025641
52595	0.025641025641
52653	0.025641025641
52776	0.025641025641
56683	0.025641025641
59598	0.025641025641
50938	0.0254237288136
15850	0.0253164556962
26558	0.0253164556962
35971	0.0253164556962
37845	0.0253164556962
7115	0.0252100840336
2748	0.025
2862	0.025
3318	0.025
4802	0.025
4863	0.025
5792	0.025
7333	0.025
7506	0.025
9966	0.025
13099	0.025
13240	0.025
17252	0.025
18064	0.025
19095	0.025
21992	0.025
22345	0.025
24737	0.025
25548	0.025
29383	0.025
29509	0.025
30931	0.025
31044	0.025
32102	0.025
32134	0.025
34437	0.025
35153	0.025
35463	0.025
38496	0.025
41145	0.025
42130	0.025
42601	0.025
43060	0.025
43210	0.025
45484	0.025
50767	0.025
51123	0.025
51157	0.025
55948	0.025
56789	0.025
59940	0.025
51429	0.0245901639344
2441	0.0243902439024
3973	0.0243902439024
6597	0.0243902439024
8684	0.0243902439024
10476	0.0243902439024
10827	0.0243902439024
12838	0.0243902439024
15208	0.0243902439024
15793	0.0243902439024
16139	0.0243902439024
20228	0.0243902439024
24058	0.0243902439024
24777	0.0243902439024
27524	0.0243902439024
27989	0.0243902439024
28080	0.0243902439024
32511	0.0243902439024
34304	0.0243902439024
34760	0.0243902439024
35848	0.0243902439024
36242	0.0243902439024
40210	0.0243902439024
42007	0.0243902439024
42554	0.0243902439024
42681	0.0243902439024
42815	0.0243902439024
42873	0.0243902439024
43342	0.0243902439024
43668	0.0243902439024
47093	0.0243902439024
47569	0.0243902439024
48753	0.0243902439024
50089	0.0243902439024
50919	0.0243902439024
50950	0.0243902439024
51663	0.0243902439024
52705	0.0243902439024
58301	0.0243902439024
59086	0.0243902439024
60085	0.0243902439024
31306	0.0241935483871
25806	0.0240963855422
35467	0.0240963855422
38375	0.0240963855422
10340	0.024
2778	0.0238095238095
6478	0.0238095238095
7307	0.0238095238095
8207	0.0238095238095
9472	0.0238095238095
13531	0.0238095238095
14086	0.0238095238095
14357	0.0238095238095
15846	0.0238095238095
16585	0.0238095238095
16973	0.0238095238095
19126	0.0238095238095
19947	0.0238095238095
20412	0.0238095238095
20435	0.0238095238095
20568	0.0238095238095
21674	0.0238095238095
22350	0.0238095238095
22544	0.0238095238095
22728	0.0238095238095
24560	0.0238095238095
26557	0.0238095238095
26930	0.0238095238095
28606	0.0238095238095
28681	0.0238095238095
29137	0.0238095238095
29698	0.0238095238095
30227	0.0238095238095
31179	0.0238095238095
32737	0.0238095238095
33363	0.0238095238095
39337	0.0238095238095
40258	0.0238095238095
40702	0.0238095238095
41333	0.0238095238095
41349	0.0238095238095
41824	0.0238095238095
41825	0.0238095238095
46844	0.0238095238095
47361	0.0238095238095
47446	0.0238095238095
48305	0.0238095238095
48571	0.0238095238095
51289	0.0238095238095
51686	0.0238095238095
52385	0.0238095238095
52535	0.0238095238095
53079	0.0238095238095
55942	0.0238095238095
59552	0.0238095238095
61137	0.0238095238095
42892	0.0235294117647
52319	0.0235294117647
20111	0.0234375
43088	0.0234375
2257	0.0232558139535
4703	0.0232558139535
5221	0.0232558139535
5646	0.0232558139535
7439	0.0232558139535
11830	0.0232558139535
12915	0.0232558139535
15429	0.0232558139535
15863	0.0232558139535
16301	0.0232558139535
16519	0.0232558139535
17237	0.0232558139535
18532	0.0232558139535
19208	0.0232558139535
20795	0.0232558139535
21582	0.0232558139535
21913	0.0232558139535
22697	0.0232558139535
27421	0.0232558139535
27560	0.0232558139535
32611	0.0232558139535
34994	0.0232558139535
35064	0.0232558139535
42269	0.0232558139535
42624	0.0232558139535
45775	0.0232558139535
46601	0.0232558139535
46972	0.0232558139535
48293	0.0232558139535
50177	0.0232558139535
50931	0.0232558139535
51714	0.0232558139535
52036	0.0232558139535
52647	0.0232558139535
52810	0.0232558139535
52913	0.0232558139535
56485	0.0232558139535
59921	0.0232558139535
688	0.0229885057471
23275	0.0229885057471
23760	0.0229885057471
27031	0.0229885057471
30209	0.0229885057471
51336	0.0229885057471
52255	0.0229885057471
11239	0.0229007633588
3108	0.0227272727273
3552	0.0227272727273
3565	0.0227272727273
3577	0.0227272727273
6201	0.0227272727273
6214	0.0227272727273
7545	0.0227272727273
9631	0.0227272727273
11119	0.0227272727273
11410	0.0227272727273
16303	0.0227272727273
18196	0.0227272727273
22411	0.0227272727273
22683	0.0227272727273
24059	0.0227272727273
26575	0.0227272727273
28788	0.0227272727273
33318	0.0227272727273
36161	0.0227272727273
36627	0.0227272727273
38314	0.0227272727273
38832	0.0227272727273
41783	0.0227272727273
42072	0.0227272727273
43091	0.0227272727273
43569	0.0227272727273
43599	0.0227272727273
49279	0.0227272727273
51049	0.0227272727273
51127	0.0227272727273
51919	0.0227272727273
52669	0.0227272727273
59667	0.0227272727273
59883	0.0227272727273
60293	0.0227272727273
5124	0.0224719101124
34103	0.0224719101124
37208	0.0224719101124
41244	0.0224719101124
5354	0.0223880597015
20647	0.0223880597015
6728	0.0222222222222
8448	0.0222222222222
10007	0.0222222222222
14905	0.0222222222222
15836	0.0222222222222
17077	0.0222222222222
17634	0.0222222222222
18145	0.0222222222222
18203	0.0222222222222
18265	0.0222222222222
19938	0.0222222222222
22670	0.0222222222222
24221	0.0222222222222
26804	0.0222222222222
26830	0.0222222222222
27542	0.0222222222222
30675	0.0222222222222
33963	0.0222222222222
34110	0.0222222222222
34415	0.0222222222222
35480	0.0222222222222
36942	0.0222222222222
38442	0.0222222222222
40600	0.0222222222222
45044	0.0222222222222
47884	0.0222222222222
48576	0.0222222222222
49137	0.0222222222222
51683	0.0222222222222
53160	0.0222222222222
55172	0.0222222222222
56611	0.0222222222222
60069	0.0222222222222
17015	0.0220588235294
18838	0.021978021978
40973	0.021978021978
139	0.0217391304348
280	0.0217391304348
310	0.0217391304348
1227	0.0217391304348
1979	0.0217391304348
2484	0.0217391304348
2543	0.0217391304348
3032	0.0217391304348
3373	0.0217391304348
4019	0.0217391304348
8423	0.0217391304348
9633	0.0217391304348
10155	0.0217391304348
10185	0.0217391304348
10389	0.0217391304348
10893	0.0217391304348
11814	0.0217391304348
13216	0.0217391304348
15622	0.0217391304348
17260	0.0217391304348
20433	0.0217391304348
21529	0.0217391304348
21691	0.0217391304348
24156	0.0217391304348
26172	0.0217391304348
26606	0.0217391304348
26659	0.0217391304348
29363	0.0217391304348
29641	0.0217391304348
30834	0.0217391304348
32958	0.0217391304348
35036	0.0217391304348
37408	0.0217391304348
40637	0.0217391304348
41104	0.0217391304348
41557	0.0217391304348
41571	0.0217391304348
41588	0.0217391304348
41937	0.0217391304348
42458	0.0217391304348
47087	0.0217391304348
49578	0.0217391304348
49747	0.0217391304348
51329	0.0217391304348
51358	0.0217391304348
51682	0.0217391304348
51902	0.0217391304348
52371	0.0217391304348
52387	0.0217391304348
52835	0.0217391304348
53282	0.0217391304348
54708	0.0217391304348
59599	0.0217391304348
59670	0.0217391304348
59752	0.0217391304348
61032	0.0217391304348
38078	0.0215827338129
25555	0.0215053763441
49465	0.0215053763441
50911	0.0215053763441
1361	0.0214592274678
1099	0.0212765957447
4961	0.0212765957447
5823	0.0212765957447
9212	0.0212765957447
9987	0.0212765957447
10327	0.0212765957447
10977	0.0212765957447
12485	0.0212765957447
12525	0.0212765957447
17006	0.0212765957447
18217	0.0212765957447
22367	0.0212765957447
22873	0.0212765957447
26070	0.0212765957447
26377	0.0212765957447
27629	0.0212765957447
29012	0.0212765957447
32014	0.0212765957447
34976	0.0212765957447
36684	0.0212765957447
37183	0.0212765957447
41654	0.0212765957447
42614	0.0212765957447
43539	0.0212765957447
47731	0.0212765957447
49262	0.0212765957447
51167	0.0212765957447
51428	0.0212765957447
51527	0.0212765957447
51937	0.0212765957447
53312	0.0212765957447
55202	0.0212765957447
59603	0.0212765957447
25413	0.021186440678
5552	0.0211267605634
22408	0.0211267605634
2722	0.0210970464135
25273	0.0210526315789
32927	0.0210526315789
51940	0.0210526315789
1570	0.0208333333333
2678	0.0208333333333
3654	0.0208333333333
4509	0.0208333333333
14254	0.0208333333333
14546	0.0208333333333
17198	0.0208333333333
17917	0.0208333333333
18162	0.0208333333333
20077	0.0208333333333
20908	0.0208333333333
22241	0.0208333333333
26669	0.0208333333333
27418	0.0208333333333
29670	0.0208333333333
29844	0.0208333333333
31675	0.0208333333333
32667	0.0208333333333
32844	0.0208333333333
34671	0.0208333333333
38124	0.0208333333333
41412	0.0208333333333
41839	0.0208333333333
42346	0.0208333333333
42498	0.0208333333333
42670	0.0208333333333
43239	0.0208333333333
43323	0.0208333333333
43421	0.0208333333333
45113	0.0208333333333
46703	0.0208333333333
49986	0.0208333333333
51016	0.0208333333333
51063	0.0208333333333
51084	0.0208333333333
51161	0.0208333333333
51664	0.0208333333333
52613	0.0208333333333
52941	0.0208333333333
53434	0.0208333333333
59518	0.0208333333333
59985	0.0208333333333
60139	0.0208333333333
52494	0.020725388601
41140	0.0206611570248
4479	0.020618556701
8197	0.020618556701
33709	0.020618556701
59944	0.020618556701
602	0.0204081632653
2404	0.0204081632653
5098	0.0204081632653
7350	0.0204081632653
8542	0.0204081632653
11785	0.0204081632653
14677	0.0204081632653
19118	0.0204081632653
23186	0.0204081632653
23900	0.0204081632653
24089	0.0204081632653
29331	0.0204081632653
29907	0.0204081632653
31018	0.0204081632653
35061	0.0204081632653
37181	0.0204081632653
39642	0.0204081632653
41418	0.0204081632653
41581	0.0204081632653
42070	0.0204081632653
43689	0.0204081632653
50418	0.0204081632653
50520	0.0204081632653
51409	0.0204081632653
51582	0.0204081632653
51883	0.0204081632653
60131	0.0204081632653
60506	0.0204081632653
51811	0.0202702702703
50871	0.020202020202
51229	0.020202020202
637	0.02
1756	0.02
5370	0.02
5793	0.02
8510	0.02
8909	0.02
9743	0.02
13357	0.02
16074	0.02
16523	0.02
18673	0.02
24775	0.02
25701	0.02
30879	0.02
30987	0.02
32483	0.02
33382	0.02
43102	0.02
43532	0.02
45720	0.02
46113	0.02
47575	0.02
49390	0.02
50816	0.02
50958	0.02
51817	0.02
51934	0.02
52401	0.02
52633	0.02
39324	0.0198675496689
40344	0.0198675496689
19420	0.019801980198
36054	0.019801980198
535	0.0196078431373
2942	0.0196078431373
5702	0.0196078431373
9681	0.0196078431373
11888	0.0196078431373
13894	0.0196078431373
16995	0.0196078431373
21709	0.0196078431373
23262	0.0196078431373
27528	0.0196078431373
28088	0.0196078431373
30635	0.0196078431373
32050	0.0196078431373
32422	0.0196078431373
32472	0.0196078431373
35437	0.0196078431373
39584	0.0196078431373
41817	0.0196078431373
42672	0.0196078431373
42744	0.0196078431373
49678	0.0196078431373
50536	0.0196078431373
51109	0.0196078431373
51379	0.0196078431373
59864	0.0196078431373
60307	0.0196078431373
30849	0.01953125
31220	0.0194174757282
844	0.0192307692308
2548	0.0192307692308
9337	0.0192307692308
10388	0.0192307692308
12797	0.0192307692308
18603	0.0192307692308
20466	0.0192307692308
23724	0.0192307692308
24600	0.0192307692308
26013	0.0192307692308
27240	0.0192307692308
29177	0.0192307692308
32329	0.0192307692308
38454	0.0192307692308
39030	0.0192307692308
41414	0.0192307692308
41608	0.0192307692308
42379	0.0192307692308
45453	0.0192307692308
47944	0.0192307692308
50098	0.0192307692308
50422	0.0192307692308
51665	0.0192307692308
52015	0.0192307692308
56978	0.0192307692308
30835	0.0191570881226
33143	0.0190476190476
34191	0.0190476190476
51092	0.0190476190476
501	0.0188679245283
961	0.0188679245283
1580	0.0188679245283
1887	0.0188679245283
2338	0.0188679245283
3496	0.0188679245283
4440	0.0188679245283
6395	0.0188679245283
7069	0.0188679245283
7395	0.0188679245283
14509	0.0188679245283
16123	0.0188679245283
17998	0.0188679245283
18611	0.0188679245283
19519	0.0188679245283
24052	0.0188679245283
33622	0.0188679245283
34204	0.0188679245283
35161	0.0188679245283
35810	0.0188679245283
39232	0.0188679245283
40530	0.0188679245283
41451	0.0188679245283
41535	0.0188679245283
42292	0.0188679245283
42512	0.0188679245283
43198	0.0188679245283
43588	0.0188679245283
48901	0.0188679245283
51536	0.0188679245283
52125	0.0188679245283
52461	0.0188679245283
52576	0.0188679245283
57831	0.0188679245283
59237	0.0188679245283
60446	0.0188679245283
35847	0.0187969924812
40541	0.018779342723
28156	0.01875
33895	0.0187265917603
22398	0.018691588785
40104	0.018691588785
41019	0.018691588785
42326	0.018691588785
17928	0.0186335403727
12117	0.0185185185185
14341	0.0185185185185
15125	0.0185185185185
15881	0.0185185185185
16093	0.0185185185185
23106	0.0185185185185
24509	0.0185185185185
28461	0.0185185185185
31703	0.0185185185185
32058	0.0185185185185
40620	0.0185185185185
40744	0.0185185185185
41484	0.0185185185185
41955	0.0185185185185
42640	0.0185185185185
45089	0.0185185185185
46729	0.0185185185185
48650	0.0185185185185
49119	0.0185185185185
50354	0.0185185185185
50631	0.0185185185185
52044	0.0185185185185
52887	0.0185185185185
12719	0.0183486238532
41596	0.0182926829268
795	0.0181818181818
1411	0.0181818181818
3918	0.0181818181818
4124	0.0181818181818
5412	0.0181818181818
7476	0.0181818181818
7656	0.0181818181818
8735	0.0181818181818
9686	0.0181818181818
10187	0.0181818181818
12426	0.0181818181818
13735	0.0181818181818
14406	0.0181818181818
16394	0.0181818181818
17239	0.0181818181818
18336	0.0181818181818
18354	0.0181818181818
20752	0.0181818181818
21478	0.0181818181818
24964	0.0181818181818
27232	0.0181818181818
27271	0.0181818181818
27743	0.0181818181818
28190	0.0181818181818
32757	0.0181818181818
34360	0.0181818181818
36382	0.0181818181818
37993	0.0181818181818
39335	0.0181818181818
42328	0.0181818181818
45184	0.0181818181818
46776	0.0181818181818
50097	0.0181818181818
51435	0.0181818181818
52726	0.0181818181818
59541	0.0181818181818
60020	0.0181818181818
4706	0.0180995475113
50885	0.0180995475113
913	0.018018018018
39852	0.0179211469534
562	0.0178970917226
797	0.0178571428571
2975	0.0178571428571
3388	0.0178571428571
7740	0.0178571428571
12993	0.0178571428571
13063	0.0178571428571
17069	0.0178571428571
18331	0.0178571428571
18956	0.0178571428571
23658	0.0178571428571
26855	0.0178571428571
27968	0.0178571428571
28717	0.0178571428571
30684	0.0178571428571
33807	0.0178571428571
35710	0.0178571428571
37557	0.0178571428571
37761	0.0178571428571
38727	0.0178571428571
43115	0.0178571428571
50110	0.0178571428571
51058	0.0178571428571
51835	0.0178571428571
52109	0.0178571428571
52469	0.0178571428571
52688	0.0178571428571
52760	0.0178571428571
52974	0.0178571428571
57364	0.0178571428571
58718	0.0178571428571
19288	0.017793594306
5768	0.0177165354331
22601	0.0176991150442
28749	0.0176991150442
41370	0.0176211453744
558	0.0175438596491
2901	0.0175438596491
6383	0.0175438596491
6685	0.0175438596491
9323	0.0175438596491
11154	0.0175438596491
11235	0.0175438596491
11866	0.0175438596491
12484	0.0175438596491
14642	0.0175438596491
19411	0.0175438596491
20229	0.0175438596491
22170	0.0175438596491
24409	0.0175438596491
29523	0.0175438596491
31374	0.0175438596491
32664	0.0175438596491
34879	0.0175438596491
35242	0.0175438596491
35973	0.0175438596491
42931	0.0175438596491
50943	0.0175438596491
51523	0.0175438596491
52063	0.0175438596491
52104	0.0175438596491
52136	0.0175438596491
52774	0.0175438596491
59875	0.0175438596491
60220	0.0175438596491
60281	0.0175438596491
60463	0.0175438596491
28832	0.0175054704595
17611	0.0174672489083
29739	0.0174216027875
6254	0.0173913043478
16408	0.0173913043478
23054	0.0173913043478
30806	0.0173913043478
49350	0.0173913043478
1399	0.0173535791757
12501	0.0173410404624
2420	0.0172413793103
3998	0.0172413793103
9058	0.0172413793103
9338	0.0172413793103
12552	0.0172413793103
13073	0.0172413793103
19032	0.0172413793103
20785	0.0172413793103
23281	0.0172413793103
23629	0.0172413793103
23850	0.0172413793103
25893	0.0172413793103
29416	0.0172413793103
29958	0.0172413793103
35194	0.0172413793103
36125	0.0172413793103
41167	0.0172413793103
41566	0.0172413793103
42074	0.0172413793103
42716	0.0172413793103
51398	0.0172413793103
51762	0.0172413793103
52259	0.0172413793103
59691	0.0172413793103
60731	0.0172413793103
16912	0.0171428571429
21989	0.0171428571429
6375	0.017094017094
41078	0.017094017094
59661	0.0170454545455
32823	0.0170212765957
1501	0.0169491525424
3512	0.0169491525424
7509	0.0169491525424
11299	0.0169491525424
11874	0.0169491525424
14137	0.0169491525424
15300	0.0169491525424
17789	0.0169491525424
19602	0.0169491525424
21489	0.0169491525424
21903	0.0169491525424
22130	0.0169491525424
23831	0.0169491525424
25626	0.0169491525424
31125	0.0169491525424
31308	0.0169491525424
31663	0.0169491525424
35907	0.0169491525424
36726	0.0169491525424
41231	0.0169491525424
41337	0.0169491525424
41357	0.0169491525424
42008	0.0169491525424
42085	0.0169491525424
43632	0.0169491525424
44176	0.0169491525424
46487	0.0169491525424
47448	0.0169491525424
47807	0.0169491525424
51116	0.0169491525424
51383	0.0169491525424
51834	0.0169491525424
52232	0.0169491525424
52291	0.0169491525424
57790	0.0169491525424
59233	0.0169491525424
60149	0.0169491525424
61098	0.0169491525424
694	0.0168067226891
4541	0.0168067226891
4998	0.0168067226891
13313	0.0168067226891
36275	0.0168067226891
2934	0.0167597765363
597	0.0166666666667
1215	0.0166666666667
4343	0.0166666666667
4891	0.0166666666667
8621	0.0166666666667
10705	0.0166666666667
13086	0.0166666666667
14347	0.0166666666667
16720	0.0166666666667
19096	0.0166666666667
22104	0.0166666666667
22563	0.0166666666667
24936	0.0166666666667
25313	0.0166666666667
26837	0.0166666666667
33337	0.0166666666667
39682	0.0166666666667
41323	0.0166666666667
42688	0.0166666666667
42920	0.0166666666667
43358	0.0166666666667
43755	0.0166666666667
50850	0.0166666666667
51077	0.0166666666667
51567	0.0166666666667
52055	0.0166666666667
52160	0.0166666666667
52554	0.0166666666667
52886	0.0166666666667
59583	0.0166666666667
59785	0.0166666666667
11128	0.0165745856354
51145	0.0165745856354
4512	0.0165289256198
32074	0.0165289256198
32626	0.0165289256198
16723	0.0164835164835
51025	0.0164835164835
2150	0.016393442623
2744	0.016393442623
5554	0.016393442623
8906	0.016393442623
16283	0.016393442623
19877	0.016393442623
21412	0.016393442623
26590	0.016393442623
26779	0.016393442623
29596	0.016393442623
31007	0.016393442623
36024	0.016393442623
36548	0.016393442623
41215	0.016393442623
41915	0.016393442623
42053	0.016393442623
42482	0.016393442623
43805	0.016393442623
44111	0.016393442623
45072	0.016393442623
50348	0.016393442623
50482	0.016393442623
51130	0.016393442623
51456	0.016393442623
51482	0.016393442623
51566	0.016393442623
51657	0.016393442623
51896	0.016393442623
2145	0.0162601626016
2639	0.0162601626016
4611	0.0162601626016
17690	0.0162601626016
20636	0.0162601626016
41715	0.0162601626016
41807	0.0162601626016
27525	0.0162412993039
29055	0.0161943319838
41106	0.0161812297735
1345	0.0161290322581
2243	0.0161290322581
2278	0.0161290322581
2600	0.0161290322581
6217	0.0161290322581
8399	0.0161290322581
8839	0.0161290322581
13261	0.0161290322581
13560	0.0161290322581
14593	0.0161290322581
17286	0.0161290322581
18760	0.0161290322581
26954	0.0161290322581
27649	0.0161290322581
27921	0.0161290322581
31041	0.0161290322581
31882	0.0161290322581
39039	0.0161290322581
41230	0.0161290322581
41436	0.0161290322581
41612	0.0161290322581
41797	0.0161290322581
41970	0.0161290322581
43325	0.0161290322581
43517	0.0161290322581
50344	0.0161290322581
51042	0.0161290322581
51327	0.0161290322581
51559	0.0161290322581
51979	0.0161290322581
52661	0.0161290322581
53191	0.0161290322581
59608	0.0161290322581
216	0.0160857908847
17068	0.0160642570281
51724	0.0160642570281
41182	0.016
41236	0.016
51011	0.016
52428	0.016
20675	0.0159574468085
1144	0.0159362549801
1903	0.015873015873
4022	0.015873015873
7367	0.015873015873
8088	0.015873015873
13128	0.015873015873
14390	0.015873015873
15356	0.015873015873
15447	0.015873015873
18992	0.015873015873
19534	0.015873015873
27811	0.015873015873
28542	0.015873015873
29318	0.015873015873
31399	0.015873015873
31991	0.015873015873
32600	0.015873015873
35359	0.015873015873
37215	0.015873015873
38723	0.015873015873
39006	0.015873015873
41445	0.015873015873
43003	0.015873015873
43780	0.015873015873
50584	0.015873015873
51199	0.015873015873
51348	0.015873015873
51926	0.015873015873
52638	0.015873015873
53277	0.015873015873
60429	0.015873015873
35144	0.0157894736842
12503	0.0157480314961
40980	0.0157342657343
1456	0.0157068062827
24958	0.0156739811912
2211	0.015625
3566	0.015625
4476	0.015625
4711	0.015625
5135	0.015625
12795	0.015625
14096	0.015625
14859	0.015625
16192	0.015625
16955	0.015625
17602	0.015625
19660	0.015625
22510	0.015625
23090	0.015625
23698	0.015625
26817	0.015625
27593	0.015625
28437	0.015625
30484	0.015625
30782	0.015625
31011	0.015625
35972	0.015625
41386	0.015625
42211	0.015625
51466	0.015625
55923	0.015625
9138	0.0155642023346
8729	0.015503875969
17952	0.015503875969
42973	0.015503875969
50845	0.015503875969
937	0.0153846153846
2129	0.0153846153846
2559	0.0153846153846
8724	0.0153846153846
10468	0.0153846153846
10750	0.0153846153846
11022	0.0153846153846
11761	0.0153846153846
13770	0.0153846153846
15986	0.0153846153846
18134	0.0153846153846
19404	0.0153846153846
23190	0.0153846153846
24031	0.0153846153846
27500	0.0153846153846
28536	0.0153846153846
33552	0.0153846153846
35155	0.0153846153846
40862	0.0153846153846
41763	0.0153846153846
42692	0.0153846153846
44776	0.0153846153846
45163	0.0153846153846
46674	0.0153846153846
47012	0.0153846153846
50991	0.0153846153846
52838	0.0153846153846
52332	0.0153256704981
37238	0.015306122449
20205	0.0152671755725
41164	0.0152671755725
47292	0.0152671755725
35237	0.015243902439
38659	0.0152284263959
51151	0.0152284263959
4339	0.0152091254753
44117	0.0152091254753
778	0.0151515151515
3411	0.0151515151515
3749	0.0151515151515
5367	0.0151515151515
13306	0.0151515151515
13627	0.0151515151515
15127	0.0151515151515
17139	0.0151515151515
19321	0.0151515151515
20465	0.0151515151515
20789	0.0151515151515
22876	0.0151515151515
22949	0.0151515151515
25266	0.0151515151515
29564	0.0151515151515
35203	0.0151515151515
37673	0.0151515151515
38273	0.0151515151515
39126	0.0151515151515
41599	0.0151515151515
42087	0.0151515151515
43787	0.0151515151515
45890	0.0151515151515
48224	0.0151515151515
49413	0.0151515151515
51632	0.0151515151515
51694	0.0151515151515
59611	0.0151515151515
59798	0.0151515151515
59935	0.0151515151515
60641	0.0151515151515
2353	0.015037593985
51549	0.015037593985
4959	0.0149253731343
6394	0.0149253731343
7911	0.0149253731343
10022	0.0149253731343
10789	0.0149253731343
10843	0.0149253731343
25075	0.0149253731343
35338	0.0149253731343
37427	0.0149253731343
39343	0.0149253731343
39438	0.0149253731343
40562	0.0149253731343
41479	0.0149253731343
43348	0.0149253731343
48358	0.0149253731343
49431	0.0149253731343
50252	0.0149253731343
51232	0.0149253731343
51777	0.0149253731343
27535	0.014880952381
24889	0.0148514851485
3006	0.0148148148148
34521	0.0148148148148
30938	0.0147783251232
1103	0.0147058823529
4137	0.0147058823529
4696	0.0147058823529
4983	0.0147058823529
5330	0.0147058823529
6592	0.0147058823529
7470	0.0147058823529
10050	0.0147058823529
18107	0.0147058823529
20738	0.0147058823529
23531	0.0147058823529
34094	0.0147058823529
37936	0.0147058823529
39767	0.0147058823529
41007	0.0147058823529
42332	0.0147058823529
44486	0.0147058823529
48189	0.0147058823529
48981	0.0147058823529
51368	0.0147058823529
51454	0.0147058823529
52837	0.0147058823529
16956	0.014652014652
41157	0.0146341463415
38959	0.0145772594752
3002	0.0144927536232
3474	0.0144927536232
6235	0.0144927536232
10613	0.0144927536232
14276	0.0144927536232
15636	0.0144927536232
16076	0.0144927536232
17644	0.0144927536232
21656	0.0144927536232
22773	0.0144927536232
26596	0.0144927536232
31478	0.0144927536232
41556	0.0144927536232
44704	0.0144927536232
45412	0.0144927536232
46121	0.0144927536232
23174	0.0144578313253
37194	0.0143540669856
31877	0.0143369175627
38080	0.0143369175627
182	0.0142857142857
3722	0.0142857142857
4378	0.0142857142857
5649	0.0142857142857
7182	0.0142857142857
8657	0.0142857142857
13098	0.0142857142857
13125	0.0142857142857
17817	0.0142857142857
20800	0.0142857142857
22271	0.0142857142857
29538	0.0142857142857
32041	0.0142857142857
32889	0.0142857142857
33840	0.0142857142857
34158	0.0142857142857
36941	0.0142857142857
37542	0.0142857142857
39658	0.0142857142857
40966	0.0142857142857
41967	0.0142857142857
42013	0.0142857142857
42977	0.0142857142857
44031	0.0142857142857
51057	0.0142857142857
51988	0.0142857142857
52865	0.0142857142857
59872	0.0142857142857
41070	0.0142180094787
40334	0.0141843971631
3943	0.014164305949
644	0.0140845070423
3398	0.0140845070423
3796	0.0140845070423
7430	0.0140845070423
10149	0.0140845070423
10961	0.0140845070423
20363	0.0140845070423
22896	0.0140845070423
25230	0.0140845070423
26650	0.0140845070423
27113	0.0140845070423
27872	0.0140845070423
29705	0.0140845070423
30272	0.0140845070423
30784	0.0140845070423
32738	0.0140845070423
33826	0.0140845070423
41279	0.0140845070423
41568	0.0140845070423
42132	0.0140845070423
42302	0.0140845070423
42368	0.0140845070423
50848	0.0140845070423
51297	0.0140845070423
51526	0.0140845070423
52459	0.0140845070423
35021	0.0140350877193
616	0.013986013986
22690	0.013986013986
30845	0.013986013986
47050	0.013986013986
1984	0.0138888888889
9221	0.0138888888889
14684	0.0138888888889
14714	0.0138888888889
27548	0.0138888888889
31970	0.0138888888889
32720	0.0138888888889
34108	0.0138888888889
41033	0.0138888888889
41212	0.0138888888889
42075	0.0138888888889
42545	0.0138888888889
45135	0.0138888888889
47431	0.0138888888889
47787	0.0138888888889
51144	0.0138888888889
51983	0.0138888888889
53122	0.0138888888889
59790	0.0138888888889
5419	0.0138248847926
27471	0.0138248847926
37689	0.0138248847926
3492	0.0137931034483
15825	0.0137931034483
23532	0.0137931034483
41355	0.0137795275591
25078	0.0137362637363
33634	0.0137174211248
887	0.013698630137
1356	0.013698630137
1936	0.013698630137
5553	0.013698630137
9598	0.013698630137
11348	0.013698630137
15967	0.013698630137
16958	0.013698630137
18625	0.013698630137
18985	0.013698630137
22553	0.013698630137
23395	0.013698630137
24431	0.013698630137
24862	0.013698630137
25115	0.013698630137
29543	0.013698630137
35484	0.013698630137
37989	0.013698630137
38595	0.013698630137
40630	0.013698630137
41297	0.013698630137
43372	0.013698630137
43723	0.013698630137
60086	0.013698630137
50939	0.0136612021858
25113	0.0136363636364
50957	0.0136239782016
4335	0.0136054421769
41308	0.0135746606335
4242	0.0135593220339
982	0.0135135135135
3934	0.0135135135135
5302	0.0135135135135
24087	0.0135135135135
26772	0.0135135135135
28938	0.0135135135135
29332	0.0135135135135
36934	0.0135135135135
38063	0.0135135135135
39657	0.0135135135135
39985	0.0135135135135
40997	0.0135135135135
41275	0.0135135135135
42405	0.0135135135135
43086	0.0135135135135
46542	0.0135135135135
50893	0.0135135135135
51060	0.0135135135135
56118	0.0135135135135
59504	0.0135135135135
41555	0.0134529147982
52018	0.0134228187919
57496	0.0134228187919
11675	0.0133928571429
63	0.0133333333333
3925	0.0133333333333
4967	0.0133333333333
7466	0.0133333333333
11672	0.0133333333333
12394	0.0133333333333
14667	0.0133333333333
16913	0.0133333333333
17734	0.0133333333333
21396	0.0133333333333
23530	0.0133333333333
24046	0.0133333333333
25440	0.0133333333333
27648	0.0133333333333
29328	0.0133333333333
32725	0.0133333333333
33614	0.0133333333333
33792	0.0133333333333
35316	0.0133333333333
35387	0.0133333333333
36037	0.0133333333333
38587	0.0133333333333
39848	0.0133333333333
41132	0.0133333333333
41286	0.0133333333333
41401	0.0133333333333
44120	0.0133333333333
51488	0.0133333333333
52542	0.0133333333333
59527	0.0133333333333
59759	0.0133333333333
30799	0.0132978723404
41521	0.0132743362832
13058	0.0132450331126
16228	0.0132450331126
21558	0.0132450331126
41890	0.0132450331126
51225	0.0132450331126
53040	0.0132450331126
28812	0.0132158590308
1685	0.0131578947368
7293	0.0131578947368
9669	0.0131578947368
12393	0.0131578947368
17315	0.0131578947368
24487	0.0131578947368
27522	0.0131578947368
30983	0.0131578947368
31864	0.0131578947368
34932	0.0131578947368
36596	0.0131578947368
40503	0.0131578947368
41069	0.0131578947368
41468	0.0131578947368
42959	0.0131578947368
50146	0.0131578947368
51880	0.0131578947368
52265	0.0131578947368
52413	0.0131578947368
60297	0.0131578947368
7095	0.0130718954248
20529	0.0130434782609
881	0.012987012987
1996	0.012987012987
3328	0.012987012987
11322	0.012987012987
12153	0.012987012987
13403	0.012987012987
18427	0.012987012987
26486	0.012987012987
27063	0.012987012987
30007	0.012987012987
34532	0.012987012987
35569	0.012987012987
36390	0.012987012987
41870	0.012987012987
42291	0.012987012987
42942	0.012987012987
45117	0.012987012987
45859	0.012987012987
49044	0.012987012987
50907	0.012987012987
51624	0.012987012987
53173	0.012987012987
253	0.0129449838188
28055	0.0129449838188
25431	0.0129310344828
4280	0.0129032258065
32651	0.0129032258065
51026	0.0129032258065
51393	0.0129032258065
7214	0.0128617363344
4153	0.012853470437
1228	0.0128205128205
4668	0.0128205128205
5538	0.0128205128205
5820	0.0128205128205
7392	0.0128205128205
12355	0.0128205128205
20165	0.0128205128205
22252	0.0128205128205
25002	0.0128205128205
26608	0.0128205128205
28201	0.0128205128205
28500	0.0128205128205
28755	0.0128205128205
29822	0.0128205128205
36676	0.0128205128205
40356	0.0128205128205
41976	0.0128205128205
47668	0.0128205128205
30269	0.0127970749543
21545	0.0127659574468
29218	0.0127551020408
41181	0.0127388535032
846	0.0126582278481
1636	0.0126582278481
2028	0.0126582278481
2062	0.0126582278481
3996	0.0126582278481
4194	0.0126582278481
4216	0.0126582278481
5513	0.0126582278481
5876	0.0126582278481
12017	0.0126582278481
18172	0.0126582278481
20573	0.0126582278481
25840	0.0126582278481
29778	0.0126582278481
34077	0.0126582278481
35198	0.0126582278481
37007	0.0126582278481
38657	0.0126582278481
41607	0.0126582278481
41717	0.0126582278481
46148	0.0126582278481
51282	0.0126582278481
51656	0.0126582278481
52128	0.0126582278481
52697	0.0126582278481
52931	0.0126582278481
37660	0.0126050420168
15638	0.0125786163522
7444	0.012539184953
289	0.0125
398	0.0125
494	0.0125
3698	0.0125
4486	0.0125
15357	0.0125
17956	0.0125
20376	0.0125
20676	0.0125
34658	0.0125
35262	0.0125
35413	0.0125
36112	0.0125
36594	0.0125
41044	0.0125
41762	0.0125
42377	0.0125
52906	0.0125
52928	0.0125
53257	0.0125
50105	0.012474012474
3436	0.0124223602484
13119	0.0124223602484
13621	0.0124223602484
14013	0.0124223602484
12756	0.0123966942149
23999	0.0123839009288
23642	0.0123762376238
632	0.0123456790123
2415	0.0123456790123
5484	0.0123456790123
8279	0.0123456790123
12777	0.0123456790123
17668	0.0123456790123
21523	0.0123456790123
26934	0.0123456790123
34672	0.0123456790123
39239	0.0123456790123
39915	0.0123456790123
40689	0.0123456790123
41038	0.0123456790123
41067	0.0123456790123
43179	0.0123456790123
44787	0.0123456790123
52017	0.0123456790123
61099	0.0123456790123
5503	0.0122757318225
5164	0.0122699386503
41331	0.0122699386503
41090	0.0122549019608
1742	0.0121951219512
2786	0.0121951219512
12121	0.0121951219512
17301	0.0121951219512
22554	0.0121951219512
23240	0.0121951219512
23244	0.0121951219512
30294	0.0121951219512
36394	0.0121951219512
41994	0.0121951219512
46509	0.0121951219512
51745	0.0121951219512
53286	0.0121951219512
57861	0.0121951219512
59547	0.0121951219512
7299	0.0121580547112
34109	0.0121212121212
51179	0.0121212121212
19201	0.0120967741935
1097	0.0120481927711
7197	0.0120481927711
8965	0.0120481927711
9201	0.0120481927711
14126	0.0120481927711
16322	0.0120481927711
16819	0.0120481927711
18387	0.0120481927711
19597	0.0120481927711
21648	0.0120481927711
22856	0.0120481927711
37737	0.0120481927711
38682	0.0120481927711
39320	0.0120481927711
41577	0.0120481927711
41832	0.0120481927711
44525	0.0120481927711
52239	0.0120481927711
52802	0.0120481927711
53329	0.0120481927711
16927	0.0119760479042
46722	0.0119760479042
51212	0.0119658119658
41444	0.0119521912351
830	0.0119047619048
1342	0.0119047619048
3761	0.0119047619048
4074	0.0119047619048
4390	0.0119047619048
4804	0.0119047619048
5363	0.0119047619048
5616	0.0119047619048
10248	0.0119047619048
10633	0.0119047619048
14105	0.0119047619048
22717	0.0119047619048
24429	0.0119047619048
27070	0.0119047619048
27906	0.0119047619048
28592	0.0119047619048
37186	0.0119047619048
41022	0.0119047619048
41270	0.0119047619048
50240	0.0119047619048
52121	0.0119047619048
52581	0.0119047619048
52666	0.0119047619048
4654	0.0118918918919
51019	0.0118764845606
12467	0.0118694362018
17008	0.0118694362018
41353	0.0118577075099
3156	0.0118343195266
13036	0.0118343195266
40893	0.0118343195266
41672	0.0118343195266
39785	0.011811023622
41041	0.011811023622
39447	0.0118063754427
4075	0.0117647058824
4481	0.0117647058824
11350	0.0117647058824
15870	0.0117647058824
16364	0.0117647058824
23273	0.0117647058824
27419	0.0117647058824
33621	0.0117647058824
33890	0.0117647058824
37592	0.0117647058824
38864	0.0117647058824
41072	0.0117647058824
41092	0.0117647058824
42399	0.0117647058824
49398	0.0117647058824
51053	0.0117647058824
52962	0.0117647058824
37762	0.01171875
15851	0.0116959064327
26059	0.0116959064327
51117	0.0116959064327
11655	0.0116666666667
4868	0.0116618075802
2282	0.0116279069767
9188	0.0116279069767
11558	0.0116279069767
26233	0.0116279069767
35019	0.0116279069767
35148	0.0116279069767
35199	0.0116279069767
41318	0.0116279069767
41579	0.0116279069767
41736	0.0116279069767
42576	0.0116279069767
51760	0.0116279069767
51825	0.0116279069767
52777	0.0116279069767
47628	0.011583011583
39136	0.0115384615385
384	0.0114942528736
2852	0.0114942528736
7449	0.0114942528736
13212	0.0114942528736
23944	0.0114942528736
25700	0.0114942528736
32974	0.0114942528736
38758	0.0114942528736
41210	0.0114942528736
41224	0.0114942528736
41627	0.0114942528736
42925	0.0114942528736
51641	0.0114942528736
52020	0.0114942528736
52641	0.0114942528736
57430	0.0114942528736
24373	0.0114285714286
34858	0.0114285714286
37114	0.0114285714286
41165	0.0114285714286
41250	0.0114285714286
41940	0.0114285714286
28155	0.0114068441065
1714	0.0113636363636
3535	0.0113636363636
6415	0.0113636363636
12388	0.0113636363636
12454	0.0113636363636
16847	0.0113636363636
18283	0.0113636363636
23372	0.0113636363636
28824	0.0113636363636
30614	0.0113636363636
30976	0.0113636363636
33405	0.0113636363636
35022	0.0113636363636
35940	0.0113636363636
48246	0.0113636363636
50883	0.0113636363636
52682	0.0113636363636
52863	0.0113636363636
41609	0.0113314447592
28047	0.0112994350282
40942	0.0112994350282
50863	0.0112676056338
143	0.0112359550562
1921	0.0112359550562
15917	0.0112359550562
18295	0.0112359550562
22579	0.0112359550562
25987	0.0112359550562
33868	0.0112359550562
38800	0.0112359550562
43872	0.0112359550562
44323	0.0112359550562
59646	0.0112359550562
7349	0.0112044817927
2142	0.0111731843575
34967	0.0111731843575
2326	0.0111287758347
322	0.0111111111111
3534	0.0111111111111
11887	0.0111111111111
15264	0.0111111111111
18769	0.0111111111111
22251	0.0111111111111
25442	0.0111111111111
47637	0.0111111111111
51102	0.0111111111111
52476	0.0111111111111
52946	0.0111111111111
53136	0.0111111111111
61411	0.0111111111111
18301	0.01108033241
7411	0.0110497237569
30762	0.0110497237569
30789	0.0110497237569
34217	0.0110497237569
40482	0.0110497237569
51029	0.0110497237569
3860	0.010989010989
10914	0.010989010989
14181	0.010989010989
16193	0.010989010989
18773	0.010989010989
22332	0.010989010989
25384	0.010989010989
25942	0.010989010989
26175	0.010989010989
27731	0.010989010989
29756	0.010989010989
30069	0.010989010989
34788	0.010989010989
34920	0.010989010989
37409	0.010989010989
38099	0.010989010989
39782	0.010989010989
41350	0.010989010989
48899	0.010989010989
50652	0.010989010989
51838	0.010989010989
52043	0.010989010989
52190	0.010989010989
52458	0.010989010989
47611	0.0109589041096
6789	0.0109489051095
21906	0.0109289617486
22026	0.0109289617486
22401	0.0109289617486
25332	0.0109289617486
34121	0.0109289617486
27809	0.0109204368175
2588	0.0108695652174
27550	0.0108695652174
32822	0.0108695652174
33720	0.0108695652174
33940	0.0108695652174
34199	0.0108695652174
35526	0.0108695652174
39713	0.0108695652174
40974	0.0108695652174
45200	0.0108695652174
45354	0.0108695652174
50961	0.0108695652174
921	0.0108205590622
42450	0.0108108108108
23666	0.0107991360691
652	0.010752688172
1487	0.010752688172
3843	0.010752688172
9205	0.010752688172
20075	0.010752688172
38547	0.010752688172
41062	0.010752688172
41122	0.010752688172
41143	0.010752688172
41378	0.010752688172
41428	0.010752688172
41712	0.010752688172
53338	0.010752688172
51178	0.0107142857143
26579	0.0106951871658
451	0.0106382978723
1877	0.0106382978723
2917	0.0106382978723
3369	0.0106382978723
3582	0.0106382978723
6494	0.0106382978723
14353	0.0106382978723
25453	0.0106382978723
26085	0.0106382978723
33704	0.0106382978723
34830	0.0106382978723
35630	0.0106382978723
35679	0.0106382978723
40208	0.0106382978723
41313	0.0106382978723
51307	0.0106382978723
51470	0.0106382978723
51485	0.0106382978723
37426	0.0106194690265
5112	0.0105890138981
2660	0.010582010582
2313	0.0105633802817
767	0.0105263157895
3116	0.0105263157895
9794	0.0105263157895
13092	0.0105263157895
13634	0.0105263157895
22070	0.0105263157895
28415	0.0105263157895
29005	0.0105263157895
34667	0.0105263157895
38232	0.0105263157895
39722	0.0105263157895
52981	0.0105263157895
41374	0.0104712041885
15228	0.0104384133612
4227	0.0104166666667
4502	0.0104166666667
7062	0.0104166666667
7311	0.0104166666667
12943	0.0104166666667
16073	0.0104166666667
17303	0.0104166666667
18192	0.0104166666667
28799	0.0104166666667
29582	0.0104166666667
32762	0.0104166666667
34149	0.0104166666667
38530	0.0104166666667
38763	0.0104166666667
39024	0.0104166666667
40843	0.0104166666667
41348	0.0104166666667
41450	0.0104166666667
41548	0.0104166666667
47918	0.0104166666667
54577	0.0104166666667
59617	0.0104166666667
28443	0.0103806228374
35345	0.0103626943005
33762	0.0103519668737
37775	0.0103448275862
40995	0.0103225806452
283	0.0103092783505
5599	0.0103092783505
7346	0.0103092783505
8142	0.0103092783505
16770	0.0103092783505
25117	0.0103092783505
26567	0.0103092783505
30802	0.0103092783505
30943	0.0103092783505
40976	0.0103092783505
41773	0.0103092783505
51197	0.0103092783505
51978	0.0103092783505
56496	0.0103092783505
3139	0.0102739726027
775	0.0102564102564
12969	0.0102389078498
1553	0.0102040816327
4468	0.0102040816327
4937	0.0102040816327
6466	0.0102040816327
11300	0.0102040816327
13952	0.0102040816327
29366	0.0102040816327
40887	0.0102040816327
43269	0.0102040816327
50335	0.0102040816327
51364	0.0102040816327
14207	0.0101781170483
29863	0.0101694915254
41061	0.0101694915254
41074	0.0101694915254
1231	0.010152284264
7472	0.010152284264
41204	0.010152284264
41364	0.0101351351351
6573	0.010101010101
8229	0.010101010101
17277	0.010101010101
27387	0.010101010101
31313	0.010101010101
37046	0.010101010101
40202	0.010101010101
40477	0.010101010101
41016	0.010101010101
41272	0.010101010101
41404	0.010101010101
42642	0.010101010101
51290	0.010101010101
57798	0.010101010101
3747	0.0100334448161
862	0.01
870	0.01
10220	0.01
15542	0.01
18661	0.01
23481	0.01
24717	0.01
28369	0.01
32042	0.01
34531	0.01
38807	0.01
41142	0.01
43391	0.01
45199	0.01
30812	0.00995024875622
33879	0.00995024875622
36967	0.00995024875622
39549	0.00994035785288
763	0.00990099009901
3480	0.00990099009901
16273	0.00990099009901
17556	0.00990099009901
28286	0.00990099009901
29280	0.00990099009901
31868	0.00990099009901
34073	0.00990099009901
35431	0.00990099009901
44456	0.00990099009901
51038	0.00990099009901
29724	0.00986842105263
2865	0.00985221674877
5593	0.00984251968504
41031	0.00984009840098
1119	0.00982800982801
4675	0.00980392156863
8468	0.00980392156863
14245	0.00980392156863
18481	0.00980392156863
18756	0.00980392156863
22121	0.00980392156863
24358	0.00980392156863
50879	0.00980392156863
51905	0.00980392156863
2007	0.00979325353645
18278	0.00977198697068
51006	0.00977198697068
10266	0.00975609756098
51112	0.00975609756098
25444	0.00974025974026
41109	0.00972762645914
2401	0.00970873786408
8755	0.00970873786408
11775	0.00970873786408
18326	0.00970873786408
28134	0.00970873786408
40752	0.00970873786408
41227	0.00970873786408
42912	0.00970873786408
18584	0.00966183574879
3729	0.00965250965251
1068	0.00961538461538
16204	0.00961538461538
17686	0.00961538461538
26158	0.00961538461538
34486	0.00961538461538
36606	0.00961538461538
42369	0.00961538461538
51114	0.00961538461538
2216	0.00956937799043
29145	0.00955414012739
1928	0.00952380952381
3542	0.00952380952381
24316	0.00952380952381
35594	0.00952380952381
35968	0.00952380952381
41711	0.00952380952381
41778	0.00952380952381
42339	0.00952380952381
48252	0.00952380952381
51242	0.00952380952381
51795	0.00952380952381
25738	0.00949913644214
42424	0.00949367088608
38787	0.00947867298578
7340	0.00947368421053
1015	0.00943396226415
7739	0.00943396226415
9647	0.00943396226415
13317	0.00943396226415
13385	0.00943396226415
13394	0.00943396226415
14115	0.00943396226415
22731	0.00943396226415
25221	0.00943396226415
33599	0.00943396226415
40985	0.00943396226415
51146	0.00943396226415
52615	0.00943396226415
52991	0.00943396226415
60068	0.00943396226415
61042	0.00943396226415
17355	0.0094191522763
1048	0.00940733772342
3288	0.0093896713615
5512	0.009375
9200	0.009375
34751	0.00936329588015
4769	0.00934579439252
33523	0.00934579439252
41525	0.00934579439252
46620	0.00934579439252
49335	0.00934579439252
50984	0.00934579439252
41467	0.00932400932401
41047	0.0093023255814
38203	0.00929978118162
20173	0.0092807424594
112	0.00925925925926
1853	0.00925925925926
31995	0.00925925925926
33990	0.00925925925926
34105	0.00925925925926
41113	0.00925925925926
2084	0.00921658986175
37225	0.00920245398773
50901	0.00920245398773
10653	0.00917431192661
11262	0.00917431192661
13258	0.00917431192661
40641	0.00917431192661
41271	0.00917431192661
41382	0.00917431192661
41649	0.00917431192661
52416	0.00917431192661
900	0.00914634146341
1497	0.00914470145239
2745	0.00911640953717
4578	0.00910551687199
14352	0.00910273081925
766	0.00909090909091
1755	0.00909090909091
8767	0.00909090909091
11886	0.00909090909091
27019	0.00909090909091
27128	0.00909090909091
34104	0.00909090909091
41126	0.00909090909091
41269	0.00909090909091
51234	0.00909090909091
32862	0.00907441016334
25586	0.00907029478458
11294	0.00904977375566
27529	0.00904977375566
51041	0.00902527075812
11769	0.00900900900901
22426	0.00900900900901
22589	0.00900900900901
24164	0.00900900900901
39286	0.00900900900901
41083	0.00900900900901
41570	0.00900900900901
48910	0.00900900900901
52564	0.00900900900901
30020	0.00898203592814
28290	0.00896860986547
41025	0.00896860986547
41171	0.00896860986547
53342	0.00896860986547
17715	0.0089552238806
27527	0.0089552238806
41243	0.0089552238806
5204	0.00895140664962
7312	0.00893276915844
3861	0.00892857142857
5056	0.00892857142857
5574	0.00892857142857
5697	0.00892857142857
6748	0.00892857142857
13935	0.00892857142857
42249	0.00892857142857
49136	0.00892857142857
51209	0.00892857142857
51892	0.00892857142857
60987	0.00892857142857
6812	0.00892133008921
27579	0.00888888888889
38262	0.00887573964497
497	0.00886917960089
31830	0.00886917960089
1252	0.00884955752212
3488	0.00884955752212
27033	0.00884955752212
29399	0.00884955752212
31299	0.00884955752212
31962	0.00884955752212
38585	0.00884955752212
41086	0.00884955752212
51044	0.00884955752212
51346	0.00884955752212
51869	0.00884955752212
52016	0.00884955752212
52645	0.00884955752212
41015	0.00882352941176
1739	0.00881057268722
34999	0.00881057268722
11201	0.00878734622144
3194	0.00877192982456
27045	0.00877192982456
27051	0.00877192982456
31692	0.00877192982456
31891	0.00877192982456
32711	0.00877192982456
40982	0.00877192982456
41032	0.00877192982456
52283	0.00877192982456
1655	0.00874635568513
5000	0.00874316939891
3827	0.00871459694989
1323	0.00869565217391
6601	0.00869565217391
13943	0.00869565217391
25092	0.00869565217391
41037	0.00869565217391
41200	0.00869565217391
41618	0.00869565217391
51563	0.00869565217391
51901	0.00869565217391
52357	0.00869565217391
2312	0.00868055555556
14369	0.00865800865801
41156	0.00864553314121
1931	0.00863557858377
4943	0.00862068965517
21845	0.00862068965517
28486	0.00862068965517
29707	0.00862068965517
51079	0.00862068965517
51228	0.00862068965517
51492	0.00862068965517
52092	0.00862068965517
35563	0.00860655737705
17987	0.00859598853868
29444	0.00858369098712
38795	0.00858369098712
4846	0.00857365549493
41434	0.00857142857143
5455	0.00854700854701
5728	0.00854700854701
11230	0.00854700854701
14839	0.00854700854701
17346	0.00854700854701
33716	0.00854700854701
42463	0.00854700854701
43542	0.00854700854701
45223	0.00852878464819
2463	0.00852272727273
893	0.00850850850851
41068	0.00849056603774
9538	0.00848896434635
1975	0.00847457627119
3664	0.00847457627119
4836	0.00847457627119
9651	0.00847457627119
10492	0.00847457627119
11378	0.00847457627119
21312	0.00847457627119
24088	0.00847457627119
42799	0.00847457627119
49394	0.00845665961945
2030	0.00845070422535
2544	0.00840336134454
28396	0.00840336134454
40981	0.00840336134454
41206	0.00840336134454
43824	0.00840336134454
47265	0.00840336134454
53039	0.00840336134454
37961	0.0083857442348
13933	0.00836820083682
29852	0.00836820083682
42374	0.00836820083682
4156	0.00833333333333
10250	0.00833333333333
11397	0.00833333333333
17886	0.00833333333333
25432	0.00833333333333
34933	0.00833333333333
41137	0.00833333333333
41426	0.00833333333333
51721	0.00833333333333
52024	0.00833333333333
2037	0.00832177531207
1118	0.0083173384517
41116	0.00830564784053
18613	0.00830188679245
4523	0.00829875518672
21331	0.00829875518672
35703	0.00829875518672
40987	0.00829875518672
41058	0.00828157349896
22383	0.00827586206897
17389	0.00826446280992
22195	0.00826446280992
33377	0.00826446280992
33775	0.00826446280992
34943	0.00826446280992
40869	0.00826446280992
41257	0.00826446280992
41799	0.00826446280992
59879	0.00826446280992
31440	0.00824402308326
1743	0.00823723228995
41003	0.0082304526749
3365	0.00822561692127
6428	0.00819672131148
11145	0.00819672131148
18958	0.00819672131148
28141	0.00819672131148
28711	0.00819672131148
29453	0.00819672131148
29492	0.00819672131148
41160	0.00819672131148
42320	0.00819672131148
43749	0.00819672131148
51359	0.00819672131148
3933	0.00818181818182
34367	0.00816696914701
29780	0.00816326530612
6816	0.00813008130081
17764	0.00813008130081
32684	0.00813008130081
33850	0.00813008130081
35551	0.00813008130081
41084	0.00813008130081
50250	0.00813008130081
52521	0.00813008130081
4655	0.00811633412242
1902	0.00811359026369
13960	0.0080971659919
23782	0.0080971659919
29309	0.0080971659919
29854	0.0080971659919
25324	0.00808625336927
40965	0.00807102502018
16231	0.00806451612903
22031	0.00806451612903
23789	0.00806451612903
37052	0.00806451612903
43828	0.00806451612903
38191	0.00805523590334
9252	0.00804289544236
14750	0.00803673938002
41329	0.00803212851406
397	0.008
2361	0.008
6634	0.008
15794	0.008
17188	0.008
20511	0.008
22813	0.008
27859	0.008
30949	0.008
41002	0.008
25051	0.00798403193613
36392	0.00798403193613
4900	0.00796812749004
24126	0.00796812749004
28043	0.00796812749004
6427	0.00795053003534
6330	0.00793650793651
10369	0.00793650793651
12343	0.00793650793651
16846	0.00793650793651
26828	0.00793650793651
29790	0.00793650793651
37169	0.00793650793651
38206	0.00793650793651
34356	0.00790513833992
34519	0.00790513833992
879	0.00789473684211
1272	0.00787401574803
2419	0.00787401574803
3986	0.00787401574803
5113	0.00787401574803
6689	0.00787401574803
22238	0.00787401574803
26741	0.00787401574803
30805	0.00787401574803
41172	0.00787401574803
41943	0.00787401574803
53200	0.00787401574803
28830	0.00785340314136
29971	0.00785340314136
30471	0.00785340314136
41050	0.00783289817232
4745	0.0078125
13428	0.0078125
21719	0.0078125
28298	0.0078125
28633	0.0078125
41023	0.0078125
41136	0.0078125
41303	0.0078125
16917	0.00779220779221
50933	0.00777202072539
1503	0.00776914539401
4044	0.0077519379845
7645	0.0077519379845
26868	0.0077519379845
38822	0.0077519379845
39210	0.0077519379845
39404	0.0077519379845
40030	0.0077519379845
41018	0.00774193548387
21323	0.00773195876289
41054	0.00772200772201
9135	0.00769230769231
14275	0.00769230769231
25091	0.00769230769231
26279	0.00769230769231
31170	0.00769230769231
31309	0.00769230769231
33971	0.00769230769231
35951	0.00769230769231
41225	0.00769230769231
41826	0.00769230769231
45139	0.00769230769231
49408	0.00769230769231
59890	0.00769230769231
1064	0.00768049155146
50327	0.00766283524904
4396	0.00764331210191
26310	0.00763358778626
29855	0.00763358778626
34145	0.00763358778626
36537	0.00763358778626
38818	0.00763358778626
39027	0.00763358778626
41127	0.00763358778626
41245	0.00763358778626
1438	0.00761421319797
33841	0.00760456273764
4604	0.00757575757576
11383	0.00757575757576
14525	0.00757575757576
17299	0.00757575757576
18777	0.00757575757576
33510	0.00757575757576
34724	0.00757575757576
2164	0.00751879699248
31656	0.00751879699248
39140	0.00751879699248
41328	0.00751879699248
45093	0.00751879699248
47675	0.00751879699248
38793	0.00750577367206
867	0.0075
34369	0.00747663551402
1328	0.00746268656716
6904	0.00746268656716
10803	0.00746268656716
25240	0.00746268656716
35245	0.00746268656716
61083	0.00746268656716
11727	0.00744186046512
17147	0.00743494423792
20875	0.00743494423792
44951	0.00743494423792
23688	0.00742574257426
6218	0.00740740740741
18563	0.00740740740741
26674	0.00740740740741
36976	0.00740740740741
59505	0.00740740740741
40971	0.00739371534196
4430	0.00738552437223
41010	0.00737100737101
3689	0.00735294117647
25834	0.00735294117647
41421	0.00735294117647
4563	0.00734618916437
1628	0.00734394124847
9826	0.00732600732601
31483	0.00731707317073
1096	0.00729927007299
15207	0.00729927007299
19429	0.00729927007299
50812	0.00729927007299
40999	0.00727272727273
1232	0.00724637681159
4006	0.00724637681159
4775	0.00724637681159
13318	0.00724637681159
21377	0.00724637681159
33680	0.00724637681159
41284	0.00724637681159
41354	0.00724637681159
46619	0.00724637681159
48902	0.00724637681159
51039	0.00724637681159
3312	0.00723327305606
26508	0.0072202166065
5672	0.00719424460432
11489	0.00719424460432
22351	0.00719424460432
30324	0.00719424460432
32612	0.00719424460432
41411	0.00719424460432
41642	0.00719424460432
51340	0.00719424460432
2811	0.00716845878136
39709	0.00715990453461
1028	0.00714285714286
1362	0.00714285714286
2090	0.00714285714286
9184	0.00714285714286
26416	0.00714285714286
41682	0.00714285714286
53114	0.00714285714286
12998	0.00713012477718
9656	0.00712250712251
17939	0.00711743772242
26805	0.00710795202132
7427	0.00709219858156
18960	0.00709219858156
19111	0.00709219858156
22319	0.00709219858156
29909	0.00709219858156
33481	0.00709219858156
42019	0.00709219858156
50969	0.00709219858156
28051	0.00708661417323
18556	0.00706713780919
38790	0.00706713780919
4708	0.00706214689266
4658	0.00704225352113
13418	0.00704225352113
18226	0.00704225352113
41055	0.00704225352113
51666	0.00704225352113
53377	0.00704225352113
21801	0.00701754385965
30691	0.00701754385965
31138	0.00701754385965
13111	0.00700934579439
1167	0.00699300699301
2515	0.00699300699301
8246	0.00699300699301
14698	0.00699300699301
39771	0.00699300699301
42308	0.00699300699301
50995	0.00699300699301
37392	0.00698324022346
2757	0.00696864111498
39602	0.00696864111498
1087	0.00694444444444
2264	0.00694444444444
22479	0.00694444444444
39478	0.00694444444444
41099	0.00694444444444
41443	0.00694444444444
41793	0.00694444444444
4399	0.00692041522491
41071	0.00691244239631
2171	0.00689655172414
3865	0.00689655172414
9818	0.00689655172414
17986	0.00689655172414
21657	0.00689655172414
34143	0.00689655172414
41108	0.00689655172414
50941	0.00689655172414
13056	0.00688468158348
100	0.00684931506849
1169	0.00684931506849
1904	0.00684931506849
10047	0.00684931506849
25570	0.00684931506849
26173	0.00684931506849
28559	0.00684931506849
53000	0.00684931506849
17605	0.00682593856655
761	0.00680272108844
3793	0.00680272108844
4070	0.00680272108844
14277	0.00680272108844
15782	0.00680272108844
27409	0.00680272108844
28294	0.00680272108844
60331	0.00680272108844
28407	0.00677966101695
7300	0.00677200902935
2104	0.00675675675676
7390	0.00675675675676
13076	0.00675675675676
18414	0.00675675675676
21550	0.00675675675676
49749	0.00675675675676
56100	0.00675675675676
36398	0.00674373795761
5231	0.00674273858921
40289	0.00674157303371
8397	0.0067264573991
5575	0.00671140939597
11087	0.00671140939597
22798	0.00671140939597
41079	0.00671140939597
50952	0.00671140939597
51875	0.00671140939597
7419	0.00669344042838
5460	0.00666666666667
6564	0.00666666666667
14476	0.00666666666667
21734	0.00666666666667
35044	0.00666666666667
43354	0.00666666666667
43785	0.00666666666667
51164	0.00666666666667
51709	0.00666666666667
1020	0.00664451827243
8709	0.0066401062417
4582	0.00662251655629
7451	0.00662251655629
11004	0.00662251655629
13633	0.00662251655629
16340	0.00662251655629
28820	0.00662251655629
29818	0.00662251655629
32120	0.00662251655629
39323	0.00662251655629
43414	0.00662251655629
25937	0.00660066006601
869	0.00659662838993
11746	0.00657894736842
12830	0.00657894736842
16194	0.00657894736842
16449	0.00657894736842
16831	0.00657894736842
30585	0.00657894736842
5157	0.00655903128153
755	0.00653594771242
6222	0.00653594771242
18130	0.00653594771242
19090	0.00653594771242
41161	0.00653594771242
42609	0.00653594771242
37111	0.00652528548124
19601	0.00652173913043
3445	0.00651465798046
2070	0.00649350649351
2789	0.00649350649351
6928	0.00649350649351
7261	0.00649350649351
14518	0.00649350649351
28750	0.00649350649351
51568	0.00649350649351
29861	0.00647948164147
4035	0.00645161290323
18836	0.00645161290323
18997	0.00645161290323
34607	0.00645161290323
38820	0.00645161290323
51266	0.00645161290323
2898	0.00643776824034
4704	0.00641025641026
6954	0.00641025641026
14253	0.00641025641026
16447	0.00641025641026
23011	0.00638977635783
1752	0.00636942675159
4347	0.00636942675159
4625	0.00636942675159
6444	0.00636942675159
28709	0.00636942675159
42750	0.00636942675159
50963	0.00636942675159
7175	0.00633914421553
27910	0.00632911392405
35535	0.00632911392405
40847	0.00632911392405
35049	0.00631911532385
41332	0.00631578947368
4121	0.00630914826498
18699	0.00630914826498
2333	0.00630630630631
28742	0.0063025210084
12610	0.00629921259843
18456	0.0062893081761
39874	0.0062893081761
40351	0.0062893081761
41011	0.0062893081761
41042	0.0062893081761
2829	0.00625
5809	0.00625
14515	0.00625
34254	0.00625
34548	0.00625
30625	0.00623052959502
3419	0.00622406639004
4513	0.00621118012422
9178	0.00621118012422
11169	0.00621118012422
14459	0.00621118012422
35958	0.00621118012422
38671	0.00617283950617
41093	0.00617283950617
51246	0.00617283950617
19599	0.00614754098361
38794	0.00614574187884
5100	0.00613496932515
11481	0.00613496932515
37747	0.00613496932515
50903	0.00613496932515
50915	0.00613496932515
4518	0.0061215566244
9642	0.00611246943765
1990	0.00609756097561
2409	0.00609756097561
11519	0.00609756097561
12585	0.00609756097561
22643	0.00609756097561
22744	0.00609225413403
5420	0.00609013398295
868	0.00608828006088
2776	0.00606060606061
9762	0.00606060606061
14122	0.00606060606061
22534	0.00606060606061
22830	0.00606060606061
26318	0.00606060606061
38194	0.00606060606061
38519	0.00606060606061
41073	0.00606060606061
3531	0.00604838709677
26602	0.00603773584906
13040	0.00602409638554
17483	0.00602409638554
27865	0.00602409638554
35047	0.00602409638554
35728	0.00602409638554
40979	0.00602409638554
43473	0.00602409638554
2	0.00600600600601
874	0.0059880239521
5089	0.0059880239521
12432	0.0059880239521
14833	0.0059880239521
4337	0.00595238095238
10096	0.00595238095238
992	0.00593471810089
618	0.00591715976331
18967	0.00591715976331
21311	0.00591715976331
23299	0.00591715976331
34522	0.00591715976331
36364	0.00588235294118
40986	0.00588235294118
41552	0.00588235294118
42145	0.00588235294118
51784	0.00588235294118
53344	0.00588235294118
29277	0.00586166471278
16368	0.00584795321637
24457	0.00584795321637
32895	0.00584795321637
3554	0.00581395348837
7161	0.00581395348837
18361	0.00581395348837
19034	0.00581395348837
32453	0.00581395348837
36078	0.00581395348837
41246	0.00581395348837
50868	0.00581395348837
34169	0.00580270793037
4135	0.00578034682081
6213	0.00578034682081
76	0.00576131687243
10844	0.00574712643678
12511	0.00574712643678
15233	0.00574712643678
23628	0.00574712643678
27125	0.00574712643678
712	0.00571428571429
40989	0.00571428571429
41059	0.00571428571429
41000	0.00569800569801
1389	0.00568181818182
3533	0.00568181818182
21204	0.00568181818182
24606	0.00568181818182
43200	0.00568181818182
4764	0.0056657223796
29686	0.0056657223796
34683	0.0056657223796
3486	0.00564971751412
4508	0.00564971751412
29845	0.00564971751412
48572	0.0056338028169
3527	0.00561797752809
26566	0.00561797752809
28810	0.00561797752809
33780	0.00561797752809
37680	0.00561797752809
39426	0.00561797752809
456	0.00558659217877
3260	0.00558659217877
26584	0.00558659217877
29591	0.00558659217877
41060	0.00558659217877
4485	0.00557103064067
2574	0.00555555555556
2825	0.00555555555556
18701	0.00555555555556
35360	0.00555555555556
37198	0.00555555555556
52738	0.00555555555556
137	0.00552486187845
28821	0.00551470588235
41985	0.00551470588235
1700	0.00550964187328
11307	0.00550964187328
13642	0.00549450549451
18815	0.00549450549451
23415	0.00549450549451
59506	0.00549450549451
1537	0.00546448087432
3297	0.00546448087432
10157	0.00546448087432
21662	0.00546448087432
41034	0.00546448087432
34224	0.00544662309368
3946	0.0054347826087
18835	0.0054347826087
22805	0.0054347826087
41391	0.0054347826087
50987	0.0054347826087
3788	0.00542005420054
22929	0.00542005420054
38492	0.00542005420054
6679	0.00540540540541
8732	0.00540540540541
14862	0.00540540540541
22018	0.00540540540541
42954	0.00540540540541
41048	0.00539083557951
4644	0.00537634408602
14343	0.00537634408602
32594	0.00537634408602
34241	0.00537634408602
4916	0.0053715308863
1390	0.00534759358289
9720	0.00534759358289
11000	0.00534759358289
13120	0.00534759358289
26890	0.00534759358289
27218	0.00534759358289
35136	0.00532859680284
3214	0.00531914893617
7751	0.00531914893617
23211	0.00531914893617
27489	0.00531914893617
29024	0.00531914893617
40992	0.00531914893617
40962	0.00531443755536
3553	0.0053050397878
955	0.00529100529101
7317	0.00529100529101
9488	0.00529100529101
10736	0.00529100529101
14361	0.00529100529101
20527	0.00529100529101
9586	0.00526315789474
19897	0.00526315789474
21745	0.00526315789474
23001	0.00526315789474
23285	0.00526315789474
32087	0.00526315789474
35162	0.00526315789474
38932	0.00526315789474
49336	0.00526315789474
51120	0.00526315789474
33887	0.00525394045534
35178	0.00525394045534
11359	0.00524934383202
51989	0.00524934383202
41097	0.00523560209424
15373	0.00522193211488
8466	0.00520833333333
17566	0.00520833333333
27723	0.00520833333333
28712	0.00520833333333
51121	0.00520833333333
16935	0.00518134715026
28700	0.00518134715026
25098	0.0051724137931
25732	0.00515463917526
41040	0.00515463917526
41088	0.00515463917526
51655	0.00515463917526
1422	0.00514138817481
2381	0.00514138817481
2733	0.00514138817481
3720	0.00512820512821
5519	0.00512820512821
16516	0.00512820512821
24970	0.00512820512821
30466	0.00512820512821
51213	0.00512820512821
7442	0.00511508951407
5116	0.00510204081633
23248	0.00510204081633
30901	0.00510204081633
33692	0.00510204081633
35809	0.00510204081633
50760	0.00510204081633
3548	0.00507614213198
10792	0.00507614213198
37776	0.00507614213198
41177	0.00507614213198
51211	0.00507614213198
1680	0.00505050505051
25376	0.00505050505051
34471	0.00505050505051
41013	0.00505050505051
41546	0.00505050505051
41968	0.00505050505051
18374	0.00502512562814
18813	0.00502512562814
452	0.005
7505	0.005
25047	0.005
6772	0.00497512437811
21557	0.00497512437811
24173	0.00497512437811
39265	0.00497512437811
2344	0.00497017892644
41129	0.00496277915633
11749	0.0049504950495
50913	0.0049504950495
30899	0.00492610837438
38925	0.00492610837438
41610	0.00492610837438
11	0.00489236790607
3204	0.00485436893204
4733	0.00485436893204
50980	0.0048309178744
5432	0.00482425913163
26235	0.00480769230769
29902	0.00478468899522
26863	0.00477707006369
932	0.0047619047619
7198	0.0047619047619
24684	0.0047619047619
40983	0.0047619047619
896	0.00473933649289
2169	0.00473933649289
22572	0.00473933649289
16209	0.00473186119874
17066	0.00471698113208
41102	0.00471698113208
41530	0.00471698113208
1380	0.00469483568075
11314	0.00469483568075
32188	0.00469483568075
44433	0.00469483568075
3733	0.0046904315197
1113	0.00467289719626
4439	0.00467289719626
29360	0.00467289719626
35581	0.00467289719626
41085	0.00467289719626
3781	0.00462962962963
7956	0.00462962962963
18972	0.00462962962963
44978	0.00462962962963
51697	0.00462962962963
2290	0.00462160600809
492	0.0045871559633
9761	0.0045871559633
41027	0.0045871559633
90	0.00456621004566
12824	0.00456621004566
21321	0.00456621004566
22971	0.00455580865604
7533	0.00454545454545
15083	0.00454545454545
59604	0.00454545454545
28405	0.00453514739229
30980	0.00453001132503
9625	0.00452488687783
52029	0.00452488687783
35045	0.00451467268623
11782	0.0045045045045
23150	0.00449775112444
3515	0.00448430493274
7518	0.00448430493274
11778	0.00448430493274
29287	0.00448430493274
4695	0.00446428571429
20802	0.00444444444444
28610	0.00444444444444
1489	0.00442477876106
14716	0.00442477876106
20542	0.00441826215022
41366	0.00438596491228
21458	0.00436681222707
41012	0.00436681222707
2840	0.00435919790759
11165	0.00434782608696
32490	0.00434782608696
689	0.00433839479393
51341	0.00431034482759
34929	0.0042735042735
18311	0.00423728813559
53069	0.00423728813559
2186	0.0042194092827
631	0.00421052631579
3280	0.00420168067227
40988	0.00420168067227
2787	0.00418410041841
41146	0.00416666666667
5693	0.004158004158
50851	0.00414937759336
50875	0.00414937759336
52258	0.00414937759336
12423	0.00413223140496
2848	0.00411522633745
40411	0.00411522633745
27255	0.00409836065574
35400	0.00409836065574
41091	0.00408163265306
50937	0.00408163265306
18759	0.00404858299595
31879	0.00404858299595
32811	0.00404858299595
14749	0.00403225806452
2127	0.004
14604	0.004
3059	0.00398936170213
1062	0.00396825396825
33495	0.00396825396825
44281	0.00396825396825
20506	0.00395256916996
37115	0.00395256916996
17938	0.00394477317554
52471	0.00393700787402
210	0.00392156862745
4327	0.00392156862745
23742	0.00392156862745
41499	0.00390625
17711	0.00389863547758
51173	0.00389105058366
18205	0.00387596899225
49392	0.00387596899225
18607	0.00380228136882
10287	0.00377358490566
21797	0.00375939849624
50923	0.00375939849624
512	0.00373134328358
6803	0.00373134328358
17586	0.00373134328358
23667	0.0037037037037
41194	0.0037037037037
40984	0.00369003690037
4005	0.00367647058824
31312	0.003663003663
41347	0.0036231884058
2110	0.00361010830325
41253	0.00361010830325
41188	0.00359712230216
41001	0.00355871886121
17790	0.00354609929078
2152	0.00353356890459
41095	0.00353356890459
44184	0.00353356890459
28673	0.00352112676056
41208	0.00352112676056
1117	0.00350877192982
10251	0.00350877192982
28128	0.00350877192982
29372	0.00350877192982
33142	0.0034965034965
5218	0.00348432055749
18307	0.00346820809249
41583	0.00345423143351
4489	0.00344827586207
29394	0.00344827586207
25405	0.00343642611684
17771	0.00342465753425
949	0.0034188034188
24017	0.00340136054422
30794	0.00340136054422
41065	0.00338983050847
41705	0.00338983050847
1676	0.00337837837838
13955	0.003367003367
22654	0.00334448160535
41417	0.00333333333333
41368	0.00332225913621
11381	0.00331125827815
31400	0.003300330033
38293	0.003300330033
3022	0.00326797385621
40969	0.00324675324675
3991	0.00323624595469
2448	0.00322580645161
19598	0.00322372662798
41154	0.00315457413249
20416	0.00313971742543
34637	0.003125
1239	0.00310559006211
8681	0.00310559006211
41258	0.0030959752322
41307	0.0030959752322
51027	0.0030959752322
6360	0.00308641975309
684	0.00307692307692
52225	0.00307692307692
1918	0.00306748466258
41039	0.00305810397554
41098	0.00305810397554
51156	0.00303951367781
38584	0.0030303030303
41403	0.0030303030303
118	0.00302114803625
5643	0.00297176820208
1364	0.00296735905045
26893	0.00293255131965
5120	0.0029197080292
511	0.00286532951289
40972	0.00285714285714
5774	0.002849002849
14140	0.00284090909091
39546	0.0028328611898
41029	0.0028328611898
11232	0.00281690140845
2613	0.0028129395218
3239	0.00280898876404
40964	0.00280898876404
5237	0.00275482093664
25554	0.00272479564033
34897	0.00268817204301
50855	0.00266666666667
5622	0.00263157894737
3133	0.0025974025974
27949	0.00255754475703
16420	0.00255102040816
24522	0.00253807106599
18515	0.00252525252525
19547	0.00251256281407
20630	0.00248756218905
35514	0.00248138957816
11664	0.00247524752475
10987	0.00245098039216
42156	0.00244498777506
22743	0.00241935483871
20818	0.00239808153477
51096	0.00239808153477
51133	0.00239808153477
10281	0.00235294117647
7100	0.002331002331
31536	0.00230414746544
33678	0.00229885057471
27890	0.00229621125144
3273	0.00218340611354
3499	0.00217864923747
5673	0.00188679245283
13339	0.00154083204931
6304	0.00149476831091
1135	0.00147492625369
