43525	0.142857142857
23293	0.117647058824
46974	0.111111111111
52498	0.0952380952381
53280	0.0952380952381
21257	0.0882352941176
55228	0.0833333333333
49213	0.08
7476	0.0769230769231
15149	0.0769230769231
1276	0.0714285714286
2098	0.0714285714286
3026	0.0714285714286
5596	0.0714285714286
6735	0.0714285714286
6859	0.0714285714286
7699	0.0714285714286
11388	0.0714285714286
12643	0.0714285714286
15879	0.0714285714286
17916	0.0714285714286
19701	0.0714285714286
26244	0.0714285714286
26460	0.0714285714286
29185	0.0714285714286
31102	0.0714285714286
37653	0.0714285714286
38148	0.0714285714286
38490	0.0714285714286
39557	0.0714285714286
44818	0.0714285714286
46007	0.0714285714286
46216	0.0714285714286
49880	0.0714285714286
50462	0.0714285714286
54905	0.0714285714286
57081	0.0714285714286
58391	0.0714285714286
31177	0.0689655172414
1396	0.0666666666667
2038	0.0666666666667
6082	0.0666666666667
6190	0.0666666666667
6972	0.0666666666667
7501	0.0666666666667
7686	0.0666666666667
9947	0.0666666666667
10048	0.0666666666667
10906	0.0666666666667
12531	0.0666666666667
14551	0.0666666666667
15067	0.0666666666667
15594	0.0666666666667
16008	0.0666666666667
22817	0.0666666666667
24910	0.0666666666667
25040	0.0666666666667
25217	0.0666666666667
29410	0.0666666666667
31831	0.0666666666667
37347	0.0666666666667
39445	0.0666666666667
42685	0.0666666666667
43807	0.0666666666667
48155	0.0666666666667
48508	0.0666666666667
48700	0.0666666666667
53326	0.0666666666667
53432	0.0666666666667
56955	0.0666666666667
58211	0.0666666666667
59147	0.0666666666667
59247	0.0666666666667
446	0.0625
1713	0.0625
4455	0.0625
6320	0.0625
6481	0.0625
8080	0.0625
8151	0.0625
10179	0.0625
10560	0.0625
12478	0.0625
12743	0.0625
16212	0.0625
16270	0.0625
21505	0.0625
21517	0.0625
22714	0.0625
23377	0.0625
26259	0.0625
29119	0.0625
29474	0.0625
29807	0.0625
31163	0.0625
31197	0.0625
31999	0.0625
32159	0.0625
32808	0.0625
33579	0.0625
40350	0.0625
42202	0.0625
43071	0.0625
43907	0.0625
45547	0.0625
56691	0.0625
58595	0.0625
60716	0.0625
5183	0.0606060606061
1316	0.0588235294118
4740	0.0588235294118
7037	0.0588235294118
11785	0.0588235294118
13733	0.0588235294118
14141	0.0588235294118
14677	0.0588235294118
15319	0.0588235294118
16703	0.0588235294118
17367	0.0588235294118
18117	0.0588235294118
18684	0.0588235294118
19072	0.0588235294118
19924	0.0588235294118
22044	0.0588235294118
22440	0.0588235294118
22443	0.0588235294118
22675	0.0588235294118
23804	0.0588235294118
28973	0.0588235294118
29981	0.0588235294118
30108	0.0588235294118
31389	0.0588235294118
32881	0.0588235294118
37515	0.0588235294118
40056	0.0588235294118
41121	0.0588235294118
41159	0.0588235294118
43322	0.0588235294118
44775	0.0588235294118
44906	0.0588235294118
45166	0.0588235294118
46092	0.0588235294118
47518	0.0588235294118
48203	0.0588235294118
51603	0.0588235294118
52304	0.0588235294118
52692	0.0588235294118
53747	0.0588235294118
54069	0.0588235294118
55282	0.0588235294118
56594	0.0588235294118
57641	0.0588235294118
58142	0.0588235294118
59146	0.0588235294118
60547	0.0571428571429
815	0.0555555555556
3448	0.0555555555556
5557	0.0555555555556
6313	0.0555555555556
12307	0.0555555555556
12341	0.0555555555556
13721	0.0555555555556
14363	0.0555555555556
15897	0.0555555555556
17290	0.0555555555556
18733	0.0555555555556
20082	0.0555555555556
20987	0.0555555555556
22034	0.0555555555556
24435	0.0555555555556
31020	0.0555555555556
31377	0.0555555555556
32739	0.0555555555556
32971	0.0555555555556
38346	0.0555555555556
39345	0.0555555555556
42107	0.0555555555556
42833	0.0555555555556
42856	0.0555555555556
45965	0.0555555555556
46668	0.0555555555556
50424	0.0555555555556
54766	0.0555555555556
54841	0.0555555555556
55465	0.0555555555556
25637	0.0540540540541
34252	0.0540540540541
52162	0.0540540540541
2120	0.0526315789474
8435	0.0526315789474
9899	0.0526315789474
11066	0.0526315789474
12370	0.0526315789474
14188	0.0526315789474
14590	0.0526315789474
14994	0.0526315789474
15921	0.0526315789474
17332	0.0526315789474
19278	0.0526315789474
21506	0.0526315789474
24018	0.0526315789474
25854	0.0526315789474
29446	0.0526315789474
30099	0.0526315789474
34081	0.0526315789474
35295	0.0526315789474
37944	0.0526315789474
40254	0.0526315789474
40363	0.0526315789474
41361	0.0526315789474
41394	0.0526315789474
41898	0.0526315789474
43256	0.0526315789474
48474	0.0526315789474
48975	0.0526315789474
50206	0.0526315789474
55958	0.0526315789474
57914	0.0526315789474
60864	0.0526315789474
60970	0.0526315789474
41512	0.0512820512821
268	0.05
4164	0.05
4691	0.05
11312	0.05
12363	0.05
15874	0.05
18294	0.05
18787	0.05
30031	0.05
30169	0.05
30366	0.05
35333	0.05
35550	0.05
36137	0.05
38412	0.05
38603	0.05
41345	0.05
41922	0.05
43287	0.05
43692	0.05
43848	0.05
47459	0.05
48827	0.05
48835	0.05
49818	0.05
51836	0.05
52274	0.05
52438	0.05
60615	0.05
61186	0.05
1041	0.047619047619
3424	0.047619047619
6384	0.047619047619
6834	0.047619047619
7221	0.047619047619
9254	0.047619047619
9765	0.047619047619
11756	0.047619047619
18654	0.047619047619
19009	0.047619047619
19716	0.047619047619
24797	0.047619047619
28005	0.047619047619
31029	0.047619047619
36689	0.047619047619
37110	0.047619047619
38554	0.047619047619
39492	0.047619047619
42653	0.047619047619
42804	0.047619047619
42976	0.047619047619
43175	0.047619047619
43278	0.047619047619
43443	0.047619047619
43880	0.047619047619
44414	0.047619047619
44864	0.047619047619
48869	0.047619047619
59131	0.047619047619
60358	0.047619047619
61199	0.047619047619
37424	0.046511627907
2363	0.0454545454545
3835	0.0454545454545
4773	0.0454545454545
9569	0.0454545454545
15758	0.0454545454545
18578	0.0454545454545
20454	0.0454545454545
21496	0.0454545454545
21758	0.0454545454545
22591	0.0454545454545
23469	0.0454545454545
28366	0.0454545454545
31946	0.0454545454545
38549	0.0454545454545
38658	0.0454545454545
41834	0.0454545454545
43085	0.0454545454545
49681	0.0454545454545
52187	0.0454545454545
53339	0.0454545454545
57523	0.0454545454545
60724	0.0454545454545
61152	0.0454545454545
4182	0.0434782608696
5827	0.0434782608696
7527	0.0434782608696
9507	0.0434782608696
13936	0.0434782608696
15433	0.0434782608696
16474	0.0434782608696
17314	0.0434782608696
18030	0.0434782608696
18929	0.0434782608696
29571	0.0434782608696
32877	0.0434782608696
33075	0.0434782608696
35098	0.0434782608696
37963	0.0434782608696
38073	0.0434782608696
39229	0.0434782608696
42863	0.0434782608696
43050	0.0434782608696
43361	0.0434782608696
45879	0.0434782608696
48921	0.0434782608696
51637	0.0434782608696
55964	0.0434782608696
61423	0.0434782608696
28708	0.0425531914894
41230	0.0425531914894
42285	0.0425531914894
1262	0.0416666666667
1678	0.0416666666667
4321	0.0416666666667
12447	0.0416666666667
15159	0.0416666666667
15447	0.0416666666667
16618	0.0416666666667
17927	0.0416666666667
18719	0.0416666666667
19882	0.0416666666667
20036	0.0416666666667
20724	0.0416666666667
23391	0.0416666666667
27176	0.0416666666667
37536	0.0416666666667
37641	0.0416666666667
39511	0.0416666666667
39712	0.0416666666667
42758	0.0416666666667
43788	0.0416666666667
43798	0.0416666666667
44385	0.0416666666667
51310	0.0416666666667
51807	0.0416666666667
52010	0.0416666666667
52961	0.0416666666667
57812	0.0416666666667
58528	0.0416666666667
59459	0.0416666666667
59606	0.0416666666667
59674	0.0416666666667
60007	0.0416666666667
15218	0.0408163265306
41652	0.0408163265306
42484	0.0408163265306
251	0.04
3211	0.04
3969	0.04
6840	0.04
8758	0.04
11372	0.04
11854	0.04
15632	0.04
15926	0.04
18395	0.04
19923	0.04
21400	0.04
23567	0.04
23907	0.04
28463	0.04
28966	0.04
29967	0.04
34911	0.04
35241	0.04
40215	0.04
41876	0.04
43223	0.04
51552	0.04
51932	0.04
51953	0.04
52198	0.04
53306	0.04
57815	0.04
41009	0.0392156862745
4400	0.0384615384615
6148	0.0384615384615
7333	0.0384615384615
7506	0.0384615384615
13786	0.0384615384615
17130	0.0384615384615
18016	0.0384615384615
20384	0.0384615384615
22487	0.0384615384615
22523	0.0384615384615
24827	0.0384615384615
26744	0.0384615384615
28460	0.0384615384615
29272	0.0384615384615
29379	0.0384615384615
35768	0.0384615384615
36252	0.0384615384615
42209	0.0384615384615
42535	0.0384615384615
43060	0.0384615384615
45432	0.0384615384615
49301	0.0384615384615
52069	0.0384615384615
52679	0.0384615384615
52964	0.0384615384615
59638	0.0384615384615
42701	0.0377358490566
51813	0.0377358490566
1225	0.037037037037
3920	0.037037037037
6107	0.037037037037
6597	0.037037037037
9370	0.037037037037
10393	0.037037037037
11107	0.037037037037
11661	0.037037037037
14466	0.037037037037
16351	0.037037037037
18791	0.037037037037
28599	0.037037037037
29552	0.037037037037
33250	0.037037037037
37324	0.037037037037
41268	0.037037037037
41556	0.037037037037
47170	0.037037037037
50950	0.037037037037
51609	0.037037037037
52238	0.037037037037
53038	0.037037037037
53323	0.037037037037
58115	0.037037037037
58307	0.037037037037
21795	0.0365853658537
4414	0.0363636363636
21912	0.0363636363636
41172	0.0363636363636
5758	0.0357142857143
6396	0.0357142857143
9757	0.0357142857143
15915	0.0357142857143
16513	0.0357142857143
17705	0.0357142857143
18818	0.0357142857143
19551	0.0357142857143
20990	0.0357142857143
22544	0.0357142857143
27736	0.0357142857143
34240	0.0357142857143
35283	0.0357142857143
43485	0.0357142857143
45081	0.0357142857143
47140	0.0357142857143
51587	0.0357142857143
51715	0.0357142857143
41375	0.0350877192982
1715	0.0344827586207
2890	0.0344827586207
5273	0.0344827586207
6205	0.0344827586207
12512	0.0344827586207
12557	0.0344827586207
17623	0.0344827586207
18121	0.0344827586207
18277	0.0344827586207
24417	0.0344827586207
25392	0.0344827586207
27560	0.0344827586207
27946	0.0344827586207
30779	0.0344827586207
34820	0.0344827586207
36723	0.0344827586207
39607	0.0344827586207
41057	0.0344827586207
41822	0.0344827586207
41946	0.0344827586207
42144	0.0344827586207
42874	0.0344827586207
43586	0.0344827586207
50746	0.0344827586207
52223	0.0344827586207
52609	0.0344827586207
27282	0.0338983050847
52531	0.0338983050847
56066	0.0338983050847
697	0.0333333333333
1006	0.0333333333333
2088	0.0333333333333
3282	0.0333333333333
4049	0.0333333333333
5200	0.0333333333333
9534	0.0333333333333
11410	0.0333333333333
13624	0.0333333333333
13787	0.0333333333333
14297	0.0333333333333
14536	0.0333333333333
15339	0.0333333333333
15391	0.0333333333333
15610	0.0333333333333
16861	0.0333333333333
17601	0.0333333333333
19460	0.0333333333333
22568	0.0333333333333
24610	0.0333333333333
27839	0.0333333333333
38065	0.0333333333333
38868	0.0333333333333
39719	0.0333333333333
41365	0.0333333333333
42850	0.0333333333333
43189	0.0333333333333
48190	0.0333333333333
52166	0.0333333333333
52860	0.0333333333333
53335	0.0333333333333
55864	0.0333333333333
58215	0.0333333333333
328	0.0322580645161
1996	0.0322580645161
11011	0.0322580645161
11272	0.0322580645161
14440	0.0322580645161
14676	0.0322580645161
18186	0.0322580645161
18786	0.0322580645161
19443	0.0322580645161
21829	0.0322580645161
22670	0.0322580645161
22891	0.0322580645161
26714	0.0322580645161
29601	0.0322580645161
36390	0.0322580645161
38442	0.0322580645161
41771	0.0322580645161
42604	0.0322580645161
43142	0.0322580645161
45117	0.0322580645161
46604	0.0322580645161
48442	0.0322580645161
48880	0.0322580645161
51436	0.0322580645161
52335	0.0322580645161
53189	0.0322580645161
53363	0.0322580645161
59878	0.0322580645161
4933	0.03125
7274	0.03125
8393	0.03125
10139	0.03125
10155	0.03125
13353	0.03125
18105	0.03125
19903	0.03125
25081	0.03125
26467	0.03125
26941	0.03125
29363	0.03125
31459	0.03125
32516	0.03125
34889	0.03125
38731	0.03125
38817	0.03125
41557	0.03125
42458	0.03125
43816	0.03125
48885	0.03125
49578	0.03125
50402	0.03125
51101	0.03125
52169	0.03125
54708	0.03125
58405	0.03125
58547	0.03125
59931	0.03125
60354	0.03125
53	0.030303030303
171	0.030303030303
1588	0.030303030303
4567	0.030303030303
15834	0.030303030303
23497	0.030303030303
24201	0.030303030303
28714	0.030303030303
30198	0.030303030303
32937	0.030303030303
35423	0.030303030303
36770	0.030303030303
37514	0.030303030303
41232	0.030303030303
41290	0.030303030303
41476	0.030303030303
41755	0.030303030303
42610	0.030303030303
43539	0.030303030303
45085	0.030303030303
47922	0.030303030303
51772	0.030303030303
52241	0.030303030303
53390	0.030303030303
59603	0.030303030303
60147	0.030303030303
51079	0.03
1253	0.0294117647059
2059	0.0294117647059
3461	0.0294117647059
4009	0.0294117647059
4837	0.0294117647059
7294	0.0294117647059
10828	0.0294117647059
10976	0.0294117647059
12421	0.0294117647059
13022	0.0294117647059
18758	0.0294117647059
22390	0.0294117647059
27385	0.0294117647059
30115	0.0294117647059
32680	0.0294117647059
33275	0.0294117647059
35220	0.0294117647059
42400	0.0294117647059
50861	0.0294117647059
51063	0.0294117647059
53053	0.0294117647059
60332	0.0294117647059
52444	0.0289855072464
60215	0.0289855072464
4449	0.0285714285714
7332	0.0285714285714
7512	0.0285714285714
11435	0.0285714285714
16878	0.0285714285714
23237	0.0285714285714
29010	0.0285714285714
30705	0.0285714285714
31018	0.0285714285714
32749	0.0285714285714
33175	0.0285714285714
39248	0.0285714285714
41630	0.0285714285714
41721	0.0285714285714
43218	0.0285714285714
46064	0.0285714285714
47075	0.0285714285714
50649	0.0285714285714
51129	0.0285714285714
51187	0.0285714285714
51936	0.0285714285714
53411	0.0285714285714
55031	0.0285714285714
59736	0.0285714285714
11776	0.0284090909091
5793	0.0277777777778
11279	0.0277777777778
14054	0.0277777777778
15153	0.0277777777778
16317	0.0277777777778
16409	0.0277777777778
16523	0.0277777777778
19544	0.0277777777778
27821	0.0277777777778
33259	0.0277777777778
33818	0.0277777777778
36266	0.0277777777778
47561	0.0277777777778
48284	0.0277777777778
58279	0.0277777777778
27874	0.027397260274
811	0.027027027027
7874	0.027027027027
11421	0.027027027027
15458	0.027027027027
17449	0.027027027027
21709	0.027027027027
23196	0.027027027027
34005	0.027027027027
34647	0.027027027027
36559	0.027027027027
38704	0.027027027027
40243	0.027027027027
41178	0.027027027027
41335	0.027027027027
42190	0.027027027027
42679	0.027027027027
50935	0.027027027027
53215	0.027027027027
59864	0.027027027027
59943	0.027027027027
60032	0.027027027027
2548	0.0263157894737
5207	0.0263157894737
11630	0.0263157894737
18067	0.0263157894737
23724	0.0263157894737
30259	0.0263157894737
31822	0.0263157894737
34124	0.0263157894737
39853	0.0263157894737
50098	0.0263157894737
51710	0.0263157894737
56967	0.0263157894737
44270	0.025974025974
34724	0.0258620689655
390	0.025641025641
501	0.025641025641
733	0.025641025641
1887	0.025641025641
2630	0.025641025641
11237	0.025641025641
12401	0.025641025641
17439	0.025641025641
23071	0.025641025641
23287	0.025641025641
28245	0.025641025641
31111	0.025641025641
41241	0.025641025641
43051	0.025641025641
51441	0.025641025641
51536	0.025641025641
52125	0.025641025641
52809	0.025641025641
58864	0.025641025641
59731	0.025641025641
1060	0.025
1092	0.025
1778	0.025
1820	0.025
24509	0.025
31756	0.025
36750	0.025
37478	0.025
40620	0.025
41974	0.025
50494	0.025
50631	0.025
52192	0.025
52196	0.025
53380	0.025
44486	0.0247933884298
12943	0.0246913580247
17303	0.0246913580247
51039	0.0245901639344
283	0.0243902439024
1365	0.0243902439024
2293	0.0243902439024
2598	0.0243902439024
3589	0.0243902439024
16926	0.0243902439024
27271	0.0243902439024
27632	0.0243902439024
30671	0.0243902439024
31634	0.0243902439024
34255	0.0243902439024
38600	0.0243902439024
38748	0.0243902439024
42800	0.0243902439024
44369	0.0243902439024
47234	0.0243902439024
48162	0.0243902439024
49397	0.0243902439024
51207	0.0243902439024
51392	0.0243902439024
51439	0.0243902439024
52059	0.0243902439024
53276	0.0243902439024
7427	0.024
1666	0.0238095238095
2899	0.0238095238095
3742	0.0238095238095
10918	0.0238095238095
15198	0.0238095238095
15494	0.0238095238095
16348	0.0238095238095
26313	0.0238095238095
27416	0.0238095238095
31403	0.0238095238095
35240	0.0238095238095
36387	0.0238095238095
38291	0.0238095238095
42730	0.0238095238095
43920	0.0238095238095
51058	0.0238095238095
51333	0.0238095238095
52868	0.0238095238095
54298	0.0238095238095
60338	0.0238095238095
37806	0.0235294117647
50642	0.0235294117647
252	0.0232558139535
2687	0.0232558139535
6383	0.0232558139535
7720	0.0232558139535
8122	0.0232558139535
9663	0.0232558139535
18367	0.0232558139535
33582	0.0232558139535
37568	0.0232558139535
39041	0.0232558139535
40996	0.0232558139535
41105	0.0232558139535
45712	0.0232558139535
48237	0.0232558139535
59720	0.0232558139535
23341	0.0227272727273
28330	0.0227272727273
35841	0.0227272727273
37293	0.0227272727273
41558	0.0227272727273
42199	0.0227272727273
42716	0.0227272727273
51316	0.0227272727273
53243	0.0227272727273
3754	0.0224719101124
4814	0.0224719101124
32130	0.0224719101124
41533	0.0224719101124
1501	0.0222222222222
6105	0.0222222222222
7433	0.0222222222222
11503	0.0222222222222
13605	0.0222222222222
14137	0.0222222222222
17789	0.0222222222222
32184	0.0222222222222
36726	0.0222222222222
37055	0.0222222222222
42388	0.0222222222222
45900	0.0222222222222
47456	0.0222222222222
48238	0.0222222222222
51116	0.0222222222222
52291	0.0222222222222
52334	0.0222222222222
59602	0.0222222222222
566	0.0217391304348
1972	0.0217391304348
2707	0.0217391304348
4343	0.0217391304348
6792	0.0217391304348
13086	0.0217391304348
14347	0.0217391304348
16562	0.0217391304348
17053	0.0217391304348
20526	0.0217391304348
22000	0.0217391304348
25313	0.0217391304348
36743	0.0217391304348
41254	0.0217391304348
41892	0.0217391304348
42567	0.0217391304348
45203	0.0217391304348
18836	0.0215827338129
112	0.0215053763441
1171	0.0212765957447
2150	0.0212765957447
7710	0.0212765957447
9052	0.0212765957447
19970	0.0212765957447
21790	0.0212765957447
26407	0.0212765957447
26590	0.0212765957447
29656	0.0212765957447
30311	0.0212765957447
33305	0.0212765957447
36483	0.0212765957447
43475	0.0212765957447
44260	0.0212765957447
47547	0.0212765957447
59882	0.0212765957447
37800	0.0211267605634
24067	0.0210526315789
41101	0.0210526315789
38657	0.020979020979
75	0.0208333333333
2600	0.0208333333333
3828	0.0208333333333
7325	0.0208333333333
9207	0.0208333333333
13261	0.0208333333333
13771	0.0208333333333
14872	0.0208333333333
17286	0.0208333333333
18292	0.0208333333333
18530	0.0208333333333
18760	0.0208333333333
26954	0.0208333333333
27646	0.0208333333333
41970	0.0208333333333
44154	0.0208333333333
52523	0.0208333333333
53297	0.0208333333333
53372	0.0208333333333
13067	0.0206896551724
17383	0.020618556701
45381	0.020618556701
2196	0.0204081632653
3743	0.0204081632653
4752	0.0204081632653
4919	0.0204081632653
7367	0.0204081632653
10316	0.0204081632653
10967	0.0204081632653
23227	0.0204081632653
28976	0.0204081632653
30792	0.0204081632653
32851	0.0204081632653
33312	0.0204081632653
33788	0.0204081632653
41247	0.0204081632653
41445	0.0204081632653
44425	0.0204081632653
45605	0.0204081632653
51869	0.0204081632653
51926	0.0204081632653
52500	0.0204081632653
52511	0.0204081632653
28749	0.020202020202
31891	0.020202020202
26318	0.0201342281879
2211	0.02
2656	0.02
4381	0.02
10979	0.02
12776	0.02
12795	0.02
13943	0.02
17204	0.02
19698	0.02
26817	0.02
28437	0.02
30782	0.02
30967	0.02
33896	0.02
34971	0.02
37670	0.02
37735	0.02
38649	0.02
42073	0.02
43461	0.02
45994	0.02
52273	0.02
5350	0.019801980198
59604	0.0197044334975
461	0.0196078431373
2129	0.0196078431373
2153	0.0196078431373
5880	0.0196078431373
9625	0.0196078431373
12057	0.0196078431373
25169	0.0196078431373
28536	0.0196078431373
34918	0.0196078431373
35151	0.0196078431373
40862	0.0196078431373
41051	0.0196078431373
41311	0.0196078431373
52667	0.0196078431373
52838	0.0196078431373
11946	0.0192307692308
13332	0.0192307692308
32020	0.0192307692308
35203	0.0192307692308
38273	0.0192307692308
40993	0.0192307692308
45717	0.0192307692308
59935	0.0192307692308
7281	0.0188679245283
7911	0.0188679245283
15843	0.0188679245283
22143	0.0188679245283
22831	0.0188679245283
26275	0.0188679245283
37695	0.0188679245283
41935	0.0188679245283
43348	0.0188679245283
44333	0.0188679245283
47445	0.0188679245283
49329	0.0188679245283
52491	0.0188679245283
26162	0.018691588785
41160	0.018691588785
550	0.0185185185185
12819	0.0185185185185
18107	0.0185185185185
23141	0.0185185185185
23531	0.0185185185185
24980	0.0185185185185
26251	0.0185185185185
31169	0.0185185185185
32493	0.0185185185185
34618	0.0185185185185
35860	0.0185185185185
41905	0.0185185185185
42317	0.0185185185185
51103	0.0185185185185
52367	0.0185185185185
53320	0.0185185185185
58913	0.0185185185185
22031	0.0183486238532
12889	0.0181818181818
15963	0.0181818181818
19139	0.0181818181818
22773	0.0181818181818
22939	0.0181818181818
26596	0.0181818181818
31478	0.0181818181818
33004	0.0181818181818
33273	0.0181818181818
34192	0.0181818181818
36401	0.0181818181818
39002	0.0181818181818
41442	0.0181818181818
41553	0.0181818181818
51139	0.0181818181818
59816	0.0181818181818
51029	0.0180722891566
10157	0.0179640718563
25942	0.0179640718563
6473	0.0178571428571
10340	0.0178571428571
12255	0.0178571428571
13622	0.0178571428571
17462	0.0178571428571
25559	0.0178571428571
36941	0.0178571428571
42319	0.0178571428571
53239	0.0178571428571
2588	0.0177514792899
27255	0.0176211453744
644	0.0175438596491
3107	0.0175438596491
3398	0.0175438596491
3915	0.0175438596491
10149	0.0175438596491
25230	0.0175438596491
26403	0.0175438596491
26890	0.0175438596491
26924	0.0175438596491
28439	0.0175438596491
34735	0.0175438596491
42132	0.0175438596491
50848	0.0175438596491
51519	0.0175438596491
52459	0.0175438596491
55194	0.0175438596491
26279	0.0173913043478
2284	0.0172413793103
3820	0.0172413793103
7425	0.0172413793103
14022	0.0172413793103
14684	0.0172413793103
18741	0.0172413793103
20450	0.0172413793103
27548	0.0172413793103
30864	0.0172413793103
31428	0.0172413793103
36379	0.0172413793103
36489	0.0172413793103
38778	0.0172413793103
40657	0.0172413793103
41625	0.0172413793103
42099	0.0172413793103
43026	0.0172413793103
50508	0.0172413793103
51144	0.0172413793103
53122	0.0172413793103
28712	0.0170454545455
10397	0.0169491525424
13829	0.0169491525424
18985	0.0169491525424
19835	0.0169491525424
21248	0.0169491525424
22553	0.0169491525424
29515	0.0169491525424
38595	0.0169491525424
45701	0.0169491525424
49899	0.0169491525424
52623	0.0169491525424
59908	0.0169491525424
3934	0.0166666666667
13383	0.0166666666667
24087	0.0166666666667
26095	0.0166666666667
29332	0.0166666666667
36475	0.0166666666667
36934	0.0166666666667
37380	0.0166666666667
41864	0.0166666666667
51003	0.0166666666667
56118	0.0166666666667
34521	0.0165289256198
34548	0.016501650165
39510	0.0164835164835
9753	0.016393442623
11401	0.016393442623
13380	0.016393442623
16501	0.016393442623
16913	0.016393442623
21750	0.016393442623
41286	0.016393442623
41321	0.016393442623
41401	0.016393442623
42001	0.016393442623
18276	0.0162601626016
41284	0.0162601626016
83	0.0161290322581
1685	0.0161290322581
3798	0.0161290322581
18425	0.0161290322581
19962	0.0161290322581
22351	0.0161290322581
33830	0.0161290322581
34155	0.0161290322581
34792	0.0161290322581
34823	0.0161290322581
42309	0.0161290322581
43171	0.0161290322581
51403	0.0161290322581
51693	0.0161290322581
51738	0.0161290322581
52080	0.0161290322581
53361	0.0161290322581
60231	0.0161290322581
881	0.015873015873
1067	0.015873015873
11766	0.015873015873
25618	0.015873015873
41432	0.015873015873
41710	0.015873015873
42291	0.015873015873
53173	0.015873015873
60482	0.015873015873
17147	0.0158102766798
25810	0.0157480314961
1533	0.015625
5658	0.015625
26608	0.015625
40356	0.015625
41184	0.015625
41388	0.015625
41908	0.015625
47668	0.015625
52488	0.015625
29902	0.0155440414508
13149	0.015503875969
21742	0.015503875969
30845	0.015503875969
32246	0.015503875969
39478	0.015503875969
846	0.0153846153846
1954	0.0153846153846
9818	0.0153846153846
14002	0.0153846153846
17691	0.0153846153846
19292	0.0153846153846
21569	0.0153846153846
25840	0.0153846153846
29053	0.0153846153846
29365	0.0153846153846
33113	0.0153846153846
36145	0.0153846153846
51656	0.0153846153846
51925	0.0153846153846
52148	0.0153846153846
52468	0.0153846153846
1904	0.0152671755725
3492	0.0152671755725
10047	0.0152671755725
15825	0.0152671755725
3288	0.0151515151515
8159	0.0151515151515
8948	0.0151515151515
15357	0.0151515151515
16264	0.0151515151515
16305	0.0151515151515
17696	0.0151515151515
23712	0.0151515151515
27235	0.0151515151515
29360	0.0151515151515
35413	0.0151515151515
45793	0.0151515151515
51024	0.0151515151515
511	0.0151057401813
3426	0.015037593985
32457	0.015037593985
49749	0.015037593985
18972	0.015
1853	0.0149253731343
2415	0.0149253731343
2850	0.0149253731343
16281	0.0149253731343
17280	0.0149253731343
17668	0.0149253731343
35961	0.0149253731343
37379	0.0149253731343
50952	0.0149253731343
51157	0.0149253731343
52392	0.0149253731343
52450	0.0149253731343
26195	0.0148514851485
30917	0.0148148148148
1147	0.0147058823529
8739	0.0147058823529
20418	0.0147058823529
32120	0.0147058823529
40212	0.0147058823529
41169	0.0147058823529
41405	0.0147058823529
41994	0.0147058823529
42390	0.0147058823529
51571	0.0147058823529
52296	0.0147058823529
26760	0.0145631067961
11060	0.0144927536232
19597	0.0144927536232
22856	0.0144927536232
39320	0.0144927536232
43251	0.0144927536232
52239	0.0144927536232
4705	0.0144230769231
4706	0.0144230769231
4804	0.0142857142857
6382	0.0142857142857
21425	0.0142857142857
26765	0.0142857142857
28592	0.0142857142857
28719	0.0142857142857
34652	0.0142857142857
38375	0.0142857142857
39342	0.0142857142857
42409	0.0142857142857
48070	0.0142857142857
52121	0.0142857142857
9245	0.0141843971631
1752	0.0140845070423
6906	0.0140845070423
23273	0.0140845070423
26529	0.0140845070423
27051	0.0140845070423
28458	0.0140845070423
33890	0.0140845070423
37997	0.0140845070423
42399	0.0140845070423
50963	0.0140845070423
41181	0.013986013986
2096	0.0138888888889
2358	0.0138888888889
2618	0.0138888888889
3178	0.0138888888889
5810	0.0138888888889
10110	0.0138888888889
27288	0.0138888888889
29530	0.0138888888889
29806	0.0138888888889
30222	0.0138888888889
39851	0.0138888888889
41318	0.0138888888889
41736	0.0138888888889
42354	0.0138888888889
42675	0.0138888888889
50249	0.0138888888889
51341	0.0138888888889
51825	0.0138888888889
3022	0.0138408304498
21845	0.0138248847926
1000	0.013698630137
29746	0.013698630137
36120	0.013698630137
36395	0.013698630137
41430	0.013698630137
41916	0.013698630137
43630	0.013698630137
50177	0.013698630137
1714	0.0135135135135
23372	0.0135135135135
28824	0.0135135135135
49889	0.0135135135135
51820	0.0135135135135
5164	0.0134228187919
143	0.0133333333333
4561	0.0133333333333
11119	0.0133333333333
16379	0.0133333333333
17301	0.0133333333333
19521	0.0133333333333
22534	0.0133333333333
29804	0.0133333333333
42056	0.0133333333333
42295	0.0133333333333
50079	0.0133333333333
51292	0.0133333333333
51353	0.0133333333333
51676	0.0133333333333
1632	0.0131578947368
3534	0.0131578947368
4007	0.0131578947368
4128	0.0131578947368
13653	0.0131578947368
30195	0.0131578947368
33864	0.0131578947368
40645	0.0131578947368
41399	0.0131578947368
41832	0.0131578947368
49141	0.0131578947368
51102	0.0131578947368
51746	0.0131578947368
52802	0.0131578947368
59607	0.0131578947368
40977	0.0131004366812
4047	0.012987012987
4318	0.012987012987
10914	0.012987012987
24429	0.012987012987
34115	0.012987012987
39782	0.012987012987
41350	0.012987012987
43195	0.012987012987
51380	0.012987012987
51683	0.012987012987
3669	0.0128205128205
10439	0.0128205128205
11079	0.0128205128205
14604	0.0128205128205
18838	0.0128205128205
33720	0.0128205128205
42111	0.0128205128205
51087	0.0128205128205
51724	0.0127118644068
9205	0.0126582278481
24833	0.0126582278481
27052	0.0126582278481
29095	0.0126582278481
35019	0.0126582278481
37115	0.0126582278481
10920	0.0126050420168
15233	0.0125786163522
1364	0.0125
2917	0.0125
4413	0.0125
4739	0.0125
5754	0.0125
13212	0.0125
20335	0.0125
35679	0.0125
41059	0.0125
41114	0.0125
41224	0.0125
41499	0.0125
41689	0.0125
51470	0.0125
52231	0.0125
59558	0.0125
37762	0.0123966942149
767	0.0123456790123
4508	0.0123456790123
13092	0.0123456790123
22873	0.0123456790123
41096	0.0123456790123
52884	0.0123456790123
28737	0.0122699386503
40942	0.0122699386503
6339	0.0121951219512
18139	0.0121951219512
30515	0.0121951219512
39024	0.0121951219512
41060	0.0121951219512
41100	0.0121951219512
41348	0.0121951219512
41450	0.0121951219512
42649	0.0121951219512
50327	0.0121951219512
51343	0.0121951219512
59617	0.0121951219512
8210	0.0121212121212
4515	0.0120481927711
20077	0.0120481927711
46731	0.0120481927711
49401	0.0120481927711
51978	0.0120481927711
52276	0.0120481927711
13642	0.0119760479042
22838	0.0119760479042
1618	0.0119047619048
4144	0.0119047619048
12194	0.0119047619048
33709	0.0119047619048
37073	0.0119047619048
43269	0.0119047619048
23667	0.011811023622
29603	0.0117647058824
40202	0.0117647058824
40477	0.0117647058824
41593	0.0117647058824
42182	0.0117647058824
50961	0.0117647058824
32594	0.0116959064327
42450	0.0116959064327
4334	0.0116279069767
12831	0.0116279069767
16145	0.0116279069767
34225	0.0116279069767
35516	0.0116279069767
41142	0.0116279069767
48475	0.0116279069767
50871	0.0116279069767
52079	0.0116279069767
23786	0.0115606936416
763	0.0114942528736
3480	0.0114942528736
4867	0.0114942528736
6381	0.0114942528736
8129	0.0114942528736
14361	0.0114942528736
17556	0.0114942528736
19506	0.0114942528736
34095	0.0114942528736
41880	0.0114942528736
45033	0.0114942528736
51394	0.0114942528736
1740	0.0113636363636
9142	0.0113636363636
14505	0.0113636363636
25400	0.0113636363636
34667	0.0113636363636
36054	0.0113636363636
41081	0.0113636363636
51905	0.0113636363636
51121	0.0112994350282
17790	0.0112781954887
34897	0.0112676056338
4661	0.0112359550562
5352	0.0112359550562
34619	0.0112359550562
40752	0.0112359550562
44184	0.0112359550562
51967	0.0112359550562
41040	0.0111731843575
1068	0.0111111111111
16516	0.0111111111111
26572	0.0111111111111
34208	0.0111111111111
41326	0.0111111111111
41621	0.0111111111111
43834	0.0111111111111
51213	0.0111111111111
51250	0.0111111111111
50995	0.0110701107011
52494	0.0110497237569
1950	0.010989010989
35594	0.010989010989
41629	0.010989010989
42339	0.010989010989
51211	0.010989010989
51242	0.010989010989
52952	0.010989010989
1231	0.0109289617486
25376	0.0109289617486
51158	0.0109090909091
37426	0.010889292196
1015	0.0108695652174
13385	0.0108695652174
18374	0.0108695652174
36632	0.0108695652174
37775	0.0108695652174
41833	0.0108695652174
42810	0.0108695652174
51092	0.0108695652174
52615	0.0108695652174
52817	0.0108695652174
61042	0.0108695652174
7460	0.0108108108108
30794	0.0107913669065
6542	0.010752688172
10343	0.010752688172
21557	0.010752688172
42825	0.010752688172
30812	0.0106951871658
33879	0.0106951871658
27094	0.0106761565836
7442	0.0106666666667
160	0.0106382978723
22398	0.0106382978723
34649	0.0106382978723
41019	0.0106382978723
41113	0.0106382978723
44456	0.0106382978723
2865	0.010582010582
7124	0.0105263157895
8189	0.0105263157895
13006	0.0105263157895
13258	0.0105263157895
32058	0.0105263157895
36894	0.0105263157895
41222	0.0105263157895
41368	0.0105263157895
43575	0.0105263157895
52711	0.0105263157895
766	0.0104166666667
8901	0.0104166666667
10973	0.0104166666667
34865	0.0104166666667
41227	0.0104166666667
11746	0.0103806228374
4391	0.0103092783505
14406	0.0103092783505
17922	0.0103092783505
20752	0.0103092783505
21507	0.0103092783505
24164	0.0103092783505
32509	0.0103092783505
41083	0.0103092783505
41570	0.0103092783505
48910	0.0103092783505
52564	0.0103092783505
7198	0.0102564102564
40983	0.0102564102564
5697	0.0102040816327
33645	0.0102040816327
38338	0.0102040816327
42249	0.0102040816327
49136	0.0102040816327
51505	0.0102040816327
60987	0.0102040816327
3488	0.010101010101
3619	0.010101010101
6954	0.010101010101
16802	0.010101010101
27033	0.010101010101
41086	0.010101010101
41106	0.010101010101
41239	0.010101010101
44433	0.010101010101
2247	0.01
3182	0.01
4174	0.01
22601	0.01
29705	0.01
32711	0.01
44819	0.01
7956	0.00995024875622
51697	0.00995024875622
11866	0.00990099009901
42363	0.00990099009901
49448	0.00990099009901
49791	0.00990099009901
50943	0.00990099009901
2084	0.00985221674877
90	0.00980392156863
309	0.00980392156863
4943	0.00980392156863
12824	0.00980392156863
21321	0.00980392156863
23054	0.00980392156863
23990	0.00980392156863
25165	0.00980392156863
27471	0.00980392156863
28486	0.00980392156863
49350	0.00980392156863
6360	0.00974025974026
2089	0.00970873786408
15602	0.00970873786408
17306	0.00970873786408
20785	0.00970873786408
29533	0.00970873786408
42514	0.00970873786408
43542	0.00970873786408
11294	0.00966183574879
11782	0.00966183574879
3515	0.00961538461538
10166	0.00961538461538
11784	0.00961538461538
12182	0.00961538461538
33639	0.00961538461538
46277	0.00961538461538
50901	0.00961538461538
28290	0.00956937799043
5056	0.00952380952381
20802	0.00952380952381
39366	0.00952380952381
59508	0.00952380952381
694	0.00943396226415
36275	0.00943396226415
41137	0.00943396226415
43219	0.00943396226415
52024	0.00943396226415
52350	0.00943396226415
41366	0.0093896713615
25586	0.00936768149883
17715	0.00934579439252
19695	0.00934579439252
28812	0.00934579439252
34943	0.00934579439252
41799	0.00934579439252
52062	0.00934579439252
41370	0.0093023255814
27906	0.00928792569659
18403	0.00925925925926
25918	0.00925925925926
28141	0.00925925925926
29583	0.00925925925926
43749	0.00925925925926
48978	0.00925925925926
20669	0.00917431192661
32684	0.00917431192661
41606	0.00917431192661
50250	0.00917431192661
52521	0.00917431192661
2639	0.00909090909091
5918	0.00909090909091
17690	0.00909090909091
23789	0.00909090909091
37060	0.00909090909091
39288	0.00909090909091
41807	0.00909090909091
43828	0.00909090909091
397	0.00900900900901
11201	0.00900900900901
22813	0.00900900900901
37156	0.00900900900901
52536	0.00900900900901
2787	0.00892857142857
10369	0.00892857142857
34373	0.00892857142857
41045	0.00892857142857
41182	0.00892857142857
41236	0.00892857142857
50936	0.00892857142857
52382	0.00892857142857
52428	0.00892857142857
52697	0.00892857142857
13933	0.00888888888889
5113	0.00884955752212
5603	0.00884955752212
13124	0.00884955752212
26741	0.00884955752212
53200	0.00884955752212
4745	0.00877192982456
28298	0.00877192982456
33377	0.00877192982456
39209	0.00877192982456
40411	0.00877192982456
52055	0.00877192982456
29591	0.00874635568513
9642	0.00872817955112
51212	0.0087260034904
4044	0.00869565217391
27582	0.00869565217391
41640	0.00869565217391
47430	0.00869565217391
51345	0.00869565217391
29780	0.00865800865801
18973	0.00862068965517
32811	0.00862068965517
34210	0.00862068965517
41225	0.00862068965517
41826	0.00862068965517
43088	0.00862068965517
59890	0.00862068965517
26584	0.00857142857143
18134	0.00854700854701
26310	0.00854700854701
27925	0.00854700854701
29855	0.00854700854701
37052	0.00854700854701
38818	0.00854700854701
40036	0.00854700854701
44776	0.00854700854701
2127	0.00851063829787
19201	0.00851063829787
33762	0.00851063829787
3316	0.00847457627119
3507	0.00847457627119
5311	0.00847457627119
42753	0.00847457627119
60005	0.00847457627119
9200	0.00844772967265
4876	0.0084388185654
28043	0.0084388185654
44281	0.0084388185654
41048	0.00842696629213
10045	0.00840336134454
11239	0.00840336134454
37947	0.00840336134454
43787	0.00840336134454
51632	0.00840336134454
59611	0.00840336134454
52471	0.00836820083682
10803	0.00833333333333
12167	0.00833333333333
6218	0.00826446280992
6394	0.00826446280992
10789	0.00826446280992
28633	0.00826446280992
38932	0.00821917808219
879	0.00819672131148
6404	0.00819672131148
20647	0.00819672131148
37184	0.00819672131148
30849	0.00816326530612
41054	0.00816326530612
15373	0.00815217391304
17938	0.0081466395112
6657	0.00813008130081
20738	0.00813008130081
21696	0.00813008130081
31170	0.00813008130081
41050	0.00813008130081
44351	0.00813008130081
52188	0.00813008130081
39383	0.0080971659919
392	0.00806451612903
1232	0.00806451612903
4775	0.00806451612903
17015	0.00806451612903
21377	0.00806451612903
33680	0.00806451612903
34145	0.00806451612903
41354	0.00806451612903
53001	0.00806451612903
10287	0.008
30324	0.008
41164	0.008
41411	0.008
41642	0.008
51030	0.008
51340	0.008
9135	0.00797872340426
50923	0.00796812749004
26711	0.00793650793651
34391	0.00793650793651
51689	0.00793650793651
6803	0.00790513833992
29218	0.00789473684211
106	0.00787401574803
7357	0.00787401574803
15288	0.00787401574803
38078	0.00787401574803
42977	0.00787401574803
27358	0.0078431372549
12017	0.00783289817232
2905	0.0078125
13418	0.0078125
51313	0.0078125
51666	0.0078125
38584	0.00777604976672
6352	0.0077519379845
41279	0.0077519379845
42302	0.0077519379845
42308	0.0077519379845
4136	0.00769230769231
12325	0.00769230769231
19792	0.00769230769231
27209	0.00769230769231
41099	0.00769230769231
11297	0.00763358778626
21657	0.00763358778626
41819	0.00763358778626
1169	0.00757575757576
10112	0.00757575757576
28559	0.00757575757576
51281	0.00757575757576
53000	0.00757575757576
5618	0.00751879699248
13216	0.00751879699248
14277	0.00751879699248
26416	0.00751879699248
27048	0.00751879699248
17939	0.00749063670412
31877	0.00749063670412
51133	0.0074812967581
2144	0.00746268656716
24688	0.00746268656716
41063	0.00746268656716
56100	0.00746268656716
18556	0.00743494423792
5575	0.00740740740741
11095	0.00740740740741
22798	0.00740740740741
28128	0.00740740740741
29372	0.00740740740741
40334	0.00740740740741
41079	0.00740740740741
2313	0.00738007380074
11769	0.00738007380074
10162	0.00735294117647
14476	0.00735294117647
49403	0.00735294117647
50864	0.00735294117647
51709	0.00735294117647
51811	0.00735294117647
57496	0.00735294117647
35021	0.00732600732601
39602	0.00732600732601
7451	0.00729927007299
16340	0.00729927007299
41092	0.00726392251816
28443	0.00724637681159
29739	0.00724637681159
30585	0.00724637681159
51225	0.00724637681159
5809	0.00723981900452
4764	0.00723589001447
17771	0.0072202166065
755	0.00719424460432
5599	0.00719424460432
30793	0.00719424460432
41161	0.00719424460432
41198	0.00719424460432
5218	0.00716845878136
17605	0.00716845878136
2789	0.00714285714286
7095	0.00714285714286
7413	0.00714285714286
14518	0.00714285714286
28750	0.00714285714286
41071	0.00714285714286
43178	0.00714285714286
27525	0.00712589073634
37392	0.00712250712251
1676	0.00711743772242
172	0.00709219858156
4242	0.00706713780919
4625	0.00699300699301
30828	0.00699300699301
52240	0.00699300699301
11381	0.00696864111498
38807	0.00696864111498
40289	0.00696055684455
19965	0.00694444444444
23337	0.00694444444444
39585	0.00692041522491
2028	0.00689655172414
9646	0.00689655172414
16449	0.00689655172414
37201	0.00689655172414
39874	0.00689655172414
41011	0.00689655172414
29854	0.00686813186813
562	0.00684931506849
2829	0.00684931506849
36897	0.00684931506849
42609	0.00684931506849
3445	0.00682593856655
7419	0.00682128240109
3698	0.00680272108844
18278	0.00680272108844
27642	0.00680272108844
51006	0.00680272108844
51254	0.00680272108844
41116	0.00679117147708
13621	0.00675675675676
14013	0.00675675675676
34350	0.00675675675676
42912	0.00675675675676
51246	0.00675675675676
1743	0.00673400673401
38925	0.00673400673401
3827	0.0067264573991
5012	0.00671140939597
27952	0.00671140939597
37747	0.00671140939597
50903	0.00671140939597
8709	0.00670241286863
7214	0.0066889632107
1990	0.00666666666667
6444	0.00666666666667
6781	0.00666666666667
23666	0.00665188470067
1928	0.00662251655629
9762	0.00662251655629
20075	0.00662251655629
23244	0.00662251655629
41073	0.00662251655629
18699	0.00660066006601
13040	0.00657894736842
41042	0.00657894736842
41596	0.00657894736842
43473	0.00657894736842
51179	0.00657894736842
34637	0.00655737704918
2381	0.00655307994758
4654	0.00655021834061
4418	0.00653594771242
51071	0.00653594771242
11172	0.00649350649351
24958	0.00649350649351
46722	0.00649350649351
2326	0.00647249190939
618	0.00645161290323
23299	0.00645161290323
52525	0.00645161290323
1918	0.0064308681672
23999	0.0064308681672
3156	0.00641025641026
13063	0.00641025641026
35100	0.00641025641026
37557	0.00641025641026
40893	0.00641025641026
41552	0.00641025641026
41672	0.00641025641026
42145	0.00641025641026
51784	0.00641025641026
53344	0.00641025641026
35703	0.00639658848614
17637	0.00636942675159
22643	0.00636942675159
24457	0.00636942675159
51156	0.00636942675159
921	0.00636363636364
41003	0.00634249471459
118	0.00632911392405
4464	0.00632911392405
5715	0.00632911392405
13339	0.00632911392405
26059	0.00632911392405
36078	0.00632911392405
50868	0.00632911392405
51117	0.00632911392405
4135	0.0062893081761
6213	0.0062893081761
10089	0.0062893081761
35199	0.0062893081761
35728	0.0062893081761
23628	0.00625
27125	0.00625
29309	0.00623700623701
40989	0.00621118012422
27865	0.00619834710744
1389	0.00617283950617
21204	0.00617283950617
37114	0.00617283950617
41250	0.00617283950617
43200	0.00617283950617
17008	0.00615384615385
38262	0.00615384615385
2403	0.00613496932515
33405	0.00613496932515
50883	0.00613496932515
18584	0.00611995104039
26602	0.00610221205187
38663	0.00609756097561
42531	0.00609756097561
992	0.00606060606061
32453	0.00606060606061
38800	0.00606060606061
39548	0.00606060606061
2344	0.00605449041372
4868	0.00604229607251
893	0.00603318250377
34967	0.00602409638554
11887	0.0059880239521
17625	0.0059880239521
39447	0.00596658711217
34169	0.00596421471173
29277	0.00595947556615
11	0.00595829195631
7411	0.00595238095238
17987	0.00595238095238
30789	0.00595238095238
34217	0.00595238095238
40482	0.00595238095238
41000	0.00593471810089
3598	0.00591715976331
10443	0.00591715976331
25384	0.00591715976331
37409	0.00591715976331
39546	0.00591715976331
51699	0.00591715976331
51838	0.00591715976331
18307	0.00588928150766
16723	0.00588235294118
25332	0.00588235294118
25487	0.00588235294118
29845	0.00588235294118
50987	0.00588235294118
51025	0.00588235294118
41609	0.0058651026393
48572	0.0058651026393
36398	0.00585365853659
3943	0.00584795321637
14862	0.00584795321637
3260	0.00581395348837
14343	0.00581395348837
9656	0.00580551523948
7349	0.00579710144928
9720	0.00578034682081
11000	0.00578034682081
13120	0.00578034682081
17948	0.00578034682081
27218	0.00578034682081
41378	0.00578034682081
48076	0.00578034682081
34147	0.00576368876081
2613	0.00575539568345
2186	0.00574712643678
3214	0.00574712643678
5230	0.00574712643678
12149	0.00574712643678
14206	0.00574712643678
26579	0.00574712643678
29024	0.00574712643678
36710	0.00574712643678
1700	0.00573065902579
11307	0.00573065902579
955	0.00571428571429
9488	0.00571428571429
20527	0.00571428571429
31850	0.00571428571429
50863	0.00571428571429
51485	0.00571428571429
5503	0.00570342205323
40965	0.0057003257329
2660	0.00568181818182
23001	0.00568181818182
25554	0.00568181818182
40625	0.00568181818182
49336	0.00568181818182
50897	0.00568181818182
29453	0.0056657223796
6194	0.00564971751412
13660	0.00564971751412
22070	0.00564971751412
40975	0.00564971751412
52638	0.00564971751412
3788	0.0056338028169
5237	0.0056338028169
6417	0.00561797752809
50957	0.00561797752809
1456	0.00558659217877
19338	0.00558659217877
38763	0.00558659217877
742	0.00555555555556
41544	0.00555555555556
51041	0.00553505535055
24970	0.00552486187845
30466	0.00552486187845
32612	0.00552486187845
40976	0.00552486187845
51197	0.00552486187845
216	0.00550964187328
775	0.00549450549451
5116	0.00549450549451
23121	0.00549450549451
23248	0.00549450549451
34830	0.00549450549451
5622	0.00547945205479
9251	0.00547945205479
37776	0.00546448087432
4916	0.00543970988214
41013	0.0054347826087
6573	0.00540540540541
8229	0.00540540540541
18813	0.00540540540541
38659	0.00540540540541
35178	0.00538599640934
5367	0.00537634408602
7505	0.00537634408602
18183	0.00537634408602
20506	0.00537634408602
25047	0.00537634408602
50933	0.00536193029491
32042	0.00534759358289
38822	0.00534759358289
39265	0.00534759358289
21323	0.00533333333333
38794	0.00532859680284
2312	0.00531914893617
3842	0.00531914893617
11749	0.00531914893617
12188	0.00531914893617
36967	0.00531914893617
41583	0.00531914893617
50913	0.00531914893617
1931	0.00529100529101
4153	0.00529100529101
41610	0.00529100529101
51038	0.00529100529101
1438	0.00524934383202
18515	0.00524934383202
4675	0.00523560209424
25891	0.00523560209424
19547	0.00522193211488
4733	0.00520833333333
10266	0.00520833333333
20630	0.00516795865633
23481	0.00515463917526
1118	0.00514800514801
5204	0.00514138817481
11664	0.00514138817481
16076	0.00512820512821
39358	0.00512820512821
19601	0.00511695906433
18777	0.00509770603229
11655	0.00508474576271
896	0.00507614213198
22230	0.00507614213198
37194	0.00507614213198
41010	0.00507614213198
17066	0.00505050505051
41530	0.00505050505051
11314	0.00502512562814
13317	0.00502512562814
30874	0.00502512562814
33656	0.00502512562814
41070	0.00502512562814
4439	0.005
41085	0.005
76	0.00499168053245
1119	0.00497512437811
32738	0.00497512437811
51096	0.00497512437811
15636	0.0049504950495
40541	0.0049504950495
41047	0.0049504950495
932	0.00492610837438
24684	0.00492610837438
39709	0.00492610837438
22743	0.00490596892886
492	0.00490196078431
9761	0.00490196078431
47787	0.00490196078431
2595	0.00487804878049
5419	0.00487804878049
37689	0.00487804878049
22383	0.00485773768217
1497	0.00485698866703
7533	0.00485436893204
15083	0.00485436893204
16209	0.00483870967742
35049	0.00483870967742
4711	0.00483675937122
4121	0.0048309178744
12610	0.0048231511254
18456	0.00481540930979
2515	0.00480769230769
18960	0.00479616306954
41942	0.00478468899522
42328	0.00478468899522
31536	0.00477326968974
4695	0.0047619047619
41025	0.0047619047619
41068	0.0047619047619
41171	0.0047619047619
53342	0.0047619047619
28610	0.00473933649289
41027	0.00473933649289
41555	0.00473933649289
14716	0.00471698113208
1064	0.00469483568075
29399	0.00469483568075
1739	0.00467289719626
3859	0.00467289719626
34525	0.00467289719626
41521	0.00467289719626
35045	0.004662004662
38191	0.004662004662
2290	0.00465928945836
14750	0.0046511627907
41012	0.0046511627907
38793	0.00464306442252
7518	0.00462962962963
11165	0.00462962962963
8397	0.00461893764434
6304	0.00459418070444
17611	0.0045871559633
11675	0.00456621004566
5157	0.00456389452333
19598	0.00456026058632
22251	0.00455580865604
31830	0.00455580865604
13742	0.00454545454545
38795	0.00454545454545
17346	0.00452488687783
27535	0.00451127819549
53069	0.0045045045045
1361	0.00448430493274
13095	0.00448430493274
5120	0.0044776119403
689	0.00447427293065
32823	0.00446428571429
51099	0.00446428571429
1503	0.00445930880713
18172	0.00444444444444
29861	0.00444444444444
40981	0.00444444444444
25413	0.00442477876106
41146	0.00442477876106
5000	0.00441988950276
1399	0.00441501103753
52258	0.00440528634361
16447	0.0043956043956
38203	0.00438837081733
4523	0.00438596491228
12756	0.00434782608696
21545	0.00434782608696
41016	0.00434782608696
49394	0.00433839479393
3280	0.004329004329
21523	0.004329004329
29492	0.004329004329
40988	0.004329004329
41091	0.004329004329
50937	0.004329004329
4708	0.00431034482759
37961	0.00430107526882
18759	0.00429184549356
31879	0.00429184549356
38493	0.00429184549356
41274	0.00429184549356
5693	0.00428265524625
9538	0.00427715996578
14749	0.0042735042735
15228	0.0042735042735
50105	0.00424628450106
2785	0.00423728813559
29055	0.00423728813559
41329	0.00423728813559
2745	0.00422832980973
21648	0.0042194092827
19599	0.00421052631579
1062	0.00420168067227
6372	0.00420168067227
37169	0.00418410041841
41444	0.00418410041841
5231	0.00416883793643
4390	0.00416666666667
27927	0.00416666666667
34519	0.00416666666667
4327	0.00414937759336
23782	0.00414937759336
30805	0.00414937759336
3531	0.00414078674948
38492	0.00413793103448
41041	0.00413223140496
3059	0.00406504065041
9188	0.00406504065041
39549	0.00406504065041
47628	0.00404858299595
50845	0.00404858299595
18607	0.00401606425703
25930	0.00401606425703
39027	0.00401606425703
17711	0.00400801603206
41355	0.00400801603206
52332	0.004
28155	0.00398406374502
5112	0.00398142003981
41109	0.00397614314115
3133	0.00397350993377
4339	0.00396825396825
4518	0.00395083406497
512	0.00393700787402
1422	0.00392156862745
40995	0.00391644908616
3720	0.00391134289439
20875	0.00390625
35847	0.00390625
41194	0.00390625
37427	0.00389105058366
34858	0.00388349514563
4005	0.00387596899225
21797	0.003861003861
31312	0.003861003861
39136	0.00385802469136
15207	0.00383141762452
6427	0.00382803297998
34751	0.0038240917782
6789	0.00381679389313
16956	0.00381679389313
41347	0.00381679389313
2110	0.00380228136882
13318	0.00380228136882
41253	0.00380228136882
3733	0.00379867046534
26508	0.00378787878788
40971	0.00378071833648
41985	0.00376647834275
2811	0.00375939849624
50944	0.00375939849624
4578	0.00375738056897
30899	0.00375469336671
41001	0.00374531835206
38080	0.00373134328358
41031	0.00373134328358
2152	0.00371747211896
29992	0.00371747211896
30269	0.00371747211896
39852	0.00371747211896
41095	0.00371747211896
41090	0.00370828182942
4563	0.00370713623726
41208	0.0037037037037
1117	0.00369003690037
10251	0.00369003690037
19288	0.00369003690037
30691	0.00367647058824
33142	0.00367647058824
38232	0.003663003663
22929	0.00365296803653
12998	0.00364298724954
2333	0.00363967242948
27489	0.00362976406534
4399	0.0036231884058
29394	0.0036231884058
25405	0.00361010830325
39915	0.00358422939068
40962	0.00358102059087
3139	0.00357142857143
3365	0.00356718192628
41065	0.00355871886121
41705	0.00355871886121
17566	0.00355239786856
25414	0.00354609929078
40980	0.00353982300885
4335	0.00353356890459
7390	0.00353356890459
25098	0.00352733686067
13111	0.00352112676056
13056	0.00351493848858
27890	0.0035046728972
27171	0.0034965034965
5460	0.00348432055749
52018	0.00348432055749
25738	0.00347523892268
32832	0.00346020761246
5519	0.00345423143351
28405	0.00345224395857
13955	0.00344827586207
29863	0.00344827586207
41074	0.00344827586207
53040	0.00343642611684
12969	0.00343053173242
29724	0.00342465753425
19090	0.00341296928328
40969	0.00340136054422
50879	0.00340136054422
3991	0.00338983050847
25444	0.00337837837838
2401	0.003367003367
28055	0.00335570469799
23011	0.00333333333333
3273	0.00332963374029
7261	0.00331125827815
34224	0.00331125827815
41154	0.003300330033
14253	0.00326797385621
6812	0.00326264274062
26863	0.00325203252033
5512	0.00324675324675
7444	0.00324675324675
8681	0.00324675324675
35958	0.00323624595469
51027	0.00323624595469
18311	0.00322234156821
5100	0.00319488817891
11481	0.00319488817891
41039	0.00319488817891
37225	0.0031847133758
869	0.00317615440997
28051	0.00317208564631
12121	0.00315457413249
7299	0.00314465408805
27128	0.00314465408805
35237	0.00314465408805
41126	0.00314465408805
4846	0.00313479623824
38987	0.00313479623824
1984	0.00312012480499
26805	0.00311665182547
30020	0.00310559006211
41972	0.00310559006211
900	0.0030959752322
16927	0.0030959752322
4937	0.00308324768756
5616	0.00307692307692
868	0.00306748466258
12467	0.00306748466258
25113	0.00306278713629
23150	0.00305810397554
26893	0.00305810397554
41015	0.0030487804878
33621	0.00303951367781
5643	0.00303490136571
18613	0.00303490136571
17596	0.0030303030303
1655	0.00302114803625
20542	0.003003003003
4430	0.00297176820208
5774	0.00296735905045
14140	0.00295857988166
259	0.00294985250737
41029	0.00294985250737
29686	0.00294117647059
3535	0.00293255131965
40964	0.00292397660819
2030	0.00291545189504
28047	0.00291545189504
4485	0.0028901734104
2142	0.0028818443804
10250	0.00287356321839
35563	0.00286885245902
2463	0.00286259541985
1048	0.00284090909091
41034	0.0028328611898
47611	0.00282485875706
21906	0.00281690140845
11727	0.00281425891182
2037	0.0028129395218
50939	0.00280898876404
40987	0.00280504908836
33850	0.00280112044818
4644	0.00278551532033
25324	0.00278551532033
47774	0.00278551532033
9252	0.00277008310249
50855	0.00277008310249
33634	0.00276625172891
27651	0.00276243093923
3553	0.00274725274725
34367	0.00274223034735
7317	0.0027397260274
41132	0.0027397260274
11359	0.00271739130435
51989	0.00271739130435
6689	0.00271002710027
41097	0.00271002710027
28830	0.0027027027027
29971	0.0027027027027
41374	0.00269541778976
16917	0.00268096514745
27949	0.0026525198939
16420	0.0026455026455
14352	0.00263157894737
24522	0.00263157894737
36999	0.00261096605744
867	0.00257731958763
870	0.0025706940874
4396	0.00255754475703
23688	0.00255102040816
42156	0.00253164556962
3689	0.00252525252525
31440	0.00248756218905
1628	0.00247831474597
10281	0.00243309002433
51019	0.00243309002433
1380	0.00242130750605
7100	0.00240963855422
41467	0.00239234449761
20173	0.00238095238095
4655	0.00236486486486
4173	0.00235849056604
7312	0.00235072872591
7300	0.00232018561485
11778	0.00230946882217
497	0.00227272727273
28832	0.00222222222222
2007	0.00219298245614
45223	0.00218340611354
253	0.00216684723727
631	0.0021645021645
41332	0.00215982721382
4137	0.00213675213675
3419	0.00212765957447
12423	0.00212314225053
41044	0.00212314225053
7340	0.00212089077413
41058	0.0021186440678
5432	0.00208188757807
25051	0.00204081632653
36392	0.00204081632653
2	0.00202224469161
5593	0.00200803212851
39785	0.00197628458498
3729	0.00196850393701
5673	0.00193798449612
3527	0.00191570881226
17586	0.0019120458891
28821	0.00187969924812
9826	0.0018691588785
3933	0.00182982616651
13935	0.00181818181818
35136	0.00181488203267
33887	0.00178890876565
2840	0.00176056338028
22744	0.00175438596491
949	0.00174825174825
37737	0.00174520069808
28407	0.00172711571675
37111	0.00166112956811
7175	0.00161290322581
20416	0.00160256410256
1135	0.00150602409639
2419	0.00132802124834
35345	0.00130718954248
41018	0.00130548302872
2733	0.0013037809648
1680	0.00128040973111
30980	0.00114678899083
2898	0.00108342361863
28742	0.00106044538706
1902	0.00102145045965
