33225	0.166666666667
12436	0.117647058824
33580	0.111111111111
2466	0.1
3953	0.1
5980	0.1
6411	0.1
10449	0.1
33616	0.1
39532	0.1
44080	0.1
52372	0.1
56801	0.1
31396	0.0952380952381
9812	0.0909090909091
12323	0.0909090909091
15719	0.0909090909091
26495	0.0909090909091
29987	0.0909090909091
35239	0.0909090909091
38058	0.0909090909091
39645	0.0909090909091
43486	0.0909090909091
44067	0.0909090909091
45384	0.0909090909091
45407	0.0909090909091
50326	0.0909090909091
52393	0.0909090909091
54993	0.0909090909091
56749	0.0909090909091
56829	0.0909090909091
56903	0.0909090909091
56936	0.0909090909091
57642	0.0909090909091
58454	0.0909090909091
59711	0.0909090909091
60501	0.0909090909091
60664	0.0909090909091
60866	0.0909090909091
1268	0.0833333333333
1893	0.0833333333333
9567	0.0833333333333
14192	0.0833333333333
18321	0.0833333333333
18392	0.0833333333333
20078	0.0833333333333
21608	0.0833333333333
21966	0.0833333333333
26623	0.0833333333333
27499	0.0833333333333
36362	0.0833333333333
40910	0.0833333333333
43056	0.0833333333333
43155	0.0833333333333
43531	0.0833333333333
49165	0.0833333333333
54487	0.0833333333333
54596	0.0833333333333
56119	0.0833333333333
58195	0.0833333333333
6280	0.0769230769231
7730	0.0769230769231
9921	0.0769230769231
14342	0.0769230769231
15319	0.0769230769231
15501	0.0769230769231
15801	0.0769230769231
16319	0.0769230769231
18548	0.0769230769231
21207	0.0769230769231
21991	0.0769230769231
23947	0.0769230769231
26708	0.0769230769231
37787	0.0769230769231
41229	0.0769230769231
43458	0.0769230769231
46870	0.0769230769231
56842	0.0769230769231
57982	0.0769230769231
58350	0.0769230769231
58429	0.0769230769231
16	0.0714285714286
720	0.0714285714286
4375	0.0714285714286
9946	0.0714285714286
15969	0.0714285714286
21154	0.0714285714286
21620	0.0714285714286
27127	0.0714285714286
29980	0.0714285714286
30343	0.0714285714286
33696	0.0714285714286
33946	0.0714285714286
39922	0.0714285714286
42777	0.0714285714286
45191	0.0714285714286
45323	0.0714285714286
48288	0.0714285714286
52768	0.0714285714286
41166	0.0681818181818
2248	0.0666666666667
3106	0.0666666666667
7090	0.0666666666667
13478	0.0666666666667
16432	0.0666666666667
16665	0.0666666666667
17313	0.0666666666667
17332	0.0666666666667
25673	0.0666666666667
26537	0.0666666666667
44025	0.0666666666667
46338	0.0666666666667
48340	0.0666666666667
50729	0.0666666666667
52052	0.0666666666667
59044	0.0666666666667
59446	0.0666666666667
60827	0.0666666666667
12709	0.0625
35008	0.0625
36156	0.0625
40656	0.0625
43427	0.0625
43614	0.0625
47879	0.0625
56807	0.0625
57192	0.0625
9607	0.0606060606061
3529	0.0588235294118
6834	0.0588235294118
8182	0.0588235294118
13863	0.0588235294118
18654	0.0588235294118
30620	0.0588235294118
30872	0.0588235294118
32973	0.0588235294118
34899	0.0588235294118
36204	0.0588235294118
40221	0.0588235294118
44074	0.0588235294118
54388	0.0588235294118
12604	0.0571428571429
1161	0.0555555555556
2685	0.0555555555556
9260	0.0555555555556
10459	0.0555555555556
12588	0.0555555555556
17900	0.0555555555556
20772	0.0555555555556
21758	0.0555555555556
22705	0.0555555555556
27694	0.0555555555556
32177	0.0555555555556
32320	0.0555555555556
38655	0.0555555555556
48983	0.0555555555556
52348	0.0555555555556
53050	0.0555555555556
53725	0.0555555555556
51106	0.0540540540541
7487	0.0526315789474
10754	0.0526315789474
16461	0.0526315789474
25274	0.0526315789474
27290	0.0526315789474
27518	0.0526315789474
31328	0.0526315789474
33240	0.0526315789474
39534	0.0526315789474
41987	0.0526315789474
42924	0.0526315789474
45408	0.0526315789474
45966	0.0526315789474
48089	0.0526315789474
51621	0.0526315789474
5136	0.05
23991	0.05
32715	0.05
32716	0.05
33228	0.05
35406	0.05
40809	0.05
45746	0.05
45887	0.05
52473	0.05
54389	0.05
59710	0.05
713	0.047619047619
1289	0.047619047619
3945	0.047619047619
13923	0.047619047619
14927	0.047619047619
18529	0.047619047619
19607	0.047619047619
25321	0.047619047619
31194	0.047619047619
32283	0.047619047619
35521	0.047619047619
42434	0.047619047619
42797	0.047619047619
49840	0.047619047619
53306	0.047619047619
2109	0.0454545454545
9350	0.0454545454545
11291	0.0454545454545
11827	0.0454545454545
15050	0.0454545454545
15813	0.0454545454545
18498	0.0454545454545
20384	0.0454545454545
21684	0.0454545454545
23292	0.0454545454545
33966	0.0454545454545
35153	0.0454545454545
43784	0.0454545454545
45987	0.0454545454545
48482	0.0454545454545
48573	0.0454545454545
51375	0.0454545454545
52855	0.0454545454545
59821	0.0454545454545
1525	0.0434782608696
3920	0.0434782608696
6482	0.0434782608696
10476	0.0434782608696
15232	0.0434782608696
20873	0.0434782608696
27989	0.0434782608696
39622	0.0434782608696
42494	0.0434782608696
43521	0.0434782608696
6478	0.0416666666667
17573	0.0416666666667
18082	0.0416666666667
21103	0.0416666666667
35195	0.0416666666667
38624	0.0416666666667
42321	0.0416666666667
45648	0.0416666666667
52895	0.0416666666667
53279	0.0416666666667
23887	0.0408163265306
9	0.04
2257	0.04
4862	0.04
6041	0.04
8499	0.04
11026	0.04
17935	0.04
21854	0.04
27978	0.04
34341	0.04
40107	0.04
45069	0.04
51189	0.04
1244	0.0384615384615
7545	0.0384615384615
9418	0.0384615384615
27839	0.0384615384615
33318	0.0384615384615
37864	0.0384615384615
46228	0.0384615384615
59830	0.0384615384615
43835	0.0377358490566
3760	0.037037037037
3921	0.037037037037
15204	0.037037037037
17959	0.037037037037
21701	0.037037037037
21829	0.037037037037
24221	0.037037037037
37560	0.037037037037
41771	0.037037037037
49124	0.037037037037
52621	0.037037037037
60086	0.037037037037
46542	0.0363636363636
5781	0.0357142857143
8393	0.0357142857143
11392	0.0357142857143
37796	0.0357142857143
46727	0.0357142857143
50609	0.0357142857143
51047	0.0357142857143
3501	0.0344827586207
7407	0.0344827586207
11651	0.0344827586207
18217	0.0344827586207
24682	0.0344827586207
25259	0.0344827586207
25348	0.0344827586207
31963	0.0344827586207
32988	0.0344827586207
41909	0.0344827586207
41986	0.0344827586207
42081	0.0344827586207
42999	0.0344827586207
43530	0.0344827586207
45460	0.0344827586207
48580	0.0344827586207
1387	0.0333333333333
4009	0.0333333333333
19921	0.0333333333333
22390	0.0333333333333
33858	0.0333333333333
34518	0.0333333333333
39332	0.0333333333333
41356	0.0333333333333
44378	0.0333333333333
45113	0.0333333333333
52526	0.0333333333333
53256	0.0333333333333
59833	0.0333333333333
17956	0.0327868852459
8137	0.0322580645161
42519	0.0322580645161
51187	0.0322580645161
53411	0.0322580645161
53419	0.0322580645161
59736	0.0322580645161
8827	0.03125
12755	0.03125
18737	0.03125
19191	0.03125
22333	0.03125
27821	0.03125
28626	0.03125
30987	0.03125
32232	0.03125
51934	0.03125
58279	0.03125
5363	0.0307692307692
41397	0.0307692307692
9667	0.030303030303
9681	0.030303030303
21142	0.030303030303
21709	0.030303030303
23196	0.030303030303
27256	0.030303030303
40243	0.030303030303
41178	0.030303030303
41438	0.030303030303
42672	0.030303030303
49729	0.030303030303
51325	0.030303030303
59649	0.030303030303
3839	0.0294117647059
9337	0.0294117647059
10348	0.0294117647059
23724	0.0294117647059
27240	0.0294117647059
37810	0.0294117647059
41193	0.0294117647059
41590	0.0294117647059
45453	0.0294117647059
51045	0.0294117647059
72	0.0285714285714
11463	0.0285714285714
26005	0.0285714285714
26069	0.0285714285714
29257	0.0285714285714
41305	0.0285714285714
41427	0.0285714285714
43417	0.0285714285714
46783	0.0285714285714
51971	0.0285714285714
52125	0.0285714285714
52461	0.0285714285714
52994	0.0285714285714
59237	0.0285714285714
33	0.0277777777778
6506	0.0277777777778
12581	0.0277777777778
26412	0.0277777777778
30552	0.0277777777778
35025	0.0277777777778
36259	0.0277777777778
36353	0.0277777777778
41512	0.0277777777778
41647	0.0277777777778
42286	0.0277777777778
48650	0.0277777777778
652	0.027027027027
3852	0.027027027027
6378	0.027027027027
12573	0.027027027027
28456	0.027027027027
36382	0.027027027027
40248	0.027027027027
42280	0.027027027027
44560	0.027027027027
47234	0.027027027027
51494	0.027027027027
53282	0.027027027027
1375	0.0263157894737
26829	0.0263157894737
27968	0.0263157894737
28348	0.0263157894737
28717	0.0263157894737
34622	0.0263157894737
39189	0.0263157894737
53267	0.0263157894737
47918	0.025974025974
3425	0.025641025641
31731	0.025641025641
33331	0.025641025641
34211	0.025641025641
41454	0.025641025641
42030	0.025641025641
47335	0.025641025641
51591	0.025641025641
52774	0.025641025641
3998	0.025
18562	0.025
24355	0.025
24888	0.025
28330	0.025
32415	0.025
34794	0.025
35841	0.025
35883	0.025
41203	0.025
42678	0.025
43732	0.025
44112	0.025
50337	0.025
58641	0.025
14270	0.0243902439024
22130	0.0243902439024
28165	0.0243902439024
31125	0.0243902439024
46487	0.0243902439024
48238	0.0243902439024
387	0.0238095238095
885	0.0238095238095
1215	0.0238095238095
7712	0.0238095238095
17073	0.0238095238095
41550	0.0238095238095
41680	0.0238095238095
51077	0.0238095238095
3216	0.0232558139535
5563	0.0232558139535
7710	0.0232558139535
12948	0.0232558139535
20261	0.0232558139535
21586	0.0232558139535
25006	0.0232558139535
30680	0.0232558139535
42315	0.0232558139535
42431	0.0232558139535
51482	0.0232558139535
6217	0.0227272727273
13947	0.0227272727273
24874	0.0227272727273
27921	0.0227272727273
28667	0.0227272727273
41612	0.0227272727273
167	0.0222222222222
3743	0.0222222222222
13103	0.0222222222222
15192	0.0222222222222
24437	0.0222222222222
31399	0.0222222222222
32600	0.0222222222222
32851	0.0222222222222
40633	0.0222222222222
23698	0.0217391304348
27593	0.0217391304348
41951	0.0217391304348
46515	0.0217391304348
8873	0.0212765957447
19320	0.0212765957447
20362	0.0212765957447
41192	0.0212765957447
41311	0.0212765957447
4702	0.0208333333333
5498	0.0208333333333
22876	0.0208333333333
37673	0.0208333333333
42318	0.0208333333333
43794	0.0208333333333
46469	0.0208333333333
47638	0.0208333333333
3093	0.0204081632653
19606	0.0204081632653
22143	0.0204081632653
22831	0.0204081632653
23046	0.0204081632653
36096	0.0204081632653
40211	0.0204081632653
42349	0.0204081632653
44153	0.0204081632653
60613	0.0204081632653
4650	0.02
14381	0.02
23531	0.02
35860	0.02
53320	0.02
56368	0.02
24612	0.019801980198
29287	0.019801980198
1354	0.0196078431373
6235	0.0196078431373
24380	0.0196078431373
33273	0.0196078431373
41768	0.0196078431373
41868	0.0196078431373
47483	0.0196078431373
47630	0.0196078431373
51891	0.0196078431373
28141	0.0194174757282
32074	0.0194174757282
2925	0.0192307692308
6473	0.0192307692308
23648	0.0192307692308
41811	0.0192307692308
60006	0.0192307692308
644	0.0188679245283
5144	0.0188679245283
10961	0.0188679245283
17188	0.0188679245283
18916	0.0188679245283
25012	0.0188679245283
25050	0.0188679245283
26650	0.0188679245283
26924	0.0188679245283
51526	0.0188679245283
51011	0.018691588785
10315	0.0185185185185
11875	0.0185185185185
22238	0.0185185185185
32720	0.0185185185185
39528	0.0185185185185
40657	0.0185185185185
47282	0.0185185185185
41519	0.0183486238532
1168	0.0181818181818
1936	0.0181818181818
2611	0.0181818181818
11353	0.0181818181818
20070	0.0181818181818
45701	0.0181818181818
51086	0.0181818181818
53206	0.0181818181818
3481	0.018018018018
982	0.0178571428571
6259	0.0178571428571
7468	0.0178571428571
30252	0.0178571428571
32631	0.0178571428571
43034	0.0178571428571
52864	0.0178571428571
20205	0.0176991150442
13854	0.0175438596491
24810	0.0175438596491
27643	0.0175438596491
33614	0.0175438596491
12167	0.0173913043478
817	0.0172413793103
2346	0.0172413793103
5611	0.0172413793103
30983	0.0172413793103
34785	0.0172413793103
35030	0.0172413793103
42959	0.0172413793103
43171	0.0172413793103
52265	0.0172413793103
11502	0.0169491525424
12153	0.0169491525424
28797	0.0169491525424
29928	0.0169491525424
30952	0.0169491525424
51050	0.0169491525424
41056	0.0168067226891
9309	0.0166666666667
12731	0.0166666666667
17699	0.0166666666667
28452	0.0166666666667
28578	0.0166666666667
41184	0.0166666666667
51340	0.0166666666667
4216	0.016393442623
17598	0.016393442623
17691	0.016393442623
29053	0.016393442623
30751	0.016393442623
48998	0.016393442623
51656	0.016393442623
398	0.0161290322581
1490	0.0161290322581
2444	0.0161290322581
9327	0.0161290322581
34524	0.0161290322581
41984	0.0161290322581
42643	0.0161290322581
43543	0.0161290322581
2748	0.015873015873
7073	0.015873015873
32432	0.015873015873
41819	0.015873015873
41931	0.015873015873
5618	0.015625
8739	0.015625
15782	0.015625
16722	0.015625
30672	0.015625
38569	0.015625
4439	0.0154639175258
2354	0.0153846153846
2739	0.0153846153846
4746	0.0153846153846
5575	0.0153846153846
19816	0.0153846153846
22856	0.0153846153846
38682	0.0153846153846
44525	0.0153846153846
52034	0.0153846153846
4499	0.0151515151515
7421	0.0151515151515
31327	0.0151515151515
50240	0.0151515151515
51274	0.0151515151515
52444	0.0151515151515
2595	0.0150753768844
6906	0.0149253731343
11350	0.0149253731343
17278	0.0149253731343
2070	0.0148148148148
2096	0.0147058823529
11558	0.0147058823529
16969	0.0147058823529
36411	0.0147058823529
7303	0.0145631067961
19208	0.0144927536232
21307	0.0144927536232
22681	0.0144927536232
25700	0.0144927536232
59543	0.0144927536232
10601	0.0142857142857
23760	0.0142857142857
27874	0.0142857142857
42928	0.0142857142857
51336	0.0142857142857
52874	0.0142857142857
1020	0.0142348754448
143	0.0140845070423
2632	0.0140845070423
7526	0.0140845070423
19521	0.0140845070423
33868	0.0140845070423
3684	0.0138888888889
4128	0.0138888888889
34276	0.0138888888889
35541	0.0138888888889
51746	0.0138888888889
859	0.013698630137
16920	0.013698630137
52190	0.013698630137
3787	0.0135135135135
28982	0.0135135135135
39713	0.0135135135135
41708	0.0135135135135
52227	0.0135135135135
7884	0.0133333333333
9205	0.0133333333333
26659	0.0133333333333
51847	0.0133333333333
51027	0.0132450331126
5754	0.0131578947368
39336	0.0131578947368
45459	0.0131578947368
51470	0.0131578947368
4753	0.012987012987
16838	0.012987012987
32735	0.012987012987
50992	0.012987012987
15233	0.0129032258065
17027	0.0128205128205
41856	0.0128205128205
44136	0.0128205128205
44233	0.0128205128205
52693	0.0128205128205
283	0.0126582278481
4515	0.0126582278481
16770	0.0126582278481
52072	0.0126582278481
456	0.0125
1553	0.0125
16170	0.0125
21795	0.0125
43269	0.0125
50335	0.0125
21715	0.0123456790123
37046	0.0123456790123
40202	0.0123456790123
41581	0.0123456790123
42642	0.0123456790123
57798	0.0123456790123
10220	0.0121951219512
10443	0.0121951219512
11128	0.0121951219512
34531	0.0121951219512
50642	0.0121951219512
52733	0.0121951219512
637	0.0120481927711
5698	0.0120481927711
6381	0.0120481927711
8129	0.0120481927711
29532	0.0120481927711
7341	0.0119047619048
9142	0.0119047619048
9601	0.0119047619048
25400	0.0119047619048
51905	0.0119047619048
4661	0.0117647058824
34619	0.0117647058824
40625	0.0116959064327
3754	0.0116279069767
4814	0.0116279069767
26572	0.0116279069767
51193	0.0116279069767
51283	0.0116279069767
1170	0.0114942528736
9588	0.0114942528736
35968	0.0114942528736
41711	0.0114942528736
43371	0.0114942528736
51000	0.0114942528736
1015	0.0113636363636
11050	0.0113636363636
30802	0.0113636363636
34191	0.0113636363636
36632	0.0113636363636
61042	0.0113636363636
4452	0.0112359550562
10343	0.0112359550562
23619	0.0112359550562
33523	0.0112359550562
49335	0.0112359550562
53065	0.0112359550562
112	0.0111111111111
160	0.0111111111111
2245	0.0111111111111
21379	0.0111111111111
18112	0.0110497237569
14656	0.010989010989
32058	0.010989010989
41201	0.010989010989
43575	0.010989010989
12188	0.0109289617486
9502	0.0108695652174
34104	0.0108695652174
34865	0.0108695652174
51234	0.0108695652174
4675	0.010752688172
17922	0.010752688172
18234	0.010752688172
48662	0.010752688172
48910	0.010752688172
51112	0.0106951871658
377	0.0106382978723
913	0.0106382978723
31307	0.0106382978723
38338	0.0106382978723
52089	0.0106382978723
52362	0.0106382978723
5916	0.0105263157895
31299	0.0105263157895
52645	0.0105263157895
3445	0.0104166666667
28749	0.0104166666667
41452	0.0104166666667
41102	0.0103626943005
12484	0.0103092783505
13943	0.0103092783505
41200	0.0103092783505
7214	0.0102040816327
23514	0.0102040816327
25165	0.0102040816327
51228	0.0102040816327
51492	0.0102040816327
5455	0.010101010101
12552	0.010101010101
15602	0.010101010101
43542	0.010101010101
11760	0.01
21312	0.01
40819	0.01
52891	0.01
2089	0.00990099009901
33785	0.00980392156863
52024	0.00980392156863
7115	0.00970873786408
3077	0.00961538461538
14233	0.00961538461538
26162	0.00961538461538
32626	0.00961538461538
41160	0.00961538461538
48978	0.00961538461538
34525	0.00956937799043
24971	0.00952380952381
2639	0.00943396226415
41715	0.00943396226415
41807	0.00943396226415
2361	0.00934579439252
26893	0.00934579439252
52536	0.00934579439252
34929	0.0093023255814
50936	0.00925925925926
52428	0.00925925925926
53069	0.00921658986175
3986	0.00917431192661
4745	0.00909090909091
12503	0.00909090909091
5774	0.00906344410876
27582	0.00900900900901
29686	0.00898203592814
8729	0.00892857142857
20111	0.00892857142857
26279	0.00892857142857
41225	0.00892857142857
49408	0.00892857142857
59890	0.00892857142857
38818	0.00884955752212
4604	0.00877192982456
17299	0.00877192982456
42753	0.00877192982456
47503	0.00877192982456
10397	0.00869565217391
13829	0.00869565217391
36494	0.00869565217391
15228	0.00865800865801
6904	0.00862068965517
11169	0.00862068965517
51549	0.00862068965517
51724	0.00858369098712
18563	0.00854700854701
36976	0.00854700854701
51765	0.00854700854701
210	0.00847457627119
888	0.00847457627119
30923	0.00847457627119
34521	0.00847457627119
38701	0.00847457627119
9753	0.00840336134454
44486	0.00840336134454
50812	0.00840336134454
1324	0.00833333333333
41284	0.00833333333333
41354	0.00833333333333
53001	0.00833333333333
59919	0.00833333333333
9138	0.00829875518672
83	0.00826446280992
2071	0.00826446280992
5672	0.00826446280992
7420	0.00826446280992
51030	0.00826446280992
52332	0.00816326530612
50933	0.00815217391304
19111	0.00813008130081
28155	0.00813008130081
4339	0.0080971659919
25810	0.00806451612903
27207	0.00806451612903
29567	0.00806451612903
6803	0.00803212851406
39771	0.008
27358	0.00796812749004
22408	0.00793650793651
27209	0.00793650793651
41443	0.00793650793651
1954	0.00787401574803
11297	0.00787401574803
1169	0.0078125
1904	0.0078125
10112	0.0078125
26173	0.0078125
38708	0.0078125
16264	0.0077519379845
29543	0.0077519379845
60331	0.0077519379845
14476	0.00757575757576
39852	0.00757575757576
41152	0.00757575757576
43785	0.00757575757576
51811	0.00757575757576
18556	0.00754716981132
4582	0.00751879699248
28820	0.00751879699248
43414	0.00751879699248
21801	0.00749063670412
12830	0.00746268656716
16194	0.00746268656716
16228	0.00746268656716
32612	0.00743494423792
6222	0.00740740740741
11060	0.00740740740741
12393	0.00740740740741
17315	0.00740740740741
31864	0.00740740740741
32318	0.00740740740741
39324	0.00740740740741
41161	0.00740740740741
41468	0.00740740740741
14518	0.00735294117647
51158	0.00735294117647
30635	0.00729927007299
38820	0.00729927007299
51266	0.00729927007299
52555	0.00729927007299
41467	0.00728155339806
1676	0.0072202166065
13952	0.0072202166065
25414	0.0072202166065
23337	0.00714285714286
41181	0.00714285714286
5553	0.00709219858156
15114	0.00709219858156
27288	0.00709219858156
39874	0.00709219858156
40351	0.00709219858156
14515	0.00704225352113
15638	0.00704225352113
4513	0.00699300699301
11746	0.00699300699301
27642	0.00699300699301
36594	0.00699300699301
53040	0.00699300699301
38671	0.00694444444444
51246	0.00694444444444
632	0.00689655172414
2610	0.00689655172414
18278	0.00689655172414
39085	0.00689655172414
50915	0.00689655172414
1039	0.00684931506849
9920	0.00684931506849
12585	0.00684931506849
41331	0.00684931506849
22830	0.00680272108844
23244	0.00680272108844
38194	0.00680272108844
51821	0.00680272108844
57861	0.00680272108844
13040	0.00675675675676
22684	0.00675675675676
34109	0.00675675675676
5089	0.00671140939597
51071	0.00671140939597
52802	0.00671140939597
41042	0.00666666666667
46722	0.00666666666667
34637	0.00664451827243
618	0.00662251655629
5206	0.00662251655629
21311	0.00662251655629
23440	0.00662251655629
35345	0.00660501981506
13063	0.00657894736842
41552	0.00657894736842
684	0.00653594771242
17979	0.00653594771242
1918	0.00651465798046
3554	0.00649350649351
7161	0.00649350649351
15851	0.00649350649351
41246	0.00649350649351
50868	0.00649350649351
2409	0.00645161290323
4135	0.00645161290323
6213	0.00645161290323
41058	0.00643776824034
12121	0.00641025641026
27125	0.00641025641026
35728	0.00636942675159
38987	0.00636942675159
9200	0.00634920634921
1389	0.00632911392405
37114	0.00632911392405
43200	0.00632911392405
4508	0.0062893081761
18283	0.0062893081761
21989	0.0062893081761
23782	0.0062893081761
29309	0.0062893081761
33405	0.0062893081761
46832	0.0062893081761
28737	0.00625
38663	0.00625
41060	0.00621118012422
2574	0.00617283950617
35360	0.00617283950617
17625	0.00613496932515
4868	0.00611620795107
23415	0.00609756097561
34217	0.00609756097561
59506	0.00609756097561
17711	0.00607287449393
1537	0.00606060606061
3297	0.00606060606061
17461	0.00606060606061
17915	0.00606060606061
40972	0.00604229607251
16723	0.00602409638554
22026	0.00602409638554
22401	0.00602409638554
22805	0.00602409638554
51025	0.00602409638554
6679	0.0059880239521
29277	0.0059880239521
51168	0.0059880239521
3729	0.00597609561753
3535	0.00595238095238
14343	0.00595238095238
42450	0.00595238095238
18307	0.00591715976331
26890	0.00591715976331
48076	0.00591715976331
5230	0.00588235294118
12149	0.00588235294118
29024	0.00588235294118
39360	0.00584795321637
2660	0.00581395348837
19897	0.00581395348837
23285	0.00581395348837
35162	0.00581395348837
22070	0.00578034682081
41040	0.00568181818182
41088	0.00568181818182
51655	0.00568181818182
25324	0.00564971751412
30269	0.00562851782364
50760	0.00561797752809
32862	0.00560747663551
11300	0.00558659217877
40887	0.00558659217877
51211	0.00558659217877
51041	0.00557620817844
25453	0.00555555555556
41546	0.00555555555556
41968	0.00555555555556
6573	0.00552486187845
17277	0.00552486187845
38932	0.00552486187845
41404	0.00552486187845
42378	0.00552486187845
5367	0.00549450549451
32042	0.00546448087432
39265	0.00546448087432
30812	0.0054347826087
50913	0.0054347826087
51038	0.00540540540541
21323	0.00539083557951
24889	0.00537634408602
37993	0.00537634408602
9135	0.00536193029491
30982	0.00534759358289
24522	0.00533333333333
4733	0.00531914893617
14352	0.0053050397878
54	0.00529100529101
36999	0.00529100529101
41157	0.00529100529101
26235	0.00526315789474
3250	0.00523560209424
21507	0.00523560209424
36686	0.00523560209424
23080	0.00520833333333
22524	0.00518134715026
20800	0.00515463917526
41530	0.00515463917526
11314	0.00512820512821
13317	0.00512820512821
41010	0.00512820512821
41070	0.00512820512821
51146	0.00512820512821
21337	0.00510204081633
35581	0.00510204081633
31483	0.00508905852417
7956	0.00505050505051
18972	0.00505050505051
44978	0.00505050505051
51133	0.00502512562814
9761	0.005
39709	0.00497512437811
15083	0.0049504950495
41942	0.00487804878049
42328	0.00487804878049
4695	0.00485436893204
4705	0.00485436893204
28290	0.00485436893204
41171	0.00485436893204
28610	0.0048309178744
32188	0.0048309178744
3365	0.00478468899522
1739	0.0047619047619
3859	0.0047619047619
41366	0.0047619047619
41521	0.0047619047619
11165	0.00471698113208
11727	0.00471698113208
12388	0.00470588235294
17611	0.00467289719626
20529	0.00467289719626
40289	0.00467289719626
21845	0.0046511627907
25431	0.00462962962963
29444	0.00462962962963
5918	0.00460829493088
11675	0.00460829493088
1361	0.00456621004566
32823	0.00454545454545
20542	0.00453857791225
5809	0.00452898550725
2787	0.00452488687783
41045	0.00452488687783
3827	0.00451467268623
29861	0.00448430493274
4523	0.00446428571429
33377	0.00444444444444
16447	0.00443458980044
12756	0.00442477876106
26934	0.00440528634361
29492	0.00440528634361
50937	0.00440528634361
29780	0.00438596491228
41134	0.00438596491228
6816	0.00436681222707
18759	0.00436681222707
31879	0.00436681222707
32811	0.00436681222707
40988	0.00436681222707
253	0.00436205016358
14749	0.00434782608696
4708	0.00433526011561
5693	0.00431965442765
2785	0.00431034482759
15794	0.00429184549356
21648	0.00429184549356
4900	0.0042735042735
6372	0.0042735042735
44281	0.0042735042735
2745	0.00424028268551
27927	0.00423728813559
34519	0.00423728813559
23742	0.0042194092827
39483	0.0042194092827
41041	0.00420168067227
18205	0.00416666666667
4937	0.00413223140496
9188	0.00413223140496
27404	0.00413223140496
45139	0.00411522633745
47628	0.00411522633745
39027	0.00408163265306
5593	0.00405679513185
30835	0.00404858299595
41164	0.00404858299595
40970	0.00398406374502
11	0.00398009950249
17147	0.00396825396825
33895	0.00395256916996
2733	0.00394218134034
40995	0.00393700787402
4846	0.00393391030685
3527	0.00386847195358
2110	0.003861003861
13318	0.003861003861
17586	0.003861003861
34751	0.00385356454721
34199	0.00384615384615
50944	0.00381679389313
18613	0.003808073115
28821	0.00379506641366
17790	0.00378787878788
38080	0.00378787878788
51178	0.00378787878788
29909	0.00377358490566
29992	0.00377358490566
1117	0.00374531835206
19288	0.00374531835206
28128	0.00374531835206
30691	0.00373134328358
31138	0.00373134328358
41326	0.00373134328358
5420	0.00372670807453
3116	0.00371747211896
50864	0.00371747211896
4399	0.00367647058824
7062	0.00367647058824
12998	0.00366972477064
13935	0.00366972477064
28443	0.003663003663
921	0.00363967242948
3139	0.0036231884058
35178	0.00361010830325
41065	0.00361010830325
5218	0.00359712230216
4242	0.00357142857143
3747	0.00353356890459
862	0.00352112676056
11381	0.00352112676056
27890	0.00352112676056
32832	0.00350877192982
25937	0.0034965034965
25738	0.00348735832607
28286	0.00348432055749
3022	0.00347222222222
41074	0.00347222222222
28405	0.00346820809249
30980	0.00346420323326
19090	0.00346020761246
42609	0.00346020761246
40969	0.00344827586207
11655	0.00340715502555
18777	0.00340425531915
28055	0.00340136054422
41106	0.00338983050847
23011	0.00337837837838
6444	0.003367003367
29145	0.00335570469799
37111	0.00335008375209
7261	0.00333333333333
2007	0.00330760749724
1239	0.00328947368421
7444	0.00328947368421
8681	0.00328947368421
35958	0.00327868852459
26863	0.00327332242226
41067	0.00323624595469
37225	0.00322580645161
50901	0.00322580645161
41403	0.00320512820513
28742	0.00320170757737
7299	0.0031847133758
35237	0.0031847133758
41126	0.0031847133758
13339	0.0031746031746
1984	0.00313971742543
1364	0.00313479623824
16927	0.00313479623824
17715	0.00313479623824
27906	0.00311526479751
38584	0.00311526479751
12467	0.00310559006211
17008	0.00310559006211
6304	0.00307692307692
33621	0.00307692307692
40982	0.00306748466258
18361	0.00305810397554
992	0.00303951367781
38959	0.00303951367781
41156	0.00302114803625
39546	0.00298507462687
41029	0.00298507462687
41165	0.00298507462687
34683	0.00297619047619
3239	0.00295857988166
40964	0.00295857988166
41609	0.00295857988166
3943	0.00294985250737
28810	0.00294985250737
3260	0.00293255131965
29591	0.00293255131965
4485	0.00292397660819
34147	0.00290697674419
41016	0.00290275761974
4764	0.00289855072464
2186	0.0028818443804
25554	0.00286532951289
50863	0.00286532951289
3788	0.00284090909091
2037	0.002828854314
34897	0.00282485875706
9252	0.00280112044818
22383	0.00277777777778
34830	0.00277008310249
38492	0.00277008310249
3933	0.00275735294118
51989	0.00274725274725
38203	0.00274423710209
41097	0.0027397260274
41374	0.00272479564033
20506	0.00269541778976
27949	0.00268096514745
2419	0.00267379679144
7442	0.00267379679144
16420	0.00267379679144
38794	0.00266666666667
3133	0.00265957446809
1438	0.0026455026455
29218	0.0026455026455
2381	0.00262467191601
867	0.00260416666667
870	0.0025974025974
35514	0.0025974025974
11664	0.00259067357513
12969	0.00257953568358
1118	0.002574002574
5204	0.0025706940874
10987	0.0025641025641
30899	0.00251256281407
51096	0.00250626566416
76	0.00249791840133
1628	0.00249066002491
9642	0.00249066002491
932	0.00248138957816
24684	0.00248138957816
41090	0.00248138957816
10281	0.002457002457
51019	0.002457002457
1380	0.00244498777506
2515	0.00242130750605
20173	0.00240384615385
31536	0.00240384615385
33678	0.00239808153477
27525	0.00238663484487
41027	0.00238663484487
28051	0.00238473767886
4173	0.00238095238095
22971	0.00236966824645
7300	0.00234192037471
11778	0.002331002331
4951	0.00232558139535
8397	0.00232558139535
38793	0.00232153221126
562	0.00229357798165
22251	0.00229357798165
31830	0.00229357798165
26602	0.00228658536585
3499	0.00226757369615
689	0.00225225225225
4430	0.00223380491437
631	0.00218340611354
49394	0.00218340611354
3280	0.00217864923747
37961	0.0021645021645
1497	0.00215749730313
4137	0.00215517241379
18311	0.00215517241379
3419	0.00214592274678
35703	0.00214132762313
50105	0.00213675213675
33762	0.00213219616205
7340	0.00212992545261
41003	0.00212314225053
19599	0.0021186440678
5432	0.00208768267223
27865	0.00207468879668
25051	0.00205761316872
36392	0.00205761316872
1902	0.00205338809035
39549	0.00204498977505
4655	0.00202908353061
41355	0.00201612903226
5768	0.00200803212851
893	0.00200702458605
41109	0.002
34169	0.00199600798403
5112	0.00199203187251
39785	0.00198412698413
33841	0.00195694716243
19598	0.00195439739414
869	0.00195407914021
34858	0.001953125
4396	0.00192184497117
41068	0.00190657769304
3733	0.00190294957184
5503	0.00190114068441
41985	0.00189393939394
7312	0.00188323917137
9826	0.00188323917137
3312	0.00185873605948
11769	0.00184842883549
34367	0.00183318056829
4916	0.00181323662738
37426	0.0018115942029
21745	0.00180505415162
11201	0.0018018018018
39915	0.0018018018018
17566	0.00178571428571
40980	0.0017793594306
25098	0.00177304964539
2840	0.0017667844523
13056	0.0017667844523
6427	0.0017652250662
949	0.00176056338028
4518	0.00175515577007
2290	0.00174621653085
29863	0.00173310225303
5519	0.00173010380623
1743	0.00168634064081
38925	0.00168634064081
1503	0.0016713091922
14253	0.00164203612479
22743	0.00163532297629
7175	0.00162337662338
2326	0.00162074554295
16209	0.00161812297735
35049	0.00161812297735
4121	0.0016155088853
20416	0.00161290322581
4578	0.00161030595813
27809	0.00158982511924
5231	0.0015625
900	0.00155520995334
39136	0.0015444015444
868	0.00153609831029
23150	0.00153609831029
5643	0.0015243902439
17596	0.00152207001522
5157	0.00151975683891
1135	0.00151515151515
9656	0.00145348837209
26584	0.00142653352354
5237	0.00141043723554
40987	0.00140845070423
7419	0.00136425648022
26805	0.0013357079252
41018	0.00131233595801
1422	0.00131061598952
3720	0.00130718954248
1680	0.001287001287
41031	0.00124688279302
1119	0.00124533001245
35563	0.00122950819672
4711	0.00121065375303
18960	0.00120048019208
39447	0.00119331742243
38191	0.00116686114352
14750	0.0011641443539
3273	0.00111234705228
5000	0.00110619469027
34224	0.00110619469027
4654	0.00109051254089
2898	0.00108813928183
2344	0.00100806451613
36398	0.000974658869396
2463	0.000956022944551
1048	0.000948766603416
4563	0.000927643784787
2333	0.000910746812386
40962	0.00089605734767
22744	0.000879507475814
9538	0.000855431993157
6812	0.000816326530612
40965	0.000813008130081
8709	0.000668002672011
13111	0.00058651026393
