10134	0.25
13761	0.25
27739	0.25
48392	0.25
48645	0.25
56545	0.25
60651	0.25
4511	0.2
9827	0.2
11879	0.2
20129	0.2
21295	0.2
40680	0.2
55317	0.2
57976	0.2
9183	0.166666666667
11199	0.166666666667
13097	0.166666666667
16797	0.166666666667
28409	0.166666666667
57835	0.166666666667
8060	0.142857142857
32072	0.142857142857
56108	0.142857142857
57666	0.142857142857
61193	0.142857142857
6899	0.125
30054	0.125
42233	0.125
49964	0.125
58288	0.125
484	0.111111111111
3330	0.111111111111
11066	0.111111111111
13145	0.111111111111
19842	0.111111111111
22528	0.111111111111
32148	0.111111111111
41737	0.111111111111
51730	0.111111111111
3905	0.1
23587	0.1
29251	0.1
42185	0.1
49155	0.1
52765	0.1
52918	0.1
29912	0.0909090909091
41720	0.0909090909091
19413	0.0833333333333
29193	0.0833333333333
23610	0.0769230769231
4345	0.0714285714286
28459	0.0714285714286
39238	0.0714285714286
42563	0.0714285714286
45543	0.0714285714286
52806	0.0714285714286
29016	0.0666666666667
33767	0.0666666666667
37655	0.0666666666667
47986	0.0666666666667
52561	0.0666666666667
55945	0.0666666666667
60199	0.0666666666667
25843	0.0625
30219	0.0625
49420	0.0625
58017	0.0625
6782	0.0588235294118
19956	0.0588235294118
32088	0.0555555555556
9430	0.0526315789474
17237	0.0526315789474
45775	0.0526315789474
3938	0.05
34439	0.05
39523	0.05
5263	0.047619047619
10861	0.047619047619
29285	0.047619047619
3881	0.0454545454545
4279	0.0454545454545
48532	0.0454545454545
50854	0.0454545454545
1083	0.0434782608696
2124	0.0434782608696
2435	0.0434782608696
23841	0.0434782608696
49262	0.0434782608696
51535	0.0434782608696
59603	0.0434782608696
10583	0.0416666666667
35186	0.0416666666667
42400	0.0416666666667
51414	0.0416666666667
5098	0.04
7334	0.04
9427	0.04
43245	0.04
51593	0.04
55031	0.04
6196	0.0384615384615
4194	0.037037037037
42113	0.037037037037
43611	0.037037037037
46728	0.037037037037
51379	0.037037037037
52912	0.037037037037
41334	0.0363636363636
26013	0.0357142857143
52916	0.0357142857143
11463	0.0344827586207
1818	0.0333333333333
36348	0.0333333333333
42616	0.0333333333333
28789	0.0322580645161
38600	0.0322580645161
4193	0.03125
18331	0.03125
18956	0.03125
36977	0.03125
51720	0.03125
57521	0.03125
6383	0.030303030303
11061	0.030303030303
33582	0.030303030303
41454	0.030303030303
51893	0.030303030303
27541	0.0294117647059
30834	0.0294117647059
59817	0.0294117647059
3911	0.0285714285714
15377	0.0285714285714
51768	0.0285714285714
19301	0.0277777777778
20526	0.0277777777778
33337	0.0277777777778
5718	0.027027027027
21242	0.027027027027
41317	0.027027027027
43265	0.027027027027
43805	0.027027027027
26502	0.0263157894737
41878	0.0263157894737
51224	0.0263157894737
8088	0.025641025641
32851	0.025641025641
53232	0.025
19404	0.0243902439024
24031	0.0243902439024
32006	0.0243902439024
42634	0.0243902439024
17139	0.0238095238095
38273	0.0238095238095
41948	0.0238095238095
42044	0.0238095238095
47638	0.0238095238095
52963	0.0232558139535
32493	0.0227272727273
15963	0.0222222222222
22939	0.0222222222222
44500	0.0222222222222
3114	0.0217391304348
52112	0.0217391304348
644	0.0212765957447
7417	0.0212765957447
7430	0.0212765957447
33826	0.0212765957447
27684	0.0208333333333
38523	0.0208333333333
47282	0.0208333333333
44152	0.0204081632653
22247	0.02
24087	0.02
28938	0.02
29328	0.0196078431373
38452	0.0192307692308
51844	0.0192307692308
52222	0.0192307692308
14354	0.0188679245283
19761	0.0188679245283
22252	0.0185185185185
52488	0.0185185185185
8948	0.0178571428571
16305	0.0178571428571
28721	0.0178571428571
35413	0.0178571428571
2578	0.0175438596491
38569	0.0172413793103
1123	0.0169491525424
52876	0.0166666666667
29573	0.016393442623
41072	0.016393442623
11168	0.0161290322581
30222	0.0161290322581
2874	0.015873015873
36395	0.015873015873
53184	0.015873015873
57430	0.015873015873
8259	0.015625
23372	0.015625
59906	0.015625
1386	0.0153846153846
18119	0.0153846153846
19521	0.0153846153846
53004	0.0153846153846
32651	0.0152671755725
51105	0.0151515151515
52853	0.0151515151515
2355	0.0149253731343
27864	0.0149253731343
43016	0.0149253731343
51380	0.0149253731343
15197	0.0144927536232
26762	0.0142857142857
3876	0.0140845070423
51937	0.0140845070423
2321	0.0138888888889
4502	0.0138888888889
19465	0.0138888888889
54577	0.0138888888889
4515	0.013698630137
24878	0.0135135135135
12481	0.0133333333333
4149	0.0131578947368
16145	0.0131578947368
1740	0.0128205128205
9142	0.0128205128205
9609	0.0126582278481
11888	0.0126582278481
1788	0.0125
3754	0.0125
13999	0.0123456790123
32778	0.0123456790123
41833	0.0121951219512
112	0.0119047619048
8519	0.0119047619048
21379	0.0119047619048
31298	0.0119047619048
31995	0.0119047619048
41019	0.0119047619048
59133	0.0117647058824
38659	0.0114942528736
41083	0.0114942528736
21583	0.0113636363636
34715	0.0113636363636
52362	0.0113636363636
18327	0.0112359550562
33564	0.0112359550562
41934	0.0112359550562
17110	0.0111111111111
22601	0.0111111111111
51590	0.0111111111111
52283	0.0111111111111
22170	0.010989010989
5023	0.0108695652174
30806	0.0108695652174
3575	0.010752688172
20785	0.010752688172
6305	0.0106382978723
41078	0.0106382978723
50506	0.0105263157895
1753	0.0104166666667
6369	0.0104166666667
41137	0.0104166666667
18002	0.0103092783505
41935	0.0103092783505
6428	0.0102040816327
28141	0.0102040816327
52521	0.010101010101
2639	0.01
5056	0.01
57862	0.00990099009901
6330	0.00980392156863
29790	0.00980392156863
31306	0.00980392156863
68	0.00970873786408
21719	0.00961538461538
52368	0.00961538461538
3120	0.00952380952381
937	0.00934579439252
11383	0.00925925925926
37947	0.00917431192661
41091	0.00909090909091
17583	0.00900900900901
21915	0.00900900900901
41421	0.00892857142857
51724	0.00881057268722
392	0.00877192982456
1232	0.00877192982456
4006	0.00877192982456
83	0.00869565217391
41425	0.00869565217391
41055	0.00847457627119
1167	0.00840336134454
19792	0.00833333333333
22690	0.00833333333333
38330	0.00833333333333
41793	0.00833333333333
1169	0.00819672131148
43376	0.00819672131148
14277	0.00813008130081
43785	0.00793650793651
49403	0.00793650793651
7451	0.00787401574803
36037	0.00787401574803
41489	0.00787401574803
16228	0.0078125
16831	0.0078125
172	0.00763358778626
4035	0.00763358778626
51026	0.00757575757576
4977	0.00751879699248
27226	0.00746268656716
20573	0.00740740740741
36897	0.00735294117647
3698	0.00729927007299
13119	0.00724637681159
28156	0.00724637681159
10010	0.00719424460432
39085	0.00719424460432
11519	0.00714285714286
11746	0.00714285714286
51676	0.00709219858156
16784	0.00704225352113
34109	0.00704225352113
12432	0.00699300699301
52802	0.00699300699301
10248	0.00689655172414
21311	0.00689655172414
52525	0.00689655172414
36364	0.00684931506849
42145	0.00684931506849
41246	0.00675675675676
19687	0.00671140939597
15233	0.00666666666667
712	0.00662251655629
41059	0.00662251655629
41940	0.00657894736842
32009	0.00653594771242
50883	0.00653594771242
33780	0.00649350649351
38663	0.00649350649351
7509	0.00645161290323
4743	0.00636942675159
11887	0.00636942675159
15381	0.00632911392405
23415	0.00632911392405
7344	0.0062893081761
10443	0.0062893081761
11128	0.0062893081761
37409	0.0062893081761
51145	0.0062893081761
22401	0.00625
25332	0.00625
41391	0.00625
42954	0.00621118012422
11000	0.00613496932515
14361	0.00606060606061
6417	0.00595238095238
28712	0.00595238095238
34147	0.00593471810089
16935	0.00591715976331
41278	0.00591715976331
18301	0.00589970501475
24970	0.00584795321637
18374	0.00571428571429
41404	0.00571428571429
51151	0.00571428571429
39265	0.00564971751412
5622	0.0056338028169
3842	0.00561797752809
16273	0.00558659217877
41610	0.00558659217877
23373	0.00555555555556
30982	0.00552486187845
4733	0.00549450549451
36686	0.00540540540541
40983	0.00537634408602
22230	0.00534759358289
20800	0.00531914893617
11314	0.00529100529101
44433	0.00529100529101
51146	0.00529100529101
47787	0.00515463917526
52029	0.00507614213198
27529	0.00505050505051
4695	0.005
4705	0.005
4706	0.005
28290	0.005
1489	0.0049504950495
14716	0.0049504950495
2515	0.00492610837438
27051	0.00487804878049
41037	0.0048309178744
17611	0.00480769230769
51341	0.00480769230769
29444	0.0047619047619
38795	0.0047619047619
53069	0.00471698113208
51099	0.00467289719626
2787	0.0046511627907
37660	0.00462962962963
10727	0.00460829493088
52258	0.00460829493088
29492	0.00452488687783
40977	0.00452488687783
1399	0.00451467268623
6816	0.00448430493274
32811	0.00448430493274
1062	0.00438596491228
4900	0.00438596491228
37169	0.00436681222707
1144	0.00434782608696
41044	0.00434782608696
210	0.004329004329
23742	0.004329004329
39483	0.004329004329
37104	0.00431034482759
37762	0.0042735042735
49392	0.0042735042735
9188	0.00423728813559
39027	0.00418410041841
28155	0.00414937759336
20875	0.00406504065041
33895	0.00404858299595
37427	0.00404858299595
34920	0.00398406374502
16956	0.00396825396825
17939	0.00387596899225
28821	0.00383877159309
31138	0.00381679389313
50995	0.00380228136882
13935	0.00371057513915
17605	0.0037037037037
30794	0.0037037037037
41705	0.00369003690037
13952	0.00367647058824
41364	0.0036496350365
22654	0.00363636363636
1931	0.00358422939068
32832	0.00358422939068
38293	0.00358422939068
25937	0.00357142857143
28286	0.00355871886121
29724	0.00354609929078
25444	0.0034965034965
41116	0.00344234079174
1928	0.00341296928328
18699	0.00340136054422
34548	0.003367003367
41307	0.00334448160535
6360	0.00333333333333
5100	0.003300330033
11481	0.003300330033
41098	0.003300330033
37225	0.00328947368421
50901	0.00328947368421
22643	0.00327868852459
12610	0.00326264274062
12121	0.00325732899023
35237	0.00324675324675
41126	0.00324675324675
26893	0.00315457413249
41032	0.003125
18361	0.00311526479751
23150	0.00310559006211
38959	0.0030959752322
17987	0.00305810397554
41000	0.0030487804878
3260	0.00298507462687
22579	0.00298507462687
7349	0.00297619047619
37198	0.00296735905045
9656	0.00293685756241
25554	0.00291545189504
41034	0.00291545189504
33850	0.0028818443804
50957	0.0028818443804
37392	0.00287769784173
34897	0.00287356321839
41048	0.00287356321839
47774	0.00286532951289
742	0.002849002849
27651	0.00284090909091
216	0.00282485875706
879	0.00279329608939
29971	0.00277777777778
30471	0.00277777777778
41374	0.00277008310249
37993	0.00272479564033
1438	0.00268817204301
14207	0.00268817204301
3133	0.00268096514745
12017	0.00266666666667
867	0.0026455026455
870	0.00263852242744
35514	0.00263852242744
11664	0.00263157894737
31868	0.00261096605744
23642	0.00260416666667
41010	0.0025974025974
20818	0.00254452926209
15636	0.00253164556962
932	0.00251889168766
1628	0.00250941028858
7100	0.00246913580247
41092	0.00246913580247
33678	0.00243309002433
29277	0.00240384615385
35045	0.00238095238095
7518	0.00236406619385
8397	0.00235849056604
31830	0.00232558139535
3827	0.00228310502283
28832	0.00227272727273
631	0.00221238938053
5693	0.00218340611354
12423	0.00216919739696
41058	0.0021645021645
41003	0.00215053763441
29309	0.00211416490486
39549	0.00207039337474
17938	0.00206611570248
5593	0.00204918032787
2	0.00204290091931
17711	0.00204081632653
2344	0.00203045685279
41109	0.00202429149798
34169	0.0020202020202
5673	0.00197628458498
34369	0.00194552529183
41985	0.00191570881226
3733	0.00191387559809
9826	0.00190476190476
30269	0.00189035916824
40999	0.00189035916824
35136	0.00184842883549
27489	0.00184501845018
21745	0.00182481751825
11201	0.00182149362477
5218	0.00181488203267
40980	0.00179856115108
37737	0.00177619893428
28407	0.00175746924429
13955	0.00175131348511
29863	0.00175131348511
5519	0.00173913043478
12969	0.00172711571675
7261	0.00168067226891
31440	0.00167084377611
26863	0.0016501650165
35049	0.0016339869281
18456	0.00162601626016
32188	0.00162074554295
27809	0.0016051364366
13339	0.0016
1064	0.00158478605388
4846	0.00157728706625
5643	0.00153846153846
992	0.00153139356815
20542	0.00152207001522
19601	0.00146735143067
2613	0.00145348837209
4708	0.00145348837209
2186	0.00145137880987
5237	0.00142247510669
2745	0.00141542816702
29854	0.00138504155125
20506	0.00135685210312
26805	0.00133928571429
5112	0.00133244503664
14352	0.00133155792277
35345	0.00132450331126
41018	0.00132275132275
2733	0.00132100396301
1680	0.00129701686122
1118	0.00129032258065
30899	0.00126422250316
41031	0.00125628140704
1119	0.00125470514429
5420	0.00124843945069
18307	0.0011862396204
14750	0.00117233294256
2290	0.00116754232341
38793	0.00116346713205
28405	0.00116144018583
38203	0.00109950522265
253	0.00109409190372
28742	0.0010718113612
7340	0.00107066381156
9200	0.0010593220339
5231	0.00104438642298
1902	0.00103199174407
893	0.0010055304173
36398	0.000980392156863
41068	0.00095785440613
5503	0.000955109837631
7312	0.000943396226415
34367	0.000920810313076
22929	0.000919117647059
2333	0.000915750915751
4916	0.000910746812386
5809	0.000907441016334
40962	0.000900900900901
38794	0.000892060660125
2840	0.000887311446318
4518	0.000879120879121
9538	0.000859845227859
18777	0.000853242320819
76	0.000835421888053
35563	0.00082135523614
6812	0.000820344544709
40965	0.000816993464052
39136	0.00077519379845
868	0.00077101002313
869	0.000732958709993
41016	0.000727272727273
22383	0.000695894224078
4655	0.000676818950931
8709	0.000670690811536
19598	0.000653167864141
5204	0.00064391500322
4396	0.000642260757868
6427	0.000588754783633
13111	0.00058858151854
1497	0.000540248514317
4578	0.000537923614847
5157	0.000507614213198
