11490	0.105263157895
39684	0.105263157895
40863	0.1
16793	0.0952380952381
34418	0.0952380952381
41295	0.0952380952381
46893	0.0909090909091
58560	0.0909090909091
13223	0.0714285714286
27232	0.0714285714286
11107	0.0689655172414
42290	0.0689655172414
51289	0.0666666666667
44023	0.0645161290323
46253	0.0645161290323
11766	0.0634920634921
35106	0.0625
45297	0.0625
51073	0.0606060606061
894	0.0588235294118
4629	0.0588235294118
4865	0.0588235294118
8202	0.0588235294118
8847	0.0588235294118
10575	0.0588235294118
11838	0.0588235294118
11906	0.0588235294118
14717	0.0588235294118
18564	0.0588235294118
21164	0.0588235294118
22932	0.0588235294118
26406	0.0588235294118
26651	0.0588235294118
27217	0.0588235294118
28725	0.0588235294118
29348	0.0588235294118
30037	0.0588235294118
33019	0.0588235294118
35146	0.0588235294118
35182	0.0588235294118
37928	0.0588235294118
38870	0.0588235294118
42089	0.0588235294118
44562	0.0588235294118
45301	0.0588235294118
45325	0.0588235294118
45526	0.0588235294118
45956	0.0588235294118
46419	0.0588235294118
49558	0.0588235294118
49759	0.0588235294118
50183	0.0588235294118
54613	0.0588235294118
54695	0.0588235294118
55342	0.0588235294118
55551	0.0588235294118
56820	0.0588235294118
57238	0.0588235294118
57395	0.0588235294118
58399	0.0588235294118
58494	0.0588235294118
59051	0.0588235294118
61071	0.0588235294118
61356	0.0588235294118
3703	0.0555555555556
3763	0.0555555555556
4953	0.0555555555556
6666	0.0555555555556
10355	0.0555555555556
11674	0.0555555555556
11762	0.0555555555556
12569	0.0555555555556
13259	0.0555555555556
17780	0.0555555555556
19496	0.0555555555556
20639	0.0555555555556
23228	0.0555555555556
23255	0.0555555555556
23950	0.0555555555556
25060	0.0555555555556
25213	0.0555555555556
25569	0.0555555555556
25771	0.0555555555556
26541	0.0555555555556
27306	0.0555555555556
27914	0.0555555555556
28666	0.0555555555556
34409	0.0555555555556
34703	0.0555555555556
36944	0.0555555555556
37286	0.0555555555556
38743	0.0555555555556
39295	0.0555555555556
39872	0.0555555555556
39895	0.0555555555556
45436	0.0555555555556
48639	0.0555555555556
51452	0.0555555555556
51856	0.0555555555556
52236	0.0555555555556
54899	0.0555555555556
55577	0.0555555555556
58407	0.0555555555556
58447	0.0555555555556
58601	0.0555555555556
60470	0.0555555555556
37829	0.0540540540541
587	0.0526315789474
848	0.0526315789474
1023	0.0526315789474
1524	0.0526315789474
2159	0.0526315789474
3602	0.0526315789474
5122	0.0526315789474
5957	0.0526315789474
6269	0.0526315789474
10649	0.0526315789474
10820	0.0526315789474
11273	0.0526315789474
12380	0.0526315789474
13817	0.0526315789474
14824	0.0526315789474
15156	0.0526315789474
15174	0.0526315789474
16021	0.0526315789474
21628	0.0526315789474
27987	0.0526315789474
30059	0.0526315789474
35007	0.0526315789474
38916	0.0526315789474
42961	0.0526315789474
43332	0.0526315789474
44236	0.0526315789474
45300	0.0526315789474
47965	0.0526315789474
49341	0.0526315789474
50325	0.0526315789474
52431	0.0526315789474
52665	0.0526315789474
52811	0.0526315789474
52989	0.0526315789474
54720	0.0526315789474
58501	0.0526315789474
58595	0.0526315789474
59524	0.0526315789474
60672	0.0526315789474
51109	0.0512820512821
4555	0.05
10320	0.05
10324	0.05
10344	0.05
11844	0.05
13654	0.05
13949	0.05
14141	0.05
15842	0.05
17272	0.05
18444	0.05
23518	0.05
24541	0.05
25584	0.05
25972	0.05
26345	0.05
26935	0.05
28876	0.05
29464	0.05
30003	0.05
31389	0.05
33623	0.05
34444	0.05
34682	0.05
34973	0.05
36124	0.05
37290	0.05
38018	0.05
38699	0.05
41315	0.05
41904	0.05
42217	0.05
42894	0.05
43821	0.05
46098	0.05
49683	0.05
52153	0.05
52253	0.05
52725	0.05
53140	0.05
54848	0.05
54968	0.05
55571	0.05
56658	0.05
35708	0.0491803278689
52800	0.0487804878049
7244	0.047619047619
8355	0.047619047619
8855	0.047619047619
9495	0.047619047619
11551	0.047619047619
16952	0.047619047619
17197	0.047619047619
18144	0.047619047619
20553	0.047619047619
21851	0.047619047619
26594	0.047619047619
27323	0.047619047619
29980	0.047619047619
34468	0.047619047619
37051	0.047619047619
39352	0.047619047619
41043	0.047619047619
42107	0.047619047619
43064	0.047619047619
44382	0.047619047619
45176	0.047619047619
46159	0.047619047619
49670	0.047619047619
51048	0.047619047619
53202	0.047619047619
53441	0.047619047619
54588	0.047619047619
59762	0.047619047619
61156	0.047619047619
61429	0.047619047619
51494	0.046511627907
3091	0.0454545454545
4726	0.0454545454545
6480	0.0454545454545
7207	0.0454545454545
7818	0.0454545454545
15595	0.0454545454545
18343	0.0454545454545
18734	0.0454545454545
18923	0.0454545454545
19593	0.0454545454545
19713	0.0454545454545
19911	0.0454545454545
21472	0.0454545454545
24891	0.0454545454545
25494	0.0454545454545
25997	0.0454545454545
29732	0.0454545454545
34316	0.0454545454545
34711	0.0454545454545
35568	0.0454545454545
35801	0.0454545454545
35862	0.0454545454545
36210	0.0454545454545
38000	0.0454545454545
39694	0.0454545454545
41052	0.0454545454545
42241	0.0454545454545
43135	0.0454545454545
43687	0.0454545454545
46141	0.0454545454545
49984	0.0454545454545
51253	0.0454545454545
52085	0.0454545454545
52320	0.0454545454545
55490	0.0454545454545
60392	0.0454545454545
60439	0.0454545454545
9663	0.0444444444444
18367	0.0444444444444
25436	0.0444444444444
1147	0.0434782608696
2022	0.0434782608696
4564	0.0434782608696
5913	0.0434782608696
6439	0.0434782608696
11171	0.0434782608696
14252	0.0434782608696
15667	0.0434782608696
18869	0.0434782608696
20774	0.0434782608696
21366	0.0434782608696
21429	0.0434782608696
26325	0.0434782608696
27135	0.0434782608696
28900	0.0434782608696
29678	0.0434782608696
30416	0.0434782608696
30435	0.0434782608696
31050	0.0434782608696
31291	0.0434782608696
32393	0.0434782608696
32885	0.0434782608696
35177	0.0434782608696
38016	0.0434782608696
41865	0.0434782608696
42020	0.0434782608696
42129	0.0434782608696
42798	0.0434782608696
45920	0.0434782608696
46330	0.0434782608696
47438	0.0434782608696
50469	0.0434782608696
50514	0.0434782608696
50765	0.0434782608696
52885	0.0434782608696
54270	0.0434782608696
57094	0.0434782608696
58265	0.0434782608696
58562	0.0434782608696
58818	0.0434782608696
59514	0.0434782608696
59899	0.0434782608696
59910	0.0434782608696
59952	0.0434782608696
11503	0.0425531914894
59233	0.0425531914894
31327	0.0422535211268
1127	0.0416666666667
5689	0.0416666666667
6111	0.0416666666667
10506	0.0416666666667
11327	0.0416666666667
18507	0.0416666666667
18883	0.0416666666667
19661	0.0416666666667
20621	0.0416666666667
21683	0.0416666666667
22344	0.0416666666667
28005	0.0416666666667
28857	0.0416666666667
33031	0.0416666666667
33386	0.0416666666667
34549	0.0416666666667
35221	0.0416666666667
38969	0.0416666666667
40128	0.0416666666667
41758	0.0416666666667
42340	0.0416666666667
42759	0.0416666666667
42967	0.0416666666667
43358	0.0416666666667
43382	0.0416666666667
45253	0.0416666666667
50248	0.0416666666667
50404	0.0416666666667
53083	0.0416666666667
53366	0.0416666666667
54668	0.0416666666667
57494	0.0416666666667
57851	0.0416666666667
3100	0.04
3833	0.04
6265	0.04
7113	0.04
8446	0.04
8476	0.04
10314	0.04
11813	0.04
12441	0.04
12601	0.04
12696	0.04
12844	0.04
19438	0.04
20113	0.04
20244	0.04
21096	0.04
24543	0.04
28659	0.04
29193	0.04
32434	0.04
32584	0.04
32681	0.04
35583	0.04
35589	0.04
36640	0.04
39500	0.04
41493	0.04
41947	0.04
43841	0.04
45305	0.04
50526	0.04
52098	0.04
52208	0.04
52330	0.04
52504	0.04
52597	0.04
53204	0.04
55729	0.04
57563	0.04
58112	0.04
58742	0.04
59406	0.04
59945	0.04
60397	0.04
12280	0.0394736842105
9670	0.0392156862745
41135	0.0392156862745
52500	0.0392156862745
58	0.0384615384615
84	0.0384615384615
3283	0.0384615384615
6321	0.0384615384615
8047	0.0384615384615
8164	0.0384615384615
8491	0.0384615384615
13314	0.0384615384615
19854	0.0384615384615
19876	0.0384615384615
20240	0.0384615384615
21369	0.0384615384615
21930	0.0384615384615
23882	0.0384615384615
24350	0.0384615384615
25303	0.0384615384615
26565	0.0384615384615
30904	0.0384615384615
33427	0.0384615384615
33580	0.0384615384615
35761	0.0384615384615
38056	0.0384615384615
38475	0.0384615384615
39938	0.0384615384615
41554	0.0384615384615
43693	0.0384615384615
49058	0.0384615384615
51476	0.0384615384615
51541	0.0384615384615
51621	0.0384615384615
54331	0.0384615384615
54610	0.0384615384615
56482	0.0384615384615
59344	0.0384615384615
59571	0.0384615384615
59846	0.0384615384615
60303	0.0384615384615
61508	0.0384615384615
37349	0.0379746835443
50991	0.0377358490566
1678	0.037037037037
2029	0.037037037037
2051	0.037037037037
2173	0.037037037037
3931	0.037037037037
4721	0.037037037037
7424	0.037037037037
8812	0.037037037037
10408	0.037037037037
12085	0.037037037037
12126	0.037037037037
17754	0.037037037037
18110	0.037037037037
18404	0.037037037037
18792	0.037037037037
23474	0.037037037037
23608	0.037037037037
24662	0.037037037037
25361	0.037037037037
26821	0.037037037037
29125	0.037037037037
30838	0.037037037037
32840	0.037037037037
33685	0.037037037037
35251	0.037037037037
38813	0.037037037037
41304	0.037037037037
41861	0.037037037037
43558	0.037037037037
46966	0.037037037037
47811	0.037037037037
48324	0.037037037037
49134	0.037037037037
50357	0.037037037037
51642	0.037037037037
52321	0.037037037037
57565	0.037037037037
2872	0.0357142857143
7511	0.0357142857143
10984	0.0357142857143
11485	0.0357142857143
12780	0.0357142857143
13923	0.0357142857143
14964	0.0357142857143
16655	0.0357142857143
16716	0.0357142857143
16739	0.0357142857143
16826	0.0357142857143
20243	0.0357142857143
24247	0.0357142857143
24663	0.0357142857143
25552	0.0357142857143
25878	0.0357142857143
36325	0.0357142857143
40280	0.0357142857143
41424	0.0357142857143
42244	0.0357142857143
42776	0.0357142857143
43565	0.0357142857143
44440	0.0357142857143
51005	0.0357142857143
51626	0.0357142857143
52198	0.0357142857143
52457	0.0357142857143
53846	0.0357142857143
55945	0.0357142857143
59803	0.0357142857143
60271	0.0357142857143
27587	0.0350877192982
51290	0.0348837209302
3114	0.0344827586207
5339	0.0344827586207
11989	0.0344827586207
14849	0.0344827586207
15975	0.0344827586207
17817	0.0344827586207
22453	0.0344827586207
23314	0.0344827586207
25548	0.0344827586207
26613	0.0344827586207
28438	0.0344827586207
30847	0.0344827586207
32047	0.0344827586207
32980	0.0344827586207
37920	0.0344827586207
40071	0.0344827586207
40769	0.0344827586207
41628	0.0344827586207
42505	0.0344827586207
42601	0.0344827586207
50168	0.0344827586207
50476	0.0344827586207
50909	0.0344827586207
51376	0.0344827586207
51599	0.0344827586207
52964	0.0344827586207
59821	0.0344827586207
60990	0.0344827586207
3561	0.0338983050847
1525	0.0333333333333
2725	0.0333333333333
5123	0.0333333333333
7887	0.0333333333333
8941	0.0333333333333
10544	0.0333333333333
11678	0.0333333333333
13542	0.0333333333333
21990	0.0333333333333
25471	0.0333333333333
26823	0.0333333333333
26904	0.0333333333333
26919	0.0333333333333
28983	0.0333333333333
29592	0.0333333333333
36379	0.0333333333333
49172	0.0333333333333
50089	0.0333333333333
51182	0.0333333333333
52454	0.0333333333333
53064	0.0333333333333
54233	0.0333333333333
52623	0.0327868852459
1015	0.0322580645161
1675	0.0322580645161
3038	0.0322580645161
3990	0.0322580645161
4138	0.0322580645161
5138	0.0322580645161
5270	0.0322580645161
5645	0.0322580645161
5758	0.0322580645161
7696	0.0322580645161
8207	0.0322580645161
10341	0.0322580645161
12686	0.0322580645161
12949	0.0322580645161
13158	0.0322580645161
15846	0.0322580645161
15915	0.0322580645161
17522	0.0322580645161
19670	0.0322580645161
20007	0.0322580645161
20461	0.0322580645161
20622	0.0322580645161
22728	0.0322580645161
26656	0.0322580645161
27581	0.0322580645161
27736	0.0322580645161
28450	0.0322580645161
28681	0.0322580645161
29647	0.0322580645161
30202	0.0322580645161
31288	0.0322580645161
33154	0.0322580645161
38998	0.0322580645161
39264	0.0322580645161
42384	0.0322580645161
42986	0.0322580645161
43086	0.0322580645161
44975	0.0322580645161
45081	0.0322580645161
60424	0.0322580645161
60768	0.0322580645161
27643	0.031746031746
59734	0.031746031746
311	0.03125
9247	0.03125
12001	0.03125
12557	0.03125
12832	0.03125
13811	0.03125
16108	0.03125
17623	0.03125
20323	0.03125
22233	0.03125
25729	0.03125
28071	0.03125
32796	0.03125
40409	0.03125
41057	0.03125
41170	0.03125
41358	0.03125
41990	0.03125
42823	0.03125
43944	0.03125
44483	0.03125
45775	0.03125
48293	0.03125
51610	0.03125
51660	0.03125
51787	0.03125
52873	0.03125
53085	0.03125
54735	0.03125
59268	0.03125
55746	0.030612244898
1136	0.030303030303
1436	0.030303030303
4049	0.030303030303
4545	0.030303030303
5469	0.030303030303
6201	0.030303030303
6662	0.030303030303
8963	0.030303030303
9054	0.030303030303
12092	0.030303030303
13624	0.030303030303
13787	0.030303030303
14536	0.030303030303
15254	0.030303030303
16370	0.030303030303
17049	0.030303030303
18630	0.030303030303
18695	0.030303030303
20839	0.030303030303
25857	0.030303030303
27839	0.030303030303
28374	0.030303030303
33676	0.030303030303
35952	0.030303030303
36627	0.030303030303
38724	0.030303030303
39742	0.030303030303
41966	0.030303030303
46228	0.030303030303
47767	0.030303030303
51127	0.030303030303
52860	0.030303030303
52996	0.030303030303
56087	0.030303030303
56686	0.030303030303
60453	0.030303030303
52148	0.0298507462687
468	0.0294117647059
1763	0.0294117647059
3275	0.0294117647059
11840	0.0294117647059
17293	0.0294117647059
17341	0.0294117647059
17426	0.0294117647059
20676	0.0294117647059
23617	0.0294117647059
25049	0.0294117647059
29330	0.0294117647059
30817	0.0294117647059
31112	0.0294117647059
39890	0.0294117647059
41264	0.0294117647059
42192	0.0294117647059
46508	0.0294117647059
47018	0.0294117647059
48880	0.0294117647059
51028	0.0294117647059
51160	0.0294117647059
51999	0.0294117647059
52783	0.0294117647059
53160	0.0294117647059
44787	0.0289855072464
1592	0.0285714285714
5188	0.0285714285714
7386	0.0285714285714
10365	0.0285714285714
10483	0.0285714285714
18528	0.0285714285714
22425	0.0285714285714
27337	0.0285714285714
28853	0.0285714285714
29082	0.0285714285714
29333	0.0285714285714
32958	0.0285714285714
33207	0.0285714285714
33501	0.0285714285714
37796	0.0285714285714
41266	0.0285714285714
42203	0.0285714285714
43039	0.0285714285714
43768	0.0285714285714
48532	0.0285714285714
50857	0.0285714285714
51047	0.0285714285714
51329	0.0285714285714
52835	0.0285714285714
59520	0.0285714285714
61032	0.0285714285714
5543	0.0277777777778
6010	0.0277777777778
6355	0.0277777777778
10746	0.0277777777778
11234	0.0277777777778
11379	0.0277777777778
14105	0.0277777777778
15104	0.0277777777778
15834	0.0277777777778
17006	0.0277777777778
20924	0.0277777777778
24201	0.0277777777778
24580	0.0277777777778
25259	0.0277777777778
26538	0.0277777777778
28714	0.0277777777778
35051	0.0277777777778
38559	0.0277777777778
41232	0.0277777777778
42471	0.0277777777778
43604	0.0277777777778
45644	0.0277777777778
51167	0.0277777777778
52429	0.0277777777778
53312	0.0277777777778
53390	0.0277777777778
26529	0.027397260274
1570	0.027027027027
1857	0.027027027027
3178	0.027027027027
10828	0.027027027027
12822	0.027027027027
13442	0.027027027027
13998	0.027027027027
16488	0.027027027027
21407	0.027027027027
21528	0.027027027027
24433	0.027027027027
29276	0.027027027027
30115	0.027027027027
32685	0.027027027027
33275	0.027027027027
33938	0.027027027027
37124	0.027027027027
37605	0.027027027027
40377	0.027027027027
40585	0.027027027027
41901	0.027027027027
41929	0.027027027027
42947	0.027027027027
43421	0.027027027027
43504	0.027027027027
48223	0.027027027027
50644	0.027027027027
51016	0.027027027027
51244	0.027027027027
53265	0.027027027027
60265	0.027027027027
60332	0.027027027027
17295	0.0266666666667
41916	0.0266666666667
5739	0.0263157894737
6576	0.0263157894737
7332	0.0263157894737
11228	0.0263157894737
12737	0.0263157894737
21867	0.0263157894737
22985	0.0263157894737
23550	0.0263157894737
30002	0.0263157894737
33722	0.0263157894737
37740	0.0263157894737
41591	0.0263157894737
41630	0.0263157894737
43145	0.0263157894737
44030	0.0263157894737
45140	0.0263157894737
47880	0.0263157894737
48195	0.0263157894737
51129	0.0263157894737
51593	0.0263157894737
51936	0.0263157894737
52475	0.0263157894737
52585	0.0263157894737
56260	0.0263157894737
61153	0.0263157894737
25987	0.025974025974
37774	0.025974025974
53004	0.025974025974
458	0.025641025641
1756	0.025641025641
2826	0.025641025641
4351	0.025641025641
4948	0.025641025641
5214	0.025641025641
5370	0.025641025641
12306	0.025641025641
16409	0.025641025641
18411	0.025641025641
19659	0.025641025641
25630	0.025641025641
30651	0.025641025641
33144	0.025641025641
37069	0.025641025641
37561	0.025641025641
37580	0.025641025641
42575	0.025641025641
44401	0.025641025641
44462	0.025641025641
51022	0.025641025641
51817	0.025641025641
52115	0.025641025641
52317	0.025641025641
53344	0.025641025641
53422	0.025641025641
60167	0.025641025641
27707	0.0253164556962
175	0.025
8506	0.025
16995	0.025
21265	0.025
22521	0.025
23321	0.025
32822	0.025
39713	0.025
41531	0.025
43611	0.025
47603	0.025
49257	0.025
49729	0.025
51087	0.025
51154	0.025
51938	0.025
60032	0.025
14527	0.0246913580247
524	0.0243902439024
10086	0.0243902439024
10348	0.0243902439024
20466	0.0243902439024
26295	0.0243902439024
26850	0.0243902439024
34668	0.0243902439024
35139	0.0243902439024
38701	0.0243902439024
39030	0.0243902439024
41594	0.0243902439024
41663	0.0243902439024
42112	0.0243902439024
42896	0.0243902439024
45459	0.0243902439024
48574	0.0243902439024
51860	0.0243902439024
59857	0.0243902439024
2884	0.0238095238095
13110	0.0238095238095
13321	0.0238095238095
15293	0.0238095238095
25507	0.0238095238095
31111	0.0238095238095
33622	0.0238095238095
35052	0.0238095238095
41305	0.0238095238095
41348	0.0238095238095
43417	0.0238095238095
43588	0.0238095238095
52540	0.0238095238095
60207	0.0238095238095
11223	0.0235294117647
3692	0.0232558139535
4286	0.0232558139535
6095	0.0232558139535
7641	0.0232558139535
12117	0.0232558139535
12581	0.0232558139535
28574	0.0232558139535
30964	0.0232558139535
35376	0.0232558139535
41221	0.0232558139535
41383	0.0232558139535
41647	0.0232558139535
41955	0.0232558139535
42038	0.0232558139535
42616	0.0232558139535
46882	0.0232558139535
48807	0.0232558139535
50626	0.0232558139535
50631	0.0232558139535
51251	0.0232558139535
59521	0.0232558139535
60589	0.0232558139535
37046	0.0229885057471
2416	0.0227272727273
3817	0.0227272727273
3865	0.0227272727273
8195	0.0227272727273
11569	0.0227272727273
12426	0.0227272727273
23112	0.0227272727273
27632	0.0227272727273
41748	0.0227272727273
42995	0.0227272727273
47234	0.0227272727273
51716	0.0227272727273
52095	0.0227272727273
60283	0.0227272727273
3187	0.0224719101124
41880	0.0224719101124
797	0.0222222222222
924	0.0222222222222
1120	0.0222222222222
3966	0.0222222222222
4250	0.0222222222222
7654	0.0222222222222
10943	0.0222222222222
30684	0.0222222222222
34622	0.0222222222222
35166	0.0222222222222
35710	0.0222222222222
41981	0.0222222222222
42503	0.0222222222222
50173	0.0222222222222
50930	0.0222222222222
51720	0.0222222222222
52868	0.0222222222222
57364	0.0222222222222
58718	0.0222222222222
5702	0.021978021978
7280	0.021978021978
28134	0.021978021978
34619	0.021978021978
48676	0.021978021978
1068	0.0217391304348
3413	0.0217391304348
4814	0.0217391304348
5225	0.0217391304348
6383	0.0217391304348
6599	0.0217391304348
7789	0.0217391304348
10295	0.0217391304348
11061	0.0217391304348
11154	0.0217391304348
12609	0.0217391304348
14003	0.0217391304348
27504	0.0217391304348
29343	0.0217391304348
30746	0.0217391304348
32664	0.0217391304348
32679	0.0217391304348
34211	0.0217391304348
34832	0.0217391304348
41454	0.0217391304348
41510	0.0217391304348
42030	0.0217391304348
51740	0.0217391304348
52847	0.0217391304348
53443	0.0217391304348
60341	0.0217391304348
52415	0.0215053763441
403	0.0212765957447
3172	0.0212765957447
7739	0.0212765957447
9801	0.0212765957447
35180	0.0212765957447
38835	0.0212765957447
39419	0.0212765957447
41735	0.0212765957447
42306	0.0212765957447
51797	0.0212765957447
52417	0.0212765957447
59691	0.0212765957447
2411	0.0211267605634
1256	0.0210526315789
33523	0.0210526315789
1241	0.0208333333333
10013	0.0208333333333
13605	0.0208333333333
15377	0.0208333333333
18763	0.0208333333333
21729	0.0208333333333
29654	0.0208333333333
30828	0.0208333333333
41337	0.0208333333333
41413	0.0208333333333
41788	0.0208333333333
42388	0.0208333333333
42516	0.0208333333333
42891	0.0208333333333
51834	0.0208333333333
56	0.0204081632653
3025	0.0204081632653
19301	0.0204081632653
20526	0.0204081632653
22000	0.0204081632653
30231	0.0204081632653
38083	0.0204081632653
39682	0.0204081632653
50850	0.0204081632653
51285	0.0204081632653
51601	0.0204081632653
51681	0.0204081632653
51933	0.0204081632653
27642	0.0202702702703
34168	0.020202020202
48662	0.020202020202
1171	0.02
2744	0.02
2941	0.02
5563	0.02
7710	0.02
9358	0.02
11135	0.02
12948	0.02
14335	0.02
14407	0.02
15471	0.02
16171	0.02
25297	0.02
33954	0.02
37930	0.02
38983	0.02
41215	0.02
42315	0.02
43475	0.02
44260	0.02
47547	0.02
49136	0.02
49571	0.02
51456	0.02
51482	0.02
3619	0.019801980198
18378	0.019801980198
52016	0.019801980198
2712	0.0196078431373
13771	0.0196078431373
14593	0.0196078431373
14872	0.0196078431373
18530	0.0196078431373
22396	0.0196078431373
24605	0.0196078431373
25316	0.0196078431373
31022	0.0196078431373
39179	0.0196078431373
41076	0.0196078431373
41163	0.0196078431373
46442	0.0196078431373
50344	0.0196078431373
51347	0.0196078431373
52523	0.0196078431373
53297	0.0196078431373
60272	0.0196078431373
11866	0.0194174757282
41618	0.0194174757282
7251	0.0192307692308
13254	0.0192307692308
27076	0.0192307692308
28542	0.0192307692308
28976	0.0192307692308
31514	0.0192307692308
31676	0.0192307692308
32600	0.0192307692308
33312	0.0192307692308
39006	0.0192307692308
43003	0.0192307692308
43717	0.0192307692308
43827	0.0192307692308
48973	0.0192307692308
50912	0.0192307692308
51348	0.0192307692308
51926	0.0192307692308
59627	0.0192307692308
60400	0.0192307692308
35100	0.0191082802548
43542	0.0190476190476
3199	0.0188679245283
3487	0.0188679245283
7875	0.0188679245283
13005	0.0188679245283
15218	0.0188679245283
21835	0.0188679245283
22510	0.0188679245283
25525	0.0188679245283
28805	0.0188679245283
28841	0.0188679245283
29785	0.0188679245283
30782	0.0188679245283
34971	0.0188679245283
40819	0.0188679245283
41246	0.0188679245283
41386	0.0188679245283
41827	0.0188679245283
42206	0.0188679245283
42572	0.0188679245283
50884	0.0188679245283
56707	0.0188679245283
10089	0.01875
2544	0.018691588785
28396	0.018691588785
53039	0.018691588785
1753	0.0185185185185
1801	0.0185185185185
2480	0.0185185185185
9822	0.0185185185185
10750	0.0185185185185
18290	0.0185185185185
19320	0.0185185185185
23190	0.0185185185185
34918	0.0185185185185
40862	0.0185185185185
41137	0.0185185185185
41359	0.0185185185185
45163	0.0185185185185
47225	0.0185185185185
48210	0.0185185185185
52592	0.0185185185185
55722	0.0185185185185
59557	0.0185185185185
41037	0.0184331797235
24373	0.0184049079755
50883	0.0182926829268
5165	0.0181818181818
5498	0.0181818181818
12608	0.0181818181818
14233	0.0181818181818
17139	0.0181818181818
22876	0.0181818181818
28477	0.0181818181818
31516	0.0181818181818
37673	0.0181818181818
41599	0.0181818181818
41658	0.0181818181818
42087	0.0181818181818
46469	0.0181818181818
50585	0.0181818181818
53093	0.0181818181818
29596	0.018018018018
52521	0.018018018018
4712	0.0178571428571
9722	0.0178571428571
17690	0.0178571428571
18703	0.0178571428571
35508	0.0178571428571
37695	0.0178571428571
42741	0.0178571428571
44153	0.0178571428571
45636	0.0178571428571
48358	0.0178571428571
52697	0.0177777777778
18815	0.0177514792899
37156	0.0176991150442
1103	0.0175438596491
4983	0.0175438596491
5280	0.0175438596491
5330	0.0175438596491
5881	0.0175438596491
16560	0.0175438596491
16723	0.0175438596491
22946	0.0175438596491
28971	0.0175438596491
29291	0.0175438596491
31169	0.0175438596491
32493	0.0175438596491
36429	0.0175438596491
37936	0.0175438596491
45004	0.0175438596491
51103	0.0175438596491
53237	0.0175438596491
53317	0.0175438596491
58913	0.0175438596491
13071	0.0173913043478
1354	0.0172413793103
2542	0.0172413793103
3002	0.0172413793103
3474	0.0172413793103
10613	0.0172413793103
11000	0.0172413793103
13120	0.0172413793103
33267	0.0172413793103
36847	0.0172413793103
37856	0.0172413793103
41471	0.0172413793103
51217	0.0172413793103
53348	0.0172413793103
26579	0.0171428571429
31011	0.017094017094
37052	0.0170212765957
1111	0.0169491525424
2127	0.0169491525424
4378	0.0169491525424
9586	0.0169491525424
12050	0.0169491525424
13125	0.0169491525424
14275	0.0169491525424
14439	0.0169491525424
19696	0.0169491525424
29538	0.0169491525424
41255	0.0169491525424
41967	0.0169491525424
45151	0.0169491525424
51120	0.0169491525424
52359	0.0169491525424
33850	0.0169014084507
41444	0.0167364016736
2831	0.0166666666667
6075	0.0166666666667
7417	0.0166666666667
9653	0.0166666666667
18916	0.0166666666667
26924	0.0166666666667
27872	0.0166666666667
31105	0.0166666666667
31479	0.0166666666667
33826	0.0166666666667
34735	0.0166666666667
37591	0.0166666666667
41205	0.0166666666667
42657	0.0166666666667
50527	0.0166666666667
53216	0.0166666666667
59533	0.0166666666667
29564	0.0165289256198
9221	0.016393442623
20450	0.016393442623
25240	0.016393442623
27548	0.016393442623
31875	0.016393442623
32405	0.016393442623
34108	0.016393442623
35245	0.016393442623
36489	0.016393442623
39078	0.016393442623
41033	0.016393442623
41375	0.016393442623
42099	0.016393442623
43663	0.016393442623
47431	0.016393442623
51857	0.016393442623
52065	0.016393442623
53122	0.016393442623
53396	0.016393442623
17583	0.0162601626016
1936	0.0161290322581
5267	0.0161290322581
11353	0.0161290322581
16593	0.0161290322581
22919	0.0161290322581
29515	0.0161290322581
33781	0.0161290322581
34521	0.0161290322581
38595	0.0161290322581
40630	0.0161290322581
52934	0.0161290322581
60086	0.0161290322581
452	0.0160427807487
50812	0.016
24173	0.0159574468085
39265	0.0159574468085
1232	0.015873015873
1673	0.015873015873
4383	0.015873015873
4630	0.015873015873
6259	0.015873015873
7722	0.015873015873
22247	0.015873015873
24087	0.015873015873
33680	0.015873015873
39657	0.015873015873
42262	0.015873015873
42454	0.015873015873
50973	0.015873015873
51060	0.015873015873
56118	0.015873015873
59504	0.015873015873
39343	0.0157894736842
15589	0.015625
17734	0.015625
23143	0.015625
23667	0.015625
24046	0.015625
24610	0.015625
24810	0.015625
33792	0.015625
41321	0.015625
42360	0.015625
44120	0.015625
48926	0.015625
52542	0.015625
22941	0.015503875969
363	0.0153846153846
1685	0.0153846153846
2905	0.0153846153846
9669	0.0153846153846
11535	0.0153846153846
14710	0.0153846153846
24487	0.0153846153846
25810	0.0153846153846
27517	0.0153846153846
32226	0.0153846153846
34932	0.0153846153846
35030	0.0153846153846
36596	0.0153846153846
40503	0.0153846153846
42309	0.0153846153846
43171	0.0153846153846
50881	0.0153846153846
51403	0.0153846153846
51616	0.0153846153846
51738	0.0153846153846
52222	0.0153846153846
52715	0.0153846153846
21507	0.015306122449
36686	0.015306122449
8246	0.0152671755725
2216	0.0152284263959
40983	0.0152284263959
6221	0.0151515151515
11322	0.0151515151515
16510	0.0151515151515
17969	0.0151515151515
20744	0.0151515151515
22741	0.0151515151515
25383	0.0151515151515
32246	0.0151515151515
34532	0.0151515151515
41710	0.0151515151515
41793	0.0151515151515
51624	0.0151515151515
53189	0.0151515151515
60482	0.0151515151515
7974	0.015
113	0.0149253731343
5658	0.0149253731343
26608	0.0149253731343
29554	0.0149253731343
29680	0.0149253731343
41908	0.0149253731343
42096	0.0149253731343
42714	0.0149253731343
52057	0.0149253731343
52488	0.0149253731343
60092	0.0149253731343
32738	0.0148514851485
4070	0.0148148148148
1117	0.0147601476015
846	0.0147058823529
5368	0.0147058823529
5513	0.0147058823529
13076	0.0147058823529
17598	0.0147058823529
19996	0.0147058823529
25840	0.0147058823529
29778	0.0147058823529
30751	0.0147058823529
32931	0.0147058823529
34670	0.0147058823529
41381	0.0147058823529
52128	0.0147058823529
52131	0.0147058823529
52548	0.0147058823529
59648	0.0147058823529
5419	0.0145631067961
103	0.0144927536232
398	0.0144927536232
3979	0.0144927536232
7101	0.0144927536232
7330	0.0144927536232
15357	0.0144927536232
17696	0.0144927536232
22234	0.0144927536232
27235	0.0144927536232
32480	0.0144927536232
34824	0.0144927536232
41334	0.0144927536232
41762	0.0144927536232
41984	0.0144927536232
46039	0.0144927536232
17771	0.0143884892086
25440	0.0143884892086
29818	0.0143884892086
51274	0.0143884892086
1098	0.0142857142857
4409	0.0142857142857
7073	0.0142857142857
13099	0.0142857142857
26601	0.0142857142857
30585	0.0142857142857
32432	0.0142857142857
35961	0.0142857142857
41351	0.0142857142857
42328	0.0142857142857
45143	0.0142857142857
47136	0.0142857142857
52450	0.0142857142857
59536	0.0142857142857
11060	0.0141843971631
40344	0.0141843971631
30672	0.0140845070423
34998	0.0140845070423
41405	0.0140845070423
42618	0.0140845070423
46509	0.0140845070423
50578	0.0140845070423
4704	0.0138888888889
14126	0.0138888888889
19597	0.0138888888889
30679	0.0138888888889
32651	0.0138888888889
38682	0.0138888888889
40923	0.0138888888889
42204	0.0138888888889
52239	0.0138888888889
38293	0.0138408304498
38907	0.0137931034483
42750	0.0137931034483
22050	0.013698630137
26765	0.013698630137
27910	0.013698630137
34652	0.013698630137
35467	0.013698630137
39342	0.013698630137
40847	0.013698630137
41397	0.013698630137
41633	0.013698630137
41848	0.013698630137
52121	0.013698630137
52309	0.013698630137
52876	0.013698630137
41011	0.0136054421769
4075	0.0135135135135
27419	0.0135135135135
28458	0.0135135135135
29010	0.0135135135135
37117	0.0135135135135
37592	0.0135135135135
46050	0.0135135135135
16917	0.0134408602151
51254	0.0134228187919
11168	0.0133333333333
13621	0.0133333333333
16969	0.0133333333333
26233	0.0133333333333
32823	0.0133333333333
41262	0.0133333333333
41579	0.0133333333333
42892	0.0133333333333
44485	0.0133333333333
50900	0.0133333333333
1281	0.0131578947368
2874	0.0131578947368
7084	0.0131578947368
7449	0.0131578947368
11519	0.0131578947368
12585	0.0131578947368
18503	0.0131578947368
19843	0.0131578947368
36120	0.0131578947368
36395	0.0131578947368
41210	0.0131578947368
41390	0.0131578947368
42914	0.0131578947368
42925	0.0131578947368
43630	0.0131578947368
50875	0.0131578947368
53184	0.0131578947368
2776	0.0130718954248
23244	0.0130718954248
6271	0.012987012987
8259	0.012987012987
27255	0.012987012987
30973	0.012987012987
35117	0.012987012987
52255	0.012987012987
53328	0.012987012987
40977	0.0129310344828
41140	0.0128755364807
14555	0.0128205128205
15917	0.0128205128205
18119	0.0128205128205
19521	0.0128205128205
43872	0.0128205128205
44323	0.0128205128205
51049	0.0128205128205
51292	0.0128205128205
17152	0.0127388535032
322	0.0126582278481
2387	0.0126582278481
4728	0.0126582278481
13036	0.0126582278481
19469	0.0126582278481
38899	0.0126582278481
40645	0.0126582278481
51746	0.0126582278481
52476	0.0126582278481
59607	0.0126582278481
17637	0.0125786163522
40979	0.012539184953
1922	0.0125
4047	0.0125
8089	0.0125
14181	0.0125
19034	0.0125
26175	0.0125
30694	0.0125
36078	0.0125
41350	0.0125
44335	0.0125
51509	0.0125
51683	0.0125
6213	0.0124223602484
19314	0.0124223602484
3669	0.0123456790123
3787	0.0123456790123
11079	0.0123456790123
15233	0.0123456790123
15354	0.0123456790123
18366	0.0123456790123
27173	0.0123456790123
28545	0.0123456790123
35526	0.0123456790123
42813	0.0123456790123
38758	0.0122699386503
4510	0.0121951219512
7884	0.0121951219512
9924	0.0121951219512
26172	0.0121951219512
28456	0.0121951219512
29095	0.0121951219512
33124	0.0121951219512
41241	0.0121951219512
41571	0.0121951219512
43200	0.0121951219512
46558	0.0121951219512
2917	0.0120481927711
6494	0.0120481927711
14353	0.0120481927711
14757	0.0120481927711
22881	0.0120481927711
35679	0.0120481927711
39426	0.0120481927711
41313	0.0120481927711
43327	0.0120481927711
47995	0.0120481927711
52231	0.0120481927711
456	0.0119760479042
4753	0.0119047619048
12475	0.0119047619048
16838	0.0119047619048
39722	0.0119047619048
41096	0.0119047619048
43338	0.0119047619048
2424	0.0117647058824
7411	0.0117647058824
10326	0.0117647058824
12943	0.0117647058824
18139	0.0117647058824
18192	0.0117647058824
19465	0.0117647058824
24698	0.0117647058824
32927	0.0117647058824
34149	0.0117647058824
34683	0.0117647058824
36736	0.0117647058824
39024	0.0117647058824
41433	0.0117647058824
44136	0.0117647058824
51343	0.0117647058824
52693	0.0117647058824
7344	0.0116959064327
12194	0.0116959064327
21662	0.0116959064327
37409	0.0116959064327
48572	0.0116959064327
51155	0.0116959064327
17147	0.011673151751
3943	0.0116618075802
7346	0.0116279069767
8142	0.0116279069767
18596	0.0116279069767
20629	0.0116279069767
25117	0.0116279069767
30943	0.0116279069767
34190	0.0116279069767
41773	0.0116279069767
42398	0.0116279069767
49401	0.0116279069767
50949	0.0116279069767
56496	0.0116279069767
10852	0.0115606936416
730	0.0114942528736
1553	0.0114942528736
26274	0.0114942528736
34241	0.0114942528736
37073	0.0114942528736
41378	0.0114285714286
21715	0.0113636363636
26313	0.0113636363636
27387	0.0113636363636
29024	0.0113636363636
29603	0.0113636363636
40992	0.0113636363636
41272	0.0113636363636
57798	0.0113636363636
33727	0.0112994350282
9826	0.0112570356473
2811	0.0112359550562
12800	0.0112359550562
12831	0.0112359550562
24717	0.0112359550562
35516	0.0112359550562
43391	0.0112359550562
45199	0.0112359550562
50642	0.0112359550562
50939	0.0112359550562
51043	0.0112359550562
51229	0.0112359550562
33862	0.0111731843575
763	0.0111111111111
2679	0.0111111111111
5656	0.0111111111111
10103	0.0111111111111
17556	0.0111111111111
18673	0.0111111111111
19506	0.0111111111111
22843	0.0111111111111
45033	0.0111111111111
16935	0.0110497237569
52383	0.0110497237569
1528	0.010989010989
7301	0.010989010989
14245	0.010989010989
14573	0.010989010989
16447	0.010989010989
18756	0.010989010989
19420	0.010989010989
21983	0.010989010989
22121	0.010989010989
25400	0.010989010989
36054	0.010989010989
43276	0.010989010989
51655	0.010989010989
51905	0.010989010989
24970	0.0109289617486
4661	0.0108695652174
9609	0.0108695652174
32923	0.0108695652174
38287	0.0108695652174
51967	0.0108695652174
631	0.0108459869848
41177	0.0108108108108
51158	0.0107913669065
1231	0.010752688172
1788	0.010752688172
2288	0.010752688172
7472	0.010752688172
7734	0.010752688172
17686	0.010752688172
28793	0.010752688172
32130	0.010752688172
34471	0.010752688172
36606	0.010752688172
41013	0.010752688172
41533	0.010752688172
41546	0.010752688172
41968	0.010752688172
43834	0.010752688172
6573	0.0106951871658
30794	0.0106761565836
3542	0.0106382978723
10388	0.0106382978723
13999	0.0106382978723
24316	0.0106382978723
29243	0.0106382978723
32778	0.0106382978723
50898	0.0106382978723
21557	0.010582010582
4335	0.0105633802817
35809	0.0105540897098
819	0.0105263157895
3842	0.0105263157895
6440	0.0105263157895
13385	0.0105263157895
22731	0.0105263157895
25221	0.0105263157895
29816	0.0105263157895
30812	0.0105263157895
33855	0.0105263157895
36632	0.0105263157895
40985	0.0105263157895
41833	0.0105263157895
51092	0.0105263157895
52817	0.0105263157895
16273	0.0104712041885
41417	0.0104529616725
21375	0.0104166666667
41525	0.0104166666667
49335	0.0104166666667
50984	0.0104166666667
30938	0.0103626943005
160	0.0103092783505
21379	0.0103092783505
22398	0.0103092783505
27687	0.0103092783505
31298	0.0103092783505
32700	0.0103092783505
34105	0.0103092783505
37162	0.0103092783505
41340	0.0103092783505
42326	0.0103092783505
51112	0.0103092783505
26599	0.0102564102564
7124	0.0102040816327
13258	0.0102040816327
36894	0.0102040816327
40936	0.0102040816327
41222	0.0102040816327
41385	0.0102040816327
41649	0.0102040816327
43575	0.0102040816327
26158	0.010152284264
766	0.010101010101
1755	0.010101010101
2344	0.010101010101
23080	0.010101010101
27019	0.010101010101
34104	0.010101010101
22230	0.0100502512563
37194	0.0100502512563
41452	0.0100502512563
17066	0.01
20752	0.01
41083	0.01
41106	0.01
41228	0.01
41530	0.01
41570	0.01
48910	0.01
41070	0.00995024875622
3288	0.00990099009901
3861	0.00990099009901
29360	0.00990099009901
38338	0.00990099009901
52089	0.00990099009901
52362	0.00990099009901
60987	0.00990099009901
24684	0.00982800982801
156	0.00980392156863
26592	0.00980392156863
41047	0.00980392156863
41934	0.00980392156863
51804	0.00980392156863
17110	0.00970873786408
21666	0.00970873786408
22601	0.00970873786408
31692	0.00970873786408
33751	0.00970873786408
41634	0.00970873786408
52283	0.00970873786408
51027	0.00967741935484
41092	0.00963855421687
6601	0.00961538461538
9288	0.00961538461538
13927	0.00961538461538
25092	0.00961538461538
37670	0.00961538461538
41093	0.00961538461538
42363	0.00961538461538
49791	0.00961538461538
51563	0.00961538461538
51901	0.00961538461538
52225	0.00961538461538
9625	0.00956937799043
5100	0.00955414012739
4943	0.00952380952381
5023	0.00952380952381
6254	0.00952380952381
11294	0.00952380952381
23514	0.00952380952381
28486	0.00952380952381
29707	0.00952380952381
30806	0.00952380952381
37225	0.00952380952381
51228	0.00952380952381
41942	0.00947867298578
4770	0.00943396226415
19922	0.00943396226415
20785	0.00943396226415
33716	0.00943396226415
41167	0.00943396226415
43337	0.00943396226415
1975	0.00934579439252
4836	0.00934579439252
6305	0.00934579439252
11760	0.00934579439252
41078	0.00934579439252
45587	0.00934579439252
1364	0.00925925925926
1739	0.00925925925926
32784	0.00925925925926
43824	0.00925925925926
47265	0.00925925925926
50506	0.00925925925926
50886	0.00925925925926
4951	0.00921658986175
27051	0.00921658986175
27906	0.00920245398773
1821	0.00917431192661
4541	0.00917431192661
11397	0.00917431192661
13891	0.00917431192661
21694	0.00917431192661
32490	0.00917431192661
36275	0.00917431192661
38262	0.00917431192661
41018	0.00917431192661
41426	0.00917431192661
43219	0.00917431192661
52024	0.00917431192661
7513	0.00909090909091
17389	0.00909090909091
18002	0.00909090909091
22195	0.00909090909091
33572	0.00909090909091
35136	0.00909090909091
41257	0.00909090909091
41935	0.00909090909091
18361	0.00903614457831
3077	0.00900900900901
11145	0.00900900900901
25918	0.00900900900901
26162	0.00900900900901
28141	0.00900900900901
28711	0.00900900900901
29583	0.00900900900901
32626	0.00900900900901
43749	0.00900900900901
26251	0.00892857142857
3317	0.00884955752212
23789	0.00884955752212
37060	0.00884955752212
39288	0.00884955752212
41715	0.00884955752212
51099	0.00884955752212
18172	0.00881057268722
397	0.00877192982456
14730	0.00877192982456
22813	0.00877192982456
27649	0.00877192982456
30949	0.00877192982456
39039	0.00877192982456
51139	0.00877192982456
2722	0.00873362445415
10727	0.00873362445415
4523	0.00869565217391
10646	0.00869565217391
31306	0.00869565217391
50936	0.00869565217391
52428	0.00869565217391
3986	0.00862068965517
5603	0.00862068965517
10340	0.00862068965517
12756	0.00862068965517
13124	0.00862068965517
26741	0.00862068965517
41943	0.00862068965517
53200	0.00862068965517
21523	0.00858369098712
13428	0.00854700854701
18301	0.00854700854701
29780	0.00854700854701
41023	0.00854700854701
41134	0.00854700854701
41322	0.00854700854701
41519	0.00854700854701
52368	0.00854700854701
32811	0.00851063829787
26868	0.00847457627119
27582	0.00847457627119
39210	0.00847457627119
39404	0.00847457627119
25078	0.00845070422535
47611	0.00845070422535
41003	0.00842105263158
18973	0.00840336134454
20111	0.00840336134454
25091	0.00840336134454
34210	0.00840336134454
35951	0.00840336134454
41826	0.00840336134454
4057	0.00836820083682
33552	0.00833333333333
41127	0.00833333333333
44776	0.00833333333333
49689	0.00833333333333
37111	0.00831946755408
5311	0.00826446280992
11383	0.00826446280992
34519	0.00826446280992
41270	0.00826446280992
52471	0.00826446280992
4327	0.0082304526749
14646	0.00819672131148
25416	0.00819672131148
36494	0.00819672131148
43787	0.00819672131148
45093	0.00819672131148
47675	0.00819672131148
30799	0.00817438692098
28633	0.00816326530612
23265	0.00815217391304
3544	0.00813008130081
18205	0.00813008130081
51989	0.00813008130081
2	0.00811359026369
29971	0.00808625336927
9104	0.00806451612903
10789	0.00806451612903
21915	0.00806451612903
27404	0.00806451612903
30849	0.00806451612903
37599	0.00806451612903
40562	0.00806451612903
41050	0.00806451612903
51232	0.00806451612903
51765	0.00806451612903
59505	0.00806451612903
17952	0.00803212851406
47628	0.00803212851406
3006	0.008
18641	0.008
25305	0.008
37184	0.008
40394	0.008
41355	0.008
39027	0.00796812749004
11	0.00793650793651
2215	0.00793650793651
9753	0.00793650793651
14686	0.00793650793651
19429	0.00793650793651
52332	0.00793650793651
392	0.00787401574803
17015	0.00787401574803
18276	0.00787401574803
32146	0.00787401574803
33577	0.00787401574803
41056	0.00787401574803
59919	0.00787401574803
2071	0.0078125
21252	0.0078125
30324	0.0078125
41411	0.0078125
51030	0.0078125
36398	0.00779727095517
1921	0.00778210116732
3273	0.00777777777778
2090	0.0077519379845
9184	0.0077519379845
17554	0.0077519379845
26711	0.0077519379845
35847	0.0077519379845
41682	0.0077519379845
900	0.0077399380805
33895	0.00772200772201
20630	0.00771208226221
21797	0.00770712909441
2094	0.00769230769231
3826	0.00769230769231
7427	0.00769230769231
19111	0.00769230769231
33481	0.00769230769231
2463	0.00764818355641
18226	0.00763358778626
27207	0.00763358778626
27934	0.00763358778626
41055	0.00763358778626
51666	0.00763358778626
31868	0.00761421319797
15207	0.00760456273764
6352	0.00757575757576
6789	0.00757575757576
14502	0.00757575757576
14698	0.00757575757576
42156	0.00757575757576
42302	0.00757575757576
40971	0.00754716981132
19792	0.00751879699248
21742	0.00751879699248
22408	0.00751879699248
22479	0.00751879699248
26437	0.00751879699248
27209	0.00751879699248
30845	0.00751879699248
34199	0.00751879699248
41693	0.00751879699248
2171	0.00746268656716
9818	0.00746268656716
41819	0.00746268656716
51496	0.00746268656716
1119	0.00745341614907
3492	0.00740740740741
10047	0.00740740740741
23532	0.00740740740741
28559	0.00740740740741
38080	0.00740740740741
51178	0.00740740740741
2152	0.00738007380074
29992	0.00738007380074
3793	0.00735294117647
15782	0.00735294117647
18556	0.00735294117647
27409	0.00735294117647
29543	0.00735294117647
51054	0.00735294117647
40334	0.00732600732601
40965	0.0073230268511
3426	0.00729927007299
21550	0.00729927007299
49749	0.00729927007299
56100	0.00729927007299
3116	0.00727272727273
12998	0.00727272727273
2850	0.00724637681159
11087	0.00724637681159
12646	0.00724637681159
4399	0.00719424460432
10162	0.00719424460432
22621	0.00719424460432
29394	0.00719424460432
43354	0.00719424460432
49403	0.00719424460432
51164	0.00719424460432
28443	0.00716845878136
29739	0.00716845878136
4582	0.00714285714286
13633	0.00714285714286
16340	0.00714285714286
36037	0.00714285714286
39323	0.00714285714286
41398	0.00714285714286
38203	0.00713893465129
9295	0.00709219858156
12830	0.00709219858156
16831	0.00709219858156
17605	0.00709219858156
19799	0.00709219858156
36418	0.00709219858156
51225	0.00709219858156
1118	0.00707850707851
27525	0.00707547169811
41027	0.00707547169811
2312	0.00706713780919
25414	0.00704225352113
30793	0.00704225352113
41161	0.00704225352113
2789	0.00699300699301
7413	0.00699300699301
17904	0.00699300699301
28750	0.00699300699301
51568	0.00699300699301
25586	0.00696055684455
35045	0.00696055684455
18997	0.00694444444444
38820	0.00694444444444
51266	0.00694444444444
41368	0.00692041522491
868	0.00691244239631
7518	0.00691244239631
9245	0.00689655172414
13955	0.00688468158348
1752	0.00684931506849
50963	0.00684931506849
3022	0.00680272108844
19965	0.00680272108844
27226	0.00680272108844
35535	0.00680272108844
41181	0.00680272108844
3445	0.00675675675676
9646	0.00675675675676
38657	0.00675675675676
39874	0.00675675675676
40351	0.00675675675676
41116	0.00675675675676
41287	0.00675675675676
3991	0.00673400673401
18278	0.00673400673401
2448	0.00671140939597
25444	0.00671140939597
36897	0.00671140939597
1743	0.00670016750419
2401	0.0066889632107
689	0.00668151447661
3827	0.00668151447661
9178	0.00666666666667
36594	0.00666666666667
2419	0.00664893617021
3733	0.00664767331434
29861	0.00663716814159
14013	0.00662251655629
17318	0.00662251655629
3133	0.00661375661376
632	0.00657894736842
5012	0.00657894736842
10010	0.00657894736842
12777	0.00657894736842
14352	0.00657894736842
27952	0.00657894736842
37747	0.00657894736842
39085	0.00657894736842
11727	0.00657276995305
1928	0.00655737704918
41154	0.00655737704918
1990	0.00653594771242
6781	0.00653594771242
13121	0.00653594771242
26098	0.00653594771242
41331	0.00653594771242
40995	0.00651890482399
2898	0.00651465798046
41042	0.00651465798046
14122	0.00649350649351
16379	0.00649350649351
17301	0.00649350649351
22830	0.00649350649351
26318	0.00649350649351
41066	0.00649350649351
44847	0.00649350649351
8681	0.00645161290323
17483	0.00645161290323
35049	0.0064308681672
4121	0.00642054574639
5089	0.00641025641026
51071	0.00641025641026
1918	0.00636942675159
4337	0.00636942675159
11172	0.00636942675159
23999	0.00636942675159
46722	0.00636942675159
11481	0.00634920634921
41039	0.00634920634921
10248	0.00632911392405
21311	0.00632911392405
23299	0.00632911392405
33762	0.00632911392405
33922	0.00632911392405
50901	0.00632911392405
51575	0.00632911392405
27809	0.00631911532385
9200	0.0063025210084
13063	0.0062893081761
37557	0.0062893081761
42145	0.0062893081761
17979	0.00625
20591	0.00625
22383	0.00624133148405
3554	0.00621118012422
4464	0.00621118012422
5715	0.00621118012422
7161	0.00621118012422
15851	0.00621118012422
9642	0.00619578686493
4135	0.00617283950617
19687	0.00617283950617
30020	0.00617283950617
712	0.00609756097561
12467	0.00609756097561
13212	0.00609756097561
20335	0.00609756097561
40989	0.00609756097561
26893	0.00607902735562
254	0.00606060606061
1389	0.00606060606061
24606	0.00606060606061
41250	0.00606060606061
2403	0.00602409638554
4508	0.00602409638554
21989	0.00602409638554
5593	0.0060120240481
32453	0.00600600600601
4868	0.0059880239521
17711	0.0059880239521
23222	0.0059880239521
26566	0.0059880239521
59661	0.0059880239521
7509	0.00595238095238
38800	0.00595238095238
39548	0.00595238095238
39447	0.00594530321046
34169	0.00592885375494
8210	0.00591715976331
40972	0.00591715976331
52738	0.00591715976331
4743	0.00588235294118
11887	0.00588235294118
13064	0.00588235294118
18340	0.00588235294118
41000	0.00588235294118
41434	0.00588235294118
107	0.00584795321637
22104	0.00584795321637
22838	0.00584795321637
23415	0.00584795321637
40482	0.00584795321637
59506	0.00584795321637
11232	0.00583090379009
76	0.00581395348837
3239	0.00581395348837
10157	0.00581395348837
25942	0.00581395348837
33841	0.00581395348837
41609	0.00581395348837
50652	0.00581395348837
51699	0.00581395348837
38793	0.00580046403712
28047	0.00579710144928
28810	0.00579710144928
3946	0.00578034682081
9656	0.00578034682081
22026	0.00578034682081
25332	0.00578034682081
25487	0.00578034682081
34121	0.00578034682081
50987	0.00578034682081
3260	0.00576368876081
22579	0.00576368876081
29591	0.00576368876081
2588	0.00574712643678
4485	0.00574712643678
7349	0.00574712643678
14862	0.00574712643678
22018	0.00574712643678
42954	0.00574712643678
51168	0.00574712643678
3527	0.0057361376673
4708	0.00573065902579
37198	0.00573065902579
14343	0.00571428571429
32594	0.00571428571429
42450	0.00571428571429
41068	0.00570342205323
23786	0.00569800569801
1390	0.00568181818182
7751	0.00564971751412
14206	0.00564971751412
36710	0.00564971751412
25554	0.0056338028169
41985	0.00562851782364
14361	0.00561797752809
20527	0.00561797752809
26085	0.00561797752809
31850	0.00561797752809
2660	0.00558659217877
19897	0.00558659217877
32087	0.00558659217877
44599	0.00558659217877
49336	0.00558659217877
6194	0.00555555555556
34667	0.00555555555556
40975	0.00555555555556
52638	0.00555555555556
28051	0.00555114988105
33634	0.00552486187845
34224	0.00551267916207
1170	0.00549450549451
19338	0.00549450549451
28700	0.00549450549451
34367	0.0054844606947
41040	0.00546448087432
2333	0.00545454545455
25453	0.00544959128065
34830	0.00544959128065
41132	0.00544959128065
921	0.0054347826087
9251	0.0054347826087
16516	0.0054347826087
30466	0.0054347826087
4916	0.00542495479204
5116	0.00540540540541
11359	0.00540540540541
30901	0.00540540540541
3548	0.00537634408602
8724	0.00537634408602
37776	0.00537634408602
51211	0.00537634408602
11201	0.00535714285714
33887	0.00535714285714
35178	0.00535714285714
39510	0.00534759358289
18374	0.00531914893617
18813	0.00531914893617
38659	0.00531914893617
41404	0.00531914893617
51151	0.00531914893617
38794	0.00531443755536
38822	0.0053050397878
7340	0.00530222693531
5367	0.00529100529101
7505	0.00529100529101
18112	0.00529100529101
25047	0.00529100529101
41583	0.00529100529101
4489	0.00528169014085
27949	0.00527704485488
25098	0.00527240773286
4518	0.00526777875329
16420	0.00526315789474
12188	0.00523560209424
24522	0.00523560209424
33879	0.00523560209424
48489	0.00523560209424
1422	0.00521512385919
14207	0.00520833333333
32483	0.00520833333333
41610	0.00520833333333
51038	0.00520833333333
19598	0.00520494469746
36999	0.00519480519481
23373	0.00518134715026
24889	0.00518134715026
5519	0.00517687661777
28407	0.0051724137931
12017	0.00516795865633
4675	0.00515463917526
25891	0.00515463917526
29863	0.00515463917526
30982	0.00515463917526
10266	0.00512820512821
1680	0.00512163892446
4396	0.00511836212412
19601	0.00510576221736
11664	0.00510204081633
41157	0.00510204081633
50980	0.00510204081633
26235	0.00507614213198
3250	0.00505050505051
10987	0.00505050505051
23642	0.00505050505051
2169	0.005
22524	0.005
22572	0.005
41102	0.00497512437811
13317	0.0049504950495
30874	0.0049504950495
5420	0.00493218249075
41090	0.00493218249075
4439	0.00492610837438
21337	0.00492610837438
41085	0.00492610837438
22743	0.00489396411093
51697	0.00487804878049
18584	0.00487210718636
1853	0.00485436893204
10281	0.00484261501211
9761	0.0048309178744
26195	0.0048309178744
41223	0.0048309178744
47787	0.0048309178744
1380	0.00481927710843
10653	0.00480769230769
12824	0.00480769230769
21321	0.00480769230769
37689	0.00480769230769
18960	0.00477897252091
17306	0.0047619047619
11782	0.00473933649289
15306	0.00473933649289
20173	0.00473933649289
27529	0.00473933649289
31536	0.00473933649289
33678	0.00472813238771
3515	0.00471698113208
10166	0.00471698113208
21978	0.00471698113208
41071	0.00471698113208
4173	0.00469483568075
4695	0.00469483568075
4705	0.00469483568075
4706	0.00469483568075
28290	0.00469483568075
50885	0.00469483568075
53342	0.00469483568075
18307	0.00468933177022
5056	0.00467289719626
22971	0.00467289719626
41555	0.00467289719626
1489	0.0046511627907
14716	0.0046511627907
5553	0.0046403712297
5112	0.00463883366468
29399	0.00462962962963
39136	0.00462249614792
1309	0.00460829493088
34999	0.00460829493088
41521	0.00460829493088
11778	0.00459770114943
40289	0.00459770114943
8397	0.0045871559633
41012	0.0045871559633
6304	0.00457317073171
11165	0.00456621004566
5643	0.00453857791225
562	0.00452488687783
14369	0.00452488687783
17611	0.00452488687783
21845	0.0045045045045
27535	0.00449101796407
25431	0.00448430493274
34929	0.00448430493274
38795	0.00448430493274
5918	0.00446428571429
11230	0.00446428571429
17346	0.00446428571429
4430	0.00445434298441
26805	0.00445235975067
53069	0.00444444444444
1361	0.00442477876106
13095	0.00442477876106
5000	0.00440528634361
23666	0.0043956043956
1399	0.00438596491228
40981	0.00438596491228
20075	0.00437636761488
37660	0.00436681222707
42374	0.00436681222707
50851	0.00434782608696
51721	0.00434782608696
52258	0.00434782608696
4654	0.0043431053203
25738	0.00433651344319
4764	0.00431034482759
39209	0.00431034482759
40411	0.00431034482759
1497	0.00430802369413
1632	0.00429184549356
2613	0.00429184549356
35400	0.00429184549356
4578	0.00428954423592
18311	0.0042872454448
2186	0.00428571428571
29492	0.0042735042735
40978	0.0042735042735
50937	0.0042735042735
4137	0.00425531914894
28742	0.00424178154825
14360	0.00423728813559
35703	0.00422832980973
13960	0.0042194092827
50105	0.0042194092827
2037	0.00420757363254
5237	0.00420168067227
41329	0.00418410041841
15794	0.00416666666667
31882	0.00416666666667
5432	0.00416377515614
1062	0.00414937759336
4900	0.00414937759336
6372	0.00414937759336
17068	0.00414937759336
33495	0.00414937759336
44281	0.00414937759336
51724	0.00414937759336
31440	0.00414250207125
37115	0.00413223140496
37169	0.00413223140496
36394	0.00412371134021
3531	0.00411522633745
10920	0.00411522633745
27927	0.00411522633745
13111	0.00410316529894
4937	0.00410256410256
210	0.00409836065574
20779	0.00409836065574
27865	0.00409836065574
30805	0.00409836065574
35563	0.00409836065574
41353	0.00409836065574
29854	0.00409276944065
37104	0.00408163265306
41499	0.00408163265306
7419	0.00406504065041
36392	0.00406504065041
51173	0.00406504065041
5157	0.00404858299595
37762	0.00404858299595
49392	0.00404858299595
39549	0.0040404040404
9138	0.00401606425703
8709	0.00400266844563
31170	0.004
50845	0.004
39383	0.00398406374502
50327	0.00398406374502
18607	0.00396825396825
41109	0.00395256916996
10287	0.00393700787402
41164	0.00393700787402
3729	0.00392156862745
44117	0.00392156862745
4846	0.00391236306729
869	0.00390911311996
40968	0.00389105058366
5673	0.003861003861
20875	0.003861003861
27358	0.003861003861
34858	0.003861003861
37427	0.00384615384615
40984	0.00384615384615
4005	0.00383141762452
47637	0.00383141762452
6427	0.00382465431009
31312	0.00381679389313
17586	0.00380952380952
34751	0.00380228136882
5503	0.00378429517502
16956	0.00377358490566
41347	0.00377358490566
41253	0.00375939849624
26508	0.00374531835206
4655	0.00371747211896
13216	0.0037037037037
26416	0.0037037037037
41001	0.0037037037037
4563	0.00369685767098
17939	0.00369003690037
31877	0.00369003690037
32862	0.0036832412523
3312	0.00367647058824
29909	0.00367647058824
8732	0.00366972477064
38790	0.003663003663
11769	0.0036563071298
10251	0.0036496350365
19288	0.0036496350365
29372	0.0036496350365
22929	0.00364298724954
5231	0.00364014560582
33142	0.00363636363636
13935	0.0036231884058
38232	0.0036231884058
41016	0.00361271676301
4711	0.00361010830325
5809	0.00359712230216
25405	0.00357142857143
40962	0.00357142857143
5599	0.00354609929078
40980	0.00352112676056
41065	0.00352112676056
41705	0.00352112676056
2745	0.00351370344343
22744	0.00350569675723
1931	0.00350262697023
7390	0.0034965034965
13056	0.0034965034965
4242	0.00348432055749
41364	0.00348432055749
14750	0.00347222222222
51212	0.00345423143351
862	0.00343642611684
11381	0.00343642611684
30980	0.00343642611684
38807	0.00343642611684
32832	0.00342465753425
28286	0.00340136054422
53040	0.00340136054422
19090	0.00337837837838
51006	0.00335570469799
21772	0.00332225913621
6954	0.00331125827815
7214	0.003300330033
23011	0.003300330033
6444	0.00328947368421
7312	0.00328947368421
18699	0.00325732899023
6812	0.00325467860049
14253	0.00325203252033
253	0.00324324324324
26863	0.00323624595469
34637	0.00323624595469
34548	0.00322580645161
5512	0.0032154340836
7175	0.0032154340836
16209	0.00320512820513
24958	0.00320512820513
41258	0.00320512820513
6360	0.00319488817891
20416	0.00319488817891
684	0.0031847133758
32188	0.00317965023847
17355	0.0031746031746
41067	0.00316455696203
2409	0.00314465408805
22643	0.00314465408805
13339	0.00313971742543
12121	0.003125
35237	0.00311526479751
41126	0.00311526479751
1984	0.00310559006211
16927	0.00306748466258
17715	0.00306748466258
27527	0.00306748466258
25113	0.0030487804878
23150	0.00304414003044
18613	0.00302800908403
992	0.00300751879699
893	0.003003003003
1135	0.003003003003
40982	0.003003003003
20542	0.00298953662182
5120	0.00296735905045
511	0.00295857988166
17987	0.00294117647059
3535	0.00290697674419
29845	0.00290697674419
40964	0.00289855072464
2030	0.0028901734104
34147	0.002849002849
50863	0.00283687943262
1700	0.0028328611898
11307	0.0028328611898
37392	0.00282485875706
3788	0.00278551532033
1503	0.00277777777778
41048	0.00277008310249
25324	0.00276243093923
742	0.00274725274725
38492	0.00274348422497
27651	0.0027397260274
3553	0.00272479564033
7317	0.00271739130435
5622	0.00271002710027
38932	0.0027027027027
879	0.00269541778976
3059	0.00269541778976
6689	0.00268817204301
41097	0.00268817204301
15373	0.00268096514745
28830	0.00268096514745
20506	0.00267022696929
50933	0.0026525198939
2840	0.00263620386643
9135	0.00262467191601
2381	0.00260078023407
18515	0.0025974025974
19547	0.00258397932817
12969	0.0025641025641
5204	0.00255918106206
9538	0.00255536626917
23481	0.00255102040816
18777	0.00253592561285
41010	0.00251256281407
3689	0.00250626566416
30899	0.00249066002491
41031	0.00247524752475
1628	0.00246913580247
51096	0.00246305418719
51133	0.00246305418719
15636	0.00245098039216
23174	0.00244498777506
932	0.00243902439024
39709	0.00243902439024
7100	0.00239234449761
41467	0.00237529691211
2290	0.00232018561485
38191	0.00231749710313
12388	0.00230946882217
7300	0.00230414746544
28405	0.00229095074456
26602	0.00227445034117
11675	0.00226244343891
497	0.00225733634312
3499	0.00223214285714
28832	0.00220750551876
45223	0.00216919739696
49394	0.00215053763441
3280	0.00214592274678
40988	0.00214592274678
41332	0.00214592274678
5693	0.00212314225053
15228	0.0021186440678
11169	0.00210970464135
12423	0.00210970464135
19599	0.00208768267223
23782	0.00205761316872
29309	0.00205761316872
1902	0.00203873598369
25051	0.00202839756592
17938	0.00201207243461
5768	0.0019801980198
39785	0.00197044334975
9647	0.0019120458891
34369	0.00189753320683
28821	0.0018691588785
30269	0.00184501845018
51041	0.0018281535649
3933	0.00182481751825
32612	0.00182481751825
27489	0.0018018018018
37426	0.00178890876565
21745	0.0017825311943
39915	0.0017793594306
5218	0.00177304964539
949	0.00173913043478
37737	0.00173611111111
41074	0.00171232876712
11655	0.00168067226891
38925	0.00166666666667
7261	0.00164473684211
2326	0.00160256410256
18456	0.0015923566879
1064	0.00155279503106
38584	0.00153846153846
17596	0.00150602409639
26584	0.00141242937853
40987	0.00139470013947
3720	0.00129533678756
3365	0.00118203309693
29277	0.00118203309693
27890	0.00116144018583
2007	0.00109170305677
1048	0.000942507068803
