29738	0.333333333333
39436	0.333333333333
43844	0.333333333333
47917	0.333333333333
48667	0.333333333333
50464	0.333333333333
51082	0.333333333333
52652	0.333333333333
55984	0.333333333333
10518	0.25
35184	0.25
54160	0.25
56942	0.25
24986	0.2
39469	0.2
44933	0.2
9324	0.166666666667
11723	0.166666666667
16048	0.166666666667
23070	0.166666666667
41121	0.166666666667
50376	0.166666666667
53454	0.166666666667
8415	0.142857142857
28451	0.142857142857
29084	0.142857142857
29123	0.142857142857
42777	0.142857142857
43540	0.142857142857
7455	0.125
23630	0.125
41361	0.125
59850	0.125
12363	0.111111111111
14654	0.111111111111
17557	0.111111111111
23049	0.111111111111
25715	0.111111111111
37264	0.111111111111
48533	0.111111111111
52433	0.111111111111
52481	0.111111111111
52745	0.111111111111
57874	0.111111111111
58562	0.111111111111
13768	0.1
22835	0.1
30872	0.1
35327	0.1
43289	0.1
45120	0.1
59294	0.1
60241	0.1
19888	0.0909090909091
34221	0.0909090909091
40055	0.0909090909091
42877	0.0909090909091
47580	0.0909090909091
48123	0.0909090909091
16728	0.0833333333333
20893	0.0833333333333
52113	0.0833333333333
57488	0.0833333333333
21294	0.0769230769231
45746	0.0769230769231
49075	0.0769230769231
38876	0.0714285714286
49840	0.0714285714286
59652	0.0714285714286
7333	0.0666666666667
41115	0.0666666666667
10393	0.0625
12576	0.0625
15793	0.0625
26694	0.0625
31487	0.0625
49897	0.0625
9198	0.0588235294118
12801	0.0588235294118
16233	0.0588235294118
61013	0.0588235294118
32195	0.0555555555556
48293	0.0555555555556
9054	0.0526315789474
14536	0.0526315789474
18678	0.0526315789474
19540	0.0526315789474
29716	0.0526315789474
44585	0.0526315789474
46897	0.0526315789474
48636	0.0526315789474
50425	0.0526315789474
1664	0.05
2888	0.05
6698	0.05
14905	0.05
18723	0.05
30817	0.05
53405	0.05
3032	0.047619047619
28969	0.047619047619
31037	0.047619047619
42767	0.047619047619
31200	0.0454545454545
36218	0.0454545454545
42614	0.0454545454545
14546	0.0434782608696
23496	0.0434782608696
31139	0.0434782608696
42992	0.0434782608696
45138	0.0434782608696
59985	0.0434782608696
15201	0.0416666666667
17695	0.0416666666667
28532	0.0416666666667
39835	0.0416666666667
46489	0.0416666666667
5214	0.04
47304	0.04
24538	0.0384615384615
25086	0.0384615384615
51481	0.0384615384615
59943	0.0384615384615
844	0.037037037037
43084	0.037037037037
52945	0.037037037037
626	0.0357142857143
2467	0.0357142857143
7524	0.0357142857143
13110	0.0357142857143
41305	0.0357142857143
60207	0.0357142857143
42366	0.0344827586207
50631	0.0344827586207
51186	0.0344827586207
8195	0.0333333333333
18336	0.0333333333333
42995	0.0333333333333
52726	0.0333333333333
3966	0.0322580645161
11258	0.0322580645161
12993	0.0322580645161
23658	0.0322580645161
40810	0.0322580645161
20701	0.03125
457	0.030303030303
21712	0.0294117647059
37055	0.0294117647059
50905	0.0294117647059
15206	0.0277777777778
6788	0.027027027027
8399	0.027027027027
39179	0.027027027027
6368	0.0263157894737
20992	0.0263157894737
38757	0.025641025641
41652	0.025641025641
52930	0.025641025641
11022	0.025
24981	0.025
45163	0.025
52667	0.025
28191	0.0243902439024
7124	0.0240963855422
37695	0.0238095238095
45636	0.0238095238095
51777	0.0238095238095
52513	0.0238095238095
42401	0.0232558139535
6982	0.0222222222222
34158	0.0222222222222
39226	0.0222222222222
40126	0.0222222222222
53174	0.0222222222222
3561	0.0217391304348
28436	0.0217391304348
14022	0.0212765957447
20501	0.0212765957447
27684	0.0212765957447
51144	0.0212765957447
16958	0.0208333333333
26660	0.0208333333333
38725	0.0208333333333
39458	0.0208333333333
1976	0.0204081632653
3538	0.0204081632653
7722	0.0204081632653
37380	0.0204081632653
51003	0.0204081632653
28074	0.0196078431373
51403	0.0196078431373
51918	0.0196078431373
52265	0.0196078431373
8729	0.0192307692308
33166	0.0192307692308
7392	0.0188679245283
52057	0.0188679245283
5513	0.0185185185185
8372	0.0185185185185
29365	0.0185185185185
61046	0.0185185185185
289	0.0181818181818
22234	0.0181818181818
25336	0.0178571428571
2786	0.0175438596491
26530	0.0172413793103
41273	0.0172413793103
3761	0.0169491525424
60215	0.0169491525424
11350	0.0166666666667
15870	0.0166666666667
24468	0.0166666666667
21913	0.0161290322581
41916	0.0161290322581
7462	0.015873015873
40307	0.015873015873
143	0.015625
2632	0.015625
4561	0.015625
34607	0.015503875969
13653	0.0153846153846
18769	0.0153846153846
1922	0.0151515151515
26175	0.0151515151515
30069	0.0151515151515
40847	0.0151515151515
23825	0.0149253731343
35526	0.0149253731343
51087	0.0149253731343
7884	0.0147058823529
9205	0.0147058823529
26659	0.0147058823529
42029	0.0147058823529
14353	0.0144927536232
26295	0.0144927536232
52231	0.0144927536232
12475	0.0142857142857
22873	0.0142857142857
32735	0.0142857142857
43338	0.0142857142857
18192	0.0140845070423
32762	0.0140845070423
3866	0.0138888888889
8142	0.0138888888889
6693	0.013698630137
35701	0.013698630137
16145	0.0133333333333
37806	0.0133333333333
45199	0.0133333333333
48475	0.0133333333333
51043	0.0133333333333
637	0.0131578947368
7654	0.012987012987
32130	0.0126582278481
50979	0.0126582278481
13999	0.0125
35698	0.0123456790123
23619	0.0121951219512
22070	0.0121212121212
10013	0.0120481927711
27723	0.0120481927711
37162	0.0120481927711
41385	0.0119047619048
48221	0.0119047619048
41101	0.0117647058824
32509	0.0116279069767
41570	0.0116279069767
48662	0.0116279069767
3861	0.0114942528736
17383	0.0114942528736
17767	0.0114942528736
51505	0.0114942528736
60987	0.0114942528736
21557	0.0114285714286
26592	0.0113636363636
37302	0.0111111111111
49448	0.0111111111111
59562	0.0111111111111
23990	0.010989010989
41103	0.010989010989
51079	0.010989010989
15602	0.0108695652174
20785	0.0108695652174
21312	0.010752688172
40819	0.010752688172
694	0.0105263157895
11748	0.0105263157895
22195	0.0104166666667
33775	0.0104166666667
25918	0.0103092783505
37190	0.0103092783505
397	0.01
2361	0.01
6330	0.00990099009901
10646	0.00990099009901
51011	0.00990099009901
3986	0.00980392156863
51854	0.00980392156863
51341	0.00970873786408
47430	0.00961538461538
26279	0.00952380952381
41179	0.00952380952381
3507	0.00934579439252
34724	0.00934579439252
2722	0.0093023255814
888	0.00900900900901
6404	0.00900900900901
30923	0.00900900900901
41421	0.00900900900901
2215	0.00892857142857
14686	0.00892857142857
20738	0.00892857142857
18276	0.00884955752212
29990	0.00884955752212
7420	0.00877192982456
41642	0.00877192982456
53361	0.00877192982456
19111	0.00862068965517
42019	0.00862068965517
4658	0.00854700854701
18226	0.00854700854701
29567	0.00854700854701
42302	0.00847457627119
21657	0.00833333333333
41819	0.00833333333333
3492	0.00826446280992
15825	0.00826446280992
25570	0.00826446280992
16264	0.00819672131148
50952	0.00806451612903
57496	0.008
7451	0.00793650793651
28820	0.00793650793651
32120	0.00793650793651
39323	0.00793650793651
43414	0.00793650793651
51274	0.00793650793651
16831	0.00787401574803
6222	0.0078125
7413	0.0077519379845
38820	0.00769230769231
4625	0.00757575757576
42750	0.00757575757576
27288	0.00746268656716
554	0.00740740740741
36897	0.00740740740741
14459	0.00735294117647
13119	0.00729927007299
13621	0.00729927007299
38671	0.00729927007299
10010	0.00724637681159
50903	0.00724637681159
14122	0.00714285714286
23244	0.00714285714286
41073	0.00714285714286
5089	0.00704225352113
10248	0.00694444444444
53344	0.00689655172414
36078	0.00680272108844
42335	0.00680272108844
19687	0.00675675675676
35019	0.00675675675676
41224	0.00666666666667
38861	0.00662251655629
43200	0.00662251655629
22643	0.00660066006601
18283	0.00657894736842
21989	0.00657894736842
50870	0.00657894736842
38663	0.00653594771242
39548	0.00649350649351
52738	0.00645161290323
4743	0.00641025641026
7411	0.00636942675159
1537	0.00632911392405
7344	0.00632911392405
14862	0.00625
29532	0.00625
9720	0.00617283950617
13120	0.00617283950617
41062	0.00617283950617
23211	0.00613496932515
955	0.00609756097561
10736	0.00609756097561
23001	0.00606060606061
28810	0.00604229607251
28712	0.0059880239521
41088	0.00591715976331
30901	0.00584795321637
25376	0.00578034682081
37238	0.00578034682081
18813	0.00574712643678
5367	0.00571428571429
30812	0.00564971751412
48489	0.00564971751412
32483	0.00561797752809
9135	0.00546448087432
40983	0.00540540540541
896	0.00537634408602
867	0.00531914893617
13317	0.00531914893617
3288	0.00529100529101
35581	0.00529100529101
44978	0.00523560209424
42156	0.00522193211488
9761	0.00518134715026
41223	0.00518134715026
47787	0.00518134715026
29287	0.00505050505051
41025	0.00502512562814
53342	0.00502512562814
27579	0.00497512437811
1739	0.00492610837438
27051	0.00490196078431
11165	0.00487804878049
21845	0.00480769230769
18172	0.00467289719626
25413	0.0046511627907
41146	0.0046511627907
52258	0.00462962962963
16447	0.0045045045045
32811	0.0045045045045
14604	0.00444444444444
19201	0.00444444444444
15794	0.00442477876106
24126	0.00440528634361
22717	0.00436681222707
30805	0.00434782608696
39483	0.00434782608696
50105	0.00434782608696
37104	0.004329004329
37762	0.00429184549356
9138	0.00425531914894
47628	0.00423728813559
34145	0.00420168067227
41164	0.00416666666667
4339	0.00414937759336
50923	0.00414937759336
17147	0.00408163265306
20875	0.00408163265306
23667	0.00408163265306
3729	0.00403225806452
6789	0.00398406374502
16956	0.00398406374502
2110	0.00396825396825
38790	0.003861003861
1117	0.00384615384615
10251	0.00384615384615
29372	0.00384615384615
40334	0.00384615384615
35021	0.00380228136882
17605	0.00371747211896
21745	0.003663003663
5218	0.00364298724954
6564	0.0036231884058
41368	0.0036231884058
25937	0.00358422939068
18278	0.00352112676056
2448	0.00350877192982
25444	0.00350877192982
28055	0.00348432055749
7214	0.00346020761246
1743	0.0034188034188
42424	0.00341296928328
8681	0.003367003367
684	0.00333333333333
52225	0.00333333333333
1918	0.00332225913621
11481	0.00331125827815
41067	0.00331125827815
4654	0.00330396475771
50901	0.003300330033
2409	0.00328947368421
118	0.00326797385621
7299	0.00325732899023
27128	0.00325732899023
16927	0.00320512820513
17715	0.00320512820513
27527	0.00320512820513
5616	0.0031847133758
27906	0.0031847133758
17008	0.0031746031746
38584	0.00314960629921
41032	0.00313479623824
1655	0.003125
25113	0.00311526479751
14140	0.00305810397554
259	0.0030487804878
29686	0.00303951367781
11232	0.0030303030303
2030	0.00301204819277
37198	0.00297619047619
11307	0.00294985250737
47611	0.00291545189504
33850	0.0028901734104
47774	0.00287356321839
27651	0.002849002849
216	0.0028328611898
3553	0.0028328611898
34830	0.00282485875706
51989	0.00280112044818
41050	0.00277777777778
4153	0.00271739130435
2419	0.00269905533063
36999	0.00268817204301
2840	0.00266903914591
2381	0.00264900662252
11664	0.00263852242744
31868	0.00261780104712
41010	0.00260416666667
31483	0.00258397932817
5420	0.00250312891114
1380	0.00248756218905
1113	0.00247524752475
7100	0.00247524752475
20173	0.00244498777506
33678	0.00243902439024
27525	0.00242718446602
41027	0.00242718446602
18960	0.00242424242424
4173	0.00242130750605
22971	0.00240963855422
5553	0.00239234449761
7300	0.00238095238095
11778	0.00236966824645
40289	0.00236966824645
497	0.002331002331
562	0.002331002331
31830	0.002331002331
18613	0.00229357798165
28832	0.00227790432802
29861	0.00227272727273
23666	0.00226244343891
45223	0.00223713646532
21545	0.00222222222222
41332	0.00221238938053
15228	0.00218340611354
3419	0.00217864923747
41044	0.00217391304348
41058	0.00216919739696
19599	0.00215053763441
36394	0.0021186440678
11	0.002
3527	0.00195694716243
17586	0.001953125
2463	0.0019267822736
28821	0.00191938579655
32862	0.00188679245283
11769	0.00187265917603
32612	0.00187265917603
13935	0.00185528756957
37426	0.00183486238532
2312	0.0018018018018
1931	0.00179211469534
38794	0.0017873100983
949	0.0017825311943
51212	0.0017667844523
13955	0.00175438596491
12969	0.00172860847018
18777	0.0017094017094
37111	0.00169204737733
7261	0.0016835016835
7175	0.00164203612479
2326	0.0016393442623
40965	0.00163666121113
4121	0.0016339869281
20416	0.00163132137031
18456	0.00162866449511
32188	0.00162337662338
17355	0.00162074554295
27809	0.0016077170418
1064	0.0015873015873
900	0.00157232704403
5643	0.00154083204931
1135	0.00153139356815
4764	0.00146198830409
2613	0.00145560407569
33634	0.00140252454418
7419	0.00137741046832
20506	0.00135869565217
3133	0.00134048257373
41018	0.00132450331126
3720	0.00131926121372
5204	0.00128949065119
4396	0.00128617363344
41090	0.00125
18584	0.00123456790123
3365	0.00120192307692
27890	0.00118063754427
38191	0.00117647058824
2290	0.00116822429907
28405	0.00116279069767
30980	0.00116144018583
3273	0.00112107623318
34224	0.00111482720178
2898	0.00109649122807
9200	0.00106044538706
5231	0.00104493207941
2344	0.0010152284264
39785	0.000998003992016
36398	0.000981354268891
1048	0.000955109837631
3933	0.000923361034164
34367	0.000921658986175
2333	0.000916590284143
921	0.000913242009132
22744	0.000884955752212
4518	0.000879507475814
25738	0.00087489063867
9538	0.000860585197935
76	0.000836120401338
31440	0.000835421888053
22743	0.000821692686935
6812	0.000821018062397
4846	0.000788643533123
39136	0.00077579519007
868	0.000771604938272
19601	0.000733675715334
2745	0.00070771408351
5432	0.000698324022346
22383	0.000696378830084
4655	0.000677048070413
8709	0.000671140939597
5112	0.000666222518321
1118	0.000645161290323
6427	0.000588928150766
13111	0.000588928150766
38793	0.000581733566027
1503	0.000558659217877
38203	0.000549752611325
1497	0.000540540540541
4578	0.0005382131324
5157	0.000507872016252
869	0.000488639139995
7312	0.000471698113208
26805	0.000446229361892
35563	0.00041067761807
