16681	1.0
17618	1.0
32368	1.0
56743	1.0
59442	1.0
25345	0.5
31361	0.5
40680	0.5
16157	0.333333333333
24042	0.333333333333
24976	0.333333333333
54138	0.333333333333
13181	0.25
29980	0.2
6577	0.166666666667
19415	0.166666666667
47890	0.166666666667
32302	0.142857142857
45502	0.142857142857
11256	0.125
42278	0.125
42632	0.111111111111
46511	0.111111111111
5396	0.1
26336	0.1
29323	0.0909090909091
42668	0.0909090909091
19783	0.0833333333333
47316	0.0833333333333
4236	0.0666666666667
6468	0.0666666666667
20461	0.0666666666667
25706	0.0666666666667
15339	0.0588235294118
24897	0.0588235294118
1085	0.0555555555556
1493	0.0555555555556
60185	0.0555555555556
6398	0.0526315789474
32850	0.05
453	0.047619047619
4009	0.047619047619
11435	0.0454545454545
10787	0.0434782608696
16523	0.0434782608696
450	0.04
39190	0.04
43986	0.04
2291	0.0384615384615
20101	0.0384615384615
24503	0.0384615384615
52800	0.0384615384615
11012	0.0357142857143
27918	0.0357142857143
42731	0.0333333333333
45712	0.0333333333333
51591	0.0333333333333
5624	0.03125
41788	0.03125
51247	0.03125
40054	0.030303030303
43484	0.0285714285714
2772	0.0277777777778
8582	0.0277777777778
17602	0.027027027027
18161	0.0263157894737
42634	0.0263157894737
48996	0.0263157894737
515	0.0243902439024
18304	0.0243902439024
2284	0.0222222222222
1976	0.0212765957447
6259	0.0212765957447
40848	0.0212765957447
49	0.0208333333333
3328	0.02
30007	0.02
29822	0.0196078431373
3979	0.0188679245283
7197	0.0178571428571
52581	0.0175438596491
54435	0.0175438596491
42675	0.0169491525424
11430	0.0166666666667
36395	0.0166666666667
52682	0.016393442623
47273	0.0161290322581
35541	0.015873015873
3860	0.015625
38099	0.015625
52043	0.015625
45200	0.0153846153846
4753	0.0147058823529
23605	0.0147058823529
31634	0.0142857142857
52276	0.0142857142857
26715	0.0138888888889
37806	0.013698630137
41880	0.0135135135135
2067	0.0128205128205
10463	0.0128205128205
21583	0.0117647058824
41655	0.0111111111111
42555	0.010989010989
50884	0.010989010989
2681	0.0108695652174
53039	0.0108695652174
34933	0.010752688172
33775	0.0106382978723
41172	0.01
2367	0.00943396226415
10045	0.00943396226415
9184	0.00884955752212
41682	0.00884955752212
42302	0.00862068965517
5552	0.00854700854701
11297	0.00847457627119
51118	0.00840336134454
14277	0.00833333333333
13076	0.00826446280992
41063	0.00826446280992
41079	0.00819672131148
49403	0.00813008130081
12830	0.008
35039	0.00787401574803
41181	0.00763358778626
38671	0.00740740740741
27952	0.00735294117647
5164	0.00729927007299
52802	0.00714285714286
4337	0.00709219858156
37557	0.00699300699301
41672	0.00699300699301
41224	0.00675675675676
3533	0.00671140939597
43200	0.00671140939597
18340	0.00649350649351
107	0.00645161290323
51025	0.00636942675159
22018	0.00632911392405
36710	0.00621118012422
9488	0.00617283950617
51121	0.00606060606061
28700	0.00602409638554
24970	0.00595238095238
5116	0.00591715976331
33692	0.00591715976331
51211	0.00588235294118
1231	0.00584795321637
41204	0.00584795321637
18813	0.00581395348837
24173	0.00574712643678
3842	0.00571428571429
4439	0.00534759358289
41085	0.00534759358289
32738	0.00531914893617
27471	0.00520833333333
41012	0.0049504950495
51341	0.00487804878049
29852	0.00469483568075
52055	0.00462962962963
29492	0.0045871559633
21648	0.00446428571429
37115	0.00442477876106
1144	0.00440528634361
20779	0.00438596491228
30849	0.00429184549356
50845	0.0042735042735
40968	0.00414937759336
40970	0.00413223140496
4005	0.00408163265306
2110	0.004
2811	0.00395256916996
17939	0.00392156862745
31138	0.003861003861
41705	0.00373134328358
11746	0.00359712230216
40969	0.00355871886121
3991	0.00354609929078
25444	0.00353356890459
41106	0.0034965034965
34637	0.00341296928328
34548	0.00340136054422
35958	0.00337837837838
41258	0.00337837837838
51156	0.00331125827815
1364	0.00322580645161
16927	0.00322580645161
5616	0.00320512820513
41015	0.0031746031746
33621	0.00316455696203
18361	0.00314465408805
3943	0.0030303030303
2142	0.00299401197605
33850	0.00290697674419
50957	0.00290697674419
41048	0.00289855072464
3553	0.002849002849
41132	0.00284090909091
879	0.00281690140845
35809	0.00273224043716
1438	0.00271002710027
31868	0.00263157894737
10987	0.00262467191601
20818	0.0025641025641
51096	0.0025641025641
15636	0.00255102040816
39709	0.00253807106599
1113	0.00248756218905
7518	0.00238095238095
8397	0.00237529691211
22251	0.00234192037471
631	0.0022271714922
5693	0.0021978021978
11169	0.00218340611354
41003	0.0021645021645
29309	0.00212765957447
36392	0.0020964360587
17711	0.00205338809035
41109	0.0020366598778
34751	0.00195694716243
32862	0.00189393939394
51041	0.00188323917137
11201	0.0018315018315
51212	0.00177304964539
28407	0.0017667844523
41074	0.00176056338028
35049	0.00164203612479
20416	0.00163666121113
18456	0.0016339869281
13339	0.0016077170418
38584	0.00157728706625
992	0.00153846153846
20542	0.00152905198777
2613	0.0014598540146
2186	0.00145772594752
26584	0.0014450867052
2037	0.00143061516452
5237	0.00142857142857
33634	0.0014064697609
38492	0.00140056022409
29854	0.00139082058414
7419	0.00138121546961
3720	0.00132275132275
1680	0.00130208333333
1628	0.00125786163522
5420	0.00125313283208
18960	0.00121359223301
28405	0.0011655011655
2007	0.00111111111111
28742	0.0010752688172
4937	0.0010395010395
1902	0.00103519668737
2	0.00102354145343
2344	0.00101729399797
3733	0.000958772770853
11727	0.000947867298578
3933	0.000925069380204
2333	0.000918273645546
5809	0.00090991810737
40962	0.000903342366757
38794	0.000894454382826
2840	0.000889679715302
25738	0.000876424189308
5519	0.000871080139373
9538	0.000862068965517
76	0.000837520938023
22743	0.00082304526749
40965	0.000819000819001
39136	0.000777000777001
868	0.000772797527048
26602	0.000766283524904
18613	0.000764525993884
19601	0.000734753857458
41016	0.000728862973761
8709	0.000672043010753
1118	0.000645994832041
5204	0.000645161290323
4396	0.000643500643501
13111	0.000589622641509
2290	0.000584453535944
38793	0.000582411182295
1503	0.000559284116331
1497	0.000541125541126
4578	0.000538793103448
893	0.000503271263211
7312	0.000472143531634
26805	0.00044662795891
4518	0.000439947206335
35563	0.000411015207563
4655	0.000338638672536
6427	0.000294550810015
869	0.000244379276637
