3953	0.324324324324
4746	0.107142857143
36725	0.0681818181818
20568	0.0612244897959
41277	0.0588235294118
42865	0.0512820512821
19916	0.05
52072	0.0490196078431
19054	0.0487804878049
46352	0.0487804878049
51613	0.0487804878049
51702	0.0487804878049
40248	0.0483870967742
23063	0.047619047619
50691	0.047619047619
37464	0.046511627907
47105	0.046511627907
9352	0.0454545454545
10516	0.0444444444444
33240	0.0444444444444
41422	0.0444444444444
25480	0.0434782608696
28993	0.0434782608696
31286	0.0434782608696
44081	0.0434782608696
22426	0.0431034482759
3123	0.0425531914894
14927	0.0425531914894
25878	0.0425531914894
34742	0.0425531914894
35541	0.0416666666667
41200	0.0416666666667
44847	0.0416666666667
57736	0.0416666666667
3920	0.0408163265306
55414	0.0408163265306
3093	0.0405405405405
5060	0.04
7741	0.04
10406	0.04
18238	0.04
35195	0.04
52895	0.04
59546	0.04
51891	0.0394736842105
3475	0.0392156862745
6205	0.0392156862745
10377	0.0392156862745
15732	0.0392156862745
25729	0.0392156862745
27510	0.0392156862745
43075	0.0392156862745
47918	0.0392156862745
3108	0.0384615384615
38065	0.0384615384615
10607	0.0380952380952
17879	0.0377358490566
42246	0.0377358490566
52882	0.0377358490566
28298	0.0375939849624
8492	0.037037037037
8643	0.037037037037
53444	0.037037037037
7466	0.0365853658537
41235	0.0365853658537
6320	0.0363636363636
17686	0.0363636363636
34650	0.0363636363636
34976	0.0363636363636
38417	0.0363636363636
43159	0.0363636363636
52556	0.0361445783133
3542	0.036036036036
762	0.0357142857143
1857	0.0357142857143
3366	0.0357142857143
4009	0.0357142857143
14452	0.0357142857143
33463	0.0357142857143
39059	0.0357142857143
44378	0.0357142857143
22684	0.0352941176471
41388	0.0352941176471
2404	0.0350877192982
28319	0.0350877192982
46117	0.0350877192982
51562	0.0350877192982
53419	0.0350877192982
41284	0.034965034965
41425	0.0347222222222
398	0.0344827586207
49415	0.0344827586207
52115	0.0344827586207
2748	0.0340909090909
4289	0.0340909090909
16281	0.0340909090909
9607	0.0333333333333
24600	0.0333333333333
42444	0.0333333333333
3516	0.0327868852459
6395	0.0327868852459
9759	0.0327868852459
12953	0.0327868852459
23557	0.0327868852459
26005	0.0327868852459
26069	0.0327868852459
20345	0.0326086956522
6095	0.0322580645161
13961	0.0322580645161
32742	0.0322580645161
36411	0.0322580645161
39934	0.0322580645161
41318	0.0322580645161
51874	0.0322580645161
10443	0.0320855614973
21662	0.0320855614973
1753	0.031746031746
7476	0.031746031746
21210	0.031746031746
22705	0.031746031746
28190	0.031746031746
42800	0.031746031746
46776	0.031746031746
51230	0.031746031746
51439	0.031746031746
23275	0.0315789473684
30614	0.0315789473684
52255	0.0315789473684
5239	0.03125
20996	0.03125
29024	0.03125
38727	0.03125
41921	0.03125
51720	0.03125
28709	0.0308641975309
22584	0.0307692307692
51893	0.0307692307692
10922	0.030303030303
18562	0.030303030303
22765	0.030303030303
41203	0.030303030303
42199	0.030303030303
1241	0.0298507462687
22130	0.0298507462687
39536	0.0298507462687
42516	0.0298507462687
134	0.0294117647059
1215	0.0294117647059
17053	0.0294117647059
33337	0.0294117647059
36581	0.0294117647059
41162	0.0294117647059
41323	0.0294117647059
48295	0.0294117647059
48977	0.0294117647059
2424	0.0291262135922
39024	0.0291262135922
5554	0.0289855072464
11386	0.0289855072464
21586	0.0289855072464
33305	0.0289855072464
33954	0.0289855072464
50287	0.0289855072464
50482	0.0289855072464
2316	0.0288461538462
1328	0.0285714285714
4765	0.0285714285714
13947	0.0285714285714
24803	0.0285714285714
27921	0.0285714285714
37792	0.0285714285714
43517	0.0285714285714
3743	0.0281690140845
17790	0.0281690140845
45776	0.0281690140845
52898	0.0281690140845
60429	0.0281690140845
1146	0.0280373831776
24717	0.0280373831776
52733	0.0280373831776
5656	0.0277777777778
30484	0.0277777777778
40875	0.0277777777778
53232	0.0277777777778
41642	0.0275862068966
51030	0.0275862068966
51340	0.0275862068966
193	0.027027027027
3066	0.027027027027
6025	0.027027027027
6306	0.027027027027
6376	0.027027027027
6411	0.027027027027
6501	0.027027027027
6769	0.027027027027
8133	0.027027027027
12513	0.027027027027
12670	0.027027027027
13244	0.027027027027
13306	0.027027027027
13720	0.027027027027
13851	0.027027027027
14302	0.027027027027
14917	0.027027027027
15413	0.027027027027
15866	0.027027027027
16257	0.027027027027
17744	0.027027027027
19448	0.027027027027
19591	0.027027027027
20453	0.027027027027
20758	0.027027027027
21578	0.027027027027
22144	0.027027027027
23194	0.027027027027
23791	0.027027027027
25262	0.027027027027
25965	0.027027027027
25980	0.027027027027
26848	0.027027027027
27908	0.027027027027
28335	0.027027027027
28723	0.027027027027
29903	0.027027027027
30527	0.027027027027
30869	0.027027027027
31370	0.027027027027
32492	0.027027027027
33616	0.027027027027
34406	0.027027027027
35169	0.027027027027
38495	0.027027027027
39289	0.027027027027
39541	0.027027027027
39583	0.027027027027
39999	0.027027027027
40169	0.027027027027
40545	0.027027027027
40739	0.027027027027
41956	0.027027027027
42044	0.027027027027
42318	0.027027027027
43098	0.027027027027
44262	0.027027027027
45178	0.027027027027
45779	0.027027027027
46571	0.027027027027
46733	0.027027027027
46994	0.027027027027
47563	0.027027027027
48521	0.027027027027
49245	0.027027027027
49489	0.027027027027
51923	0.027027027027
53429	0.027027027027
54407	0.027027027027
55122	0.027027027027
55130	0.027027027027
56801	0.027027027027
57373	0.027027027027
57401	0.027027027027
57883	0.027027027027
60061	0.027027027027
61318	0.027027027027
38987	0.0269461077844
10653	0.0269058295964
23046	0.0266666666667
35338	0.0266666666667
41110	0.0266666666667
41379	0.0266666666667
52491	0.0266666666667
34191	0.0265486725664
41833	0.0265486725664
21978	0.0264317180617
673	0.0263157894737
1457	0.0263157894737
1761	0.0263157894737
1870	0.0263157894737
2417	0.0263157894737
4586	0.0263157894737
5632	0.0263157894737
6190	0.0263157894737
6299	0.0263157894737
6421	0.0263157894737
6491	0.0263157894737
6826	0.0263157894737
7264	0.0263157894737
8486	0.0263157894737
9599	0.0263157894737
9800	0.0263157894737
9812	0.0263157894737
9949	0.0263157894737
12356	0.0263157894737
12466	0.0263157894737
13286	0.0263157894737
14278	0.0263157894737
14317	0.0263157894737
14943	0.0263157894737
16075	0.0263157894737
17279	0.0263157894737
19189	0.0263157894737
19337	0.0263157894737
20242	0.0263157894737
20916	0.0263157894737
22020	0.0263157894737
23884	0.0263157894737
23909	0.0263157894737
24062	0.0263157894737
25079	0.0263157894737
26400	0.0263157894737
27985	0.0263157894737
32235	0.0263157894737
32493	0.0263157894737
33246	0.0263157894737
33409	0.0263157894737
34834	0.0263157894737
35171	0.0263157894737
35335	0.0263157894737
35944	0.0263157894737
37360	0.0263157894737
39097	0.0263157894737
39359	0.0263157894737
39558	0.0263157894737
39645	0.0263157894737
42487	0.0263157894737
42819	0.0263157894737
43486	0.0263157894737
43882	0.0263157894737
43891	0.0263157894737
43914	0.0263157894737
43985	0.0263157894737
45368	0.0263157894737
45384	0.0263157894737
45407	0.0263157894737
45468	0.0263157894737
46376	0.0263157894737
47381	0.0263157894737
48189	0.0263157894737
48820	0.0263157894737
49026	0.0263157894737
51386	0.0263157894737
51706	0.0263157894737
52470	0.0263157894737
53435	0.0263157894737
54074	0.0263157894737
56326	0.0263157894737
57140	0.0263157894737
57904	0.0263157894737
58034	0.0263157894737
58765	0.0263157894737
59711	0.0263157894737
59869	0.0263157894737
60138	0.0263157894737
60603	0.0263157894737
60664	0.0263157894737
2542	0.025974025974
41768	0.025974025974
1185	0.025641025641
1459	0.025641025641
1479	0.025641025641
2931	0.025641025641
4420	0.025641025641
5831	0.025641025641
7702	0.025641025641
7773	0.025641025641
9567	0.025641025641
10560	0.025641025641
11028	0.025641025641
11768	0.025641025641
12245	0.025641025641
14033	0.025641025641
14131	0.025641025641
14621	0.025641025641
14759	0.025641025641
15531	0.025641025641
15936	0.025641025641
16524	0.025641025641
16685	0.025641025641
18321	0.025641025641
18392	0.025641025641
20078	0.025641025641
21393	0.025641025641
21966	0.025641025641
23110	0.025641025641
23176	0.025641025641
23718	0.025641025641
28015	0.025641025641
28361	0.025641025641
29743	0.025641025641
31281	0.025641025641
32002	0.025641025641
32889	0.025641025641
33514	0.025641025641
33795	0.025641025641
38131	0.025641025641
39518	0.025641025641
39658	0.025641025641
41207	0.025641025641
41638	0.025641025641
42091	0.025641025641
42951	0.025641025641
43056	0.025641025641
43184	0.025641025641
43233	0.025641025641
43476	0.025641025641
45193	0.025641025641
46225	0.025641025641
46242	0.025641025641
46451	0.025641025641
47213	0.025641025641
47712	0.025641025641
49165	0.025641025641
49603	0.025641025641
49989	0.025641025641
51078	0.025641025641
52408	0.025641025641
54124	0.025641025641
54169	0.025641025641
54315	0.025641025641
54919	0.025641025641
56043	0.025641025641
57043	0.025641025641
58676	0.025641025641
59080	0.025641025641
59207	0.025641025641
59872	0.025641025641
60006	0.025641025641
60383	0.025641025641
3107	0.0253164556962
4457	0.0253164556962
25050	0.0253164556962
34735	0.0253164556962
35747	0.0253164556962
42368	0.0253164556962
6748	0.0252100840336
34929	0.0252100840336
11230	0.0251046025105
1633	0.025
5555	0.025
7630	0.025
10043	0.025
13198	0.025
13323	0.025
14110	0.025
14663	0.025
15230	0.025
15422	0.025
15435	0.025
15501	0.025
15801	0.025
16802	0.025
17153	0.025
19097	0.025
20711	0.025
21543	0.025
21991	0.025
22637	0.025
23640	0.025
24667	0.025
25979	0.025
26689	0.025
27269	0.025
29204	0.025
29497	0.025
30466	0.025
31998	0.025
32746	0.025
32961	0.025
33225	0.025
33869	0.025
34108	0.025
34930	0.025
35005	0.025
38037	0.025
38231	0.025
38523	0.025
39363	0.025
39528	0.025
41291	0.025
41360	0.025
41625	0.025
43458	0.025
43662	0.025
44226	0.025
46046	0.025
46365	0.025
46389	0.025
46870	0.025
47364	0.025
47666	0.025
49188	0.025
49412	0.025
50918	0.025
52124	0.025
52917	0.025
53396	0.025
54224	0.025
56663	0.025
56842	0.025
57665	0.025
57982	0.025
58350	0.025
58429	0.025
59929	0.025
61069	0.025
61480	0.025
34607	0.0248447204969
28749	0.0247933884298
2611	0.0246913580247
16593	0.0246913580247
30681	0.0246913580247
33781	0.0246913580247
41297	0.0246913580247
42652	0.0246913580247
16	0.0243902439024
769	0.0243902439024
1976	0.0243902439024
3993	0.0243902439024
4375	0.0243902439024
4630	0.0243902439024
4736	0.0243902439024
8065	0.0243902439024
8355	0.0243902439024
9082	0.0243902439024
12427	0.0243902439024
16001	0.0243902439024
16721	0.0243902439024
18894	0.0243902439024
19447	0.0243902439024
20170	0.0243902439024
21068	0.0243902439024
21154	0.0243902439024
21347	0.0243902439024
24785	0.0243902439024
26684	0.0243902439024
27127	0.0243902439024
28217	0.0243902439024
28418	0.0243902439024
29786	0.0243902439024
29980	0.0243902439024
30252	0.0243902439024
30343	0.0243902439024
32631	0.0243902439024
32867	0.0243902439024
33669	0.0243902439024
33696	0.0243902439024
33839	0.0243902439024
33946	0.0243902439024
34693	0.0243902439024
34782	0.0243902439024
36036	0.0243902439024
36317	0.0243902439024
36852	0.0243902439024
37155	0.0243902439024
40612	0.0243902439024
41043	0.0243902439024
41469	0.0243902439024
42957	0.0243902439024
43201	0.0243902439024
43346	0.0243902439024
43615	0.0243902439024
43874	0.0243902439024
45191	0.0243902439024
45700	0.0243902439024
46197	0.0243902439024
48057	0.0243902439024
48360	0.0243902439024
48437	0.0243902439024
48495	0.0243902439024
48555	0.0243902439024
49655	0.0243902439024
50034	0.0243902439024
50977	0.0243902439024
52400	0.0243902439024
52517	0.0243902439024
52788	0.0243902439024
52864	0.0243902439024
58038	0.0243902439024
58216	0.0243902439024
59762	0.0243902439024
59858	0.0243902439024
60588	0.0243902439024
3575	0.0241935483871
16913	0.0240963855422
50937	0.0240963855422
494	0.0239520958084
817	0.0238095238095
897	0.0238095238095
5841	0.0238095238095
6931	0.0238095238095
7085	0.0238095238095
7090	0.0238095238095
7208	0.0238095238095
9928	0.0238095238095
10677	0.0238095238095
11177	0.0238095238095
11364	0.0238095238095
12521	0.0238095238095
13478	0.0238095238095
16063	0.0238095238095
17332	0.0238095238095
19484	0.0238095238095
25067	0.0238095238095
27249	0.0238095238095
32118	0.0238095238095
32791	0.0238095238095
33892	0.0238095238095
35150	0.0238095238095
35805	0.0238095238095
36254	0.0238095238095
36512	0.0238095238095
37565	0.0238095238095
37955	0.0238095238095
41737	0.0238095238095
42201	0.0238095238095
42287	0.0238095238095
42908	0.0238095238095
43109	0.0238095238095
44025	0.0238095238095
44689	0.0238095238095
47181	0.0238095238095
47448	0.0238095238095
48340	0.0238095238095
50002	0.0238095238095
50146	0.0238095238095
50239	0.0238095238095
50496	0.0238095238095
50549	0.0238095238095
50605	0.0238095238095
50729	0.0238095238095
50982	0.0238095238095
52052	0.0238095238095
52413	0.0238095238095
53084	0.0238095238095
53099	0.0238095238095
53439	0.0238095238095
53666	0.0238095238095
54714	0.0238095238095
59446	0.0238095238095
60159	0.0238095238095
60227	0.0238095238095
11322	0.0235294117647
12153	0.0235294117647
17932	0.0235294117647
23750	0.0235294117647
32988	0.0235294117647
35569	0.0235294117647
39420	0.0235294117647
7513	0.0234375
17389	0.0234375
1533	0.0232558139535
2022	0.0232558139535
2498	0.0232558139535
4164	0.0232558139535
6030	0.0232558139535
7079	0.0232558139535
8266	0.0232558139535
9064	0.0232558139535
10887	0.0232558139535
10970	0.0232558139535
11062	0.0232558139535
12664	0.0232558139535
12709	0.0232558139535
12731	0.0232558139535
13694	0.0232558139535
14304	0.0232558139535
14745	0.0232558139535
16107	0.0232558139535
19331	0.0232558139535
20269	0.0232558139535
21401	0.0232558139535
21866	0.0232558139535
24411	0.0232558139535
24586	0.0232558139535
26341	0.0232558139535
28452	0.0232558139535
29110	0.0232558139535
29822	0.0232558139535
30460	0.0232558139535
31165	0.0232558139535
31390	0.0232558139535
34423	0.0232558139535
35647	0.0232558139535
36282	0.0232558139535
36665	0.0232558139535
38261	0.0232558139535
38603	0.0232558139535
39547	0.0232558139535
40115	0.0232558139535
41184	0.0232558139535
41589	0.0232558139535
41840	0.0232558139535
41917	0.0232558139535
42094	0.0232558139535
42680	0.0232558139535
43427	0.0232558139535
43869	0.0232558139535
44284	0.0232558139535
44492	0.0232558139535
44836	0.0232558139535
45689	0.0232558139535
46025	0.0232558139535
46956	0.0232558139535
47201	0.0232558139535
47879	0.0232558139535
49818	0.0232558139535
49870	0.0232558139535
50247	0.0232558139535
50469	0.0232558139535
50666	0.0232558139535
50880	0.0232558139535
50925	0.0232558139535
51878	0.0232558139535
52186	0.0232558139535
52825	0.0232558139535
53261	0.0232558139535
54765	0.0232558139535
56807	0.0232558139535
58768	0.0232558139535
59510	0.0232558139535
59789	0.0232558139535
59899	0.0232558139535
60478	0.0232558139535
60593	0.0232558139535
61111	0.0232558139535
5089	0.0231213872832
32684	0.0230769230769
41606	0.0230769230769
4216	0.0229885057471
21569	0.0229885057471
37953	0.0229885057471
51421	0.0229885057471
41715	0.0229007633588
343	0.0227272727273
413	0.0227272727273
1127	0.0227272727273
1255	0.0227272727273
1490	0.0227272727273
2444	0.0227272727273
2623	0.0227272727273
5362	0.0227272727273
6384	0.0227272727273
6981	0.0227272727273
7412	0.0227272727273
7461	0.0227272727273
7859	0.0227272727273
8182	0.0227272727273
8623	0.0227272727273
9162	0.0227272727273
10870	0.0227272727273
12119	0.0227272727273
12660	0.0227272727273
13941	0.0227272727273
13993	0.0227272727273
16505	0.0227272727273
17384	0.0227272727273
17812	0.0227272727273
18654	0.0227272727273
19481	0.0227272727273
20528	0.0227272727273
21175	0.0227272727273
22344	0.0227272727273
22813	0.0227272727273
26558	0.0227272727273
28354	0.0227272727273
29997	0.0227272727273
30620	0.0227272727273
30872	0.0227272727273
31026	0.0227272727273
31127	0.0227272727273
35598	0.0227272727273
36204	0.0227272727273
36231	0.0227272727273
39039	0.0227272727273
41547	0.0227272727273
42528	0.0227272727273
42778	0.0227272727273
42780	0.0227272727273
42839	0.0227272727273
42967	0.0227272727273
42976	0.0227272727273
43393	0.0227272727273
44074	0.0227272727273
45086	0.0227272727273
45409	0.0227272727273
48359	0.0227272727273
50988	0.0227272727273
51931	0.0227272727273
51948	0.0227272727273
52245	0.0227272727273
52287	0.0227272727273
52451	0.0227272727273
52464	0.0227272727273
53357	0.0227272727273
53589	0.0227272727273
54388	0.0227272727273
58607	0.0227272727273
60171	0.0227272727273
60241	0.0227272727273
61333	0.0227272727273
61471	0.0227272727273
32935	0.0225988700565
1098	0.0224719101124
8198	0.0224719101124
17668	0.0224719101124
25336	0.0224719101124
41483	0.0224719101124
51012	0.0224719101124
1147	0.0222222222222
1161	0.0222222222222
2650	0.0222222222222
2685	0.0222222222222
3792	0.0222222222222
5101	0.0222222222222
6986	0.0222222222222
7533	0.0222222222222
8655	0.0222222222222
9260	0.0222222222222
10459	0.0222222222222
12696	0.0222222222222
13953	0.0222222222222
15083	0.0222222222222
16387	0.0222222222222
19107	0.0222222222222
19126	0.0222222222222
20427	0.0222222222222
20772	0.0222222222222
22232	0.0222222222222
22591	0.0222222222222
23082	0.0222222222222
23193	0.0222222222222
23386	0.0222222222222
25398	0.0222222222222
26240	0.0222222222222
27547	0.0222222222222
28111	0.0222222222222
30598	0.0222222222222
32434	0.0222222222222
32599	0.0222222222222
34998	0.0222222222222
35583	0.0222222222222
36243	0.0222222222222
36640	0.0222222222222
37596	0.0222222222222
38061	0.0222222222222
38569	0.0222222222222
38655	0.0222222222222
40296	0.0222222222222
41136	0.0222222222222
41322	0.0222222222222
41639	0.0222222222222
42216	0.0222222222222
42898	0.0222222222222
45702	0.0222222222222
46339	0.0222222222222
46834	0.0222222222222
47194	0.0222222222222
48663	0.0222222222222
50228	0.0222222222222
51354	0.0222222222222
51362	0.0222222222222
51803	0.0222222222222
52330	0.0222222222222
52348	0.0222222222222
52352	0.0222222222222
52498	0.0222222222222
54675	0.0222222222222
56178	0.0222222222222
57523	0.0222222222222
58356	0.0222222222222
59406	0.0222222222222
59676	0.0222222222222
60094	0.0222222222222
4413	0.0220994475138
26403	0.0220588235294
26868	0.0220588235294
51345	0.0220588235294
1097	0.021978021978
38682	0.021978021978
41577	0.021978021978
43251	0.021978021978
25091	0.021897810219
43088	0.021897810219
1027	0.0217391304348
1434	0.0217391304348
2054	0.0217391304348
2166	0.0217391304348
2340	0.0217391304348
3761	0.0217391304348
4459	0.0217391304348
5382	0.0217391304348
5434	0.0217391304348
6321	0.0217391304348
7421	0.0217391304348
10754	0.0217391304348
11358	0.0217391304348
11949	0.0217391304348
12112	0.0217391304348
13131	0.0217391304348
13462	0.0217391304348
13872	0.0217391304348
15186	0.0217391304348
17855	0.0217391304348
18987	0.0217391304348
19318	0.0217391304348
19793	0.0217391304348
20391	0.0217391304348
20751	0.0217391304348
21358	0.0217391304348
22764	0.0217391304348
23012	0.0217391304348
23113	0.0217391304348
25274	0.0217391304348
26245	0.0217391304348
26627	0.0217391304348
27241	0.0217391304348
27718	0.0217391304348
29112	0.0217391304348
29192	0.0217391304348
29892	0.0217391304348
30594	0.0217391304348
31990	0.0217391304348
33191	0.0217391304348
33344	0.0217391304348
33580	0.0217391304348
33778	0.0217391304348
36904	0.0217391304348
37520	0.0217391304348
37603	0.0217391304348
37963	0.0217391304348
38475	0.0217391304348
40595	0.0217391304348
41245	0.0217391304348
41397	0.0217391304348
41545	0.0217391304348
41675	0.0217391304348
41732	0.0217391304348
42255	0.0217391304348
42924	0.0217391304348
43526	0.0217391304348
44507	0.0217391304348
45408	0.0217391304348
45517	0.0217391304348
46770	0.0217391304348
47166	0.0217391304348
49586	0.0217391304348
51181	0.0217391304348
51633	0.0217391304348
52407	0.0217391304348
52444	0.0217391304348
52578	0.0217391304348
53048	0.0217391304348
57681	0.0217391304348
59853	0.0217391304348
5311	0.0215827338129
4104	0.0215053763441
17278	0.0215053763441
41325	0.0215053763441
51027	0.021472392638
41012	0.0213675213675
684	0.0213414634146
531	0.0212765957447
1348	0.0212765957447
2173	0.0212765957447
2358	0.0212765957447
5136	0.0212765957447
6203	0.0212765957447
6554	0.0212765957447
6825	0.0212765957447
7338	0.0212765957447
7424	0.0212765957447
7447	0.0212765957447
9638	0.0212765957447
9876	0.0212765957447
12085	0.0212765957447
12742	0.0212765957447
14067	0.0212765957447
16618	0.0212765957447
16969	0.0212765957447
18110	0.0212765957447
19882	0.0212765957447
19889	0.0212765957447
20036	0.0212765957447
22851	0.0212765957447
24597	0.0212765957447
24935	0.0212765957447
26506	0.0212765957447
26593	0.0212765957447
28603	0.0212765957447
28686	0.0212765957447
28806	0.0212765957447
29824	0.0212765957447
31350	0.0212765957447
31631	0.0212765957447
32462	0.0212765957447
33228	0.0212765957447
34535	0.0212765957447
34616	0.0212765957447
34642	0.0212765957447
35406	0.0212765957447
37683	0.0212765957447
39856	0.0212765957447
40380	0.0212765957447
41575	0.0212765957447
41579	0.0212765957447
42354	0.0212765957447
42358	0.0212765957447
42758	0.0212765957447
42913	0.0212765957447
43894	0.0212765957447
44835	0.0212765957447
45870	0.0212765957447
45887	0.0212765957447
50395	0.0212765957447
51389	0.0212765957447
51791	0.0212765957447
51807	0.0212765957447
51825	0.0212765957447
52167	0.0212765957447
52214	0.0212765957447
52319	0.0212765957447
52473	0.0212765957447
52731	0.0212765957447
52890	0.0212765957447
52937	0.0212765957447
54389	0.0212765957447
54914	0.0212765957447
60646	0.0212765957447
51838	0.021164021164
17611	0.0210970464135
11430	0.0210526315789
21307	0.0210526315789
41916	0.0210526315789
51641	0.0210526315789
52641	0.0210526315789
59543	0.0210526315789
29532	0.020942408377
536	0.0208333333333
713	0.0208333333333
947	0.0208333333333
2412	0.0208333333333
2872	0.0208333333333
3090	0.0208333333333
3570	0.0208333333333
5488	0.0208333333333
6522	0.0208333333333
6820	0.0208333333333
10578	0.0208333333333
13257	0.0208333333333
13897	0.0208333333333
20330	0.0208333333333
20966	0.0208333333333
22059	0.0208333333333
23714	0.0208333333333
24247	0.0208333333333
25794	0.0208333333333
28050	0.0208333333333
28378	0.0208333333333
32270	0.0208333333333
33339	0.0208333333333
33345	0.0208333333333
34401	0.0208333333333
34731	0.0208333333333
35117	0.0208333333333
35521	0.0208333333333
37440	0.0208333333333
39234	0.0208333333333
42109	0.0208333333333
42244	0.0208333333333
43070	0.0208333333333
43565	0.0208333333333
43860	0.0208333333333
45212	0.0208333333333
45885	0.0208333333333
49840	0.0208333333333
52170	0.0208333333333
52486	0.0208333333333
55228	0.0208333333333
56742	0.0208333333333
58274	0.0208333333333
58552	0.0208333333333
59575	0.0208333333333
60028	0.0208333333333
60271	0.0208333333333
61088	0.0208333333333
61282	0.0208333333333
1117	0.0207612456747
19288	0.0207612456747
51039	0.0206896551724
186	0.020618556701
37778	0.020618556701
50994	0.020618556701
1364	0.0205882352941
51099	0.0205761316872
52697	0.0204918032787
26	0.0204081632653
716	0.0204081632653
790	0.0204081632653
2061	0.0204081632653
2090	0.0204081632653
2387	0.0204081632653
2660	0.0204081632653
2683	0.0204081632653
3313	0.0204081632653
3684	0.0204081632653
6768	0.0204081632653
7302	0.0204081632653
9350	0.0204081632653
10528	0.0204081632653
10724	0.0204081632653
11340	0.0204081632653
11989	0.0204081632653
12301	0.0204081632653
12764	0.0204081632653
14734	0.0204081632653
15813	0.0204081632653
15975	0.0204081632653
17849	0.0204081632653
18498	0.0204081632653
18769	0.0204081632653
19406	0.0204081632653
19614	0.0204081632653
20384	0.0204081632653
20481	0.0204081632653
20697	0.0204081632653
21480	0.0204081632653
21637	0.0204081632653
22345	0.0204081632653
23064	0.0204081632653
23230	0.0204081632653
23292	0.0204081632653
24687	0.0204081632653
24808	0.0204081632653
28833	0.0204081632653
30815	0.0204081632653
31396	0.0204081632653
34675	0.0204081632653
38963	0.0204081632653
40071	0.0204081632653
40398	0.0204081632653
40895	0.0204081632653
42209	0.0204081632653
42923	0.0204081632653
43563	0.0204081632653
44580	0.0204081632653
45119	0.0204081632653
45774	0.0204081632653
46130	0.0204081632653
46550	0.0204081632653
47339	0.0204081632653
48482	0.0204081632653
49546	0.0204081632653
49673	0.0204081632653
50643	0.0204081632653
51375	0.0204081632653
51475	0.0204081632653
56789	0.0204081632653
57495	0.0204081632653
58712	0.0204081632653
30694	0.020202020202
35480	0.020202020202
43016	0.020202020202
43195	0.020202020202
27207	0.0201342281879
739	0.02
1061	0.02
1525	0.02
2330	0.02
4465	0.02
5279	0.02
5573	0.02
6597	0.02
7110	0.02
9671	0.02
10334	0.02
10476	0.02
10544	0.02
11156	0.02
12814	0.02
15208	0.02
16856	0.02
20603	0.02
20873	0.02
23825	0.02
24387	0.02
25471	0.02
25769	0.02
26761	0.02
27275	0.02
28291	0.02
28760	0.02
30452	0.02
31621	0.02
32657	0.02
34661	0.02
35381	0.02
35525	0.02
35734	0.02
35848	0.02
41494	0.02
41544	0.02
42111	0.02
42232	0.02
42247	0.02
42263	0.02
42274	0.02
42302	0.02
42342	0.02
43162	0.02
48648	0.02
49172	0.02
51154	0.02
51770	0.02
51974	0.02
52077	0.02
53354	0.02
58115	0.02
59086	0.02
59150	0.02
60048	0.02
40318	0.0199203187251
41140	0.0199203187251
22408	0.0198675496689
23248	0.019801980198
29095	0.019801980198
33692	0.019801980198
41712	0.019801980198
59731	0.019801980198
5774	0.0197740112994
3865	0.0197368421053
3747	0.0196721311475
451	0.0196078431373
1204	0.0196078431373
2958	0.0196078431373
4698	0.0196078431373
5645	0.0196078431373
5754	0.0196078431373
7532	0.0196078431373
8619	0.0196078431373
8731	0.0196078431373
9675	0.0196078431373
9757	0.0196078431373
10341	0.0196078431373
13158	0.0196078431373
13531	0.0196078431373
14086	0.0196078431373
15361	0.0196078431373
16247	0.0196078431373
19551	0.0196078431373
20007	0.0196078431373
21103	0.0196078431373
21870	0.0196078431373
23169	0.0196078431373
25153	0.0196078431373
25570	0.0196078431373
26277	0.0196078431373
29308	0.0196078431373
29886	0.0196078431373
35283	0.0196078431373
36409	0.0196078431373
36718	0.0196078431373
40569	0.0196078431373
41202	0.0196078431373
41520	0.0196078431373
42965	0.0196078431373
43275	0.0196078431373
43327	0.0196078431373
44106	0.0196078431373
46327	0.0196078431373
47361	0.0196078431373
49157	0.0196078431373
51670	0.0196078431373
51976	0.0196078431373
52411	0.0196078431373
53079	0.0196078431373
59665	0.0196078431373
60323	0.0196078431373
60768	0.0196078431373
15782	0.0194805194805
16264	0.0194805194805
16838	0.0194174757282
18112	0.0194174757282
41096	0.0194174757282
24688	0.0193548387097
10920	0.019305019305
9	0.0192307692308
4361	0.0192307692308
4862	0.0192307692308
5205	0.0192307692308
5260	0.0192307692308
6880	0.0192307692308
7311	0.0192307692308
7495	0.0192307692308
8375	0.0192307692308
9110	0.0192307692308
9247	0.0192307692308
10232	0.0192307692308
10935	0.0192307692308
11026	0.0192307692308
11830	0.0192307692308
14746	0.0192307692308
15340	0.0192307692308
17292	0.0192307692308
17935	0.0192307692308
18612	0.0192307692308
19465	0.0192307692308
19531	0.0192307692308
19779	0.0192307692308
21798	0.0192307692308
21854	0.0192307692308
21920	0.0192307692308
29593	0.0192307692308
34186	0.0192307692308
38769	0.0192307692308
39607	0.0192307692308
39845	0.0192307692308
41473	0.0192307692308
41718	0.0192307692308
41822	0.0192307692308
42501	0.0192307692308
45069	0.0192307692308
45124	0.0192307692308
45775	0.0192307692308
47104	0.0192307692308
47585	0.0192307692308
48413	0.0192307692308
51256	0.0192307692308
51728	0.0192307692308
56485	0.0192307692308
58497	0.0192307692308
61074	0.0192307692308
18278	0.0191693290735
16273	0.0191387559809
34073	0.0191387559809
283	0.0190476190476
10328	0.0190476190476
20077	0.0190476190476
46731	0.0190476190476
56496	0.0190476190476
49392	0.0190114068441
1214	0.0188679245283
2088	0.0188679245283
4545	0.0188679245283
7545	0.0188679245283
8222	0.0188679245283
8736	0.0188679245283
11758	0.0188679245283
13058	0.0188679245283
14465	0.0188679245283
14536	0.0188679245283
14962	0.0188679245283
16170	0.0188679245283
16194	0.0188679245283
16831	0.0188679245283
16861	0.0188679245283
18630	0.0188679245283
18678	0.0188679245283
18683	0.0188679245283
18695	0.0188679245283
22411	0.0188679245283
22568	0.0188679245283
22683	0.0188679245283
24059	0.0188679245283
25857	0.0188679245283
26123	0.0188679245283
26637	0.0188679245283
27839	0.0188679245283
28185	0.0188679245283
28374	0.0188679245283
28788	0.0188679245283
30283	0.0188679245283
30533	0.0188679245283
30757	0.0188679245283
31177	0.0188679245283
35031	0.0188679245283
35701	0.0188679245283
35952	0.0188679245283
37864	0.0188679245283
38958	0.0188679245283
39328	0.0188679245283
42171	0.0188679245283
42221	0.0188679245283
42638	0.0188679245283
43091	0.0188679245283
43189	0.0188679245283
43594	0.0188679245283
51448	0.0188679245283
52630	0.0188679245283
53180	0.0188679245283
54252	0.0188679245283
55864	0.0188679245283
56686	0.0188679245283
59883	0.0188679245283
59944	0.0188679245283
54	0.018779342723
31307	0.018779342723
6222	0.01875
21715	0.018691588785
31313	0.018691588785
43920	0.018691588785
172	0.0185185185185
685	0.0185185185185
1085	0.0185185185185
1699	0.0185185185185
1746	0.0185185185185
2216	0.0185185185185
3760	0.0185185185185
4334	0.0185185185185
4758	0.0185185185185
6817	0.0185185185185
7066	0.0185185185185
7463	0.0185185185185
12115	0.0185185185185
15204	0.0185185185185
17293	0.0185185185185
18203	0.0185185185185
19443	0.0185185185185
21829	0.0185185185185
22891	0.0185185185185
23575	0.0185185185185
24132	0.0185185185185
26061	0.0185185185185
26739	0.0185185185185
29161	0.0185185185185
29601	0.0185185185185
30933	0.0185185185185
31112	0.0185185185185
33351	0.0185185185185
33963	0.0185185185185
34415	0.0185185185185
34952	0.0185185185185
35516	0.0185185185185
41264	0.0185185185185
41342	0.0185185185185
41389	0.0185185185185
43139	0.0185185185185
43580	0.0185185185185
44467	0.0185185185185
46721	0.0185185185185
47018	0.0185185185185
48475	0.0185185185185
48576	0.0185185185185
49124	0.0185185185185
50642	0.0185185185185
51266	0.0185185185185
51436	0.0185185185185
52164	0.0185185185185
52744	0.0185185185185
52889	0.0185185185185
53115	0.0185185185185
53363	0.0185185185185
56611	0.0185185185185
59926	0.0185185185185
60185	0.0185185185185
60563	0.0185185185185
41058	0.0184804928131
22572	0.0184331797235
5512	0.0184049079755
37686	0.0183486238532
50958	0.0183486238532
4625	0.0182926829268
6360	0.0182926829268
42750	0.0182926829268
33656	0.0182648401826
895	0.0181818181818
1108	0.0181818181818
2643	0.0181818181818
3240	0.0181818181818
4365	0.0181818181818
4439	0.0181818181818
5188	0.0181818181818
7301	0.0181818181818
7386	0.0181818181818
8393	0.0181818181818
8423	0.0181818181818
9517	0.0181818181818
9691	0.0181818181818
10384	0.0181818181818
18299	0.0181818181818
18604	0.0181818181818
18765	0.0181818181818
18772	0.0181818181818
22121	0.0181818181818
24156	0.0181818181818
26467	0.0181818181818
27910	0.0181818181818
29378	0.0181818181818
31149	0.0181818181818
32103	0.0181818181818
33207	0.0181818181818
34117	0.0181818181818
36399	0.0181818181818
38676	0.0181818181818
41089	0.0181818181818
41249	0.0181818181818
41557	0.0181818181818
41565	0.0181818181818
41853	0.0181818181818
42510	0.0181818181818
42719	0.0181818181818
43174	0.0181818181818
43768	0.0181818181818
47087	0.0181818181818
50402	0.0181818181818
50609	0.0181818181818
50665	0.0181818181818
51125	0.0181818181818
51905	0.0181818181818
52021	0.0181818181818
52169	0.0181818181818
53179	0.0181818181818
5100	0.0181268882175
218	0.018018018018
5702	0.018018018018
11775	0.018018018018
32923	0.018018018018
44978	0.018018018018
503	0.0178571428571
2461	0.0178571428571
3501	0.0178571428571
4071	0.0178571428571
9987	0.0178571428571
10327	0.0178571428571
10746	0.0178571428571
11180	0.0178571428571
11651	0.0178571428571
14584	0.0178571428571
15207	0.0178571428571
19817	0.0178571428571
23984	0.0178571428571
24682	0.0178571428571
25394	0.0178571428571
27629	0.0178571428571
30451	0.0178571428571
31164	0.0178571428571
31636	0.0178571428571
31858	0.0178571428571
31963	0.0178571428571
35423	0.0178571428571
37445	0.0178571428571
39749	0.0178571428571
41408	0.0178571428571
41755	0.0178571428571
41837	0.0178571428571
41909	0.0178571428571
42140	0.0178571428571
43530	0.0178571428571
46611	0.0178571428571
48580	0.0178571428571
48731	0.0178571428571
49262	0.0178571428571
51679	0.0178571428571
52041	0.0178571428571
52250	0.0178571428571
52728	0.0178571428571
53390	0.0178571428571
59561	0.0178571428571
59962	0.0178571428571
60600	0.0178571428571
8397	0.0177777777778
37689	0.0177777777778
35594	0.0176991150442
35968	0.0176991150442
41711	0.0176991150442
632	0.0176470588235
39085	0.0176470588235
41038	0.0176470588235
201	0.0175438596491
819	0.0175438596491
835	0.0175438596491
1015	0.0175438596491
1039	0.0175438596491
1602	0.0175438596491
1990	0.0175438596491
2678	0.0175438596491
5408	0.0175438596491
6343	0.0175438596491
6440	0.0175438596491
12483	0.0175438596491
13965	0.0175438596491
16769	0.0175438596491
17723	0.0175438596491
17917	0.0175438596491
18595	0.0175438596491
18758	0.0175438596491
21744	0.0175438596491
21820	0.0175438596491
22390	0.0175438596491
22395	0.0175438596491
23283	0.0175438596491
24547	0.0175438596491
25844	0.0175438596491
28387	0.0175438596491
33086	0.0175438596491
34738	0.0175438596491
36632	0.0175438596491
39121	0.0175438596491
39195	0.0175438596491
39332	0.0175438596491
39409	0.0175438596491
40137	0.0175438596491
40377	0.0175438596491
41331	0.0175438596491
41356	0.0175438596491
41522	0.0175438596491
42992	0.0175438596491
43422	0.0175438596491
43504	0.0175438596491
45113	0.0175438596491
45875	0.0175438596491
50029	0.0175438596491
50861	0.0175438596491
51110	0.0175438596491
52526	0.0175438596491
52941	0.0175438596491
53256	0.0175438596491
54244	0.0175438596491
58086	0.0175438596491
60068	0.0175438596491
60137	0.0175438596491
42328	0.0174672489083
22830	0.0174418604651
31877	0.0174216027875
52576	0.0173913043478
29992	0.0173611111111
160	0.0172413793103
1638	0.0172413793103
7184	0.0172413793103
7350	0.0172413793103
7512	0.0172413793103
7619	0.0172413793103
7678	0.0172413793103
8542	0.0172413793103
11435	0.0172413793103
12272	0.0172413793103
12432	0.0172413793103
12737	0.0172413793103
17992	0.0172413793103
19118	0.0172413793103
21379	0.0172413793103
22985	0.0172413793103
30462	0.0172413793103
30927	0.0172413793103
32044	0.0172413793103
32722	0.0172413793103
33722	0.0172413793103
34318	0.0172413793103
35061	0.0172413793103
36056	0.0172413793103
36809	0.0172413793103
37400	0.0172413793103
41340	0.0172413793103
41418	0.0172413793103
41719	0.0172413793103
41800	0.0172413793103
42098	0.0172413793103
42690	0.0172413793103
42702	0.0172413793103
43321	0.0172413793103
46056	0.0172413793103
47075	0.0172413793103
48903	0.0172413793103
49644	0.0172413793103
49985	0.0172413793103
50924	0.0172413793103
51227	0.0172413793103
51405	0.0172413793103
51582	0.0172413793103
51593	0.0172413793103
53411	0.0172413793103
53935	0.0172413793103
55031	0.0172413793103
60506	0.0172413793103
61153	0.0172413793103
21801	0.0171821305842
3690	0.017094017094
14656	0.017094017094
34136	0.017094017094
34525	0.017094017094
41521	0.017094017094
52711	0.017094017094
1542	0.0169491525424
1756	0.0169491525424
3001	0.0169491525424
3154	0.0169491525424
5625	0.0169491525424
6449	0.0169491525424
6552	0.0169491525424
8510	0.0169491525424
8767	0.0169491525424
8827	0.0169491525424
9683	0.0169491525424
11625	0.0169491525424
11886	0.0169491525424
12755	0.0169491525424
13036	0.0169491525424
15153	0.0169491525424
16074	0.0169491525424
18642	0.0169491525424
18954	0.0169491525424
20283	0.0169491525424
24114	0.0169491525424
27280	0.0169491525424
27821	0.0169491525424
30335	0.0169491525424
30774	0.0169491525424
30987	0.0169491525424
31733	0.0169491525424
34104	0.0169491525424
34297	0.0169491525424
36266	0.0169491525424
40986	0.0169491525424
41301	0.0169491525424
41552	0.0169491525424
42840	0.0169491525424
47304	0.0169491525424
47561	0.0169491525424
51717	0.0169491525424
51817	0.0169491525424
51934	0.0169491525424
53344	0.0169491525424
58279	0.0169491525424
29739	0.0168918918919
31483	0.0168674698795
4391	0.0168067226891
39286	0.0168067226891
5599	0.0167785234899
50868	0.0167597765363
1286	0.0166666666667
2676	0.0166666666667
4587	0.0166666666667
4869	0.0166666666667
7329	0.0166666666667
8964	0.0166666666667
9667	0.0166666666667
10342	0.0166666666667
10501	0.0166666666667
11150	0.0166666666667
21709	0.0166666666667
22521	0.0166666666667
23196	0.0166666666667
34617	0.0166666666667
35437	0.0166666666667
38197	0.0166666666667
38639	0.0166666666667
38704	0.0166666666667
41459	0.0166666666667
42672	0.0166666666667
43006	0.0166666666667
46682	0.0166666666667
47603	0.0166666666667
49136	0.0166666666667
49257	0.0166666666667
49678	0.0166666666667
49729	0.0166666666667
51133	0.0166666666667
51183	0.0166666666667
51325	0.0166666666667
51379	0.0166666666667
52741	0.0166666666667
52912	0.0166666666667
52915	0.0166666666667
52984	0.0166666666667
12511	0.0165745856354
41061	0.0165562913907
3260	0.0165289256198
3619	0.0165289256198
4752	0.0165289256198
5916	0.0165289256198
27033	0.0165289256198
31299	0.0165289256198
51869	0.0165289256198
52645	0.0165289256198
53069	0.0165289256198
4485	0.0164835164835
20335	0.0164835164835
1361	0.0164609053498
1389	0.016393442623
5601	0.016393442623
9356	0.016393442623
10348	0.016393442623
12434	0.016393442623
17258	0.016393442623
19960	0.016393442623
22601	0.016393442623
22618	0.016393442623
25637	0.016393442623
27045	0.016393442623
30525	0.016393442623
31971	0.016393442623
32228	0.016393442623
34444	0.016393442623
34668	0.016393442623
36188	0.016393442623
36761	0.016393442623
36982	0.016393442623
37114	0.016393442623
39030	0.016393442623
41590	0.016393442623
42064	0.016393442623
42112	0.016393442623
42379	0.016393442623
42441	0.016393442623
42660	0.016393442623
43084	0.016393442623
44819	0.016393442623
45453	0.016393442623
47336	0.016393442623
50422	0.016393442623
51590	0.016393442623
51710	0.016393442623
51914	0.016393442623
51966	0.016393442623
52009	0.016393442623
54960	0.016393442623
56967	0.016393442623
59784	0.016393442623
21989	0.0163043478261
50870	0.0163043478261
1323	0.0162601626016
12484	0.0162601626016
13933	0.0162601626016
49791	0.0162601626016
38663	0.0162162162162
2467	0.0161290322581
2630	0.0161290322581
3797	0.0161290322581
4440	0.0161290322581
4943	0.0161290322581
6254	0.0161290322581
7440	0.0161290322581
8914	0.0161290322581
12386	0.0161290322581
12964	0.0161290322581
14004	0.0161290322581
16123	0.0161290322581
23438	0.0161290322581
23514	0.0161290322581
25165	0.0161290322581
28486	0.0161290322581
28517	0.0161290322581
29257	0.0161290322581
29325	0.0161290322581
34204	0.0161290322581
37167	0.0161290322581
37691	0.0161290322581
48614	0.0161290322581
51708	0.0161290322581
51971	0.0161290322581
51975	0.0161290322581
52125	0.0161290322581
52540	0.0161290322581
52809	0.0161290322581
52856	0.0161290322581
52859	0.0161290322581
59137	0.0161290322581
59237	0.0161290322581
2574	0.0160427807487
34967	0.0160427807487
35360	0.0160427807487
7419	0.0160213618158
12756	0.016
20010	0.016
25027	0.016
33850	0.016
3445	0.0159744408946
41071	0.0159453302961
33	0.015873015873
330	0.015873015873
2287	0.015873015873
7411	0.015873015873
10531	0.015873015873
11378	0.015873015873
12581	0.015873015873
13173	0.015873015873
14341	0.015873015873
16093	0.015873015873
18771	0.015873015873
19803	0.015873015873
20748	0.015873015873
21227	0.015873015873
22838	0.015873015873
24472	0.015873015873
26094	0.015873015873
27308	0.015873015873
27452	0.015873015873
27856	0.015873015873
28461	0.015873015873
29998	0.015873015873
30552	0.015873015873
30618	0.015873015873
31465	0.015873015873
33994	0.015873015873
35025	0.015873015873
36259	0.015873015873
36348	0.015873015873
36353	0.015873015873
38471	0.015873015873
41078	0.015873015873
41647	0.015873015873
41879	0.015873015873
41911	0.015873015873
42038	0.015873015873
42286	0.015873015873
46729	0.015873015873
50940	0.015873015873
50998	0.015873015873
51033	0.015873015873
52891	0.015873015873
53250	0.015873015873
60589	0.015873015873
61218	0.015873015873
6816	0.0158102766798
31879	0.0158102766798
17915	0.0157894736842
51699	0.0157894736842
2681	0.0157480314961
9636	0.0157480314961
28396	0.0157480314961
55841	0.0157480314961
59508	0.0157480314961
3553	0.0157068062827
795	0.015625
1411	0.015625
1821	0.015625
2293	0.015625
2785	0.015625
3817	0.015625
6124	0.015625
6378	0.015625
8609	0.015625
11569	0.015625
12573	0.015625
16431	0.015625
18354	0.015625
21478	0.015625
24964	0.015625
29055	0.015625
32439	0.015625
32775	0.015625
32799	0.015625
33652	0.015625
34151	0.015625
36382	0.015625
39335	0.015625
41447	0.015625
41748	0.015625
41777	0.015625
42483	0.015625
50097	0.015625
50938	0.015625
50964	0.015625
51233	0.015625
51716	0.015625
52024	0.015625
53298	0.015625
56072	0.015625
59541	0.015625
21648	0.0155642023346
4764	0.0155367231638
41154	0.0155279503106
6689	0.015503875969
44281	0.015503875969
18699	0.015479876161
26890	0.0154639175258
28830	0.0154639175258
924	0.0153846153846
1144	0.0153846153846
3128	0.0153846153846
3388	0.0153846153846
4390	0.0153846153846
4512	0.0153846153846
7637	0.0153846153846
15494	0.0153846153846
15717	0.0153846153846
16348	0.0153846153846
18956	0.0153846153846
18958	0.0153846153846
22717	0.0153846153846
24804	0.0153846153846
25918	0.0153846153846
26829	0.0153846153846
27416	0.0153846153846
28711	0.0153846153846
28808	0.0153846153846
29583	0.0153846153846
32626	0.0153846153846
35166	0.0153846153846
37589	0.0153846153846
38605	0.0153846153846
40401	0.0153846153846
45371	0.0153846153846
50173	0.0153846153846
51058	0.0153846153846
51106	0.0153846153846
51333	0.0153846153846
51607	0.0153846153846
52760	0.0153846153846
52975	0.0153846153846
56812	0.0153846153846
57521	0.0153846153846
59566	0.0153846153846
11675	0.015350877193
31850	0.015306122449
26251	0.0152671755725
51152	0.0152671755725
52521	0.0152671755725
19897	0.0152284263959
252	0.0151515151515
1304	0.0151515151515
2545	0.0151515151515
2639	0.0151515151515
2687	0.0151515151515
3425	0.0151515151515
5225	0.0151515151515
6599	0.0151515151515
7720	0.0151515151515
9722	0.0151515151515
10190	0.0151515151515
10471	0.0151515151515
11154	0.0151515151515
11235	0.0151515151515
12609	0.0151515151515
17591	0.0151515151515
20229	0.0151515151515
22070	0.0151515151515
22659	0.0151515151515
27268	0.0151515151515
29523	0.0151515151515
31731	0.0151515151515
33331	0.0151515151515
34667	0.0151515151515
35973	0.0151515151515
37110	0.0151515151515
41049	0.0151515151515
41105	0.0151515151515
41454	0.0151515151515
42149	0.0151515151515
42731	0.0151515151515
42989	0.0151515151515
51523	0.0151515151515
52644	0.0151515151515
52774	0.0151515151515
53026	0.0151515151515
53269	0.0151515151515
59720	0.0151515151515
24522	0.0150753768844
2361	0.015037593985
39002	0.015037593985
43325	0.015037593985
51139	0.015037593985
52536	0.015037593985
57862	0.015037593985
14207	0.015
38763	0.015
50845	0.0149812734082
36999	0.0149625935162
2637	0.0149253731343
3172	0.0149253731343
3998	0.0149253731343
9801	0.0149253731343
10646	0.0149253731343
11776	0.0149253731343
13920	0.0149253731343
21933	0.0149253731343
23281	0.0149253731343
24888	0.0149253731343
25096	0.0149253731343
26725	0.0149253731343
28330	0.0149253731343
29958	0.0149253731343
32415	0.0149253731343
34794	0.0149253731343
35841	0.0149253731343
38029	0.0149253731343
38315	0.0149253731343
39383	0.0149253731343
39487	0.0149253731343
41199	0.0149253731343
41309	0.0149253731343
41566	0.0149253731343
41650	0.0149253731343
42678	0.0149253731343
43732	0.0149253731343
44112	0.0149253731343
44923	0.0149253731343
49662	0.0149253731343
49719	0.0149253731343
50337	0.0149253731343
51390	0.0149253731343
51556	0.0149253731343
52382	0.0149253731343
53243	0.0149253731343
59691	0.0149253731343
61148	0.0149253731343
16516	0.0148514851485
1272	0.0148148148148
5113	0.0148148148148
5603	0.0148148148148
53200	0.0148148148148
41164	0.0147601476015
2808	0.0147058823529
3512	0.0147058823529
3911	0.0147058823529
4488	0.0147058823529
7433	0.0147058823529
10054	0.0147058823529
11299	0.0147058823529
11300	0.0147058823529
11346	0.0147058823529
11503	0.0147058823529
14270	0.0147058823529
17080	0.0147058823529
17789	0.0147058823529
19602	0.0147058823529
20716	0.0147058823529
21903	0.0147058823529
22008	0.0147058823529
24155	0.0147058823529
25799	0.0147058823529
28165	0.0147058823529
31663	0.0147058823529
33880	0.0147058823529
35907	0.0147058823529
41196	0.0147058823529
42008	0.0147058823529
42085	0.0147058823529
42949	0.0147058823529
44117	0.0147058823529
45900	0.0147058823529
46487	0.0147058823529
50923	0.0147058823529
51834	0.0147058823529
53044	0.0147058823529
53242	0.0147058823529
57790	0.0147058823529
60149	0.0147058823529
60601	0.0147058823529
60999	0.0147058823529
25376	0.0146341463415
41013	0.0146341463415
17715	0.0146198830409
4044	0.014598540146
6803	0.014598540146
7645	0.014598540146
30445	0.014598540146
39404	0.014598540146
41640	0.014598540146
47430	0.014598540146
17277	0.0145631067961
1921	0.0145454545455
387	0.0144927536232
1908	0.0144927536232
1972	0.0144927536232
3025	0.0144927536232
3481	0.0144927536232
3590	0.0144927536232
6792	0.0144927536232
7460	0.0144927536232
7505	0.0144927536232
8527	0.0144927536232
8729	0.0144927536232
9123	0.0144927536232
13298	0.0144927536232
14275	0.0144927536232
15360	0.0144927536232
18610	0.0144927536232
19661	0.0144927536232
25046	0.0144927536232
26837	0.0144927536232
27358	0.0144927536232
29898	0.0144927536232
35391	0.0144927536232
35967	0.0144927536232
41225	0.0144927536232
41254	0.0144927536232
43755	0.0144927536232
45481	0.0144927536232
51933	0.0144927536232
53110	0.0144927536232
55950	0.0144927536232
60445	0.0144927536232
37427	0.014440433213
6772	0.0144230769231
4005	0.0143884892086
29855	0.0143884892086
47637	0.0143884892086
50913	0.0143540669856
3312	0.0143369175627
2150	0.0142857142857
2744	0.0142857142857
3216	0.0142857142857
9358	0.0142857142857
9824	0.0142857142857
16283	0.0142857142857
17639	0.0142857142857
18521	0.0142857142857
18959	0.0142857142857
20205	0.0142857142857
20261	0.0142857142857
20536	0.0142857142857
21690	0.0142857142857
21790	0.0142857142857
25006	0.0142857142857
29656	0.0142857142857
30311	0.0142857142857
30680	0.0142857142857
31007	0.0142857142857
36024	0.0142857142857
37930	0.0142857142857
38983	0.0142857142857
39582	0.0142857142857
43103	0.0142857142857
46895	0.0142857142857
47292	0.0142857142857
51482	0.0142857142857
51566	0.0142857142857
51881	0.0142857142857
51958	0.0142857142857
60421	0.0142857142857
32612	0.0142602495544
39140	0.0141843971631
51632	0.0141843971631
25891	0.0141509433962
511	0.0141242937853
75	0.0140845070423
849	0.0140845070423
1345	0.0140845070423
2353	0.0140845070423
2600	0.0140845070423
3544	0.0140845070423
4305	0.0140845070423
5804	0.0140845070423
6217	0.0140845070423
7325	0.0140845070423
10266	0.0140845070423
11824	0.0140845070423
12167	0.0140845070423
13771	0.0140845070423
25316	0.0140845070423
25885	0.0140845070423
26954	0.0140845070423
27519	0.0140845070423
31875	0.0140845070423
34199	0.0140845070423
35245	0.0140845070423
38880	0.0140845070423
41230	0.0140845070423
41612	0.0140845070423
41795	0.0140845070423
41797	0.0140845070423
42285	0.0140845070423
43222	0.0140845070423
44154	0.0140845070423
50344	0.0140845070423
51042	0.0140845070423
51112	0.0140845070423
51327	0.0140845070423
51549	0.0140845070423
51979	0.0140845070423
52541	0.0140845070423
56215	0.0140845070423
59608	0.0140845070423
61083	0.0140845070423
41157	0.0140186915888
29309	0.014
6218	0.013986013986
6394	0.013986013986
36976	0.013986013986
40562	0.013986013986
11201	0.0139130434783
167	0.0138888888889
1903	0.0138888888889
2196	0.0138888888889
3250	0.0138888888889
3535	0.0138888888889
4022	0.0138888888889
7715	0.0138888888889
8582	0.0138888888889
10428	0.0138888888889
10958	0.0138888888889
12928	0.0138888888889
13103	0.0138888888889
13128	0.0138888888889
15192	0.0138888888889
15720	0.0138888888889
16445	0.0138888888889
18641	0.0138888888889
19534	0.0138888888889
24437	0.0138888888889
28542	0.0138888888889
31399	0.0138888888889
31514	0.0138888888889
31676	0.0138888888889
33788	0.0138888888889
33927	0.0138888888889
34521	0.0138888888889
38701	0.0138888888889
40633	0.0138888888889
41247	0.0138888888889
41421	0.0138888888889
41713	0.0138888888889
43717	0.0138888888889
43780	0.0138888888889
50771	0.0138888888889
40964	0.0138504155125
29909	0.0138408304498
7198	0.0138248847926
23080	0.0138248847926
28047	0.0138121546961
19429	0.0137931034483
2312	0.0137457044674
28128	0.0137457044674
4489	0.0137221269297
3566	0.013698630137
4006	0.013698630137
5135	0.013698630137
10979	0.013698630137
15218	0.013698630137
16774	0.013698630137
16955	0.013698630137
17204	0.013698630137
19660	0.013698630137
20747	0.013698630137
23409	0.013698630137
27593	0.013698630137
27596	0.013698630137
28285	0.013698630137
33577	0.013698630137
33896	0.013698630137
34311	0.013698630137
34971	0.013698630137
34986	0.013698630137
37587	0.013698630137
37985	0.013698630137
41102	0.013698630137
41354	0.013698630137
41386	0.013698630137
41827	0.013698630137
41951	0.013698630137
42012	0.013698630137
42484	0.013698630137
42568	0.013698630137
42572	0.013698630137
43347	0.013698630137
43463	0.013698630137
45345	0.013698630137
45994	0.013698630137
49838	0.013698630137
50185	0.013698630137
52273	0.013698630137
53158	0.013698630137
56707	0.013698630137
13056	0.0136518771331
41070	0.0136363636364
44433	0.0136363636364
10250	0.0136239782016
33830	0.0136054421769
35021	0.0136054421769
21337	0.0135746606335
29360	0.0135746606335
30980	0.0135746606335
35581	0.0135746606335
2559	0.0135135135135
8873	0.0135135135135
9721	0.0135135135135
10750	0.0135135135135
16397	0.0135135135135
18161	0.0135135135135
19404	0.0135135135135
19595	0.0135135135135
20362	0.0135135135135
24099	0.0135135135135
26773	0.0135135135135
27273	0.0135135135135
35151	0.0135135135135
37381	0.0135135135135
39663	0.0135135135135
40862	0.0135135135135
41051	0.0135135135135
46674	0.0135135135135
48996	0.0135135135135
51370	0.0135135135135
51495	0.0135135135135
52592	0.0135135135135
52736	0.0135135135135
52772	0.0135135135135
59525	0.0135135135135
25113	0.0134529147982
40541	0.0134529147982
23150	0.0134328358209
106	0.0134228187919
7427	0.0134228187919
19111	0.0134228187919
22941	0.0134228187919
37775	0.0134228187919
51988	0.0134228187919
52331	0.0134228187919
12388	0.0133928571429
778	0.0133333333333
3749	0.0133333333333
3788	0.0133333333333
5498	0.0133333333333
14251	0.0133333333333
14658	0.0133333333333
17605	0.0133333333333
18679	0.0133333333333
19657	0.0133333333333
20465	0.0133333333333
24017	0.0133333333333
28477	0.0133333333333
28588	0.0133333333333
28627	0.0133333333333
31035	0.0133333333333
37673	0.0133333333333
40993	0.0133333333333
41055	0.0133333333333
41599	0.0133333333333
43794	0.0133333333333
46441	0.0133333333333
47638	0.0133333333333
51694	0.0133333333333
52762	0.0133333333333
59798	0.0133333333333
59935	0.0133333333333
41065	0.0132890365449
90	0.0132743362832
6352	0.0132450331126
39771	0.0132450331126
4335	0.013201320132
742	0.0131578947368
3000	0.0131578947368
7281	0.0131578947368
7415	0.0131578947368
9252	0.0131578947368
14672	0.0131578947368
19606	0.0131578947368
20492	0.0131578947368
22690	0.0131578947368
25075	0.0131578947368
27209	0.0131578947368
28828	0.0131578947368
29317	0.0131578947368
29379	0.0131578947368
31909	0.0131578947368
35508	0.0131578947368
36096	0.0131578947368
38330	0.0131578947368
39438	0.0131578947368
41443	0.0131578947368
42197	0.0131578947368
43348	0.0131578947368
44153	0.0131578947368
48358	0.0131578947368
49329	0.0131578947368
52029	0.0131578947368
52743	0.0131578947368
60613	0.0131578947368
3733	0.0131332082552
562	0.0131004366812
1954	0.0130718954248
34143	0.0130718954248
41536	0.0130718954248
41819	0.0130718954248
50941	0.0130718954248
29287	0.0130434782609
7317	0.0130208333333
25453	0.0130208333333
100	0.012987012987
515	0.012987012987
550	0.012987012987
1020	0.012987012987
1175	0.012987012987
1904	0.012987012987
4705	0.012987012987
5881	0.012987012987
6592	0.012987012987
7470	0.012987012987
7482	0.012987012987
9589	0.012987012987
10112	0.012987012987
11384	0.012987012987
15825	0.012987012987
16944	0.012987012987
23141	0.012987012987
23531	0.012987012987
23887	0.012987012987
24980	0.012987012987
34094	0.012987012987
34618	0.012987012987
35130	0.012987012987
37897	0.012987012987
38708	0.012987012987
39137	0.012987012987
39341	0.012987012987
39767	0.012987012987
41503	0.012987012987
41730	0.012987012987
42332	0.012987012987
43376	0.012987012987
43679	0.012987012987
44034	0.012987012987
45068	0.012987012987
50885	0.012987012987
51281	0.012987012987
51767	0.012987012987
52176	0.012987012987
52642	0.012987012987
53000	0.012987012987
53317	0.012987012987
32832	0.0129449838188
38293	0.0129449838188
28610	0.0129310344828
39366	0.0129310344828
3793	0.0129032258065
27320	0.0129032258065
29543	0.0129032258065
53040	0.0128617363344
1354	0.0128205128205
6235	0.0128205128205
7393	0.0128205128205
7540	0.0128205128205
12889	0.0128205128205
14274	0.0128205128205
15596	0.0128205128205
15963	0.0128205128205
22663	0.0128205128205
22773	0.0128205128205
24380	0.0128205128205
30778	0.0128205128205
31478	0.0128205128205
33273	0.0128205128205
37856	0.0128205128205
41050	0.0128205128205
41063	0.0128205128205
41471	0.0128205128205
41553	0.0128205128205
41868	0.0128205128205
44286	0.0128205128205
44500	0.0128205128205
44704	0.0128205128205
46121	0.0128205128205
51299	0.0128205128205
52472	0.0128205128205
56324	0.0128205128205
57828	0.0128205128205
42609	0.0127795527157
1739	0.0127659574468
3859	0.0127659574468
34999	0.0127659574468
2130	0.0127388535032
50952	0.0127388535032
53134	0.0127388535032
11	0.0127077223851
285	0.0126582278481
1111	0.0126582278481
1196	0.0126582278481
2925	0.0126582278481
3559	0.0126582278481
12873	0.0126582278481
14476	0.0126582278481
18506	0.0126582278481
21734	0.0126582278481
22621	0.0126582278481
25559	0.0126582278481
42013	0.0126582278481
43785	0.0126582278481
51057	0.0126582278481
51164	0.0126582278481
51294	0.0126582278481
51339	0.0126582278481
2401	0.01261829653
45223	0.0126050420168
7442	0.0125944584383
16420	0.0125944584383
30269	0.0125899280576
7175	0.0125786163522
39323	0.0125786163522
41489	0.0125786163522
42270	0.0125786163522
51274	0.0125786163522
4430	0.0125368731563
644	0.0125
779	0.0125
3796	0.0125
3915	0.0125
7430	0.0125
10149	0.0125
10961	0.0125
11123	0.0125
12830	0.0125
17007	0.0125
21845	0.0125
25475	0.0125
26584	0.0125
26924	0.0125
27872	0.0125
30585	0.0125
31105	0.0125
31479	0.0125
33782	0.0125
33826	0.0125
37591	0.0125
39884	0.0125
41890	0.0125
42657	0.0125
49394	0.0125
50527	0.0125
50848	0.0125
60266	0.0125
3280	0.012474012474
6444	0.01246105919
31864	0.0124223602484
41161	0.0124223602484
5918	0.0123966942149
17346	0.0123966942149
1928	0.0123839009288
12017	0.0123762376238
2070	0.0123456790123
2789	0.0123456790123
7425	0.0123456790123
10315	0.0123456790123
14714	0.0123456790123
16943	0.0123456790123
17904	0.0123456790123
26904	0.0123456790123
27548	0.0123456790123
31970	0.0123456790123
32405	0.0123456790123
32720	0.0123456790123
35039	0.0123456790123
39078	0.0123456790123
40657	0.0123456790123
41212	0.0123456790123
42075	0.0123456790123
42099	0.0123456790123
43026	0.0123456790123
43835	0.0123456790123
47294	0.0123456790123
51144	0.0123456790123
53122	0.0123456790123
2411	0.0122699386503
18997	0.0122699386503
27063	0.0122699386503
30635	0.0122699386503
41044	0.0122699386503
42312	0.0122699386503
41129	0.0122249388753
37426	0.0122164048866
1168	0.0121951219512
2343	0.0121951219512
4280	0.0121951219512
5395	0.0121951219512
7444	0.0121951219512
15515	0.0121951219512
16958	0.0121951219512
20187	0.0121951219512
21248	0.0121951219512
21281	0.0121951219512
25703	0.0121951219512
32651	0.0121951219512
33693	0.0121951219512
34165	0.0121951219512
38968	0.0121951219512
43723	0.0121951219512
44152	0.0121951219512
44999	0.0121951219512
51086	0.0121951219512
51775	0.0121951219512
51949	0.0121951219512
52904	0.0121951219512
60086	0.0121951219512
41003	0.0121703853955
1628	0.0121654501217
23688	0.0121654501217
35178	0.0121527777778
5420	0.0121212121212
51415	0.0121212121212
2722	0.0120967741935
10727	0.0120967741935
695	0.0120481927711
982	0.0120481927711
1918	0.0120481927711
3934	0.0120481927711
5302	0.0120481927711
5626	0.0120481927711
7942	0.0120481927711
23337	0.0120481927711
24087	0.0120481927711
25952	0.0120481927711
35164	0.0120481927711
37380	0.0120481927711
39657	0.0120481927711
41181	0.0120481927711
41864	0.0120481927711
42474	0.0120481927711
43034	0.0120481927711
43086	0.0120481927711
46447	0.0120481927711
50893	0.0120481927711
51060	0.0120481927711
51200	0.0120481927711
56118	0.0120481927711
60001	0.0120481927711
38203	0.0120087336245
40980	0.0120068610635
2028	0.0119760479042
15114	0.0119760479042
23782	0.0119760479042
27288	0.0119760479042
40351	0.0119760479042
50901	0.0119760479042
27255	0.0119521912351
35400	0.0119521912351
51156	0.0119402985075
6304	0.0119225037258
63	0.0119047619048
554	0.0119047619048
938	0.0119047619048
1898	0.0119047619048
3925	0.0119047619048
4195	0.0119047619048
9923	0.0119047619048
13854	0.0119047619048
15589	0.0119047619048
15638	0.0119047619048
16501	0.0119047619048
17734	0.0119047619048
21345	0.0119047619048
21396	0.0119047619048
21750	0.0119047619048
22513	0.0119047619048
23143	0.0119047619048
24046	0.0119047619048
24610	0.0119047619048
24810	0.0119047619048
27508	0.0119047619048
29492	0.0119047619048
30018	0.0119047619048
30922	0.0119047619048
31911	0.0119047619048
33614	0.0119047619048
35387	0.0119047619048
39848	0.0119047619048
41858	0.0119047619048
42001	0.0119047619048
44120	0.0119047619048
48926	0.0119047619048
52542	0.0119047619048
949	0.0118845500849
41134	0.0118577075099
5643	0.0118343195266
13067	0.0118343195266
35728	0.0117994100295
1685	0.0117647058824
2346	0.0117647058824
3436	0.0117647058824
5611	0.0117647058824
5865	0.0117647058824
7293	0.0117647058824
14710	0.0117647058824
14749	0.0117647058824
17318	0.0117647058824
18108	0.0117647058824
19962	0.0117647058824
27522	0.0117647058824
30983	0.0117647058824
33527	0.0117647058824
33772	0.0117647058824
34350	0.0117647058824
35030	0.0117647058824
37480	0.0117647058824
38671	0.0117647058824
39310	0.0117647058824
40139	0.0117647058824
40503	0.0117647058824
41158	0.0117647058824
51246	0.0117647058824
51403	0.0117647058824
51805	0.0117647058824
51918	0.0117647058824
52222	0.0117647058824
2898	0.0117521367521
39709	0.0117370892019
37052	0.01171875
5012	0.0116959064327
12777	0.0116959064327
39447	0.0116822429907
27527	0.0116618075802
1503	0.0116407982262
881	0.0116279069767
3328	0.0116279069767
6221	0.0116279069767
9920	0.0116279069767
10281	0.0116279069767
11766	0.0116279069767
13403	0.0116279069767
17969	0.0116279069767
18311	0.0116279069767
18427	0.0116279069767
26098	0.0116279069767
28797	0.0116279069767
30007	0.0116279069767
30952	0.0116279069767
34532	0.0116279069767
41656	0.0116279069767
41926	0.0116279069767
42248	0.0116279069767
42291	0.0116279069767
42427	0.0116279069767
43744	0.0116279069767
43924	0.0116279069767
50907	0.0116279069767
51019	0.0116279069767
51636	0.0116279069767
52230	0.0116279069767
53173	0.0116279069767
14352	0.0115979381443
24126	0.011583011583
28043	0.011583011583
51724	0.011583011583
9762	0.0115606936416
17301	0.0115606936416
38262	0.0115606936416
38519	0.0115606936416
41073	0.0115606936416
57861	0.0115606936416
41092	0.0115207373272
113	0.0114942528736
213	0.0114942528736
3040	0.0114942528736
4158	0.0114942528736
4405	0.0114942528736
5538	0.0114942528736
5820	0.0114942528736
7392	0.0114942528736
10177	0.0114942528736
13040	0.0114942528736
21561	0.0114942528736
25002	0.0114942528736
26608	0.0114942528736
28201	0.0114942528736
28500	0.0114942528736
29628	0.0114942528736
34519	0.0114942528736
36676	0.0114942528736
40356	0.0114942528736
41596	0.0114942528736
41908	0.0114942528736
42097	0.0114942528736
42396	0.0114942528736
47668	0.0114942528736
51464	0.0114942528736
51497	0.0114942528736
52488	0.0114942528736
52940	0.0114942528736
1118	0.0114869176771
4327	0.0114503816794
23742	0.0114503816794
39483	0.0114503816794
41467	0.0114416475973
18361	0.011396011396
32453	0.011396011396
2062	0.0113636363636
3996	0.0113636363636
4194	0.0113636363636
4337	0.0113636363636
5513	0.0113636363636
17598	0.0113636363636
17691	0.0113636363636
25840	0.0113636363636
34077	0.0113636363636
34670	0.0113636363636
35198	0.0113636363636
36145	0.0113636363636
37007	0.0113636363636
41381	0.0113636363636
41717	0.0113636363636
48998	0.0113636363636
49860	0.0113636363636
51173	0.0113636363636
51925	0.0113636363636
52468	0.0113636363636
18205	0.011320754717
17152	0.0112994350282
27899	0.0112994350282
34522	0.0112994350282
33841	0.0112570356473
41068	0.0112570356473
1555	0.0112359550562
9188	0.0112359550562
9327	0.0112359550562
13063	0.0112359550562
15357	0.0112359550562
17956	0.0112359550562
20376	0.0112359550562
22971	0.0112359550562
27235	0.0112359550562
28721	0.0112359550562
30930	0.0112359550562
34524	0.0112359550562
34824	0.0112359550562
35413	0.0112359550562
35953	0.0112359550562
36364	0.0112359550562
41616	0.0112359550562
41762	0.0112359550562
41984	0.0112359550562
42643	0.0112359550562
43543	0.0112359550562
51784	0.0112359550562
52906	0.0112359550562
17987	0.0112044817927
47628	0.0111940298507
2745	0.0111731843575
17637	0.0111731843575
18129	0.0111731843575
24457	0.0111731843575
41434	0.0111731843575
41165	0.0111420612813
2578	0.0111111111111
3981	0.0111111111111
5535	0.0111111111111
11550	0.0111111111111
13099	0.0111111111111
15851	0.0111111111111
17275	0.0111111111111
26601	0.0111111111111
32432	0.0111111111111
39027	0.0111111111111
40689	0.0111111111111
41075	0.0111111111111
41931	0.0111111111111
42335	0.0111111111111
43017	0.0111111111111
45143	0.0111111111111
46742	0.0111111111111
51117	0.0111111111111
51498	0.0111111111111
51692	0.0111111111111
52017	0.0111111111111
52064	0.0111111111111
59536	0.0111111111111
4135	0.0110497237569
6213	0.0110497237569
35019	0.0110497237569
41609	0.0110497237569
28155	0.0110294117647
30835	0.0110294117647
5432	0.0110268780152
1742	0.010989010989
2290	0.010989010989
16722	0.010989010989
20418	0.010989010989
23628	0.010989010989
27125	0.010989010989
30294	0.010989010989
30672	0.010989010989
34676	0.010989010989
38995	0.010989010989
41169	0.010989010989
41405	0.010989010989
50578	0.010989010989
5237	0.0109739368999
40987	0.0109589041096
12610	0.0109204368175
20416	0.0109204368175
512	0.0109090909091
2142	0.0108991825613
1123	0.0108695652174
1646	0.0108695652174
2354	0.0108695652174
2739	0.0108695652174
7197	0.0108695652174
8965	0.0108695652174
9201	0.0108695652174
12421	0.0108695652174
12838	0.0108695652174
13963	0.0108695652174
16322	0.0108695652174
16819	0.0108695652174
19597	0.0108695652174
19816	0.0108695652174
21204	0.0108695652174
22856	0.0108695652174
24058	0.0108695652174
38572	0.0108695652174
38861	0.0108695652174
42191	0.0108695652174
42204	0.0108695652174
43200	0.0108695652174
52239	0.0108695652174
23786	0.0108401084011
17147	0.0108303249097
5204	0.0108280254777
16912	0.0108108108108
50883	0.0108108108108
4074	0.010752688172
4499	0.010752688172
14105	0.010752688172
21425	0.010752688172
25806	0.010752688172
28719	0.010752688172
35467	0.010752688172
37186	0.010752688172
39194	0.010752688172
39342	0.010752688172
41848	0.010752688172
44602	0.010752688172
48070	0.010752688172
52309	0.010752688172
52666	0.010752688172
60215	0.010752688172
4916	0.0107142857143
689	0.0107066381156
29453	0.0106951871658
38800	0.0106951871658
51041	0.0106761565836
21906	0.0106666666667
28832	0.0106609808102
2087	0.0106382978723
4075	0.0106382978723
4481	0.0106382978723
8210	0.0106382978723
11350	0.0106382978723
15870	0.0106382978723
24460	0.0106382978723
24468	0.0106382978723
27419	0.0106382978723
28458	0.0106382978723
33890	0.0106382978723
34920	0.0106382978723
36193	0.0106382978723
38864	0.0106382978723
46050	0.0106382978723
51053	0.0106382978723
51220	0.0106382978723
52962	0.0106382978723
6789	0.0106007067138
41347	0.0106007067138
15714	0.010582010582
2110	0.0105633802817
12998	0.0105633802817
41253	0.0105633802817
38584	0.0105421686747
107	0.0105263157895
2096	0.0105263157895
2646	0.0105263157895
10110	0.0105263157895
11168	0.0105263157895
11558	0.0105263157895
24104	0.0105263157895
26233	0.0105263157895
26940	0.0105263157895
28781	0.0105263157895
30222	0.0105263157895
34128	0.0105263157895
34217	0.0105263157895
34749	0.0105263157895
34950	0.0105263157895
38713	0.0105263157895
39851	0.0105263157895
40482	0.0105263157895
50249	0.0105263157895
50900	0.0105263157895
51760	0.0105263157895
52777	0.0105263157895
1537	0.0104712041885
4144	0.0104712041885
10157	0.0104712041885
25384	0.0104712041885
50652	0.0104712041885
51145	0.0104712041885
51155	0.0104712041885
50944	0.0104529616725
2840	0.0104438642298
18	0.0104166666667
1000	0.0104166666667
2874	0.0104166666667
3946	0.0104166666667
13971	0.0104166666667
16723	0.0104166666667
17295	0.0104166666667
18503	0.0104166666667
19843	0.0104166666667
20315	0.0104166666667
22805	0.0104166666667
25700	0.0104166666667
32974	0.0104166666667
41180	0.0104166666667
42259	0.0104166666667
42883	0.0104166666667
42925	0.0104166666667
50177	0.0104166666667
50391	0.0104166666667
51025	0.0104166666667
53184	0.0104166666667
59792	0.0104166666667
34830	0.0103896103896
40988	0.0103734439834
2588	0.0103626943005
5218	0.0103626943005
5622	0.0103626943005
6679	0.0103626943005
10852	0.0103626943005
41593	0.0103626943005
42954	0.0103626943005
51168	0.0103626943005
39852	0.0103448275862
38932	0.0103359173127
2460	0.0103092783505
2690	0.0103092783505
3195	0.0103092783505
6271	0.0103092783505
12454	0.0103092783505
14343	0.0103092783505
18698	0.0103092783505
23372	0.0103092783505
23760	0.0103092783505
27031	0.0103092783505
27594	0.0103092783505
27874	0.0103092783505
28673	0.0103092783505
30973	0.0103092783505
31008	0.0103092783505
32753	0.0103092783505
35022	0.0103092783505
41620	0.0103092783505
42928	0.0103092783505
48246	0.0103092783505
51989	0.0103092783505
52682	0.0103092783505
53328	0.0103092783505
5503	0.0102803738318
38191	0.0102739726027
15373	0.0102564102564
17948	0.0102564102564
30471	0.0102564102564
15228	0.0102459016393
35345	0.0102432778489
25098	0.0102389078498
30691	0.0102389078498
31138	0.0102389078498
2381	0.0102171136654
143	0.0102040816327
4147	0.0102040816327
4766	0.0102040816327
5230	0.0102040816327
7526	0.0102040816327
11119	0.0102040816327
12149	0.0102040816327
12280	0.0102040816327
14206	0.0102040816327
14555	0.0102040816327
14823	0.0102040816327
37774	0.0102040816327
38661	0.0102040816327
40995	0.0102040816327
42389	0.0102040816327
47273	0.0102040816327
51292	0.0102040816327
51353	0.0102040816327
52549	0.0102040816327
3720	0.0101910828025
16917	0.0101781170483
2757	0.0101694915254
33762	0.010162601626
5120	0.0101596516691
955	0.010152284264
9488	0.010152284264
26085	0.010152284264
33727	0.010152284264
37737	0.010152284264
51394	0.010152284264
4937	0.010111223458
2276	0.010101010101
3534	0.010101010101
4128	0.010101010101
4728	0.010101010101
5124	0.010101010101
13653	0.010101010101
16302	0.010101010101
21323	0.010101010101
22864	0.010101010101
25442	0.010101010101
38739	0.010101010101
40625	0.010101010101
40645	0.010101010101
44599	0.010101010101
49336	0.010101010101
51102	0.010101010101
51105	0.010101010101
51120	0.010101010101
51746	0.010101010101
51822	0.010101010101
52853	0.010101010101
61411	0.010101010101
28443	0.010067114094
6194	0.0100502512563
4153	0.0100250626566
13955	0.0100166944908
859	0.01
1922	0.01
2355	0.01
3860	0.01
16920	0.01
22332	0.01
27707	0.01
28712	0.01
29756	0.01
38642	0.01
41350	0.01
41754	0.01
44335	0.01
48899	0.01
51121	0.01
51509	0.01
51852	0.01
52190	0.01
893	0.00998003992016
36394	0.00996015936255
16935	0.00995024875622
28700	0.00995024875622
1676	0.00990099009901
4374	0.00990099009901
32822	0.00990099009901
33964	0.00990099009901
34166	0.00990099009901
35526	0.00990099009901
39713	0.00990099009901
40974	0.00990099009901
41040	0.00990099009901
41088	0.00990099009901
41708	0.00990099009901
60334	0.00990099009901
27094	0.00986842105263
24970	0.00985221674877
51197	0.00985221674877
51213	0.00985221674877
76	0.00984413453651
41364	0.00983606557377
25051	0.0098231827112
652	0.00980392156863
867	0.00980392156863
3253	0.00980392156863
9205	0.00980392156863
9924	0.00980392156863
14511	0.00980392156863
23121	0.00980392156863
24833	0.00980392156863
26172	0.00980392156863
28042	0.00980392156863
33124	0.00980392156863
38064	0.00980392156863
38201	0.00980392156863
41122	0.00980392156863
52494	0.00980392156863
53282	0.00980392156863
30899	0.00979192166463
870	0.00977995110024
26805	0.00976042590949
1743	0.00975609756098
3548	0.00975609756098
1119	0.0097205346294
1180	0.00970873786408
3406	0.00970873786408
3582	0.00970873786408
6494	0.00970873786408
8894	0.00970873786408
20290	0.00970873786408
25555	0.00970873786408
26295	0.00970873786408
27379	0.00970873786408
34621	0.00970873786408
35679	0.00970873786408
38807	0.00970873786408
39336	0.00970873786408
41313	0.00970873786408
41380	0.00970873786408
41409	0.00970873786408
41968	0.00970873786408
50929	0.00970873786408
51196	0.00970873786408
51307	0.00970873786408
51470	0.00970873786408
59558	0.00970873786408
2007	0.00969827586207
31868	0.00968523002421
31400	0.00967741935484
37111	0.00967741935484
6573	0.00966183574879
10987	0.00966183574879
51151	0.00966183574879
41010	0.00963855421687
41355	0.00963391136802
7261	0.00963081861958
40965	0.00963081861958
767	0.00961538461538
3689	0.00961538461538
3876	0.00961538461538
9032	0.00961538461538
13092	0.00961538461538
17095	0.00961538461538
18183	0.00961538461538
29005	0.00961538461538
38794	0.00961538461538
50992	0.00961538461538
51937	0.00961538461538
52884	0.00961538461538
22383	0.00960878517502
29724	0.00958466453674
18661	0.00956937799043
39265	0.00956937799043
34169	0.00954198473282
4502	0.00952380952381
10326	0.00952380952381
11069	0.00952380952381
12188	0.00952380952381
12943	0.00952380952381
21575	0.00952380952381
24698	0.00952380952381
25273	0.00952380952381
30812	0.00952380952381
32927	0.00952380952381
34149	0.00952380952381
36967	0.00952380952381
40843	0.00952380952381
41100	0.00952380952381
41139	0.00952380952381
41450	0.00952380952381
41791	0.00952380952381
42932	0.00952380952381
43522	0.00952380952381
44136	0.00952380952381
52693	0.00952380952381
54577	0.00952380952381
59617	0.00952380952381
3991	0.00949367088608
51006	0.00949367088608
2448	0.00946372239748
26863	0.00946372239748
4711	0.00945626477541
3866	0.00943396226415
4515	0.00943396226415
8142	0.00943396226415
16770	0.00943396226415
18596	0.00943396226415
26567	0.00943396226415
30943	0.00943396226415
31634	0.00943396226415
39213	0.00943396226415
41775	0.00943396226415
43813	0.00943396226415
50949	0.00943396226415
51978	0.00943396226415
6427	0.00941176470588
15636	0.00941176470588
28055	0.00940438871473
30982	0.0093896713615
6954	0.009375
932	0.00936768149883
6693	0.00934579439252
8197	0.00934579439252
21795	0.00934579439252
24878	0.00934579439252
29366	0.00934579439252
33709	0.00934579439252
34858	0.00934579439252
42035	0.00934579439252
43269	0.00934579439252
50335	0.00934579439252
50959	0.00934579439252
51364	0.00934579439252
59507	0.00934579439252
18456	0.00933125972006
41016	0.00931232091691
26599	0.0093023255814
32188	0.0093023255814
50980	0.0093023255814
4846	0.00929512006197
9200	0.00928792569659
12481	0.00925925925926
26313	0.00925925925926
27387	0.00925925925926
30913	0.00925925925926
40202	0.00925925925926
41581	0.00925925925926
42642	0.00925925925926
51290	0.00925925925926
3527	0.00924214417745
11727	0.00924214417745
1380	0.00923787528868
42424	0.00923076923077
21507	0.00921658986175
26158	0.00921658986175
27809	0.00921658986175
29902	0.00921658986175
39358	0.00921658986175
34369	0.00920810313076
10220	0.00917431192661
14115	0.00917431192661
16448	0.00917431192661
30619	0.00917431192661
34531	0.00917431192661
35229	0.00917431192661
41142	0.00917431192661
41343	0.00917431192661
50871	0.00917431192661
51043	0.00917431192661
2515	0.0091533180778
27890	0.0091533180778
34548	0.00914634146341
896	0.00913242009132
2169	0.00913242009132
22230	0.00913242009132
41452	0.00913242009132
1239	0.00911854103343
4655	0.00911238609517
40971	0.00910746812386
1064	0.00910470409712
637	0.00909090909091
763	0.00909090909091
1984	0.00909090909091
2720	0.00909090909091
3480	0.00909090909091
4580	0.00909090909091
4867	0.00909090909091
5698	0.00909090909091
6381	0.00909090909091
8129	0.00909090909091
16028	0.00909090909091
19506	0.00909090909091
24958	0.00909090909091
41258	0.00909090909091
41307	0.00909090909091
28821	0.00907441016334
41985	0.00907441016334
5157	0.00906344410876
1902	0.00905432595573
7974	0.00904977375566
1740	0.00900900900901
3288	0.00900900900901
4173	0.00900900900901
7341	0.00900900900901
9142	0.00900900900901
9601	0.00900900900901
14245	0.00900900900901
21983	0.00900900900901
22113	0.00900900900901
23999	0.00900900900901
25400	0.00900900900901
35699	0.00900900900901
41085	0.00900900900901
42414	0.00900900900901
41067	0.00898203592814
2409	0.00892857142857
2733	0.00892857142857
3781	0.00892857142857
5352	0.00892857142857
8755	0.00892857142857
18972	0.00892857142857
22643	0.00892857142857
48676	0.00892857142857
51697	0.00892857142857
5553	0.00890868596882
41403	0.00890207715134
7312	0.00889513108614
1853	0.00888888888889
25586	0.00888888888889
12121	0.00887573964497
492	0.00884955752212
1068	0.00884955752212
1788	0.00884955752212
2288	0.00884955752212
3754	0.00884955752212
4814	0.00884955752212
7299	0.00884955752212
9761	0.00884955752212
10082	0.00884955752212
34486	0.00884955752212
35237	0.00884955752212
41126	0.00884955752212
41533	0.00884955752212
41621	0.00884955752212
42369	0.00884955752212
47787	0.00884955752212
50979	0.00884955752212
51114	0.00884955752212
51193	0.00884955752212
51250	0.00884955752212
17596	0.00883652430044
40289	0.00883002207506
40979	0.00882352941176
40962	0.00881834215168
21321	0.00881057268722
13935	0.00878734622144
3385	0.00877192982456
3947	0.00877192982456
4398	0.00877192982456
9588	0.00877192982456
10388	0.00877192982456
10463	0.00877192982456
13999	0.00877192982456
24316	0.00877192982456
41629	0.00877192982456
42339	0.00877192982456
43371	0.00877192982456
50898	0.00877192982456
51000	0.00877192982456
51792	0.00877192982456
52952	0.00877192982456
59604	0.00877192982456
39785	0.00875486381323
41972	0.00874635568513
2089	0.00873362445415
4518	0.00873362445415
9625	0.00873362445415
7739	0.00869565217391
11782	0.00869565217391
22251	0.00869565217391
22731	0.00869565217391
25221	0.00869565217391
27529	0.00869565217391
33599	0.00869565217391
35698	0.00869565217391
51092	0.00869565217391
52991	0.00869565217391
61042	0.00869565217391
5616	0.00867052023121
27906	0.00867052023121
34224	0.00865800865801
41308	0.00865800865801
41942	0.00865800865801
39915	0.00865051903114
1256	0.00862068965517
4695	0.00862068965517
4706	0.00862068965517
4769	0.00862068965517
6542	0.00862068965517
18214	0.00862068965517
23619	0.00862068965517
26893	0.00862068965517
28290	0.00862068965517
33523	0.00862068965517
41025	0.00862068965517
41490	0.00862068965517
42825	0.00862068965517
46620	0.00862068965517
49335	0.00862068965517
50984	0.00862068965517
53060	0.00862068965517
28051	0.00861393891934
36398	0.00861244019139
3499	0.00860215053763
17566	0.00857632933105
33621	0.00857142857143
869	0.0085490962384
1489	0.00854700854701
2245	0.00854700854701
2410	0.00854700854701
3205	0.00854700854701
7303	0.00854700854701
8519	0.00854700854701
14716	0.00854700854701
18231	0.00854700854701
18974	0.00854700854701
22398	0.00854700854701
31995	0.00854700854701
37162	0.00854700854701
39473	0.00854700854701
40982	0.00854700854701
41032	0.00854700854701
41113	0.00854700854701
42326	0.00854700854701
4868	0.00849858356941
29861	0.00849256900212
7124	0.00847457627119
12970	0.00847457627119
13006	0.00847457627119
32058	0.00847457627119
36894	0.00847457627119
40641	0.00847457627119
41201	0.00847457627119
41271	0.00847457627119
41382	0.00847457627119
41385	0.00847457627119
41649	0.00847457627119
43575	0.00847457627119
52416	0.00847457627119
2463	0.00845070422535
41156	0.00842696629213
256	0.00840336134454
10973	0.00840336134454
24067	0.00840336134454
32490	0.00840336134454
33544	0.00840336134454
41481	0.00840336134454
51234	0.00840336134454
2613	0.00837988826816
4708	0.00837988826816
18777	0.00836120401338
18584	0.00835322195704
259	0.00833333333333
7340	0.00833333333333
17922	0.00833333333333
20529	0.00833333333333
22589	0.00833333333333
24164	0.00833333333333
41228	0.00833333333333
41653	0.00833333333333
52560	0.00833333333333
21545	0.00831600831601
11232	0.00828729281768
41332	0.00828157349896
3239	0.00826446280992
3861	0.00826446280992
5697	0.00826446280992
17383	0.00826446280992
17767	0.00826446280992
29444	0.00826446280992
38338	0.00826446280992
45381	0.00826446280992
48572	0.00826446280992
50873	0.00826446280992
51209	0.00826446280992
51505	0.00826446280992
52089	0.00826446280992
18613	0.00824587706147
4137	0.00819672131148
18327	0.00819672131148
18378	0.00819672131148
29591	0.00819672131148
41239	0.00819672131148
41934	0.00819672131148
46493	0.00819672131148
51044	0.00819672131148
52016	0.00819672131148
11655	0.00818330605565
31440	0.00818330605565
3419	0.00816326530612
13095	0.00816326530612
29277	0.00813953488372
2247	0.00813008130081
3194	0.00813008130081
4174	0.00813008130081
31692	0.00813008130081
31891	0.00813008130081
33751	0.00813008130081
50105	0.00813008130081
52283	0.00813008130081
53194	0.00813008130081
41045	0.0080971659919
25092	0.00806451612903
25413	0.00806451612903
29852	0.00806451612903
37670	0.00806451612903
42374	0.00806451612903
48608	0.00806451612903
51563	0.00806451612903
52357	0.00806451612903
59562	0.00806451612903
2333	0.00805729632945
38492	0.00805369127517
22743	0.00805152979066
18307	0.00804597701149
50851	0.00803212851406
52258	0.00803212851406
25554	0.00802139037433
309	0.008
10890	0.008
16408	0.008
23054	0.008
23990	0.008
29707	0.008
36366	0.008
47611	0.008
49350	0.008
51079	0.008
51228	0.008
51707	0.008
5809	0.00798580301686
52055	0.00796812749004
14750	0.00795454545455
4770	0.00793650793651
5455	0.00793650793651
5728	0.00793650793651
12552	0.00793650793651
12856	0.00793650793651
14839	0.00793650793651
15052	0.00793650793651
15602	0.00793650793651
19922	0.00793650793651
25169	0.00793650793651
41082	0.00793650793651
41167	0.00793650793651
42463	0.00793650793651
43337	0.00793650793651
43542	0.00793650793651
8709	0.0079312623926
34897	0.00791556728232
26934	0.00790513833992
27865	0.00790513833992
40978	0.00790513833992
41091	0.00790513833992
25324	0.00789473684211
28405	0.00788288288288
1975	0.00787401574803
3664	0.00787401574803
5112	0.00787401574803
6305	0.00787401574803
11760	0.00787401574803
21312	0.00787401574803
23643	0.00787401574803
29356	0.00787401574803
29780	0.00787401574803
33639	0.00787401574803
40819	0.00787401574803
42799	0.00787401574803
46277	0.00787401574803
14360	0.0078431372549
18759	0.0078431372549
38493	0.0078431372549
41274	0.0078431372549
563	0.0078125
1132	0.0078125
4929	0.0078125
14381	0.0078125
23831	0.0078125
41206	0.0078125
43824	0.0078125
50506	0.0078125
53039	0.0078125
4121	0.00778816199377
41132	0.00777202072539
694	0.0077519379845
4156	0.0077519379845
4541	0.0077519379845
4620	0.0077519379845
4998	0.0077519379845
5231	0.0077519379845
19201	0.0077519379845
24612	0.0077519379845
25432	0.0077519379845
34933	0.0077519379845
35563	0.0077519379845
41137	0.0077519379845
43219	0.0077519379845
51573	0.0077519379845
23265	0.00773195876289
19598	0.00772698003863
4057	0.00772200772201
5593	0.00772200772201
11359	0.00771208226221
25738	0.00769888793841
1062	0.00769230769231
7115	0.00769230769231
17711	0.00769230769231
33775	0.00769230769231
34943	0.00769230769231
41257	0.00769230769231
41799	0.00769230769231
41935	0.00769230769231
52062	0.00769230769231
59879	0.00769230769231
5768	0.00766283524904
37115	0.00766283524904
37169	0.00766283524904
41444	0.00766283524904
41374	0.00765306122449
6428	0.00763358778626
11145	0.00763358778626
14233	0.00763358778626
18403	0.00763358778626
26162	0.00763358778626
27927	0.00763358778626
28141	0.00763358778626
37190	0.00763358778626
41270	0.00763358778626
48978	0.00763358778626
51359	0.00763358778626
52471	0.00763358778626
210	0.00760456273764
41353	0.00760456273764
4396	0.00759974667511
20669	0.00757575757576
24971	0.00757575757576
29596	0.00757575757576
35551	0.00757575757576
37104	0.00757575757576
41084	0.00757575757576
41499	0.00757575757576
50250	0.00757575757576
868	0.00757002271007
2145	0.00751879699248
3317	0.00751879699248
4611	0.00751879699248
9135	0.00751879699248
16231	0.00751879699248
22031	0.00751879699248
23789	0.00751879699248
37060	0.00751879699248
39288	0.00751879699248
41807	0.00751879699248
42135	0.00751879699248
51429	0.00751879699248
1680	0.00750938673342
26602	0.00750750750751
1497	0.00748262960983
4654	0.00746268656716
27404	0.00746268656716
37156	0.00746268656716
41002	0.00746268656716
1048	0.00744878957169
45139	0.00743494423792
19547	0.00740740740741
26828	0.00740740740741
29790	0.00740740740741
31306	0.00740740740741
41182	0.00740740740741
50936	0.00740740740741
25930	0.00738007380074
34145	0.00738007380074
68	0.00735294117647
3986	0.00735294117647
10340	0.00735294117647
13071	0.00735294117647
22238	0.00735294117647
31895	0.00735294117647
34751	0.00735294117647
41172	0.00735294117647
41704	0.00735294117647
41943	0.00735294117647
51854	0.00735294117647
992	0.00733137829912
10287	0.00732600732601
1135	0.00732064421669
13428	0.00729927007299
27225	0.00729927007299
30880	0.00729927007299
41303	0.00729927007299
41519	0.00729927007299
44538	0.00729927007299
28742	0.00729166666667
27535	0.00728862973761
11871	0.00724637681159
27582	0.00724637681159
6812	0.0072347266881
23642	0.00722891566265
42156	0.00721153846154
19601	0.00720461095101
26279	0.00719424460432
31309	0.00719424460432
33971	0.00719424460432
34210	0.00719424460432
41179	0.00719424460432
42973	0.00719424460432
44951	0.00719424460432
52056	0.00719424460432
33895	0.00716845878136
40984	0.00716845878136
5221	0.00714285714286
15986	0.00714285714286
18134	0.00714285714286
27925	0.00714285714286
33552	0.00714285714286
41127	0.00714285714286
44776	0.00714285714286
31312	0.00711743772242
4604	0.00709219858156
11383	0.00709219858156
17299	0.00709219858156
32411	0.00709219858156
33510	0.00709219858156
41111	0.00709219858156
42753	0.00709219858156
47503	0.00709219858156
60005	0.00709219858156
20818	0.00707547169811
10045	0.00704225352113
16956	0.00704225352113
22895	0.00704225352113
25416	0.00704225352113
31656	0.00704225352113
36494	0.00704225352113
45093	0.00704225352113
47675	0.00704225352113
18960	0.00701754385965
3565	0.00699300699301
10803	0.00699300699301
27489	0.00699300699301
30925	0.00699300699301
3365	0.00696864111498
2186	0.00696378830084
18563	0.00694444444444
26674	0.00694444444444
37599	0.00694444444444
51232	0.00694444444444
51765	0.00694444444444
50863	0.00692520775623
13216	0.00692041522491
2344	0.00691016781836
888	0.00689655172414
2927	0.00689655172414
3006	0.00689655172414
5354	0.00689655172414
6404	0.00689655172414
25834	0.00689655172414
30923	0.00689655172414
37184	0.00689655172414
51178	0.00689655172414
1113	0.00688073394495
7100	0.00688073394495
2152	0.00687285223368
41095	0.00687285223368
44184	0.00687285223368
2215	0.00684931506849
6657	0.00684931506849
38790	0.00684931506849
41208	0.00684931506849
41392	0.00684931506849
44351	0.00684931506849
44486	0.00684931506849
52188	0.00684931506849
29372	0.00682593856655
392	0.00680272108844
1324	0.00680272108844
4775	0.00680272108844
18276	0.00680272108844
33680	0.00680272108844
41056	0.00680272108844
41326	0.00680272108844
42262	0.00680272108844
46619	0.00680272108844
50864	0.00677966101695
2071	0.00675675675676
5672	0.00675675675676
11489	0.00675675675676
15325	0.00675675675676
18199	0.00675675675676
22351	0.00675675675676
22877	0.00675675675676
27525	0.00675675675676
41411	0.00675675675676
49397	0.00675675675676
12969	0.00675105485232
9538	0.0067283431455
4399	0.00671140939597
7062	0.00671140939597
9184	0.00671140939597
11504	0.00671140939597
29394	0.00671140939597
34391	0.00671140939597
41682	0.00671140939597
53114	0.00671140939597
25405	0.0066889632107
3826	0.00666666666667
15288	0.00666666666667
17771	0.00666666666667
33481	0.00666666666667
42977	0.00666666666667
50969	0.00666666666667
29854	0.00665778961385
41074	0.00665557404326
35045	0.00665188470067
7300	0.00663716814159
3139	0.00662251655629
13418	0.00662251655629
25810	0.00662251655629
27934	0.00662251655629
30794	0.00662251655629
50881	0.00662251655629
51313	0.00662251655629
51666	0.00662251655629
7518	0.00660792951542
11778	0.00660792951542
4951	0.00659340659341
995	0.00657894736842
1167	0.00657894736842
8246	0.00657894736842
13952	0.00657894736842
14502	0.00657894736842
14698	0.00657894736842
41279	0.00657894736842
42308	0.00657894736842
7390	0.00655737704918
18414	0.00655737704918
616	0.00653594771242
1087	0.00653594771242
2264	0.00653594771242
4242	0.00653594771242
12325	0.00653594771242
13149	0.00653594771242
19792	0.00653594771242
22479	0.00653594771242
26437	0.00653594771242
30845	0.00653594771242
35420	0.00653594771242
39478	0.00653594771242
41099	0.00653594771242
41793	0.00653594771242
47050	0.00653594771242
20506	0.0065274151436
22654	0.00651465798046
497	0.00650759219089
2171	0.00649350649351
17986	0.00649350649351
21657	0.00649350649351
41108	0.00649350649351
41417	0.00649350649351
42545	0.00649350649351
5000	0.00647948164147
6564	0.00647249190939
1169	0.00645161290323
10047	0.00645161290323
11381	0.00645161290323
23532	0.00645161290323
28559	0.00645161290323
761	0.00641025641026
4070	0.00641025641026
5618	0.00641025641026
14277	0.00641025641026
27048	0.00641025641026
28294	0.00641025641026
35920	0.00641025641026
37577	0.00641025641026
39585	0.00641025641026
51054	0.00641025641026
3827	0.00639658848614
11746	0.00638977635783
16449	0.00638977635783
253	0.00636942675159
3022	0.00636942675159
3426	0.00636942675159
21550	0.00636942675159
32457	0.00636942675159
56100	0.00636942675159
5575	0.00632911392405
11095	0.00632911392405
22798	0.00632911392405
41079	0.00632911392405
50879	0.00632911392405
51875	0.00632911392405
14253	0.00631911532385
1399	0.00631578947368
20075	0.0063025210084
3933	0.00630063006301
10162	0.0062893081761
16447	0.0062893081761
27087	0.0062893081761
51811	0.0062893081761
57496	0.0062893081761
42912	0.00626959247649
13633	0.00625
16340	0.00625
21772	0.00625
28820	0.00625
32120	0.00625
36037	0.00625
41398	0.00625
16228	0.00621118012422
36418	0.00621118012422
755	0.00617283950617
6928	0.00613496932515
7095	0.00613496932515
14518	0.00613496932515
28750	0.00613496932515
51568	0.00613496932515
41042	0.00611620795107
13339	0.00610687022901
4035	0.00609756097561
26486	0.00609756097561
52555	0.00609756097561
39136	0.00607902735562
8681	0.00606060606061
30625	0.00606060606061
9642	0.00604594921403
35958	0.00604229607251
19599	0.00603621730382
1752	0.00602409638554
4347	0.00602409638554
4977	0.00602409638554
38907	0.00602409638554
41090	0.00602409638554
50963	0.00602409638554
52240	0.00602409638554
52225	0.00600600600601
20573	0.00595238095238
37225	0.00595238095238
39874	0.00595238095238
5519	0.00594227504244
3531	0.00594059405941
2829	0.00591715976331
36897	0.00591715976331
3698	0.00588235294118
4513	0.00588235294118
14459	0.00588235294118
36594	0.00588235294118
13119	0.00584795321637
13621	0.00584795321637
14013	0.00584795321637
28156	0.00584795321637
17938	0.00582524271845
20542	0.00582241630277
2610	0.00581395348837
17928	0.00581395348837
27952	0.00581395348837
37747	0.00581395348837
50903	0.00581395348837
13111	0.00580383052815
16927	0.00579710144928
12585	0.00578034682081
16379	0.00574712643678
17008	0.00574712643678
22534	0.00574712643678
23244	0.00574712643678
26318	0.00574712643678
38194	0.00574712643678
51676	0.00574712643678
16784	0.00571428571429
35047	0.00571428571429
41015	0.00571428571429
41109	0.00571428571429
51179	0.00571428571429
4418	0.00568181818182
41832	0.00568181818182
51071	0.00568181818182
1655	0.0056657223796
10096	0.00564971751412
38959	0.0056338028169
5206	0.00561797752809
10248	0.00561797752809
11196	0.00561797752809
18967	0.00561797752809
21311	0.00561797752809
23299	0.00561797752809
23440	0.00561797752809
33922	0.00561797752809
51575	0.00561797752809
3156	0.00558659217877
5673	0.00558659217877
35100	0.00558659217877
37557	0.00558659217877
41672	0.00558659217877
14140	0.00555555555556
16368	0.00555555555556
21797	0.00555555555556
9647	0.00554528650647
39546	0.00554016620499
3554	0.00552486187845
4464	0.00552486187845
5715	0.00552486187845
19034	0.00552486187845
26059	0.00552486187845
29686	0.00552486187845
36078	0.00552486187845
41246	0.00552486187845
17586	0.00551470588235
29845	0.00550964187328
10089	0.00549450549451
35199	0.00549450549451
3943	0.00547945205479
28810	0.00547945205479
10844	0.00546448087432
15233	0.00546448087432
22579	0.00544959128065
384	0.0054347826087
13212	0.0054347826087
38758	0.0054347826087
40989	0.0054347826087
41224	0.0054347826087
37198	0.00542005420054
3533	0.00540540540541
24373	0.00540540540541
34147	0.00540540540541
41250	0.00540540540541
9826	0.00539568345324
3486	0.00537634408602
18283	0.00537634408602
18301	0.00537634408602
22929	0.00537634408602
33405	0.00537634408602
46832	0.00537634408602
40999	0.00535714285714
23222	0.00534759358289
28737	0.00534759358289
33780	0.00534759358289
37680	0.00534759358289
39426	0.00534759358289
40942	0.00534759358289
59661	0.00534759358289
32862	0.00533807829181
41034	0.00533333333333
456	0.00531914893617
7509	0.00531914893617
25078	0.00531914893617
4578	0.00531067445566
50939	0.00529100529101
137	0.00526315789474
2934	0.00526315789474
3059	0.00526315789474
11887	0.00526315789474
13064	0.00526315789474
17625	0.00526315789474
51159	0.00526315789474
4644	0.00524934383202
18815	0.00523560209424
22104	0.00523560209424
23415	0.00523560209424
30762	0.00523560209424
51029	0.00523560209424
59506	0.00523560209424
3297	0.00520833333333
7344	0.00520833333333
11128	0.00520833333333
17461	0.00520833333333
27651	0.00520833333333
37409	0.00520833333333
216	0.00518134715026
18835	0.00518134715026
21745	0.00518134715026
22026	0.00518134715026
22401	0.00518134715026
25332	0.00518134715026
25487	0.00518134715026
34121	0.00518134715026
41391	0.00518134715026
2419	0.00517464424321
33887	0.0051724137931
9251	0.00515463917526
14862	0.00515463917526
22018	0.00515463917526
30799	0.00515463917526
50961	0.00515463917526
32594	0.00512820512821
34241	0.00512820512821
42450	0.00512820512821
41097	0.00511508951407
27218	0.00510204081633
29971	0.00510204081633
48076	0.00510204081633
41018	0.00508905852417
3214	0.00507614213198
7751	0.00507614213198
40992	0.00507614213198
3369	0.00505050505051
39360	0.00505050505051
50933	0.00505050505051
51485	0.00505050505051
38822	0.00503778337531
9586	0.00502512562814
23285	0.00502512562814
37993	0.00501253132832
13660	0.005
28407	0.005
33862	0.005
40975	0.005
29863	0.00498338870432
6417	0.00497512437811
27723	0.00497512437811
1170	0.0049504950495
1456	0.0049504950495
18515	0.0049504950495
41278	0.0049504950495
52383	0.0049504950495
51655	0.00492610837438
30802	0.00490196078431
41116	0.00489396411093
775	0.00487804878049
20630	0.00487804878049
50760	0.00487804878049
4479	0.00485436893204
10792	0.00485436893204
38925	0.00485436893204
40887	0.00485436893204
41177	0.00485436893204
51211	0.00485436893204
1231	0.0048309178744
7472	0.0048309178744
34471	0.0048309178744
39510	0.0048309178744
41204	0.0048309178744
41546	0.0048309178744
38659	0.00480769230769
452	0.00478468899522
5367	0.00478468899522
21557	0.0047619047619
24173	0.0047619047619
3842	0.00473933649289
48489	0.00473933649289
32483	0.00471698113208
41610	0.00471698113208
44456	0.00471698113208
51038	0.00471698113208
51096	0.00470588235294
2865	0.00469483568075
24889	0.00469483568075
2326	0.00467289719626
4675	0.00467289719626
16209	0.00466562986003
24684	0.004662004662
4733	0.0046511627907
41227	0.00462962962963
17355	0.00462249614792
36686	0.0045871559633
38793	0.00458190148912
22524	0.00454545454545
37194	0.00454545454545
4563	0.00454132606721
17066	0.00452488687783
20800	0.00452488687783
31536	0.00452488687783
38787	0.00452488687783
41530	0.00452488687783
33678	0.00451467268623
11314	0.0045045045045
13317	0.0045045045045
30874	0.0045045045045
41027	0.00449438202247
900	0.00449101796407
8159	0.00448430493274
34367	0.00448430493274
32738	0.00446428571429
921	0.00444444444444
7956	0.00444444444444
41047	0.00444444444444
2084	0.00440528634361
26195	0.00440528634361
41223	0.00440528634361
2595	0.00438596491228
27471	0.00438596491228
17306	0.00434782608696
15306	0.004329004329
26760	0.004329004329
31830	0.004329004329
3515	0.00431034482759
10166	0.00431034482759
12182	0.00431034482759
41171	0.00429184549356
5056	0.0042735042735
20802	0.0042735042735
27579	0.00425531914894
29399	0.00423728813559
41366	0.0042194092827
21458	0.00420168067227
27051	0.00420168067227
41370	0.00418410041841
51341	0.00414937759336
17946	0.00413223140496
37392	0.0041265474553
25431	0.00411522633745
38795	0.00411522633745
37961	0.00409836065574
2037	0.00409276944065
5693	0.00408163265306
12423	0.00405679513185
35703	0.00405679513185
18172	0.00403225806452
40981	0.00403225806452
33634	0.00402684563758
37660	0.00401606425703
50875	0.004
51721	0.004
21331	0.00398406374502
2848	0.00396825396825
40411	0.00396825396825
2	0.0039603960396
21523	0.00393700787402
40977	0.00393700787402
36392	0.00390625
13960	0.00389105058366
39549	0.00388349514563
2127	0.003861003861
14604	0.003861003861
41329	0.003861003861
3133	0.00385604113111
15794	0.00384615384615
31882	0.00384615384615
4876	0.00383141762452
6372	0.00383141762452
17068	0.00383141762452
33495	0.00383141762452
38206	0.00381679389313
34356	0.00380228136882
30805	0.00378787878788
3729	0.00377358490566
28633	0.00375939849624
37762	0.00374531835206
9138	0.00371747211896
30849	0.00371747211896
41054	0.00371747211896
17952	0.0037037037037
50327	0.00369003690037
18607	0.00367647058824
52332	0.003663003663
4339	0.00363636363636
41031	0.00362756952842
40968	0.00361010830325
40970	0.00359712230216
20875	0.00358422939068
23667	0.00358422939068
8732	0.00353982300885
11769	0.00352733686067
13318	0.0034965034965
26508	0.00348432055749
2811	0.00346020761246
26416	0.00344827586207
41001	0.00344827586207
17939	0.00343642611684
38080	0.00343642611684
18556	0.00341296928328
10251	0.00340136054422
2313	0.00338983050847
33142	0.00338983050847
1931	0.00338409475465
3116	0.00337837837838
38232	0.00337837837838
50995	0.00337837837838
39602	0.003367003367
25414	0.00327868852459
5460	0.00322580645161
41368	0.00322580645161
52018	0.00322580645161
862	0.0032154340836
25937	0.00319488817891
21558	0.0031847133758
28286	0.0031847133758
25444	0.00313479623824
35049	0.00310559006211
41106	0.00310559006211
7214	0.0030959752322
34637	0.00303951367781
41093	0.00299401197605
11481	0.00297619047619
41039	0.00297619047619
41098	0.00297619047619
118	0.00294117647059
27128	0.00293255131965
30020	0.00289855072464
41243	0.0028901734104
12467	0.00286532951289
40972	0.00278551532033
41000	0.00277008310249
41029	0.00276243093923
34683	0.00275482093664
2030	0.00273224043716
7349	0.00271002710027
18701	0.0027027027027
1700	0.00268096514745
50957	0.00263157894737
41048	0.00262467191601
47774	0.00261780104712
50855	0.00260416666667
22744	0.0025817555938
879	0.00255754475703
1422	0.00253485424588
27949	0.0025
1438	0.00246913580247
29218	0.00246913580247
35514	0.00242718446602
11664	0.00242130750605
23174	0.002331002331
20173	0.00225733634312
23666	0.00210084033613
11169	0.00202429149798
35136	0.00174216027875
41583	0.00169779286927
51212	0.00166666666667
9656	0.0013986013986
3273	0.00107991360691
