23668	0.117647058824
45831	0.105263157895
53003	0.0833333333333
7110	0.0714285714286
48120	0.0714285714286
18238	0.0689655172414
5340	0.0666666666667
39607	0.0666666666667
19495	0.0645161290323
1494	0.0625
5995	0.0625
6086	0.0625
6306	0.0625
7169	0.0625
7328	0.0625
9228	0.0625
10555	0.0625
11764	0.0625
13072	0.0625
13387	0.0625
13404	0.0625
13720	0.0625
14083	0.0625
14850	0.0625
20337	0.0625
21562	0.0625
23837	0.0625
26920	0.0625
31983	0.0625
32859	0.0625
35795	0.0625
35826	0.0625
36339	0.0625
37172	0.0625
38927	0.0625
39791	0.0625
40538	0.0625
40545	0.0625
43791	0.0625
47319	0.0625
47451	0.0625
47793	0.0625
48118	0.0625
48491	0.0625
49489	0.0625
50303	0.0625
50400	0.0625
50639	0.0625
50806	0.0625
54606	0.0625
56188	0.0625
56445	0.0625
57808	0.0625
4933	0.0606060606061
25066	0.0606060606061
52835	0.0606060606061
171	0.0588235294118
6826	0.0588235294118
10455	0.0588235294118
11730	0.0588235294118
12858	0.0588235294118
12900	0.0588235294118
19709	0.0588235294118
22644	0.0588235294118
23770	0.0588235294118
26055	0.0588235294118
28528	0.0588235294118
30353	0.0588235294118
31858	0.0588235294118
31884	0.0588235294118
36989	0.0588235294118
37631	0.0588235294118
38183	0.0588235294118
43914	0.0588235294118
47855	0.0588235294118
50222	0.0588235294118
52651	0.0588235294118
53918	0.0588235294118
54930	0.0588235294118
55476	0.0588235294118
56386	0.0588235294118
56936	0.0588235294118
57487	0.0588235294118
60941	0.0588235294118
1753	0.0582524271845
2516	0.0576923076923
7294	0.0571428571429
12822	0.0571428571429
16488	0.0571428571429
60095	0.0571428571429
9464	0.0555555555556
14020	0.0555555555556
14236	0.0555555555556
14242	0.0555555555556
18376	0.0555555555556
18691	0.0555555555556
29066	0.0555555555556
29346	0.0555555555556
31360	0.0555555555556
32903	0.0555555555556
35840	0.0555555555556
36955	0.0555555555556
40554	0.0555555555556
41148	0.0555555555556
42091	0.0555555555556
42134	0.0555555555556
43329	0.0555555555556
44891	0.0555555555556
51187	0.0555555555556
51524	0.0555555555556
56152	0.0555555555556
57294	0.0555555555556
57719	0.0555555555556
57877	0.0555555555556
58624	0.0555555555556
59727	0.0555555555556
3001	0.0540540540541
2885	0.0526315789474
5681	0.0526315789474
6027	0.0526315789474
6237	0.0526315789474
7435	0.0526315789474
11423	0.0526315789474
14110	0.0526315789474
18617	0.0526315789474
19386	0.0526315789474
20898	0.0526315789474
25492	0.0526315789474
26786	0.0526315789474
29729	0.0526315789474
29744	0.0526315789474
32100	0.0526315789474
32473	0.0526315789474
35212	0.0526315789474
36427	0.0526315789474
41006	0.0526315789474
41260	0.0526315789474
41315	0.0526315789474
41529	0.0526315789474
42475	0.0526315789474
43516	0.0526315789474
46545	0.0526315789474
48940	0.0526315789474
55940	0.0526315789474
57066	0.0526315789474
801	0.05
1178	0.05
4375	0.05
8771	0.05
15729	0.05
18152	0.05
18285	0.05
18853	0.05
21928	0.05
21957	0.05
23105	0.05
24022	0.05
27812	0.05
30972	0.05
31287	0.05
31297	0.05
32867	0.05
38779	0.05
39302	0.05
41989	0.05
43866	0.05
46066	0.05
46197	0.05
47157	0.05
48928	0.05
51536	0.05
52755	0.05
55890	0.05
57949	0.05
59963	0.05
6931	0.047619047619
7817	0.047619047619
11364	0.047619047619
12521	0.047619047619
13277	0.047619047619
14495	0.047619047619
14994	0.047619047619
15830	0.047619047619
16393	0.047619047619
18275	0.047619047619
18877	0.047619047619
20161	0.047619047619
20940	0.047619047619
22826	0.047619047619
25001	0.047619047619
27149	0.047619047619
31002	0.047619047619
31586	0.047619047619
32791	0.047619047619
33892	0.047619047619
33924	0.047619047619
35801	0.047619047619
36254	0.047619047619
36318	0.047619047619
37861	0.047619047619
37944	0.047619047619
39079	0.047619047619
39691	0.047619047619
43109	0.047619047619
44837	0.047619047619
46699	0.047619047619
47984	0.047619047619
49527	0.047619047619
50350	0.047619047619
52363	0.047619047619
53439	0.047619047619
54030	0.047619047619
56924	0.047619047619
58157	0.047619047619
59799	0.047619047619
60312	0.047619047619
3128	0.046511627907
51058	0.046511627907
52688	0.046511627907
59566	0.046511627907
60009	0.046511627907
5836	0.0454545454545
6189	0.0454545454545
7079	0.0454545454545
9064	0.0454545454545
13164	0.0454545454545
14428	0.0454545454545
17404	0.0454545454545
18294	0.0454545454545
25382	0.0454545454545
26125	0.0454545454545
30077	0.0454545454545
30127	0.0454545454545
35844	0.0454545454545
37105	0.0454545454545
37971	0.0454545454545
38491	0.0454545454545
39349	0.0454545454545
41259	0.0454545454545
42005	0.0454545454545
42611	0.0454545454545
46330	0.0454545454545
47201	0.0454545454545
50691	0.0454545454545
53139	0.0454545454545
18562	0.0444444444444
41587	0.0444444444444
5250	0.0434782608696
9162	0.0434782608696
10553	0.0434782608696
11114	0.0434782608696
14213	0.0434782608696
14215	0.0434782608696
15439	0.0434782608696
16772	0.0434782608696
18228	0.0434782608696
19481	0.0434782608696
21218	0.0434782608696
24423	0.0434782608696
28707	0.0434782608696
29289	0.0434782608696
29428	0.0434782608696
36155	0.0434782608696
38902	0.0434782608696
40128	0.0434782608696
41087	0.0434782608696
43640	0.0434782608696
52671	0.0434782608696
57677	0.0434782608696
58462	0.0434782608696
58607	0.0434782608696
160	0.0430107526882
2674	0.0416666666667
3691	0.0416666666667
3792	0.0416666666667
5583	0.0416666666667
7416	0.0416666666667
8624	0.0416666666667
12696	0.0416666666667
13208	0.0416666666667
13255	0.0416666666667
17203	0.0416666666667
17900	0.0416666666667
18312	0.0416666666667
23035	0.0416666666667
23799	0.0416666666667
27610	0.0416666666667
30677	0.0416666666667
32759	0.0416666666667
32949	0.0416666666667
37797	0.0416666666667
38534	0.0416666666667
39638	0.0416666666667
40958	0.0416666666667
42566	0.0416666666667
43367	0.0416666666667
44897	0.0416666666667
46374	0.0416666666667
47580	0.0416666666667
48747	0.0416666666667
49721	0.0416666666667
50186	0.0416666666667
50228	0.0416666666667
51270	0.0416666666667
51280	0.0416666666667
51540	0.0416666666667
52602	0.0416666666667
52606	0.0416666666667
57629	0.0416666666667
19572	0.0405405405405
58	0.04
4385	0.04
4730	0.04
13936	0.04
16557	0.04
17855	0.04
20893	0.04
22762	0.04
23451	0.04
26245	0.04
29977	0.04
33191	0.04
35706	0.04
37603	0.04
42031	0.04
42861	0.04
48008	0.04
49058	0.04
50584	0.04
51633	0.04
51837	0.04
52798	0.04
57613	0.04
59831	0.04
16774	0.0392156862745
2051	0.0384615384615
2294	0.0384615384615
10408	0.0384615384615
10500	0.0384615384615
12590	0.0384615384615
14510	0.0384615384615
17792	0.0384615384615
18110	0.0384615384615
20090	0.0384615384615
27357	0.0384615384615
28322	0.0384615384615
29260	0.0384615384615
32858	0.0384615384615
39625	0.0384615384615
39781	0.0384615384615
42356	0.0384615384615
43136	0.0384615384615
45091	0.0384615384615
45870	0.0384615384615
50507	0.0384615384615
51062	0.0384615384615
52191	0.0384615384615
4175	0.037037037037
11302	0.037037037037
13257	0.037037037037
20462	0.037037037037
23144	0.037037037037
27530	0.037037037037
34731	0.037037037037
35521	0.037037037037
36096	0.037037037037
40211	0.037037037037
40706	0.037037037037
41416	0.037037037037
41798	0.037037037037
47199	0.037037037037
47504	0.037037037037
49064	0.037037037037
49067	0.037037037037
51802	0.037037037037
51953	0.037037037037
51981	0.037037037037
56569	0.037037037037
56887	0.037037037037
32493	0.0363636363636
52382	0.036036036036
211	0.0357142857143
1573	0.0357142857143
4400	0.0357142857143
5442	0.0357142857143
7539	0.0357142857143
12871	0.0357142857143
18498	0.0357142857143
19406	0.0357142857143
24877	0.0357142857143
24966	0.0357142857143
25898	0.0357142857143
27044	0.0357142857143
28643	0.0357142857143
30093	0.0357142857143
34826	0.0357142857143
35768	0.0357142857143
36495	0.0357142857143
37235	0.0357142857143
44843	0.0357142857143
51124	0.0357142857143
55948	0.0357142857143
61266	0.0357142857143
2569	0.0344827586207
3920	0.0344827586207
8684	0.0344827586207
9178	0.0344827586207
14580	0.0344827586207
20168	0.0344827586207
20870	0.0344827586207
24826	0.0344827586207
25846	0.0344827586207
28131	0.0344827586207
29093	0.0344827586207
30642	0.0344827586207
31025	0.0344827586207
32383	0.0344827586207
32657	0.0344827586207
35734	0.0344827586207
38008	0.0344827586207
43425	0.0344827586207
50919	0.0344827586207
52033	0.0344827586207
52459	0.0344827586207
53354	0.0344827586207
57825	0.0344827586207
60989	0.0344827586207
47294	0.0338983050847
2288	0.0333333333333
3990	0.0333333333333
4698	0.0333333333333
13158	0.0333333333333
13531	0.0333333333333
20435	0.0333333333333
24560	0.0333333333333
29308	0.0333333333333
33985	0.0333333333333
35195	0.0333333333333
37029	0.0333333333333
38624	0.0333333333333
43275	0.0333333333333
51670	0.0333333333333
53905	0.0333333333333
1357	0.0322580645161
3642	0.0322580645161
5646	0.0322580645161
7933	0.0322580645161
13630	0.0322580645161
17237	0.0322580645161
17831	0.0322580645161
20323	0.0322580645161
21493	0.0322580645161
22660	0.0322580645161
30120	0.0322580645161
31265	0.0322580645161
36131	0.0322580645161
37943	0.0322580645161
39247	0.0322580645161
41286	0.0322580645161
41822	0.0322580645161
44662	0.0322580645161
47104	0.0322580645161
47870	0.0322580645161
52122	0.0322580645161
53014	0.0322580645161
53085	0.0322580645161
53401	0.0322580645161
56695	0.0322580645161
58497	0.0322580645161
42326	0.031914893617
17570	0.0315789473684
607	0.03125
1136	0.03125
1214	0.03125
1965	0.03125
6214	0.03125
8736	0.03125
9534	0.03125
13324	0.03125
14536	0.03125
17576	0.03125
18153	0.03125
28788	0.03125
29425	0.03125
30283	0.03125
39420	0.03125
42221	0.03125
47293	0.03125
51750	0.03125
52563	0.03125
55204	0.03125
55864	0.03125
59728	0.03125
59830	0.03125
3040	0.0307692307692
4668	0.0307692307692
28500	0.0307692307692
41184	0.0307692307692
6942	0.030303030303
7237	0.030303030303
9525	0.030303030303
12115	0.030303030303
14271	0.030303030303
21701	0.030303030303
24132	0.030303030303
25038	0.030303030303
25151	0.030303030303
26739	0.030303030303
28247	0.030303030303
31949	0.030303030303
32994	0.030303030303
34415	0.030303030303
34487	0.030303030303
38442	0.030303030303
39157	0.030303030303
42604	0.030303030303
44539	0.030303030303
46604	0.030303030303
48442	0.030303030303
49323	0.030303030303
51028	0.030303030303
51924	0.030303030303
52134	0.030303030303
52207	0.030303030303
60069	0.030303030303
60116	0.030303030303
26558	0.0298507462687
1108	0.0294117647059
3373	0.0294117647059
4279	0.0294117647059
8571	0.0294117647059
9517	0.0294117647059
10810	0.0294117647059
16408	0.0294117647059
16835	0.0294117647059
18299	0.0294117647059
18784	0.0294117647059
21691	0.0294117647059
24079	0.0294117647059
24156	0.0294117647059
25081	0.0294117647059
26606	0.0294117647059
27377	0.0294117647059
28969	0.0294117647059
32516	0.0294117647059
34889	0.0294117647059
37623	0.0294117647059
41005	0.0294117647059
41351	0.0294117647059
50665	0.0294117647059
50679	0.0294117647059
51868	0.0294117647059
52371	0.0294117647059
52704	0.0294117647059
53444	0.0294117647059
58547	0.0294117647059
1123	0.0285714285714
4071	0.0285714285714
5461	0.0285714285714
12421	0.0285714285714
12574	0.0285714285714
17342	0.0285714285714
17894	0.0285714285714
19817	0.0285714285714
24580	0.0285714285714
29279	0.0285714285714
36684	0.0285714285714
36770	0.0285714285714
37118	0.0285714285714
41654	0.0285714285714
45460	0.0285714285714
46211	0.0285714285714
52241	0.0285714285714
55202	0.0285714285714
59592	0.0285714285714
835	0.0277777777778
2849	0.0277777777778
3432	0.0277777777778
4509	0.0277777777778
13022	0.0277777777778
18832	0.0277777777778
19080	0.0277777777778
25143	0.0277777777778
25844	0.0277777777778
26162	0.0277777777778
29573	0.0277777777778
31937	0.0277777777778
33048	0.0277777777778
34518	0.0277777777778
38124	0.0277777777778
38970	0.0277777777778
45427	0.0277777777778
45875	0.0277777777778
48853	0.0277777777778
49564	0.0277777777778
50861	0.0277777777778
51945	0.0277777777778
53265	0.0277777777778
2358	0.027397260274
3568	0.027027027027
5098	0.027027027027
7512	0.027027027027
8790	0.027027027027
9427	0.027027027027
13971	0.027027027027
16878	0.027027027027
19280	0.027027027027
30002	0.027027027027
30927	0.027027027027
32044	0.027027027027
32204	0.027027027027
32974	0.027027027027
33722	0.027027027027
36056	0.027027027027
42817	0.027027027027
43245	0.027027027027
44030	0.027027027027
50649	0.027027027027
51936	0.027027027027
51941	0.027027027027
52643	0.027027027027
55031	0.027027027027
60251	0.027027027027
53328	0.0266666666667
2816	0.0263157894737
3756	0.0263157894737
4985	0.0263157894737
11488	0.0263157894737
15788	0.0263157894737
16074	0.0263157894737
16148	0.0263157894737
16409	0.0263157894737
16523	0.0263157894737
18954	0.0263157894737
19544	0.0263157894737
20338	0.0263157894737
25701	0.0263157894737
25920	0.0263157894737
27280	0.0263157894737
43532	0.0263157894737
47561	0.0263157894737
47783	0.0263157894737
50965	0.0263157894737
51817	0.0263157894737
52401	0.0263157894737
53017	0.0263157894737
39404	0.0260869565217
840	0.025974025974
175	0.025641025641
1286	0.025641025641
2676	0.025641025641
9652	0.025641025641
9667	0.025641025641
11150	0.025641025641
15458	0.025641025641
20881	0.025641025641
22791	0.025641025641
34647	0.025641025641
35437	0.025641025641
36422	0.025641025641
38654	0.025641025641
40243	0.025641025641
42550	0.025641025641
43675	0.025641025641
46728	0.025641025641
49268	0.025641025641
51938	0.025641025641
59943	0.025641025641
60320	0.025641025641
44270	0.0253164556962
3843	0.025
4336	0.025
9979	0.025
10086	0.025
24600	0.025
32228	0.025
32499	0.025
36188	0.025
36926	0.025
39744	0.025
41723	0.025
42660	0.025
47334	0.025
47336	0.025
59857	0.025
50870	0.0246913580247
20647	0.0245901639344
2338	0.0243902439024
9794	0.0243902439024
11947	0.0243902439024
12475	0.0243902439024
12964	0.0243902439024
16129	0.0243902439024
22937	0.0243902439024
26005	0.0243902439024
28951	0.0243902439024
31544	0.0243902439024
37167	0.0243902439024
40530	0.0243902439024
41373	0.0243902439024
41669	0.0243902439024
41700	0.0243902439024
48901	0.0243902439024
52540	0.0243902439024
60446	0.0243902439024
60554	0.0243902439024
30324	0.024
33	0.0238095238095
1818	0.0238095238095
2287	0.0238095238095
4515	0.0238095238095
6506	0.0238095238095
11223	0.0238095238095
12597	0.0238095238095
12604	0.0238095238095
12968	0.0238095238095
13534	0.0238095238095
14669	0.0238095238095
16806	0.0238095238095
24385	0.0238095238095
26412	0.0238095238095
30618	0.0238095238095
31001	0.0238095238095
31465	0.0238095238095
33994	0.0238095238095
36805	0.0238095238095
41586	0.0238095238095
41974	0.0238095238095
51764	0.0238095238095
777	0.0232558139535
795	0.0232558139535
6378	0.0232558139535
9273	0.0232558139535
11569	0.0232558139535
16394	0.0232558139535
18149	0.0232558139535
18336	0.0232558139535
19620	0.0232558139535
21210	0.0232558139535
23808	0.0232558139535
24942	0.0232558139535
27632	0.0232558139535
30261	0.0232558139535
30287	0.0232558139535
31006	0.0232558139535
33652	0.0232558139535
38003	0.0232558139535
40406	0.0232558139535
42995	0.0232558139535
43101	0.0232558139535
43282	0.0232558139535
46776	0.0232558139535
50097	0.0232558139535
51207	0.0232558139535
51435	0.0232558139535
51494	0.0232558139535
59541	0.0232558139535
39478	0.0230769230769
3742	0.0227272727273
7637	0.0227272727273
10943	0.0227272727273
12993	0.0227272727273
15494	0.0227272727273
19506	0.0227272727273
24585	0.0227272727273
25574	0.0227272727273
35166	0.0227272727273
35710	0.0227272727273
35723	0.0227272727273
36387	0.0227272727273
38088	0.0227272727273
40401	0.0227272727273
41880	0.0227272727273
45237	0.0227272727273
51835	0.0227272727273
52396	0.0227272727273
52675	0.0227272727273
52868	0.0227272727273
252	0.0222222222222
6308	0.0222222222222
8122	0.0222222222222
9323	0.0222222222222
9331	0.0222222222222
17591	0.0222222222222
20701	0.0222222222222
22010	0.0222222222222
30453	0.0222222222222
31731	0.0222222222222
32679	0.0222222222222
32814	0.0222222222222
34211	0.0222222222222
39041	0.0222222222222
41631	0.0222222222222
42731	0.0222222222222
50951	0.0222222222222
51323	0.0222222222222
51523	0.0222222222222
52847	0.0222222222222
53443	0.0222222222222
60281	0.0222222222222
43785	0.0220588235294
34208	0.021978021978
41621	0.021978021978
16194	0.0217391304348
27685	0.0217391304348
29416	0.0217391304348
41566	0.0217391304348
42095	0.0217391304348
42306	0.0217391304348
43732	0.0217391304348
51762	0.0217391304348
51797	0.0217391304348
52259	0.0217391304348
53991	0.0217391304348
59691	0.0217391304348
59707	0.0217391304348
52991	0.0215053763441
338	0.0212765957447
2808	0.0212765957447
14137	0.0212765957447
17789	0.0212765957447
20157	0.0212765957447
22008	0.0212765957447
26643	0.0212765957447
29654	0.0212765957447
31125	0.0212765957447
34607	0.0212765957447
41357	0.0212765957447
43632	0.0212765957447
45277	0.0212765957447
45878	0.0212765957447
47807	0.0212765957447
51116	0.0212765957447
51372	0.0212765957447
57790	0.0212765957447
60221	0.0212765957447
51393	0.0211267605634
28709	0.020979020979
30828	0.020979020979
387	0.0208333333333
2707	0.0208333333333
6792	0.0208333333333
21043	0.0208333333333
22000	0.0208333333333
22205	0.0208333333333
25313	0.0208333333333
26837	0.0208333333333
30760	0.0208333333333
36581	0.0208333333333
41495	0.0208333333333
41961	0.0208333333333
43358	0.0208333333333
51077	0.0208333333333
51097	0.0208333333333
51933	0.0208333333333
55096	0.0208333333333
39874	0.0206896551724
6329	0.0204081632653
9357	0.0204081632653
9824	0.0204081632653
11135	0.0204081632653
30193	0.0204081632653
30680	0.0204081632653
33305	0.0204081632653
33954	0.0204081632653
42482	0.0204081632653
43805	0.0204081632653
44260	0.0204081632653
50482	0.0204081632653
51741	0.0204081632653
53168	0.0204081632653
51892	0.020202020202
10010	0.0201342281879
62	0.02
2278	0.02
3828	0.02
10400	0.02
11186	0.02
11306	0.02
13261	0.02
14872	0.02
25316	0.02
27646	0.02
31022	0.02
31962	0.02
33886	0.02
41436	0.02
41970	0.02
167	0.0196078431373
2772	0.0196078431373
8774	0.0196078431373
9670	0.0196078431373
10316	0.0196078431373
12484	0.0196078431373
13128	0.0196078431373
14390	0.0196078431373
19840	0.0196078431373
22922	0.0196078431373
31991	0.0196078431373
37670	0.0196078431373
39727	0.0196078431373
40633	0.0196078431373
41247	0.0196078431373
41713	0.0196078431373
50771	0.0196078431373
52511	0.0196078431373
59548	0.0196078431373
11196	0.0193548387097
2211	0.0192307692308
2656	0.0192307692308
4527	0.0192307692308
12795	0.0192307692308
15218	0.0192307692308
17204	0.0192307692308
20010	0.0192307692308
20785	0.0192307692308
23090	0.0192307692308
23698	0.0192307692308
37587	0.0192307692308
41166	0.0192307692308
41289	0.0192307692308
41923	0.0192307692308
42572	0.0192307692308
43066	0.0192307692308
51466	0.0192307692308
51993	0.0192307692308
53158	0.0192307692308
53232	0.0192307692308
50868	0.0189873417722
2129	0.0188679245283
2681	0.0188679245283
4221	0.0188679245283
19320	0.0188679245283
26773	0.0188679245283
42919	0.0188679245283
47012	0.0188679245283
47225	0.0188679245283
52772	0.0188679245283
4620	0.018691588785
43219	0.018691588785
50938	0.018691588785
5165	0.0185185185185
5498	0.0185185185185
7513	0.0185185185185
20465	0.0185185185185
24575	0.0185185185185
34943	0.0185185185185
41658	0.0185185185185
42318	0.0185185185185
18958	0.0183486238532
1237	0.0181818181818
2716	0.0181818181818
7281	0.0181818181818
20669	0.0181818181818
22143	0.0181818181818
28828	0.0181818181818
35338	0.0181818181818
41123	0.0181818181818
41379	0.0181818181818
52743	0.0181818181818
1103	0.0178571428571
1175	0.0178571428571
2272	0.0178571428571
4507	0.0178571428571
5881	0.0178571428571
6958	0.0178571428571
11384	0.0178571428571
23415	0.0178571428571
31705	0.0178571428571
37156	0.0178571428571
38574	0.0178571428571
41007	0.0178571428571
41905	0.0178571428571
42819	0.0178571428571
51139	0.0178571428571
52058	0.0178571428571
52642	0.0178571428571
53237	0.0178571428571
5113	0.0175438596491
7540	0.0175438596491
22939	0.0175438596491
26596	0.0175438596491
34192	0.0175438596491
36847	0.0175438596491
41442	0.0175438596491
41768	0.0175438596491
41851	0.0175438596491
47483	0.0175438596491
51217	0.0175438596491
55884	0.0175438596491
57828	0.0175438596491
1632	0.0174672489083
44538	0.0173913043478
41378	0.0173410404624
285	0.0172413793103
890	0.0172413793103
3559	0.0172413793103
3824	0.0172413793103
4414	0.0172413793103
4556	0.0172413793103
5649	0.0172413793103
6473	0.0172413793103
6982	0.0172413793103
14019	0.0172413793103
17462	0.0172413793103
25140	0.0172413793103
39658	0.0172413793103
51339	0.0172413793103
51622	0.0172413793103
52359	0.0172413793103
51394	0.0171428571429
20111	0.017094017094
41826	0.017094017094
3107	0.0169491525424
4457	0.0169491525424
5144	0.0169491525424
31105	0.0169491525424
35747	0.0169491525424
38818	0.0169491525424
40036	0.0169491525424
42368	0.0169491525424
42657	0.0169491525424
4876	0.0168776371308
24126	0.0168776371308
1690	0.0166666666667
1927	0.0166666666667
6003	0.0166666666667
7425	0.0166666666667
11875	0.0166666666667
14022	0.0166666666667
15514	0.0166666666667
26904	0.0166666666667
42099	0.0166666666667
42196	0.0166666666667
45135	0.0166666666667
53122	0.0166666666667
30925	0.0165289256198
52065	0.0164835164835
887	0.016393442623
1936	0.016393442623
9104	0.016393442623
9598	0.016393442623
11348	0.016393442623
19204	0.016393442623
26657	0.016393442623
34901	0.016393442623
38725	0.016393442623
39458	0.016393442623
51232	0.016393442623
51775	0.016393442623
59908	0.016393442623
15720	0.0162601626016
34521	0.0162601626016
1976	0.0161290322581
9753	0.0161290322581
27282	0.0161290322581
30820	0.0161290322581
32631	0.0161290322581
33051	0.0161290322581
40848	0.0161290322581
41864	0.0161290322581
50812	0.0161290322581
60001	0.0161290322581
33680	0.016
46619	0.016
12311	0.015873015873
16913	0.015873015873
18437	0.015873015873
18543	0.015873015873
29328	0.015873015873
33792	0.015873015873
35387	0.015873015873
41425	0.015873015873
41858	0.015873015873
53019	0.015873015873
59527	0.015873015873
17554	0.0157480314961
6024	0.015625
7293	0.015625
9669	0.015625
12832	0.015625
19962	0.015625
27522	0.015625
30983	0.015625
34932	0.015625
35030	0.015625
37480	0.015625
38452	0.015625
42959	0.015625
51805	0.015625
52222	0.015625
52265	0.015625
52715	0.015625
54	0.0155440414508
50881	0.015503875969
1067	0.0153846153846
1167	0.0153846153846
4524	0.0153846153846
6221	0.0153846153846
11322	0.0153846153846
11502	0.0153846153846
12153	0.0153846153846
17932	0.0153846153846
17969	0.0153846153846
23750	0.0153846153846
32988	0.0153846153846
41656	0.0153846153846
42905	0.0153846153846
43924	0.0153846153846
52180	0.0153846153846
2264	0.0152671755725
5552	0.0152671755725
30845	0.0152671755725
41793	0.0152671755725
2137	0.0151515151515
9309	0.0151515151515
10177	0.0151515151515
16433	0.0151515151515
28755	0.0151515151515
29822	0.0151515151515
32659	0.0151515151515
36676	0.0151515151515
40557	0.0151515151515
52144	0.0151515151515
60092	0.0151515151515
50944	0.0150943396226
51118	0.015037593985
31877	0.0149812734082
846	0.0149253731343
3996	0.0149253731343
4216	0.0149253731343
29053	0.0149253731343
30751	0.0149253731343
34077	0.0149253731343
34670	0.0149253731343
37577	0.0149253731343
41607	0.0149253731343
51453	0.0149253731343
52931	0.0149253731343
49749	0.0148148148148
1555	0.0147058823529
16902	0.0147058823529
22798	0.0147058823529
34824	0.0147058823529
34997	0.0147058823529
35953	0.0147058823529
36112	0.0147058823529
41174	0.0147058823529
46039	0.0147058823529
51875	0.0147058823529
27471	0.0146341463415
2578	0.0144927536232
5484	0.0144927536232
7073	0.0144927536232
31608	0.0144927536232
34672	0.0144927536232
37379	0.0144927536232
39323	0.0144927536232
41931	0.0144927536232
46742	0.0144927536232
12182	0.0143540669856
4705	0.0142857142857
19416	0.0142857142857
20418	0.0142857142857
23240	0.0142857142857
29401	0.0142857142857
38569	0.0142857142857
41468	0.0142857142857
51419	0.0142857142857
52296	0.0142857142857
41555	0.0142180094787
7095	0.0141843971631
1646	0.0140845070423
4746	0.0140845070423
4787	0.0140845070423
7197	0.0140845070423
16819	0.0140845070423
28745	0.0140845070423
30679	0.0140845070423
39320	0.0140845070423
42191	0.0140845070423
44525	0.0140845070423
45610	0.0140845070423
52239	0.0140845070423
53329	0.0140845070423
51026	0.013986013986
2490	0.0138888888889
6382	0.0138888888889
10633	0.0138888888889
18213	0.0138888888889
27070	0.0138888888889
35467	0.0138888888889
39342	0.0138888888889
52309	0.0138888888889
52666	0.0138888888889
25937	0.0138408304498
4075	0.013698630137
4104	0.013698630137
15870	0.013698630137
38864	0.013698630137
41325	0.013698630137
41349	0.013698630137
42399	0.013698630137
51319	0.013698630137
52345	0.013698630137
2448	0.0135593220339
2096	0.0135135135135
2618	0.0135135135135
2646	0.0135135135135
11168	0.0135135135135
26777	0.0135135135135
30222	0.0135135135135
36411	0.0135135135135
38713	0.0135135135135
52777	0.0135135135135
13119	0.0134228187919
17318	0.0134228187919
1000	0.0133333333333
2610	0.0133333333333
17295	0.0133333333333
28734	0.0133333333333
29746	0.0133333333333
36120	0.0133333333333
41038	0.0133333333333
41210	0.0133333333333
41390	0.0133333333333
41916	0.0133333333333
52641	0.0133333333333
52857	0.0133333333333
53029	0.0133333333333
53184	0.0133333333333
1039	0.0132450331126
13121	0.0132450331126
27031	0.0131578947368
30614	0.0131578947368
30973	0.0131578947368
32753	0.0131578947368
35117	0.0131578947368
40307	0.0131578947368
41818	0.0131578947368
49889	0.0131578947368
51820	0.0131578947368
52255	0.0131578947368
33377	0.0131004366812
51605	0.0130718954248
7444	0.0130293159609
143	0.012987012987
4147	0.012987012987
15917	0.012987012987
18295	0.012987012987
20996	0.012987012987
30085	0.012987012987
37774	0.012987012987
44323	0.012987012987
51292	0.012987012987
51353	0.012987012987
322	0.0128205128205
16302	0.0128205128205
27899	0.0128205128205
30651	0.0128205128205
33864	0.0128205128205
35541	0.0128205128205
38577	0.0128205128205
38739	0.0128205128205
38899	0.0128205128205
49141	0.0128205128205
51105	0.0128205128205
51746	0.0128205128205
52476	0.0128205128205
52629	0.0128205128205
52853	0.0128205128205
37557	0.0127388535032
41672	0.0127388535032
2127	0.0127118644068
2355	0.0126582278481
5528	0.0126582278481
16368	0.0126582278481
17637	0.0126582278481
20591	0.0126582278481
30069	0.0126582278481
34115	0.0126582278481
35480	0.0126582278481
38642	0.0126582278481
39782	0.0126582278481
43195	0.0126582278481
48899	0.0126582278481
52043	0.0126582278481
52458	0.0126582278481
44281	0.0126050420168
37115	0.0125523012552
41444	0.0125523012552
7614	0.0125
10920	0.0125
18838	0.0125
19688	0.0125
33964	0.0125
34166	0.0125
42813	0.0125
51087	0.0125
51154	0.0125
41353	0.0124481327801
12511	0.0124223602484
34676	0.0124223602484
4510	0.0123456790123
4760	0.0123456790123
9924	0.0123456790123
15197	0.0123456790123
26172	0.0123456790123
26659	0.0123456790123
28456	0.0123456790123
38064	0.0123456790123
46558	0.0123456790123
53338	0.0123456790123
3533	0.0122699386503
24606	0.0122699386503
2403	0.0121951219512
20290	0.0121951219512
21989	0.0121951219512
25555	0.0121951219512
27379	0.0121951219512
35630	0.0121951219512
50890	0.0121951219512
50929	0.0121951219512
1655	0.0121212121212
23222	0.0121212121212
33780	0.0121212121212
17095	0.0120481927711
39548	0.0120481927711
40961	0.0120481927711
50494	0.0120481927711
50992	0.0120481927711
51623	0.0120481927711
11069	0.0119047619048
13064	0.0119047619048
18192	0.0119047619048
25273	0.0119047619048
28799	0.0119047619048
30515	0.0119047619048
32762	0.0119047619048
39024	0.0119047619048
41348	0.0119047619048
43522	0.0119047619048
51343	0.0119047619048
22838	0.0118343195266
30762	0.0118343195266
283	0.0117647058824
1365	0.0117647058824
7346	0.0117647058824
17461	0.0117647058824
21298	0.0117647058824
21662	0.0117647058824
22241	0.0117647058824
41775	0.0117647058824
51699	0.0117647058824
52072	0.0117647058824
41194	0.01171875
50987	0.0116959064327
6693	0.0116279069767
50961	0.0116279069767
32594	0.0115606936416
9720	0.0114942528736
26715	0.0114942528736
27387	0.0114942528736
31313	0.0114942528736
40477	0.0114942528736
41062	0.0114942528736
41581	0.0114942528736
42182	0.0114942528736
18301	0.0114613180516
5230	0.0114285714286
14206	0.0114285714286
26579	0.0114285714286
20089	0.0113636363636
24717	0.0113636363636
26600	0.0113636363636
34225	0.0113636363636
34531	0.0113636363636
41343	0.0113636363636
51043	0.0113636363636
52079	0.0113636363636
3499	0.0112866817156
13660	0.0112359550562
16028	0.0112359550562
34095	0.0112359550562
35431	0.0112359550562
45033	0.0112359550562
35144	0.0111731843575
1456	0.0111111111111
9142	0.0111111111111
18756	0.0111111111111
19338	0.0111111111111
22113	0.0111111111111
22121	0.0111111111111
25400	0.0111111111111
41081	0.0111111111111
52383	0.0111111111111
28128	0.0110701107011
11776	0.0110497237569
20075	0.0110375275938
123	0.010989010989
4661	0.010989010989
5702	0.010989010989
16516	0.010989010989
29933	0.010989010989
30466	0.010989010989
40752	0.010989010989
52494	0.0109289617486
17686	0.0108695652174
26572	0.0108695652174
34486	0.0108695652174
42344	0.0108695652174
43834	0.0108695652174
51114	0.0108695652174
51283	0.0108695652174
25405	0.0108303249097
1231	0.0108108108108
7472	0.0108108108108
3947	0.010752688172
29243	0.010752688172
35968	0.010752688172
41629	0.010752688172
41711	0.010752688172
41778	0.010752688172
42339	0.010752688172
51151	0.010752688172
51792	0.010752688172
51795	0.010752688172
52415	0.010752688172
3139	0.0107142857143
6440	0.0106382978723
33143	0.0106382978723
33599	0.0106382978723
33855	0.0106382978723
34191	0.0106382978723
39265	0.0106382978723
41213	0.0106382978723
41833	0.0106382978723
27094	0.0106007067138
12188	0.010582010582
36967	0.010582010582
6542	0.0105263157895
10343	0.0105263157895
27691	0.0105263157895
32483	0.0105263157895
46620	0.0105263157895
51038	0.0105263157895
53060	0.0105263157895
41368	0.0104529616725
4675	0.0104166666667
8519	0.0104166666667
21379	0.0104166666667
34105	0.0104166666667
37162	0.0104166666667
39473	0.0104166666667
29863	0.0103806228374
31400	0.0103806228374
10266	0.0103626943005
39585	0.0103448275862
34136	0.0103092783505
36894	0.0103092783505
37752	0.0103092783505
41157	0.0103092783505
43575	0.0103092783505
48221	0.0103092783505
59133	0.0103092783505
26235	0.0102564102564
256	0.0102040816327
8767	0.0102040816327
8901	0.0102040816327
9292	0.0102040816327
11886	0.0102040816327
26158	0.0102040816327
41269	0.0102040816327
50879	0.0102040816327
7198	0.010152284264
17922	0.010101010101
22230	0.010101010101
22589	0.010101010101
24164	0.010101010101
37194	0.010101010101
41083	0.010101010101
52564	0.010101010101
17066	0.0100502512563
41102	0.0100502512563
876	0.01
33656	0.01
45381	0.01
60987	0.01
35581	0.00995024875622
1252	0.00990099009901
4752	0.00990099009901
5916	0.00990099009901
26592	0.00990099009901
32738	0.00990099009901
41239	0.00990099009901
51346	0.00990099009901
51869	0.00990099009901
52645	0.00990099009901
7956	0.00985221674877
18972	0.00985221674877
41047	0.00985221674877
4174	0.00980392156863
21666	0.00980392156863
22601	0.00980392156863
28749	0.00980392156863
51590	0.00980392156863
53194	0.00980392156863
51019	0.00975609756098
1380	0.00970873786408
3294	0.00970873786408
6632	0.00970873786408
10653	0.00970873786408
13927	0.00970873786408
22170	0.00970873786408
41307	0.00970873786408
50943	0.00970873786408
51901	0.00970873786408
684	0.0096463022508
309	0.00961538461538
36366	0.00961538461538
51707	0.00961538461538
52092	0.00961538461538
59627	0.00961538461538
17586	0.00959692898273
11782	0.00956937799043
19922	0.00952380952381
25027	0.00952380952381
25169	0.00952380952381
29533	0.00952380952381
33716	0.00952380952381
41167	0.00952380952381
41403	0.00949367088608
4836	0.00943396226415
6305	0.00943396226415
11378	0.00943396226415
20802	0.00943396226415
21312	0.00943396226415
24088	0.00943396226415
41078	0.00943396226415
50884	0.00943396226415
563	0.00934579439252
2544	0.00934579439252
28396	0.00934579439252
32784	0.00934579439252
41206	0.00934579439252
55841	0.00934579439252
35045	0.00932400932401
1309	0.0093023255814
3859	0.0093023255814
34999	0.0093023255814
11397	0.00925925925926
21694	0.00925925925926
28812	0.00925925925926
34933	0.00925925925926
36275	0.00925925925926
41426	0.00925925925926
19695	0.00917431192661
22231	0.00917431192661
26531	0.00917431192661
33572	0.00917431192661
41799	0.00917431192661
59879	0.00917431192661
13935	0.00912408759124
6428	0.00909090909091
14233	0.00909090909091
24922	0.00909090909091
28141	0.00909090909091
28711	0.00909090909091
32074	0.00909090909091
42320	0.00909090909091
47475	0.00909090909091
51359	0.00909090909091
5918	0.00900900900901
17346	0.00900900900901
41084	0.00900900900901
42053	0.00900900900901
9722	0.00892857142857
16231	0.00892857142857
17690	0.00892857142857
20636	0.00892857142857
37060	0.00892857142857
41004	0.00892857142857
43828	0.00892857142857
17566	0.00889679715302
41000	0.00887573964497
5000	0.00885935769657
397	0.00884955752212
2787	0.00884955752212
4489	0.00884955752212
8839	0.00884955752212
18172	0.00884955752212
22813	0.00884955752212
27859	0.00884955752212
40981	0.00884955752212
43325	0.00884955752212
16447	0.00879120879121
30899	0.00878293601004
71	0.00877192982456
3239	0.00877192982456
26828	0.00877192982456
41609	0.00877192982456
44035	0.00877192982456
52258	0.00877192982456
2030	0.00874635568513
2848	0.00869565217391
5603	0.00869565217391
26741	0.00869565217391
39209	0.00869565217391
10250	0.00862068965517
12503	0.00862068965517
19126	0.00862068965517
21719	0.00862068965517
28298	0.00862068965517
41023	0.00862068965517
41136	0.00862068965517
41303	0.00862068965517
41322	0.00862068965517
41338	0.00862068965517
41140	0.00858369098712
7645	0.00854700854701
14360	0.00854700854701
26403	0.00854700854701
50330	0.00854700854701
8729	0.00847457627119
25091	0.00847457627119
31309	0.00847457627119
33971	0.00847457627119
37052	0.00847457627119
41179	0.00847457627119
42973	0.00847457627119
2785	0.0084388185654
14604	0.0084388185654
29055	0.0084388185654
4057	0.00840336134454
21648	0.00840336134454
49689	0.00840336134454
41048	0.00837988826816
3507	0.00833333333333
4604	0.00833333333333
5311	0.00833333333333
20205	0.00833333333333
21690	0.00833333333333
32411	0.00833333333333
41111	0.00833333333333
42753	0.00833333333333
47292	0.00833333333333
22895	0.00826446280992
26199	0.00826446280992
29564	0.00826446280992
30805	0.00826446280992
37947	0.00826446280992
39140	0.00826446280992
39483	0.00826446280992
45093	0.00826446280992
2333	0.00821167883212
3544	0.00819672131148
10803	0.00819672131148
28633	0.00819672131148
31875	0.00819672131148
51173	0.00819672131148
37599	0.00813008130081
40562	0.00813008130081
2	0.00812182741117
15373	0.00810810810811
9138	0.0080971659919
2927	0.00806451612903
3006	0.00806451612903
4121	0.00805152979066
50327	0.00803212851406
2419	0.008
14686	0.008
19429	0.008
20738	0.008
38822	0.008
392	0.00793650793651
4006	0.00793650793651
4775	0.00793650793651
9135	0.00793650793651
10287	0.00793650793651
18276	0.00793650793651
28155	0.00793650793651
59919	0.00793650793651
27809	0.00792393026941
24522	0.00789473684211
21252	0.00787401574803
22351	0.00787401574803
41642	0.00787401574803
51030	0.00787401574803
18515	0.00785340314136
29218	0.00785340314136
30445	0.0078431372549
19547	0.0078125
34391	0.0078125
41682	0.0078125
51689	0.0078125
106	0.0077519379845
1273	0.0077519379845
2094	0.0077519379845
3826	0.0077519379845
13098	0.0077519379845
19111	0.0077519379845
33481	0.0077519379845
33895	0.0077519379845
51988	0.0077519379845
20630	0.00773195876289
21797	0.00772200772201
870	0.00771208226221
4658	0.00769230769231
29567	0.00769230769231
51666	0.00769230769231
53377	0.00769230769231
23688	0.00765306122449
6352	0.00763358778626
14502	0.00763358778626
31868	0.00763358778626
41279	0.00763358778626
1087	0.00757575757576
2110	0.00757575757576
3689	0.00757575757576
12325	0.00757575757576
22408	0.00757575757576
27209	0.00757575757576
28379	0.00757575757576
38330	0.00757575757576
41253	0.00757575757576
47050	0.00757575757576
41188	0.00754716981132
31483	0.00753768844221
17986	0.00751879699248
34143	0.00751879699248
41819	0.00751879699248
42545	0.00751879699248
2811	0.00749063670412
1169	0.00746268656716
3492	0.00746268656716
23532	0.00746268656716
26416	0.00746268656716
28559	0.00746268656716
53000	0.00746268656716
51096	0.00744416873449
38080	0.00743494423792
4070	0.00740740740741
15782	0.00740740740741
16264	0.00740740740741
27320	0.00740740740741
27409	0.00740740740741
60331	0.00740740740741
28673	0.00738007380074
38790	0.00738007380074
24684	0.00737100737101
128	0.00735294117647
2144	0.00735294117647
10251	0.00735294117647
29372	0.00735294117647
21801	0.00732600732601
33142	0.00732600732601
38232	0.00729927007299
14476	0.00724637681159
30917	0.00724637681159
41152	0.00724637681159
43354	0.00724637681159
51811	0.00724637681159
57496	0.00724637681159
41092	0.00722891566265
16340	0.00719424460432
25440	0.00719424460432
29818	0.00719424460432
41398	0.00719424460432
41489	0.00719424460432
43414	0.00719424460432
51274	0.00719424460432
21745	0.00718132854578
40962	0.00717488789238
33887	0.00716845878136
37775	0.00716845878136
9295	0.00714285714286
16228	0.00714285714286
16831	0.00714285714286
30794	0.00711743772242
6222	0.00709219858156
11060	0.00709219858156
11798	0.00709219858156
32318	0.00709219858156
14518	0.00704225352113
17904	0.00704225352113
18414	0.00704225352113
35039	0.00704225352113
41061	0.00704225352113
51568	0.00704225352113
13056	0.00702987697715
949	0.00700525394046
18836	0.00699300699301
26486	0.00699300699301
27063	0.00699300699301
12388	0.00697674418605
25586	0.00697674418605
3747	0.00694444444444
4280	0.00694444444444
4704	0.00694444444444
9245	0.00694444444444
11778	0.00692840646651
40289	0.00692840646651
862	0.00692041522491
30980	0.00690448791715
38293	0.00689655172414
41074	0.00689655172414
42750	0.00689655172414
51415	0.00689655172414
28286	0.00684931506849
29854	0.00684931506849
35535	0.00684931506849
37800	0.00684931506849
31830	0.00681818181818
15114	0.00680272108844
20573	0.00680272108844
27288	0.00680272108844
40351	0.00680272108844
42609	0.00680272108844
3445	0.00677966101695
11655	0.00676818950931
2829	0.00675675675676
2401	0.00671140939597
13067	0.00671140939597
36594	0.00671140939597
42912	0.00671140939597
689	0.00669642857143
28055	0.0066889632107
6954	0.00666666666667
28156	0.00666666666667
38671	0.00666666666667
37111	0.00665557404326
23011	0.00664451827243
34224	0.00662983425414
27952	0.00662251655629
37747	0.00662251655629
50915	0.00662251655629
1990	0.00657894736842
11519	0.00657894736842
26098	0.00657894736842
18699	0.00655737704918
45223	0.00655021834061
2381	0.00653594771242
14253	0.00653594771242
16379	0.00653594771242
22534	0.00653594771242
26318	0.00653594771242
27715	0.00653594771242
41073	0.00653594771242
51821	0.00653594771242
57861	0.00653594771242
34637	0.00651465798046
13040	0.00649350649351
16784	0.00649350649351
17483	0.00649350649351
34109	0.00649350649351
43473	0.00649350649351
41332	0.00647948164147
8681	0.00647249190939
874	0.00645161290323
5089	0.00645161290323
14833	0.00645161290323
41258	0.00645161290323
52802	0.00645161290323
37961	0.00643776824034
6360	0.0064308681672
4137	0.00641025641026
4337	0.00641025641026
11172	0.00641025641026
46722	0.00641025641026
10248	0.00636942675159
21311	0.00636942675159
23440	0.00636942675159
34522	0.00636942675159
3156	0.00632911392405
13036	0.00632911392405
13063	0.00632911392405
22643	0.00632911392405
41552	0.00632911392405
42145	0.00632911392405
51156	0.00632911392405
53344	0.00632911392405
5809	0.00631768953069
13339	0.00630914826498
32895	0.0062893081761
49398	0.0062893081761
4846	0.00627943485086
35237	0.00626959247649
5715	0.00625
15851	0.00625
26059	0.00625
35728	0.00625
38987	0.00625
41246	0.00625
4135	0.00621118012422
10089	0.00621118012422
19314	0.00621118012422
19687	0.00621118012422
23782	0.00621118012422
29309	0.00621118012422
36394	0.00621118012422
900	0.0061919504644
1364	0.00617283950617
17715	0.00617283950617
23628	0.00617283950617
27125	0.00617283950617
4413	0.00613496932515
41224	0.00613496932515
36392	0.00612244897959
12467	0.00611620795107
23150	0.00611620795107
254	0.00609756097561
21204	0.00609756097561
37114	0.00609756097561
41940	0.00609756097561
51680	0.00609756097561
39549	0.00608519269777
41015	0.00607902735562
4508	0.00606060606061
18283	0.00606060606061
33621	0.00606060606061
46832	0.00606060606061
5519	0.00605012964564
40982	0.00604229607251
18361	0.00602409638554
26566	0.00602409638554
40942	0.00602409638554
42531	0.00602409638554
20542	0.00600600600601
34967	0.00595238095238
35360	0.00595238095238
52738	0.00595238095238
11	0.00594648166501
18777	0.00594227504244
40972	0.00593471810089
2934	0.00591715976331
4743	0.00591715976331
17625	0.00591715976331
3729	0.00590551181102
41434	0.00589970501475
15381	0.00588235294118
22104	0.00588235294118
30789	0.00588235294118
39546	0.00588235294118
41029	0.00588235294118
51029	0.00588235294118
18307	0.00587544065805
1537	0.00584795321637
10443	0.00584795321637
25384	0.00584795321637
25942	0.00584795321637
37409	0.00584795321637
50652	0.00584795321637
51145	0.00584795321637
36398	0.00584225900682
48572	0.00583090379009
3946	0.00581395348837
5673	0.00581395348837
16723	0.00581395348837
18835	0.00581395348837
22401	0.00581395348837
22805	0.00581395348837
25487	0.00581395348837
41391	0.00581395348837
41016	0.00579710144928
3260	0.00578034682081
5204	0.00578034682081
6679	0.00578034682081
14862	0.00578034682081
22579	0.00578034682081
29591	0.00578034682081
40489	0.00578034682081
41593	0.00578034682081
51168	0.00578034682081
28405	0.00575373993096
18701	0.00574712643678
2613	0.00573888091822
13120	0.00571428571429
27218	0.00571428571429
3214	0.00568181818182
29024	0.00568181818182
40992	0.00568181818182
37392	0.00567375886525
3369	0.00564971751412
9488	0.00564971751412
14361	0.00564971751412
25554	0.00564971751412
41985	0.00563909774436
47611	0.0056338028169
5237	0.00561797752809
32087	0.00561797752809
35162	0.00561797752809
40625	0.00561797752809
44599	0.00561797752809
50897	0.00561797752809
51120	0.00561797752809
40987	0.00561009817672
22070	0.00558659217877
34667	0.00558659217877
40975	0.00558659217877
50957	0.00558659217877
4644	0.00555555555556
51121	0.00555555555556
33634	0.00553250345781
742	0.00552486187845
28700	0.00552486187845
41278	0.00552486187845
51041	0.00551470588235
25732	0.00549450549451
51655	0.00549450549451
3553	0.00547945205479
34830	0.00546448087432
51197	0.00546448087432
12998	0.00545454545455
4654	0.00544069640914
775	0.0054347826087
5116	0.0054347826087
7419	0.0054347826087
23121	0.0054347826087
30901	0.0054347826087
33692	0.0054347826087
38932	0.0054347826087
3059	0.00541271989175
3548	0.00540540540541
6689	0.00540540540541
10792	0.00540540540541
11300	0.00540540540541
40887	0.00540540540541
51211	0.00540540540541
37426	0.00539568345324
30471	0.00539083557951
41013	0.00537634408602
41968	0.00537634408602
868	0.00537221795856
18311	0.00537056928034
11201	0.00536672629696
6573	0.00534759358289
50933	0.00533333333333
26602	0.00532724505327
452	0.00531914893617
18112	0.00531914893617
21323	0.0053050397878
40980	0.00530035335689
6772	0.00529100529101
32042	0.00529100529101
4518	0.00527009222661
33879	0.00526315789474
35809	0.00526315789474
50913	0.00526315789474
9200	0.00525210084034
16273	0.00523560209424
14207	0.00522193211488
2865	0.00520833333333
23373	0.00520833333333
25891	0.00518134715026
30938	0.00518134715026
4733	0.00515463917526
51112	0.00515463917526
26599	0.00512820512821
31307	0.00512820512821
50980	0.00512820512821
4396	0.00512163892446
41129	0.00511508951407
16076	0.00507614213198
39358	0.00507614213198
41116	0.00506756756757
23642	0.00506329113924
40983	0.00505050505051
41010	0.00505050505051
42156	0.00505050505051
896	0.00502512562814
22524	0.00502512562814
22572	0.00502512562814
1503	0.0050139275766
7974	0.00497512437811
11314	0.00497512437811
13317	0.00497512437811
41070	0.00497512437811
44433	0.00497512437811
1628	0.00495662949195
3288	0.0049504950495
29360	0.0049504950495
41085	0.0049504950495
41090	0.00493827160494
3781	0.00490196078431
40541	0.00490196078431
44978	0.00490196078431
1853	0.00487804878049
3198	0.00487804878049
5432	0.00486448922863
492	0.00485436893204
9761	0.00485436893204
26195	0.00485436893204
90	0.0048309178744
2595	0.0048309178744
5419	0.0048309178744
12824	0.0048309178744
37689	0.0048309178744
16209	0.0048231511254
7533	0.00480769230769
15083	0.00480769230769
20416	0.00480769230769
52029	0.00478468899522
17355	0.00477707006369
15306	0.0047619047619
27529	0.0047619047619
39447	0.00475624256837
3365	0.00475059382423
20173	0.00475059382423
5503	0.00473933649289
10166	0.00473933649289
21978	0.00473933649289
4706	0.00471698113208
28290	0.00471698113208
50885	0.00471698113208
6427	0.00471281296024
5056	0.00469483568075
39366	0.00469483568075
11727	0.0046904315197
5231	0.0046875
8709	0.00467601870407
1489	0.00467289719626
5553	0.0046511627907
29399	0.0046511627907
38191	0.0046511627907
39136	0.00462606013878
41037	0.00456621004566
22929	0.00456204379562
17611	0.00454545454545
20529	0.00454545454545
17596	0.00453857791225
497	0.00453514739229
921	0.00452898550725
17946	0.00452488687783
25431	0.0045045045045
29444	0.0045045045045
34929	0.0045045045045
3827	0.00445434298441
28832	0.00443458980044
38794	0.0044286979628
29861	0.00442477876106
51099	0.00442477876106
41045	0.00440528634361
52697	0.00440528634361
1399	0.0043956043956
2007	0.00438596491228
29852	0.00438596491228
37660	0.00438596491228
10727	0.00436681222707
50851	0.00436681222707
4523	0.00434782608696
21331	0.00434782608696
21545	0.004329004329
52055	0.004329004329
4764	0.00431654676259
3280	0.00431034482759
4578	0.00429184549356
21523	0.00429184549356
26934	0.00429184549356
29492	0.00429184549356
40977	0.00429184549356
40978	0.00429184549356
50937	0.00429184549356
12969	0.00428449014567
29780	0.0042735042735
5693	0.00426439232409
6816	0.00425531914894
32811	0.00425531914894
38493	0.00425531914894
28742	0.00424628450106
41058	0.00422832980973
50105	0.00422832980973
2745	0.00422237860662
33762	0.0042194092827
19201	0.00420168067227
41003	0.00420168067227
15794	0.00418410041841
6372	0.00416666666667
22383	0.00415512465374
37169	0.00414937759336
38206	0.00414937759336
1144	0.00413223140496
22717	0.00413223140496
34519	0.00413223140496
41270	0.00413223140496
210	0.00411522633745
20779	0.00411522633745
4937	0.0041067761807
27865	0.0041067761807
35563	0.00410004100041
37104	0.00409836065574
25051	0.0040733197556
2290	0.00406976744186
49392	0.00406504065041
40965	0.00405844155844
17938	0.0040404040404
9188	0.00403225806452
20506	0.00401606425703
45139	0.00401606425703
47628	0.00401606425703
50845	0.00401606425703
18607	0.00398406374502
25930	0.00398406374502
39027	0.00398406374502
5112	0.00397614314115
5768	0.00397614314115
52332	0.00396825396825
3133	0.00396301188904
28051	0.00396196513471
39785	0.00395256916996
14352	0.00394218134034
4339	0.00393700787402
44117	0.00393700787402
50923	0.00393700787402
35345	0.00392156862745
1422	0.00391134289439
869	0.0039100684262
512	0.00390625
6803	0.00390625
40995	0.00390625
1921	0.00389105058366
20875	0.00387596899225
23667	0.00387596899225
27358	0.00387596899225
44951	0.00387596899225
34858	0.00386847195358
1118	0.00385109114249
1680	0.00384122919334
31312	0.00383141762452
3527	0.0038240917782
34369	0.00380952380952
41347	0.00378787878788
13318	0.00377358490566
40971	0.00376647834275
26508	0.00375939849624
34199	0.00375939849624
28821	0.00375234521576
41031	0.00372208436725
4655	0.00371872887086
1119	0.00371747211896
17790	0.0037037037037
30269	0.0037037037037
29909	0.00369003690037
32862	0.00369003690037
39852	0.00369003690037
3312	0.0036832412523
1117	0.003663003663
11769	0.003663003663
32612	0.003663003663
40334	0.003663003663
3933	0.00365965233303
34367	0.00365296803653
31138	0.0036496350365
41326	0.0036496350365
50995	0.00363636363636
2757	0.0036231884058
35136	0.0036231884058
39602	0.0036231884058
27489	0.00361663652803
4399	0.00359712230216
7062	0.00359712230216
11504	0.00359712230216
29394	0.00359712230216
18960	0.00358422939068
51158	0.00358422939068
17771	0.00357142857143
26805	0.00356030262572
24017	0.00354609929078
41705	0.00353356890459
2312	0.00352733686067
1676	0.00352112676056
4335	0.00350877192982
7390	0.00350877192982
22744	0.00350877192982
4242	0.0034965034965
22654	0.00348432055749
37737	0.00348432055749
38793	0.0034742327736
27171	0.00347222222222
41417	0.00347222222222
5460	0.00346020761246
6564	0.00346020761246
51212	0.00346020761246
52018	0.00346020761246
38807	0.00344827586207
13955	0.00343642611684
32832	0.00343642611684
9538	0.00341296928328
11746	0.00341296928328
16449	0.00341296928328
21558	0.00341296928328
53040	0.00341296928328
29724	0.00340136054422
3991	0.003367003367
25444	0.00335570469799
41106	0.00332225913621
76	0.00331674958541
31440	0.003314001657
7261	0.003300330033
7312	0.00329102021627
29145	0.00328947368421
41154	0.00327868852459
2898	0.0032502708559
253	0.00324675324675
14115	0.00324675324675
26863	0.0032414910859
34548	0.00323624595469
1497	0.0032292787944
1239	0.00322580645161
5512	0.00322580645161
30625	0.00322580645161
7175	0.00322061191626
2326	0.0032154340836
35958	0.0032154340836
12610	0.0032
1918	0.0031847133758
7340	0.00317796610169
5100	0.0031746031746
11481	0.0031746031746
41098	0.0031746031746
37225	0.00316455696203
12121	0.00313479623824
7299	0.003125
27128	0.003125
41126	0.003125
40979	0.00311526479751
30020	0.00308641975309
41972	0.00308641975309
16927	0.00307692307692
27527	0.00307692307692
5616	0.00305810397554
27906	0.00305810397554
25113	0.0030534351145
17008	0.0030487804878
26893	0.00303951367781
18613	0.0030303030303
41032	0.00301204819277
4868	0.00299401197605
38959	0.00298507462687
5120	0.00297176820208
511	0.00296735905045
4430	0.00296735905045
41156	0.00296735905045
5774	0.00294985250737
17987	0.00294985250737
259	0.00293255131965
29686	0.00292397660819
3535	0.00291545189504
29845	0.00291545189504
19601	0.00291332847779
3943	0.00289855072464
28810	0.00289855072464
7349	0.00287356321839
37198	0.00286532951289
4708	0.00286123032904
2186	0.00285714285714
34147	0.00285714285714
41068	0.00284629981025
1700	0.00284090909091
3733	0.00284090909091
50863	0.00284090909091
26584	0.0028328611898
41034	0.00281690140845
25078	0.00280898876404
2037	0.00280504908836
3788	0.00279329608939
50939	0.00279329608939
4563	0.00277264325323
25324	0.00277008310249
47774	0.00277008310249
38492	0.00274725274725
216	0.00273224043716
5622	0.00271739130435
30799	0.00271739130435
4916	0.00270758122744
879	0.0027027027027
28830	0.00268817204301
29971	0.00268817204301
16917	0.00266666666667
2840	0.00263852242744
27949	0.00263852242744
7442	0.00263157894737
4153	0.00262467191601
1438	0.00260416666667
2733	0.00260416666667
25738	0.00259965337955
19598	0.0025974025974
867	0.0025641025641
11664	0.00255102040816
20818	0.00246913580247
51133	0.00246913580247
5420	0.00246305418719
15636	0.002457002457
932	0.00244498777506
22743	0.00244299674267
6812	0.00244100895037
10281	0.00242130750605
4711	0.00240673886883
2515	0.00238663484487
41467	0.00238095238095
29277	0.00236966824645
31536	0.00236966824645
33678	0.00236406619385
41071	0.00235849056604
27525	0.00235294117647
41027	0.00235294117647
4173	0.00234741784038
13111	0.00234192037471
22971	0.00233644859813
7300	0.00230946882217
4951	0.00229357798165
8397	0.00229357798165
11675	0.00226757369615
562	0.00226244343891
22251	0.00226244343891
23666	0.0021978021978
38203	0.00218698742482
40988	0.00215053763441
11169	0.00211416490486
35703	0.00211416490486
41044	0.00211416490486
19599	0.00209205020921
5157	0.00202122283982
2344	0.00200601805416
5593	0.002
17711	0.00199203187251
41355	0.00199203187251
34169	0.00197238658777
2463	0.00190294957184
34751	0.00190114068441
8732	0.00183486238532
35178	0.0017825311943
39915	0.0017825311943
1931	0.00175131348511
38925	0.0016694490818
35049	0.00160256410256
18456	0.00159489633174
1064	0.00155520995334
1984	0.00155279503106
38584	0.00154083204931
6304	0.00152207001522
5643	0.00151057401813
992	0.0015037593985
1135	0.0015015015015
27535	0.00149476831091
9656	0.0014409221902
41018	0.00130208333333
9642	0.00123456790123
18584	0.00121506682868
27890	0.00116279069767
14750	0.00115606936416
3273	0.00110497237569
1902	0.00101936799185
893	0.000999500249875
1048	0.000943396226415
