34750	0.0952380952381
2843	0.0833333333333
54985	0.08
51388	0.0740740740741
331	0.0714285714286
24350	0.0714285714286
41643	0.0714285714286
5495	0.0666666666667
36622	0.0666666666667
60511	0.0666666666667
51098	0.063829787234
20816	0.0625
25026	0.0625
40424	0.0625
34640	0.0606060606061
21391	0.0571428571429
25857	0.0571428571429
1166	0.0555555555556
60242	0.0555555555556
41211	0.0540540540541
52696	0.0540540540541
35186	0.0512820512821
48223	0.0512820512821
13870	0.0508474576271
1854	0.05
2663	0.05
5874	0.05
6160	0.05
6860	0.05
8156	0.05
8331	0.05
8369	0.05
9965	0.05
11531	0.05
12063	0.05
12113	0.05
12258	0.05
12670	0.05
13508	0.05
13726	0.05
14287	0.05
14810	0.05
15413	0.05
18222	0.05
18264	0.05
18714	0.05
19730	0.05
19748	0.05
22698	0.05
24244	0.05
24442	0.05
24464	0.05
24928	0.05
25994	0.05
26585	0.05
28257	0.05
28512	0.05
28532	0.05
30199	0.05
30243	0.05
30478	0.05
31372	0.05
34298	0.05
34868	0.05
35169	0.05
35618	0.05
35719	0.05
37363	0.05
39117	0.05
40342	0.05
40908	0.05
44990	0.05
46070	0.05
46094	0.05
46485	0.05
47852	0.05
48228	0.05
49097	0.05
49273	0.05
50519	0.05
51644	0.05
53426	0.05
53552	0.05
54907	0.05
56409	0.05
57632	0.05
58518	0.05
59680	0.05
59775	0.05
60408	0.05
60647	0.05
8909	0.0487804878049
11625	0.0487804878049
47561	0.0487804878049
52165	0.0487804878049
997	0.047619047619
1787	0.047619047619
3465	0.047619047619
4953	0.047619047619
5083	0.047619047619
5389	0.047619047619
7431	0.047619047619
8486	0.047619047619
8889	0.047619047619
9060	0.047619047619
9166	0.047619047619
9302	0.047619047619
10342	0.047619047619
11939	0.047619047619
11964	0.047619047619
12926	0.047619047619
13673	0.047619047619
14052	0.047619047619
14619	0.047619047619
15296	0.047619047619
16778	0.047619047619
17279	0.047619047619
17882	0.047619047619
18512	0.047619047619
18519	0.047619047619
18848	0.047619047619
19017	0.047619047619
19325	0.047619047619
19337	0.047619047619
20044	0.047619047619
20182	0.047619047619
20257	0.047619047619
23449	0.047619047619
24722	0.047619047619
24862	0.047619047619
26746	0.047619047619
29038	0.047619047619
29207	0.047619047619
29223	0.047619047619
33635	0.047619047619
34883	0.047619047619
35171	0.047619047619
35244	0.047619047619
37002	0.047619047619
37739	0.047619047619
39118	0.047619047619
39551	0.047619047619
40301	0.047619047619
42633	0.047619047619
42830	0.047619047619
43681	0.047619047619
43868	0.047619047619
46815	0.047619047619
49065	0.047619047619
49302	0.047619047619
49338	0.047619047619
50119	0.047619047619
51221	0.047619047619
51841	0.047619047619
52327	0.047619047619
52354	0.047619047619
53576	0.047619047619
53619	0.047619047619
54234	0.047619047619
54439	0.047619047619
55017	0.047619047619
55179	0.047619047619
56197	0.047619047619
56259	0.047619047619
57642	0.047619047619
57806	0.047619047619
58695	0.047619047619
58799	0.047619047619
59132	0.047619047619
59493	0.047619047619
59774	0.047619047619
60294	0.047619047619
60938	0.047619047619
4630	0.046875
20466	0.046511627907
25117	0.046511627907
38458	0.046511627907
33926	0.0461538461538
430	0.0454545454545
3707	0.0454545454545
4505	0.0454545454545
5096	0.0454545454545
5335	0.0454545454545
6333	0.0454545454545
6619	0.0454545454545
7687	0.0454545454545
8818	0.0454545454545
8959	0.0454545454545
8999	0.0454545454545
9183	0.0454545454545
10197	0.0454545454545
10291	0.0454545454545
10421	0.0454545454545
10615	0.0454545454545
10696	0.0454545454545
10733	0.0454545454545
11151	0.0454545454545
11745	0.0454545454545
12666	0.0454545454545
12920	0.0454545454545
13090	0.0454545454545
13439	0.0454545454545
14131	0.0454545454545
14519	0.0454545454545
15142	0.0454545454545
15202	0.0454545454545
16714	0.0454545454545
18321	0.0454545454545
18338	0.0454545454545
19482	0.0454545454545
19821	0.0454545454545
22276	0.0454545454545
23034	0.0454545454545
23056	0.0454545454545
27931	0.0454545454545
29119	0.0454545454545
29368	0.0454545454545
29755	0.0454545454545
30192	0.0454545454545
32345	0.0454545454545
32349	0.0454545454545
32468	0.0454545454545
33252	0.0454545454545
33310	0.0454545454545
33555	0.0454545454545
33965	0.0454545454545
35142	0.0454545454545
37964	0.0454545454545
37994	0.0454545454545
39183	0.0454545454545
42981	0.0454545454545
43390	0.0454545454545
43476	0.0454545454545
45369	0.0454545454545
45963	0.0454545454545
47385	0.0454545454545
52893	0.0454545454545
53063	0.0454545454545
53622	0.0454545454545
53811	0.0454545454545
57719	0.0454545454545
57794	0.0454545454545
59137	0.0454545454545
59863	0.0454545454545
60655	0.0454545454545
60917	0.0454545454545
50998	0.0444444444444
809	0.0434782608696
852	0.0434782608696
4555	0.0434782608696
9193	0.0434782608696
9479	0.0434782608696
11490	0.0434782608696
12895	0.0434782608696
13175	0.0434782608696
13874	0.0434782608696
14280	0.0434782608696
15414	0.0434782608696
15635	0.0434782608696
15855	0.0434782608696
15898	0.0434782608696
16435	0.0434782608696
16976	0.0434782608696
22469	0.0434782608696
22797	0.0434782608696
23323	0.0434782608696
28023	0.0434782608696
28096	0.0434782608696
28743	0.0434782608696
30261	0.0434782608696
30671	0.0434782608696
31346	0.0434782608696
31369	0.0434782608696
32445	0.0434782608696
33461	0.0434782608696
33644	0.0434782608696
35964	0.0434782608696
37675	0.0434782608696
37713	0.0434782608696
38699	0.0434782608696
40237	0.0434782608696
40615	0.0434782608696
42223	0.0434782608696
42794	0.0434782608696
42812	0.0434782608696
43652	0.0434782608696
44291	0.0434782608696
44793	0.0434782608696
45010	0.0434782608696
46029	0.0434782608696
46043	0.0434782608696
47392	0.0434782608696
50737	0.0434782608696
52726	0.0434782608696
52848	0.0434782608696
52979	0.0434782608696
53075	0.0434782608696
55737	0.0434782608696
59020	0.0434782608696
59722	0.0434782608696
60283	0.0434782608696
12993	0.0425531914894
45371	0.0425531914894
5106	0.0422535211268
3502	0.0416666666667
3993	0.0416666666667
5592	0.0416666666667
5706	0.0416666666667
8639	0.0416666666667
8686	0.0416666666667
10190	0.0416666666667
11148	0.0416666666667
12609	0.0416666666667
13430	0.0416666666667
14011	0.0416666666667
14345	0.0416666666667
14358	0.0416666666667
16092	0.0416666666667
19819	0.0416666666667
19934	0.0416666666667
20925	0.0416666666667
23774	0.0416666666667
24745	0.0416666666667
24920	0.0416666666667
26188	0.0416666666667
26684	0.0416666666667
27740	0.0416666666667
27902	0.0416666666667
28113	0.0416666666667
29832	0.0416666666667
30054	0.0416666666667
30942	0.0416666666667
31287	0.0416666666667
31297	0.0416666666667
33331	0.0416666666667
34125	0.0416666666667
36317	0.0416666666667
37785	0.0416666666667
38582	0.0416666666667
39302	0.0416666666667
40454	0.0416666666667
41080	0.0416666666667
42696	0.0416666666667
42725	0.0416666666667
43247	0.0416666666667
43702	0.0416666666667
44130	0.0416666666667
44167	0.0416666666667
44471	0.0416666666667
45614	0.0416666666667
45718	0.0416666666667
45965	0.0416666666667
47311	0.0416666666667
47812	0.0416666666667
47950	0.0416666666667
51306	0.0416666666667
51763	0.0416666666667
54588	0.0416666666667
56732	0.0416666666667
56782	0.0416666666667
58004	0.0416666666667
58651	0.0416666666667
58734	0.0416666666667
58896	0.0416666666667
59090	0.0416666666667
59103	0.0416666666667
59963	0.0416666666667
12971	0.0408163265306
36125	0.0408163265306
897	0.04
3715	0.04
4735	0.04
6905	0.04
8474	0.04
9963	0.04
13115	0.04
14994	0.04
16071	0.04
18923	0.04
23720	0.04
27803	0.04
28706	0.04
30423	0.04
32586	0.04
33064	0.04
36447	0.04
39422	0.04
41538	0.04
42241	0.04
42287	0.04
42407	0.04
42448	0.04
42516	0.04
42834	0.04
42949	0.04
43244	0.04
43449	0.04
44338	0.04
46798	0.04
48366	0.04
48464	0.04
49086	0.04
49591	0.04
49664	0.04
51235	0.04
51555	0.04
52039	0.04
55407	0.04
56633	0.04
56777	0.04
59227	0.04
59485	0.04
59622	0.04
60317	0.04
36743	0.0392156862745
59583	0.0392156862745
455	0.0384615384615
2812	0.0384615384615
3138	0.0384615384615
3401	0.0384615384615
4154	0.0384615384615
4164	0.0384615384615
4363	0.0384615384615
4768	0.0384615384615
5913	0.0384615384615
6164	0.0384615384615
7079	0.0384615384615
8241	0.0384615384615
8906	0.0384615384615
10122	0.0384615384615
10125	0.0384615384615
10970	0.0384615384615
14238	0.0384615384615
14252	0.0384615384615
14613	0.0384615384615
14678	0.0384615384615
14745	0.0384615384615
15667	0.0384615384615
15749	0.0384615384615
16509	0.0384615384615
19331	0.0384615384615
20774	0.0384615384615
22860	0.0384615384615
25580	0.0384615384615
29414	0.0384615384615
31652	0.0384615384615
33096	0.0384615384615
36665	0.0384615384615
37450	0.0384615384615
37835	0.0384615384615
40362	0.0384615384615
42005	0.0384615384615
42155	0.0384615384615
42639	0.0384615384615
43072	0.0384615384615
43302	0.0384615384615
43353	0.0384615384615
43805	0.0384615384615
43806	0.0384615384615
43974	0.0384615384615
46738	0.0384615384615
46956	0.0384615384615
47039	0.0384615384615
49108	0.0384615384615
49952	0.0384615384615
52771	0.0384615384615
53466	0.0384615384615
54903	0.0384615384615
56463	0.0384615384615
57840	0.0384615384615
59932	0.0384615384615
61111	0.0384615384615
61459	0.0384615384615
165	0.0377358490566
25974	0.0377358490566
45105	0.0377358490566
52421	0.0377358490566
40645	0.0375
1127	0.037037037037
3529	0.037037037037
3643	0.037037037037
4386	0.037037037037
4559	0.037037037037
6110	0.037037037037
6226	0.037037037037
7412	0.037037037037
10870	0.037037037037
11426	0.037037037037
12047	0.037037037037
13604	0.037037037037
13994	0.037037037037
15347	0.037037037037
18227	0.037037037037
19759	0.037037037037
20792	0.037037037037
22871	0.037037037037
25201	0.037037037037
25304	0.037037037037
26248	0.037037037037
27364	0.037037037037
28707	0.037037037037
30611	0.037037037037
31399	0.037037037037
31598	0.037037037037
33389	0.037037037037
35598	0.037037037037
40120	0.037037037037
40341	0.037037037037
42669	0.037037037037
43095	0.037037037037
43412	0.037037037037
45120	0.037037037037
47105	0.037037037037
47525	0.037037037037
49425	0.037037037037
51926	0.037037037037
52175	0.037037037037
52287	0.037037037037
52435	0.037037037037
53369	0.037037037037
55158	0.037037037037
56937	0.037037037037
57313	0.037037037037
60535	0.037037037037
61178	0.037037037037
61333	0.037037037037
1505	0.0363636363636
10979	0.0363636363636
41386	0.0363636363636
2650	0.0357142857143
3835	0.0357142857143
5952	0.0357142857143
6118	0.0357142857143
6986	0.0357142857143
11040	0.0357142857143
12488	0.0357142857143
12844	0.0357142857143
12931	0.0357142857143
13255	0.0357142857143
14134	0.0357142857143
14690	0.0357142857143
21349	0.0357142857143
22232	0.0357142857143
26972	0.0357142857143
30598	0.0357142857143
30733	0.0357142857143
31590	0.0357142857143
32053	0.0357142857143
32350	0.0357142857143
32908	0.0357142857143
33831	0.0357142857143
34918	0.0357142857143
35306	0.0357142857143
35941	0.0357142857143
36964	0.0357142857143
37401	0.0357142857143
38061	0.0357142857143
39484	0.0357142857143
40090	0.0357142857143
41834	0.0357142857143
41882	0.0357142857143
44155	0.0357142857143
44450	0.0357142857143
44854	0.0357142857143
47194	0.0357142857143
48916	0.0357142857143
49081	0.0357142857143
52098	0.0357142857143
53270	0.0357142857143
53318	0.0357142857143
58759	0.0357142857143
59958	0.0357142857143
60186	0.0357142857143
60536	0.0357142857143
48224	0.0350877192982
1434	0.0344827586207
2400	0.0344827586207
3801	0.0344827586207
4215	0.0344827586207
9244	0.0344827586207
10261	0.0344827586207
11530	0.0344827586207
13131	0.0344827586207
13872	0.0344827586207
13987	0.0344827586207
14689	0.0344827586207
15186	0.0344827586207
15210	0.0344827586207
16777	0.0344827586207
17254	0.0344827586207
17995	0.0344827586207
18191	0.0344827586207
20197	0.0344827586207
20502	0.0344827586207
22762	0.0344827586207
23125	0.0344827586207
24217	0.0344827586207
25274	0.0344827586207
27000	0.0344827586207
27619	0.0344827586207
30904	0.0344827586207
36096	0.0344827586207
37524	0.0344827586207
37695	0.0344827586207
38746	0.0344827586207
40601	0.0344827586207
41545	0.0344827586207
41580	0.0344827586207
43068	0.0344827586207
43183	0.0344827586207
45101	0.0344827586207
45443	0.0344827586207
45879	0.0344827586207
47166	0.0344827586207
50774	0.0344827586207
51367	0.0344827586207
53107	0.0344827586207
54249	0.0344827586207
56070	0.0344827586207
56335	0.0344827586207
58161	0.0344827586207
59496	0.0344827586207
24980	0.0338983050847
40202	0.0337078651685
534	0.0333333333333
994	0.0333333333333
2390	0.0333333333333
2542	0.0333333333333
3219	0.0333333333333
3423	0.0333333333333
5264	0.0333333333333
6203	0.0333333333333
6940	0.0333333333333
7540	0.0333333333333
10408	0.0333333333333
11222	0.0333333333333
14068	0.0333333333333
18476	0.0333333333333
18762	0.0333333333333
23008	0.0333333333333
24678	0.0333333333333
24935	0.0333333333333
27357	0.0333333333333
27570	0.0333333333333
28386	0.0333333333333
28993	0.0333333333333
29323	0.0333333333333
29442	0.0333333333333
30997	0.0333333333333
31350	0.0333333333333
32715	0.0333333333333
32840	0.0333333333333
34137	0.0333333333333
35229	0.0333333333333
36721	0.0333333333333
37026	0.0333333333333
39205	0.0333333333333
39625	0.0333333333333
41575	0.0333333333333
42358	0.0333333333333
42708	0.0333333333333
44081	0.0333333333333
45560	0.0333333333333
45734	0.0333333333333
45887	0.0333333333333
45897	0.0333333333333
48324	0.0333333333333
48909	0.0333333333333
50597	0.0333333333333
50966	0.0333333333333
52479	0.0333333333333
54389	0.0333333333333
54914	0.0333333333333
59155	0.0333333333333
60773	0.0333333333333
61173	0.0333333333333
3867	0.0327868852459
13125	0.0327868852459
43991	0.0327868852459
44031	0.0327868852459
108	0.0322580645161
1556	0.0322580645161
2872	0.0322580645161
3570	0.0322580645161
3829	0.0322580645161
3953	0.0322580645161
5144	0.0322580645161
6166	0.0322580645161
11123	0.0322580645161
11677	0.0322580645161
13730	0.0322580645161
15358	0.0322580645161
19923	0.0322580645161
20243	0.0322580645161
20322	0.0322580645161
21060	0.0322580645161
22522	0.0322580645161
24521	0.0322580645161
25321	0.0322580645161
28966	0.0322580645161
32255	0.0322580645161
33826	0.0322580645161
36546	0.0322580645161
39667	0.0322580645161
42244	0.0322580645161
42314	0.0322580645161
47316	0.0322580645161
48547	0.0322580645161
51226	0.0322580645161
51981	0.0322580645161
52486	0.0322580645161
53264	0.0322580645161
56742	0.0322580645161
1690	0.031746031746
9685	0.031746031746
14189	0.031746031746
26	0.03125
9966	0.03125
11098	0.03125
12435	0.03125
14734	0.03125
15330	0.03125
19406	0.03125
20884	0.03125
22345	0.03125
22454	0.03125
24953	0.03125
25843	0.03125
31396	0.03125
33966	0.03125
34257	0.03125
36250	0.03125
36285	0.03125
38888	0.03125
42251	0.03125
42687	0.03125
43676	0.03125
50289	0.03125
51949	0.03125
55948	0.03125
59826	0.03125
60386	0.03125
61042	0.03125
36934	0.0307692307692
190	0.030303030303
2330	0.030303030303
2569	0.030303030303
4613	0.030303030303
6597	0.030303030303
10476	0.030303030303
10827	0.030303030303
12055	0.030303030303
12500	0.030303030303
14466	0.030303030303
15232	0.030303030303
16137	0.030303030303
16139	0.030303030303
17302	0.030303030303
17421	0.030303030303
18707	0.030303030303
25471	0.030303030303
33250	0.030303030303
38190	0.030303030303
38467	0.030303030303
39848	0.030303030303
45179	0.030303030303
48120	0.030303030303
52129	0.030303030303
52242	0.030303030303
52497	0.030303030303
55414	0.030303030303
57361	0.030303030303
60233	0.030303030303
60404	0.030303030303
41269	0.03
3798	0.0298507462687
37480	0.0298507462687
52080	0.0298507462687
52222	0.0298507462687
3663	0.0294117647059
4742	0.0294117647059
5645	0.0294117647059
6478	0.0294117647059
7694	0.0294117647059
8454	0.0294117647059
9757	0.0294117647059
11329	0.0294117647059
11624	0.0294117647059
15798	0.0294117647059
16973	0.0294117647059
18238	0.0294117647059
20435	0.0294117647059
25733	0.0294117647059
28028	0.0294117647059
28606	0.0294117647059
29137	0.0294117647059
33985	0.0294117647059
36827	0.0294117647059
37097	0.0294117647059
37522	0.0294117647059
40629	0.0294117647059
41656	0.0294117647059
41678	0.0294117647059
41906	0.0294117647059
42321	0.0294117647059
43485	0.0294117647059
46844	0.0294117647059
47256	0.0294117647059
50204	0.0294117647059
50324	0.0294117647059
51176	0.0294117647059
51433	0.0294117647059
52019	0.0294117647059
53509	0.0294117647059
59546	0.0294117647059
59737	0.0294117647059
59927	0.0294117647059
4752	0.0291262135922
2137	0.0289855072464
311	0.0285714285714
1907	0.0285714285714
2257	0.0285714285714
5340	0.0285714285714
7711	0.0285714285714
10935	0.0285714285714
11243	0.0285714285714
13471	0.0285714285714
15686	0.0285714285714
15732	0.0285714285714
17292	0.0285714285714
19650	0.0285714285714
19779	0.0285714285714
21493	0.0285714285714
22697	0.0285714285714
24354	0.0285714285714
24438	0.0285714285714
27082	0.0285714285714
27978	0.0285714285714
29593	0.0285714285714
33114	0.0285714285714
34077	0.0285714285714
35198	0.0285714285714
35908	0.0285714285714
41252	0.0285714285714
42144	0.0285714285714
43075	0.0285714285714
46083	0.0285714285714
47247	0.0285714285714
52496	0.0285714285714
52553	0.0285714285714
52931	0.0285714285714
53085	0.0285714285714
53103	0.0285714285714
57978	0.0285714285714
58287	0.0285714285714
59733	0.0285714285714
61074	0.0285714285714
43543	0.0281690140845
53	0.0277777777778
2748	0.0277777777778
2909	0.0277777777778
4249	0.0277777777778
4545	0.0277777777778
5200	0.0277777777778
9631	0.0277777777778
10097	0.0277777777778
11249	0.0277777777778
11897	0.0277777777778
13204	0.0277777777778
13435	0.0277777777778
14314	0.0277777777778
14373	0.0277777777778
14465	0.0277777777778
15610	0.0277777777778
17049	0.0277777777778
17958	0.0277777777778
18153	0.0277777777778
19495	0.0277777777778
21157	0.0277777777778
23053	0.0277777777778
30283	0.0277777777778
33318	0.0277777777778
33636	0.0277777777778
34514	0.0277777777778
39750	0.0277777777778
40003	0.0277777777778
41234	0.0277777777778
43105	0.0277777777778
43107	0.0277777777778
43506	0.0277777777778
45297	0.0277777777778
46228	0.0277777777778
46897	0.0277777777778
50852	0.0277777777778
51448	0.0277777777778
51750	0.0277777777778
52996	0.0277777777778
56087	0.0277777777778
59728	0.0277777777778
60650	0.0277777777778
5679	0.027397260274
38569	0.027397260274
43298	0.027397260274
51571	0.027397260274
52350	0.0272727272727
466	0.027027027027
981	0.027027027027
1983	0.027027027027
4442	0.027027027027
4598	0.027027027027
7066	0.027027027027
14676	0.027027027027
15533	0.027027027027
17615	0.027027027027
18265	0.027027027027
19087	0.027027027027
21008	0.027027027027
21829	0.027027027027
22891	0.027027027027
25101	0.027027027027
25278	0.027027027027
25488	0.027027027027
25777	0.027027027027
27104	0.027027027027
30679	0.027027027027
31484	0.027027027027
34952	0.027027027027
37922	0.027027027027
38200	0.027027027027
38572	0.027027027027
40538	0.027027027027
42191	0.027027027027
42373	0.027027027027
42790	0.027027027027
43139	0.027027027027
44750	0.027027027027
52783	0.027027027027
52882	0.027027027027
53160	0.027027027027
55172	0.027027027027
59578	0.027027027027
59837	0.027027027027
14515	0.0268456375839
6036	0.0266666666667
139	0.0263157894737
1108	0.0263157894737
1157	0.0263157894737
4019	0.0263157894737
4075	0.0263157894737
5079	0.0263157894737
7078	0.0263157894737
8492	0.0263157894737
10389	0.0263157894737
11392	0.0263157894737
11814	0.0263157894737
11819	0.0263157894737
14521	0.0263157894737
15622	0.0263157894737
21691	0.0263157894737
23669	0.0263157894737
25308	0.0263157894737
25825	0.0263157894737
26661	0.0263157894737
32805	0.0263157894737
32870	0.0263157894737
41005	0.0263157894737
41557	0.0263157894737
41937	0.0263157894737
42203	0.0263157894737
42510	0.0263157894737
43768	0.0263157894737
49747	0.0263157894737
50623	0.0263157894737
51220	0.0263157894737
51789	0.0263157894737
53070	0.0263157894737
54708	0.0263157894737
56753	0.0263157894737
59515	0.0263157894737
59752	0.0263157894737
59931	0.0263157894737
2618	0.025974025974
41716	0.025974025974
52319	0.025974025974
349	0.025641025641
735	0.025641025641
1000	0.025641025641
1588	0.025641025641
4071	0.025641025641
4961	0.025641025641
5133	0.025641025641
8744	0.025641025641
9227	0.025641025641
9987	0.025641025641
11788	0.025641025641
15104	0.025641025641
15834	0.025641025641
16951	0.025641025641
18063	0.025641025641
21440	0.025641025641
25259	0.025641025641
29258	0.025641025641
30198	0.025641025641
33808	0.025641025641
34467	0.025641025641
35051	0.025641025641
37341	0.025641025641
41686	0.025641025641
42775	0.025641025641
45639	0.025641025641
45644	0.025641025641
46611	0.025641025641
49879	0.025641025641
51177	0.025641025641
51963	0.025641025641
52272	0.025641025641
52737	0.025641025641
52757	0.025641025641
53390	0.025641025641
55202	0.025641025641
61230	0.025641025641
23275	0.0253164556962
30614	0.0253164556962
42928	0.0253164556962
49889	0.0253164556962
98	0.025
2911	0.025
5183	0.025
6872	0.025
10583	0.025
10828	0.025
12483	0.025
13442	0.025
14455	0.025
17360	0.025
24547	0.025
25844	0.025
26669	0.025
27223	0.025
30056	0.025
30115	0.025
32680	0.025
32897	0.025
34268	0.025
37124	0.025
39121	0.025
40137	0.025
40377	0.025
43472	0.025
46546	0.025
49986	0.025
50861	0.025
51110	0.025
51506	0.025
51508	0.025
52448	0.025
53265	0.025
53364	0.025
58086	0.025
60515	0.025
19313	0.0247933884298
2276	0.0246913580247
51746	0.0246913580247
1417	0.0243902439024
3568	0.0243902439024
4080	0.0243902439024
5159	0.0243902439024
5528	0.0243902439024
10856	0.0243902439024
11658	0.0243902439024
14677	0.0243902439024
17228	0.0243902439024
17695	0.0243902439024
23900	0.0243902439024
27840	0.0243902439024
28319	0.0243902439024
30705	0.0243902439024
33175	0.0243902439024
37913	0.0243902439024
41591	0.0243902439024
41630	0.0243902439024
42408	0.0243902439024
42702	0.0243902439024
42927	0.0243902439024
43016	0.0243902439024
43145	0.0243902439024
45220	0.0243902439024
51080	0.0243902439024
52237	0.0243902439024
52585	0.0243902439024
52643	0.0243902439024
59642	0.0243902439024
61246	0.0243902439024
15354	0.0240963855422
44270	0.0240963855422
2826	0.0238095238095
3074	0.0238095238095
3253	0.0238095238095
5122	0.0238095238095
5354	0.0238095238095
5793	0.0238095238095
9683	0.0238095238095
15465	0.0238095238095
16409	0.0238095238095
17195	0.0238095238095
19659	0.0238095238095
25947	0.0238095238095
28456	0.0238095238095
30335	0.0238095238095
32155	0.0238095238095
35501	0.0238095238095
38307	0.0238095238095
41122	0.0238095238095
42153	0.0238095238095
43532	0.0238095238095
44401	0.0238095238095
44424	0.0238095238095
44462	0.0238095238095
49449	0.0238095238095
51934	0.0238095238095
52115	0.0238095238095
52317	0.0238095238095
60547	0.0238095238095
6494	0.0235294117647
40208	0.0235294117647
51029	0.0233918128655
1286	0.0232558139535
3523	0.0232558139535
9258	0.0232558139535
11380	0.0232558139535
11489	0.0232558139535
13634	0.0232558139535
13894	0.0232558139535
22264	0.0232558139535
23626	0.0232558139535
24336	0.0232558139535
24369	0.0232558139535
24538	0.0232558139535
25086	0.0232558139535
33356	0.0232558139535
38197	0.0232558139535
38639	0.0232558139535
39584	0.0232558139535
41335	0.0232558139535
41667	0.0232558139535
43453	0.0232558139535
50598	0.0232558139535
51759	0.0232558139535
52922	0.0232558139535
9184	0.0230769230769
6339	0.0229885057471
17027	0.0229885057471
40489	0.0229885057471
41139	0.0229885057471
41450	0.0229885057471
42649	0.0229885057471
52331	0.0229007633588
283	0.0227272727273
450	0.0227272727273
3511	0.0227272727273
5207	0.0227272727273
5526	0.0227272727273
5601	0.0227272727273
10348	0.0227272727273
13293	0.0227272727273
20541	0.0227272727273
21649	0.0227272727273
22490	0.0227272727273
23822	0.0227272727273
25637	0.0227272727273
26890	0.0227272727273
31822	0.0227272727273
31971	0.0227272727273
33428	0.0227272727273
33902	0.0227272727273
34252	0.0227272727273
36617	0.0227272727273
36761	0.0227272727273
39030	0.0227272727273
40621	0.0227272727273
41764	0.0227272727273
42064	0.0227272727273
42416	0.0227272727273
42441	0.0227272727273
43084	0.0227272727273
51045	0.0227272727273
51978	0.0227272727273
29366	0.0224719101124
35275	0.0224719101124
27209	0.0223880597015
30	0.0222222222222
961	0.0222222222222
2884	0.0222222222222
3516	0.0222222222222
6395	0.0222222222222
7157	0.0222222222222
13379	0.0222222222222
17679	0.0222222222222
20101	0.0222222222222
29325	0.0222222222222
31313	0.0222222222222
32013	0.0222222222222
32590	0.0222222222222
36221	0.0222222222222
37033	0.0222222222222
38665	0.0222222222222
39233	0.0222222222222
41053	0.0222222222222
41451	0.0222222222222
41535	0.0222222222222
42502	0.0222222222222
42811	0.0222222222222
42822	0.0222222222222
43051	0.0222222222222
44257	0.0222222222222
46084	0.0222222222222
47324	0.0222222222222
48614	0.0222222222222
49873	0.0222222222222
51441	0.0222222222222
57831	0.0222222222222
60274	0.0222222222222
60446	0.0222222222222
60554	0.0222222222222
43376	0.0220588235294
52733	0.021978021978
41040	0.0218579234973
1558	0.0217391304348
2562	0.0217391304348
4286	0.0217391304348
5656	0.0217391304348
7388	0.0217391304348
12117	0.0217391304348
15881	0.0217391304348
16028	0.0217391304348
18771	0.0217391304348
19511	0.0217391304348
22843	0.0217391304348
28574	0.0217391304348
36750	0.0217391304348
36805	0.0217391304348
39934	0.0217391304348
40620	0.0217391304348
41880	0.0217391304348
41955	0.0217391304348
42210	0.0217391304348
42616	0.0217391304348
43786	0.0217391304348
48237	0.0217391304348
48494	0.0217391304348
50246	0.0217391304348
51652	0.0217391304348
60589	0.0217391304348
61218	0.0217391304348
2850	0.0215827338129
1528	0.0215053763441
1740	0.0215053763441
18756	0.0215053763441
70	0.0212765957447
2598	0.0212765957447
3817	0.0212765957447
4124	0.0212765957447
4661	0.0212765957447
7476	0.0212765957447
8195	0.0212765957447
8663	0.0212765957447
8735	0.0212765957447
12426	0.0212765957447
12784	0.0212765957447
16394	0.0212765957447
18149	0.0212765957447
18354	0.0212765957447
19620	0.0212765957447
20708	0.0212765957447
40248	0.0212765957447
40994	0.0212765957447
41191	0.0212765957447
42800	0.0212765957447
44369	0.0212765957447
44493	0.0212765957447
46776	0.0212765957447
48162	0.0212765957447
51439	0.0212765957447
51565	0.0212765957447
53276	0.0212765957447
59537	0.0212765957447
60071	0.0212765957447
5367	0.021164021164
51225	0.0211267605634
42344	0.0210526315789
41198	0.020979020979
797	0.0208333333333
1120	0.0208333333333
1307	0.0208333333333
3388	0.0208333333333
5239	0.0208333333333
11063	0.0208333333333
13999	0.0208333333333
16297	0.0208333333333
28348	0.0208333333333
36977	0.0208333333333
37589	0.0208333333333
39189	0.0208333333333
41185	0.0208333333333
41921	0.0208333333333
41981	0.0208333333333
42339	0.0208333333333
51824	0.0208333333333
52469	0.0208333333333
52675	0.0208333333333
60252	0.0208333333333
4035	0.0206896551724
1304	0.0204081632653
1569	0.0204081632653
2545	0.0204081632653
3384	0.0204081632653
3786	0.0204081632653
4452	0.0204081632653
5162	0.0204081632653
9663	0.0204081632653
11061	0.0204081632653
11126	0.0204081632653
11925	0.0204081632653
14003	0.0204081632653
14642	0.0204081632653
24409	0.0204081632653
27504	0.0204081632653
29343	0.0204081632653
30746	0.0204081632653
31801	0.0204081632653
37110	0.0204081632653
37568	0.0204081632653
37665	0.0204081632653
39038	0.0204081632653
41105	0.0204081632653
41454	0.0204081632653
41525	0.0204081632653
41694	0.0204081632653
42088	0.0204081632653
42636	0.0204081632653
47041	0.0204081632653
48253	0.0204081632653
50951	0.0204081632653
51591	0.0204081632653
51740	0.0204081632653
3205	0.020202020202
33990	0.020202020202
42326	0.020202020202
50924	0.020202020202
20573	0.0201342281879
403	0.02
523	0.02
554	0.02
3690	0.02
3998	0.02
7437	0.02
11171	0.02
13920	0.02
15802	0.02
18749	0.02
19099	0.02
24355	0.02
25893	0.02
27685	0.02
29958	0.02
32415	0.02
34136	0.02
35194	0.02
35841	0.02
38835	0.02
39419	0.02
41551	0.02
41566	0.02
41649	0.02
42074	0.02
42273	0.02
42716	0.02
43262	0.02
50985	0.02
59707	0.02
95	0.019801980198
34865	0.019801980198
51246	0.0197368421053
632	0.0196078431373
1501	0.0196078431373
7433	0.0196078431373
11503	0.0196078431373
11904	0.0196078431373
17080	0.0196078431373
20716	0.0196078431373
21436	0.0196078431373
24155	0.0196078431373
25799	0.0196078431373
26764	0.0196078431373
40594	0.0196078431373
41083	0.0196078431373
41196	0.0196078431373
41653	0.0196078431373
42284	0.0196078431373
44176	0.0196078431373
45675	0.0196078431373
45878	0.0196078431373
45900	0.0196078431373
47807	0.0196078431373
48662	0.0196078431373
51116	0.0196078431373
51247	0.0196078431373
53044	0.0196078431373
60149	0.0196078431373
44978	0.019512195122
9920	0.0194805194805
51892	0.0194174757282
52089	0.0194174757282
52741	0.0194174757282
41073	0.0193548387097
56	0.0192307692308
885	0.0192307692308
1908	0.0192307692308
1972	0.0192307692308
3025	0.0192307692308
4761	0.0192307692308
4891	0.0192307692308
8248	0.0192307692308
11339	0.0192307692308
16562	0.0192307692308
16909	0.0192307692308
18378	0.0192307692308
21043	0.0192307692308
34109	0.0192307692308
35391	0.0192307692308
35967	0.0192307692308
39201	0.0192307692308
40677	0.0192307692308
41162	0.0192307692308
43358	0.0192307692308
50483	0.0192307692308
51933	0.0192307692308
52842	0.0192307692308
4418	0.0191082802548
52283	0.0190476190476
10096	0.0189873417722
1171	0.0188679245283
3048	0.0188679245283
6363	0.0188679245283
9604	0.0188679245283
10488	0.0188679245283
11135	0.0188679245283
12948	0.0188679245283
14214	0.0188679245283
14335	0.0188679245283
14407	0.0188679245283
18959	0.0188679245283
20439	0.0188679245283
21790	0.0188679245283
25297	0.0188679245283
26407	0.0188679245283
28692	0.0188679245283
29656	0.0188679245283
33922	0.0188679245283
36024	0.0188679245283
36483	0.0188679245283
39400	0.0188679245283
41618	0.0188679245283
42431	0.0188679245283
43637	0.0188679245283
44260	0.0188679245283
45969	0.0188679245283
47547	0.0188679245283
49571	0.0188679245283
51751	0.0188679245283
51958	0.0188679245283
52123	0.0188679245283
59618	0.0188679245283
7299	0.0188087774295
41188	0.0187969924812
4705	0.018779342723
5023	0.018691588785
51079	0.018691588785
52092	0.018691588785
2202	0.0185185185185
4305	0.0185185185185
5445	0.0185185185185
5572	0.0185185185185
11306	0.0185185185185
12570	0.0185185185185
15851	0.0185185185185
17790	0.0185185185185
18292	0.0185185185185
20010	0.0185185185185
23318	0.0185185185185
27519	0.0185185185185
27921	0.0185185185185
28708	0.0185185185185
29027	0.0185185185185
33716	0.0185185185185
38019	0.0185185185185
39179	0.0185185185185
41436	0.0185185185185
41797	0.0185185185185
43484	0.0185185185185
43542	0.0185185185185
44154	0.0185185185185
51178	0.0185185185185
51979	0.0185185185185
52541	0.0185185185185
59608	0.0185185185185
4135	0.0184049079755
29356	0.0183486238532
41078	0.0183486238532
563	0.0181818181818
1903	0.0181818181818
4022	0.0181818181818
8774	0.0181818181818
9636	0.0181818181818
14390	0.0181818181818
18269	0.0181818181818
21353	0.0181818181818
22858	0.0181818181818
29384	0.0181818181818
33312	0.0181818181818
36305	0.0181818181818
38723	0.0181818181818
39964	0.0181818181818
40633	0.0181818181818
41224	0.0181818181818
42866	0.0181818181818
43003	0.0181818181818
47448	0.0181818181818
51749	0.0181818181818
52281	0.0181818181818
52511	0.0181818181818
53277	0.0181818181818
55841	0.0181818181818
60429	0.0181818181818
1821	0.018018018018
4620	0.018018018018
21694	0.018018018018
36275	0.018018018018
41137	0.018018018018
29444	0.0179372197309
4276	0.0178571428571
11159	0.0178571428571
14617	0.0178571428571
16955	0.0178571428571
20522	0.0178571428571
22510	0.0178571428571
25254	0.0178571428571
27596	0.0178571428571
28514	0.0178571428571
30484	0.0178571428571
30782	0.0178571428571
34971	0.0178571428571
35972	0.0178571428571
36798	0.0178571428571
41166	0.0178571428571
45994	0.0178571428571
51620	0.0178571428571
18403	0.0176991150442
29583	0.0176991150442
51359	0.0176991150442
8	0.0175438596491
461	0.0175438596491
8759	0.0175438596491
18161	0.0175438596491
19595	0.0175438596491
20866	0.0175438596491
27273	0.0175438596491
28323	0.0175438596491
32684	0.0175438596491
37381	0.0175438596491
38051	0.0175438596491
42053	0.0175438596491
42527	0.0175438596491
42854	0.0175438596491
42919	0.0175438596491
51647	0.0175438596491
52592	0.0175438596491
52772	0.0175438596491
59525	0.0175438596491
4611	0.0173913043478
41807	0.0173913043478
4485	0.0172910662824
5165	0.0172413793103
5498	0.0172413793103
8839	0.0172413793103
13373	0.0172413793103
17188	0.0172413793103
22026	0.0172413793103
23474	0.0172413793103
28477	0.0172413793103
29212	0.0172413793103
39002	0.0172413793103
40993	0.0172413793103
41431	0.0172413793103
42044	0.0172413793103
42318	0.0172413793103
45890	0.0172413793103
51694	0.0172413793103
52762	0.0172413793103
53102	0.0172413793103
59935	0.0172413793103
42954	0.0171428571429
26828	0.017094017094
50936	0.017094017094
645	0.0169491525424
1237	0.0169491525424
2716	0.0169491525424
3093	0.0169491525424
4048	0.0169491525424
15843	0.0169491525424
20492	0.0169491525424
22831	0.0169491525424
26741	0.0169491525424
31902	0.0169491525424
35338	0.0169491525424
39438	0.0169491525424
41943	0.0169491525424
42197	0.0169491525424
43348	0.0169491525424
44153	0.0169491525424
44333	0.0169491525424
47467	0.0169491525424
49304	0.0169491525424
52260	0.0169491525424
13960	0.0168776371308
31720	0.0168067226891
41322	0.0168067226891
44538	0.0168067226891
3369	0.0167597765363
1175	0.0166666666667
4696	0.0166666666667
12819	0.0166666666667
16944	0.0166666666667
20098	0.0166666666667
28971	0.0166666666667
32406	0.0166666666667
33120	0.0166666666667
34094	0.0166666666667
34618	0.0166666666667
35860	0.0166666666667
37897	0.0166666666667
44034	0.0166666666667
44528	0.0166666666667
47430	0.0166666666667
51767	0.0166666666667
52367	0.0166666666667
41106	0.0166112956811
33862	0.0165745856354
41225	0.0165289256198
3002	0.016393442623
6235	0.016393442623
19139	0.016393442623
24380	0.016393442623
25453	0.016393442623
35152	0.016393442623
36847	0.016393442623
38685	0.016393442623
38818	0.016393442623
41442	0.016393442623
41553	0.016393442623
41868	0.016393442623
42412	0.016393442623
46121	0.016393442623
51545	0.016393442623
25732	0.0163043478261
41544	0.0163043478261
3507	0.0162601626016
285	0.0161290322581
1196	0.0161290322581
3722	0.0161290322581
5512	0.0161290322581
6982	0.0161290322581
8611	0.0161290322581
8657	0.0161290322581
12873	0.0161290322581
19773	0.0161290322581
22895	0.0161290322581
34158	0.0161290322581
39658	0.0161290322581
40126	0.0161290322581
43910	0.0161290322581
51339	0.0161290322581
59611	0.0161290322581
47628	0.016
41546	0.0159574468085
3398	0.015873015873
4438	0.015873015873
6075	0.015873015873
9104	0.015873015873
9444	0.015873015873
17583	0.015873015873
18563	0.015873015873
25012	0.015873015873
25475	0.015873015873
26674	0.015873015873
28436	0.015873015873
30272	0.015873015873
30784	0.015873015873
31105	0.015873015873
33782	0.015873015873
35747	0.015873015873
36976	0.015873015873
37599	0.015873015873
40562	0.015873015873
41568	0.015873015873
60266	0.015873015873
20647	0.0157480314961
25305	0.0157480314961
41403	0.0157232704403
44117	0.0156862745098
3842	0.015625
9221	0.015625
9753	0.015625
10315	0.015625
11875	0.015625
14714	0.015625
31428	0.015625
31970	0.015625
36379	0.015625
36489	0.015625
38575	0.015625
40657	0.015625
41375	0.015625
42075	0.015625
51857	0.015625
59714	0.015625
4006	0.015503875969
32146	0.015503875969
41284	0.015503875969
27358	0.015444015444
83	0.0153846153846
5597	0.0153846153846
5672	0.0153846153846
12253	0.0153846153846
12849	0.0153846153846
15325	0.0153846153846
15515	0.0153846153846
16593	0.0153846153846
17087	0.0153846153846
18495	0.0153846153846
21248	0.0153846153846
22877	0.0153846153846
25703	0.0153846153846
33693	0.0153846153846
35484	0.0153846153846
37795	0.0153846153846
38595	0.0153846153846
40630	0.0153846153846
41914	0.0153846153846
43723	0.0153846153846
45701	0.0153846153846
49397	0.0153846153846
51775	0.0153846153846
52336	0.0153846153846
41129	0.0153452685422
4005	0.0153256704981
53114	0.0152671755725
1273	0.0151515151515
1673	0.0151515151515
3826	0.0151515151515
5626	0.0151515151515
6259	0.0151515151515
7427	0.0151515151515
7468	0.0151515151515
11404	0.0151515151515
18688	0.0151515151515
22319	0.0151515151515
26095	0.0151515151515
30252	0.0151515151515
37380	0.0151515151515
39985	0.0151515151515
41541	0.0151515151515
43034	0.0151515151515
51060	0.0151515151515
25810	0.015037593985
53377	0.015037593985
63	0.0149253731343
938	0.0149253731343
3925	0.0149253731343
5781	0.0149253731343
9923	0.0149253731343
13854	0.0149253731343
16913	0.0149253731343
17734	0.0149253731343
18996	0.0149253731343
19463	0.0149253731343
22513	0.0149253731343
22572	0.0149253731343
27648	0.0149253731343
33792	0.0149253731343
35316	0.0149253731343
38587	0.0149253731343
41401	0.0149253731343
42713	0.0149253731343
41530	0.0148514851485
2264	0.0148148148148
26416	0.0148148148148
28379	0.0148148148148
41001	0.0148148148148
41443	0.0148148148148
363	0.0147058823529
817	0.0147058823529
5611	0.0147058823529
5865	0.0147058823529
27517	0.0147058823529
30983	0.0147058823529
33772	0.0147058823529
34143	0.0147058823529
34932	0.0147058823529
35030	0.0147058823529
39310	0.0147058823529
41819	0.0147058823529
42309	0.0147058823529
42959	0.0147058823529
43171	0.0147058823529
50146	0.0147058823529
51403	0.0147058823529
51496	0.0147058823529
51738	0.0147058823529
51844	0.0147058823529
51918	0.0147058823529
52413	0.0147058823529
52845	0.0147058823529
60231	0.0147058823529
51118	0.014598540146
51281	0.014598540146
41326	0.0145454545455
40964	0.0145348837209
3198	0.0144927536232
4070	0.0144927536232
6221	0.0144927536232
6711	0.0144927536232
12153	0.0144927536232
17932	0.0144927536232
23750	0.0144927536232
25466	0.0144927536232
25618	0.0144927536232
30952	0.0144927536232
36390	0.0144927536232
39420	0.0144927536232
41870	0.0144927536232
43744	0.0144927536232
49044	0.0144927536232
51054	0.0144927536232
60331	0.0144927536232
60482	0.0144927536232
492	0.0144230769231
1113	0.0144230769231
2144	0.0143884892086
49749	0.0143884892086
56100	0.0143884892086
3720	0.0143790849673
90	0.0143540669856
1533	0.0142857142857
5538	0.0142857142857
7392	0.0142857142857
12731	0.0142857142857
21561	0.0142857142857
28452	0.0142857142857
28578	0.0142857142857
40356	0.0142857142857
41584	0.0142857142857
41908	0.0142857142857
42097	0.0142857142857
42845	0.0142857142857
49313	0.0142857142857
51464	0.0142857142857
51497	0.0142857142857
41152	0.0141843971631
43354	0.0141843971631
15306	0.0141509433962
2062	0.0140845070423
3996	0.0140845070423
17691	0.0140845070423
21310	0.0140845070423
29617	0.0140845070423
32120	0.0140845070423
32931	0.0140845070423
41542	0.0140845070423
43890	0.0140845070423
51421	0.0140845070423
51925	0.0140845070423
52131	0.0140845070423
52132	0.0140845070423
52468	0.0140845070423
52548	0.0140845070423
59648	0.0140845070423
12830	0.013986013986
13058	0.013986013986
18414	0.013986013986
19799	0.013986013986
4242	0.01393728223
398	0.0138888888889
755	0.0138888888889
1490	0.0138888888889
1555	0.0138888888889
7101	0.0138888888889
7330	0.0138888888889
15850	0.0138888888889
16305	0.0138888888889
17696	0.0138888888889
20376	0.0138888888889
37845	0.0138888888889
41984	0.0138888888889
45793	0.0138888888889
53257	0.0138888888889
23388	0.0138248847926
2789	0.0137931034483
14518	0.0137931034483
29863	0.0137931034483
41074	0.0137931034483
50855	0.0137741046832
862	0.0137457044674
2411	0.013698630137
3981	0.013698630137
5484	0.013698630137
13099	0.013698630137
17280	0.013698630137
17668	0.013698630137
33930	0.013698630137
34607	0.013698630137
39239	0.013698630137
41075	0.013698630137
41351	0.013698630137
41931	0.013698630137
42312	0.013698630137
43017	0.013698630137
43179	0.013698630137
43210	0.013698630137
44787	0.013698630137
51266	0.013698630137
216	0.0136612021858
11675	0.0136363636364
41132	0.0136239782016
5673	0.0135658914729
1147	0.0135135135135
1612	0.0135135135135
3964	0.0135135135135
5161	0.0135135135135
16722	0.0135135135135
21982	0.0135135135135
28579	0.0135135135135
28709	0.0135135135135
34691	0.0135135135135
38907	0.0135135135135
38995	0.0135135135135
42609	0.0135135135135
3445	0.013468013468
5120	0.0134328358209
3991	0.0134228187919
19965	0.0134228187919
38795	0.0133928571429
2354	0.0133333333333
2401	0.0133333333333
8965	0.0133333333333
9201	0.0133333333333
18387	0.0133333333333
23079	0.0133333333333
24058	0.0133333333333
37201	0.0133333333333
38682	0.0133333333333
40351	0.0133333333333
40923	0.0133333333333
51401	0.0133333333333
52034	0.0133333333333
52239	0.0133333333333
13095	0.0132158590308
14459	0.0131578947368
18213	0.0131578947368
25806	0.0131578947368
28719	0.0131578947368
36594	0.0131578947368
39194	0.0131578947368
39342	0.0131578947368
42014	0.0131578947368
42409	0.0131578947368
44602	0.0131578947368
45206	0.0131578947368
52444	0.0131578947368
52697	0.0131004366812
1422	0.0130890052356
17318	0.0130718954248
29852	0.0130434782609
41146	0.0130434782609
4104	0.012987012987
5012	0.012987012987
7180	0.012987012987
15870	0.012987012987
29573	0.012987012987
34985	0.012987012987
36193	0.012987012987
37117	0.012987012987
38864	0.012987012987
41038	0.012987012987
41349	0.012987012987
46050	0.012987012987
50915	0.012987012987
52345	0.012987012987
5164	0.0129032258065
6781	0.0129032258065
11519	0.0129032258065
13121	0.0129032258065
41331	0.0129032258065
40411	0.0128755364807
1239	0.0128617363344
2358	0.0128205128205
3581	0.0128205128205
10110	0.0128205128205
11168	0.0128205128205
24104	0.0128205128205
34749	0.0128205128205
35400	0.0128205128205
36411	0.0128205128205
39851	0.0128205128205
41066	0.0128205128205
41262	0.0128205128205
41318	0.0128205128205
42892	0.0128205128205
5693	0.0127931769723
13040	0.0127388535032
16784	0.0127388535032
35047	0.0127388535032
41596	0.0127388535032
40318	0.0127118644068
1281	0.0126582278481
5089	0.0126582278481
7084	0.0126582278481
11430	0.0126582278481
28734	0.0126582278481
31393	0.0126582278481
41039	0.0126582278481
41274	0.0126582278481
41430	0.0126582278481
41627	0.0126582278481
41916	0.0126582278481
42925	0.0126582278481
43630	0.0126582278481
52020	0.0126582278481
52641	0.0126582278481
13339	0.01261829653
41010	0.0125944584383
118	0.0125
947	0.0125
2690	0.0125
5206	0.0125
18967	0.0125
23372	0.0125
27031	0.0125
32753	0.0125
34522	0.0125
35940	0.0125
39034	0.0125
42103	0.0125
51336	0.0125
52841	0.0125
52874	0.0125
59906	0.0125
35237	0.01246105919
4057	0.0124481327801
13036	0.0124223602484
36364	0.0124223602484
186	0.0123456790123
11119	0.0123456790123
12280	0.0123456790123
18295	0.0123456790123
32895	0.0123456790123
37169	0.0123456790123
42556	0.0123456790123
47273	0.0123456790123
49398	0.0123456790123
50935	0.0123456790123
51049	0.0123456790123
51353	0.0123456790123
52549	0.0123456790123
59646	0.0123456790123
1902	0.0123203285421
41270	0.0122950819672
27527	0.0122699386503
36078	0.0122699386503
23742	0.0122448979592
322	0.0121951219512
3684	0.0121951219512
6213	0.0121951219512
13653	0.0121951219512
16302	0.0121951219512
16357	0.0121951219512
18769	0.0121951219512
20481	0.0121951219512
30651	0.0121951219512
33864	0.0121951219512
37163	0.0121951219512
49141	0.0121951219512
51105	0.0121951219512
52946	0.0121951219512
2355	0.0120481927711
3860	0.0120481927711
4047	0.0120481927711
18145	0.0120481927711
20335	0.0120481927711
22332	0.0120481927711
27731	0.0120481927711
27864	0.0120481927711
29756	0.0120481927711
30694	0.0120481927711
34788	0.0120481927711
35480	0.0120481927711
39782	0.0120481927711
41754	0.0120481927711
43195	0.0120481927711
44335	0.0120481927711
51509	0.0120481927711
51683	0.0120481927711
52458	0.0120481927711
41032	0.012012012012
21204	0.0119760479042
2403	0.0119047619048
4374	0.0119047619048
5279	0.0119047619048
10439	0.0119047619048
16919	0.0119047619048
18283	0.0119047619048
18838	0.0119047619048
34166	0.0119047619048
35526	0.0119047619048
40974	0.0119047619048
42813	0.0119047619048
40972	0.0117994100295
5774	0.0117647058824
14527	0.0117647058824
26659	0.0117647058824
30834	0.0117647058824
41241	0.0117647058824
41428	0.0117647058824
46558	0.0117647058824
4173	0.0117370892019
2574	0.0116959064327
451	0.0116279069767
2917	0.0116279069767
2934	0.0116279069767
3406	0.0116279069767
3582	0.0116279069767
8894	0.0116279069767
20080	0.0116279069767
22881	0.0116279069767
27379	0.0116279069767
29845	0.0116279069767
33704	0.0116279069767
41380	0.0116279069767
41409	0.0116279069767
49024	0.0116279069767
51196	0.0116279069767
51470	0.0116279069767
25586	0.0115740740741
13642	0.0115606936416
28047	0.0115606936416
1537	0.0114942528736
4753	0.0114942528736
13092	0.0114942528736
22579	0.0114942528736
29005	0.0114942528736
33895	0.0114942528736
50992	0.0114942528736
51615	0.0114942528736
51623	0.0114942528736
51838	0.0114942528736
51937	0.0114942528736
52884	0.0114942528736
52981	0.0114942528736
18701	0.0114285714286
22401	0.0114285714286
41391	0.0114285714286
31312	0.0114068441065
10250	0.011396011396
2588	0.0113636363636
4227	0.0113636363636
6679	0.0113636363636
11069	0.0113636363636
12943	0.0113636363636
25273	0.0113636363636
28799	0.0113636363636
29582	0.0113636363636
32762	0.0113636363636
32927	0.0113636363636
40843	0.0113636363636
41348	0.0113636363636
41548	0.0113636363636
41593	0.0113636363636
42932	0.0113636363636
44136	0.0113636363636
50291	0.0113636363636
59617	0.0113636363636
18301	0.0113314447592
497	0.0113122171946
41985	0.0112570356473
4515	0.0112359550562
17948	0.0112359550562
21298	0.0112359550562
22241	0.0112359550562
24320	0.0112359550562
34659	0.0112359550562
39213	0.0112359550562
41034	0.0112359550562
41773	0.0112359550562
42398	0.0112359550562
50949	0.0112359550562
36710	0.0111731843575
40992	0.0111731843575
17355	0.0111464968153
1618	0.0111111111111
10736	0.0111111111111
26274	0.0111111111111
31850	0.0111111111111
33727	0.0111111111111
35701	0.0111111111111
9586	0.0110497237569
35162	0.0110497237569
47774	0.0110497237569
49336	0.0110497237569
31877	0.0110294117647
51041	0.0110091743119
10607	0.010989010989
13660	0.010989010989
26218	0.010989010989
26313	0.010989010989
26715	0.010989010989
27387	0.010989010989
30913	0.010989010989
41030	0.010989010989
41272	0.010989010989
41581	0.010989010989
42642	0.010989010989
52638	0.010989010989
28673	0.0109489051095
41208	0.0109489051095
2313	0.0108695652174
4149	0.0108695652174
4334	0.0108695652174
30619	0.0108695652174
35516	0.0108695652174
43391	0.0108695652174
45223	0.0108695652174
48475	0.0108695652174
50642	0.0108695652174
51043	0.0108695652174
52079	0.0108695652174
52442	0.0108695652174
5622	0.0108401084011
3059	0.0108254397835
11776	0.0108108108108
39602	0.0107913669065
879	0.010781671159
51989	0.010781671159
49394	0.010775862069
3187	0.010752688172
6381	0.010752688172
17556	0.010752688172
18673	0.010752688172
24970	0.010752688172
37686	0.010752688172
45033	0.010752688172
4399	0.0107142857143
7062	0.0107142857143
23248	0.0106951871658
30901	0.0106951871658
33692	0.0106951871658
50760	0.0106951871658
52494	0.0106951871658
51158	0.0106761565836
4479	0.0106382978723
7654	0.0106382978723
9142	0.0106382978723
10792	0.0106382978723
11300	0.0106382978723
21727	0.0106382978723
22121	0.0106382978723
24358	0.0106382978723
37776	0.0106382978723
38676	0.0106382978723
40887	0.0106382978723
41177	0.0106382978723
41249	0.0106382978723
42040	0.0106382978723
42414	0.0106382978723
51211	0.0106382978723
53234	0.0106382978723
3419	0.010593220339
41204	0.010582010582
1135	0.0105421686747
5702	0.0105263157895
7280	0.0105263157895
9609	0.0105263157895
18317	0.0105263157895
25295	0.0105263157895
27949	0.0105263157895
28134	0.0105263157895
32923	0.0105263157895
38287	0.0105263157895
41705	0.0105263157895
42378	0.0105263157895
51967	0.0105263157895
7442	0.010498687664
25047	0.0104712041885
7390	0.0104529616725
7734	0.0104166666667
24173	0.0104166666667
26572	0.0104166666667
32042	0.0104166666667
42468	0.0104166666667
51114	0.0104166666667
29218	0.0103896103896
48489	0.0103626943005
27171	0.0103448275862
41417	0.0103448275862
3385	0.0103092783505
3747	0.0103092783505
3947	0.0103092783505
9588	0.0103092783505
16273	0.0103092783505
29243	0.0103092783505
29309	0.0103092783505
39343	0.0103092783505
41610	0.0103092783505
41711	0.0103092783505
43371	0.0103092783505
50898	0.0103092783505
51000	0.0103092783505
51038	0.0103092783505
51242	0.0103092783505
52018	0.0103092783505
52952	0.0103092783505
24889	0.0102564102564
31400	0.0102389078498
867	0.0102301790281
7739	0.0102040816327
11050	0.0102040816327
11553	0.0102040816327
13385	0.0102040816327
17723	0.0102040816327
33599	0.0102040816327
35698	0.0102040816327
36632	0.0102040816327
51092	0.0102040816327
52615	0.0102040816327
52817	0.0102040816327
10266	0.010152284264
23688	0.0101265822785
4769	0.010101010101
6353	0.010101010101
6542	0.010101010101
10343	0.010101010101
26599	0.010101010101
27691	0.010101010101
41197	0.010101010101
49335	0.010101010101
50980	0.010101010101
50984	0.010101010101
53065	0.010101010101
4708	0.0100286532951
8519	0.01
10013	0.01
21379	0.01
22398	0.01
25444	0.01
29902	0.01
31298	0.01
32700	0.01
39473	0.01
40104	0.01
41019	0.01
41340	0.01
49985	0.01
2216	0.00995024875622
40983	0.00995024875622
5809	0.00992779783394
1628	0.00991325898389
896	0.00990099009901
7124	0.00990099009901
12970	0.00990099009901
13258	0.00990099009901
17570	0.00990099009901
32058	0.00990099009901
40641	0.00990099009901
41201	0.00990099009901
41385	0.00990099009901
48221	0.00990099009901
52711	0.00990099009901
20818	0.00985221674877
38787	0.00985221674877
41102	0.00985221674877
51133	0.00985221674877
8901	0.00980392156863
10973	0.00980392156863
24067	0.00980392156863
27019	0.00980392156863
34104	0.00980392156863
41070	0.00980392156863
42704	0.00980392156863
51234	0.00980392156863
39709	0.00975609756098
41085	0.00975609756098
15188	0.00970873786408
17922	0.00970873786408
22589	0.00970873786408
29705	0.00970873786408
32509	0.00970873786408
39286	0.00970873786408
41042	0.00970873786408
48910	0.00970873786408
49210	0.00970873786408
55746	0.00970873786408
33634	0.00966850828729
7956	0.00966183574879
51697	0.00966183574879
34548	0.0096463022508
1393	0.00961538461538
1853	0.00961538461538
5574	0.00961538461538
7444	0.00961538461538
21583	0.00961538461538
34715	0.00961538461538
45381	0.00961538461538
49136	0.00961538461538
50873	0.00961538461538
51505	0.00961538461538
51027	0.00958466453674
41223	0.00956937799043
156	0.00952380952381
3488	0.00952380952381
5637	0.00952380952381
14303	0.00952380952381
33564	0.00952380952381
41913	0.00952380952381
51346	0.00952380952381
51804	0.00952380952381
51869	0.00952380952381
52016	0.00952380952381
41467	0.00950118764846
1918	0.00949367088608
7533	0.00947867298578
59604	0.00947867298578
5100	0.00946372239748
27809	0.00946372239748
41067	0.00946372239748
2089	0.00943396226415
2247	0.00943396226415
3194	0.00943396226415
21666	0.00943396226415
22601	0.00943396226415
27045	0.00943396226415
28749	0.00943396226415
31692	0.00943396226415
31891	0.00943396226415
32711	0.00943396226415
33678	0.00943396226415
33751	0.00943396226415
41634	0.00943396226415
51590	0.00943396226415
52029	0.00943396226415
51156	0.00940438871473
1323	0.00934579439252
3515	0.00934579439252
6632	0.00934579439252
10166	0.00934579439252
11866	0.00934579439252
22170	0.00934579439252
25092	0.00934579439252
37302	0.00934579439252
37670	0.00934579439252
39727	0.00934579439252
41308	0.00934579439252
42363	0.00934579439252
51563	0.00934579439252
52357	0.00934579439252
27128	0.00931677018634
41126	0.00931677018634
5350	0.00925925925926
5553	0.00925925925926
10890	0.00925925925926
14832	0.00925925925926
25165	0.00925925925926
28610	0.00925925925926
30806	0.00925925925926
31494	0.00925925925926
35486	0.00925925925926
36366	0.00925925925926
41103	0.00925925925926
30269	0.00924214417745
5455	0.00917431192661
14839	0.00917431192661
15602	0.00917431192661
17715	0.00917431192661
19922	0.00917431192661
25027	0.00917431192661
25169	0.00917431192661
41167	0.00917431192661
42514	0.00917431192661
4951	0.0091533180778
35345	0.00915032679739
41366	0.00913242009132
5616	0.00911854103343
6305	0.00909090909091
11378	0.00909090909091
23643	0.00909090909091
33639	0.00909090909091
11165	0.00904977375566
27489	0.00902527075812
2681	0.00900900900901
14381	0.00900900900901
47265	0.00900900900901
47553	0.00900900900901
50506	0.00900900900901
17611	0.00896860986547
20529	0.00896860986547
18361	0.0089552238806
40962	0.00895255147717
3499	0.00892857142857
4156	0.00892857142857
4541	0.00892857142857
6369	0.00892857142857
11748	0.00892857142857
17886	0.00892857142857
21845	0.00892857142857
25432	0.00892857142857
42483	0.00892857142857
43219	0.00892857142857
51573	0.00892857142857
52024	0.00892857142857
11201	0.00891265597148
38959	0.00890207715134
25431	0.00888888888889
689	0.00886917960089
17389	0.00884955752212
33775	0.00884955752212
34943	0.00884955752212
40869	0.00884955752212
41156	0.00884955752212
41257	0.00884955752212
41935	0.00884955752212
52062	0.00884955752212
3077	0.00877192982456
4512	0.00877192982456
18958	0.00877192982456
24922	0.00877192982456
25098	0.00877192982456
25918	0.00877192982456
26162	0.00877192982456
28711	0.00877192982456
41160	0.00877192982456
42320	0.00877192982456
43749	0.00877192982456
47475	0.00877192982456
48978	0.00877192982456
13056	0.00874125874126
51099	0.00873362445415
29686	0.00872093023256
29596	0.00869565217391
47633	0.00869565217391
1119	0.0086741016109
25413	0.00865800865801
37660	0.00865800865801
3943	0.00864553314121
5112	0.00863213811421
2639	0.00862068965517
2722	0.00862068965517
10727	0.00862068965517
16231	0.00862068965517
17690	0.00862068965517
20636	0.00862068965517
36105	0.00862068965517
39288	0.00862068965517
41715	0.00862068965517
51721	0.00862068965517
52258	0.00862068965517
2613	0.00858369098712
18311	0.00858369098712
21331	0.00858369098712
40988	0.00858369098712
397	0.00854700854701
6634	0.00854700854701
11250	0.00854700854701
20511	0.00854700854701
30949	0.00854700854701
37198	0.00854700854701
43325	0.00854700854701
51139	0.00854700854701
52055	0.00854700854701
34147	0.00852272727273
27255	0.00851063829787
26584	0.00849858356941
4137	0.00849256900212
1700	0.00847457627119
11307	0.00847457627119
12343	0.00847457627119
15228	0.00847457627119
18643	0.00847457627119
29492	0.00847457627119
29790	0.00847457627119
31306	0.00847457627119
40977	0.00847457627119
44035	0.00847457627119
29780	0.0084388185654
41140	0.0084388185654
4711	0.00843373493976
68	0.00840336134454
3986	0.00840336134454
5237	0.00840336134454
5603	0.00840336134454
10340	0.00840336134454
13071	0.00840336134454
18759	0.00840336134454
25078	0.00837988826816
14749	0.00836820083682
1743	0.00834724540902
19126	0.00833333333333
27225	0.00833333333333
41023	0.00833333333333
76	0.00830564784053
41329	0.00829875518672
4044	0.00826446280992
4644	0.00826446280992
15794	0.00826446280992
26403	0.00826446280992
26868	0.00826446280992
27582	0.00826446280992
39210	0.00826446280992
41640	0.00826446280992
50330	0.00826446280992
1062	0.0082304526749
6372	0.0082304526749
51724	0.0082304526749
18307	0.00820633059789
3481	0.00819672131148
18973	0.00819672131148
20111	0.00819672131148
35951	0.00819672131148
37115	0.00819672131148
41179	0.00819672131148
42973	0.00819672131148
43088	0.00819672131148
52056	0.00819672131148
10920	0.00816326530612
34356	0.00816326530612
14253	0.00813008130081
18134	0.00813008130081
20779	0.00813008130081
27925	0.00813008130081
29855	0.00813008130081
30805	0.00813008130081
40036	0.00813008130081
30799	0.00810810810811
37104	0.0080971659919
2	0.00808897876643
3316	0.00806451612903
5311	0.00806451612903
14525	0.00806451612903
28633	0.00806451612903
33510	0.00806451612903
34724	0.00806451612903
41111	0.00806451612903
47292	0.00806451612903
51173	0.00806451612903
49392	0.00803212851406
30980	0.00802752293578
28830	0.00802139037433
29971	0.00802139037433
2367	0.008
13829	0.008
14646	0.008
31656	0.008
36494	0.008
37947	0.008
39140	0.008
41328	0.008
41374	0.008
45093	0.008
51632	0.008
30849	0.00796812749004
41054	0.00796812749004
1328	0.00793650793651
3544	0.00793650793651
5804	0.00793650793651
10803	0.00793650793651
25240	0.00793650793651
50933	0.00793650793651
61083	0.00793650793651
39383	0.00790513833992
6218	0.00787401574803
21915	0.00787401574803
25930	0.00787401574803
34145	0.00787401574803
37993	0.00787401574803
51765	0.00787401574803
9135	0.00785340314136
888	0.0078125
2733	0.0078125
2927	0.0078125
3006	0.0078125
6404	0.0078125
15720	0.0078125
22919	0.0078125
25738	0.0078125
28155	0.0078125
30923	0.0078125
41421	0.0078125
1064	0.00777604976672
14207	0.00777202072539
1984	0.00776397515528
1096	0.0077519379845
2215	0.0077519379845
36999	0.0077519379845
50812	0.0077519379845
52188	0.0077519379845
40968	0.00772200772201
34224	0.00770925110132
34858	0.00770712909441
1232	0.00769230769231
1921	0.00769230769231
4775	0.00769230769231
17015	0.00769230769231
28285	0.00769230769231
33577	0.00769230769231
40970	0.00769230769231
51039	0.00769230769231
53001	0.00769230769231
20875	0.00766283524904
23667	0.00766283524904
870	0.00763358778626
2071	0.00763358778626
18199	0.00763358778626
21252	0.00763358778626
22351	0.00763358778626
23481	0.00763358778626
33830	0.00763358778626
34155	0.00763358778626
41411	0.00763358778626
41425	0.00763358778626
41642	0.00763358778626
53361	0.00763358778626
23150	0.0076103500761
47637	0.00760456273764
34751	0.00759013282732
253	0.00757575757576
1028	0.00757575757576
17554	0.00757575757576
41682	0.00757575757576
23642	0.00753768844221
13098	0.00751879699248
15207	0.00751879699248
15288	0.00751879699248
33481	0.00751879699248
50969	0.00751879699248
3689	0.0075
41347	0.00749063670412
2110	0.00746268656716
4658	0.00746268656716
13318	0.00746268656716
18226	0.00746268656716
27207	0.00746268656716
27934	0.00746268656716
41055	0.00746268656716
51313	0.00746268656716
34199	0.00743494423792
9642	0.00741656365884
7340	0.00741525423729
1167	0.00740740740741
14698	0.00740740740741
42302	0.00740740740741
42308	0.00740740740741
41090	0.00738916256158
51096	0.00737100737101
616	0.00735294117647
5552	0.00735294117647
12325	0.00735294117647
13149	0.00735294117647
22408	0.00735294117647
32246	0.00735294117647
35420	0.00735294117647
39478	0.00735294117647
41793	0.00735294117647
47050	0.00735294117647
3312	0.00733944954128
38080	0.00732600732601
29909	0.00729927007299
32612	0.00729927007299
41095	0.00729927007299
41536	0.00729927007299
38790	0.00727272727273
1169	0.00724637681159
10112	0.00724637681159
26173	0.00724637681159
28559	0.00724637681159
53000	0.00724637681159
1503	0.00724233983287
13935	0.00723327305606
21801	0.0072202166065
31138	0.0072202166065
761	0.00719424460432
1380	0.00719424460432
5618	0.00719424460432
14277	0.00719424460432
27320	0.00719424460432
28294	0.00719424460432
35920	0.00719424460432
37577	0.00719424460432
50864	0.00719424460432
4937	0.00717948717949
128	0.00714285714286
2104	0.00714285714286
13076	0.00714285714286
24688	0.00714285714286
2186	0.00713266761769
29394	0.00711743772242
39447	0.00711743772242
3365	0.00710900473934
2130	0.00709219858156
22798	0.00709219858156
28443	0.00709219858156
41079	0.00709219858156
50952	0.00709219858156
51875	0.00709219858156
53134	0.00709219858156
17771	0.00706713780919
2840	0.00704225352113
10162	0.00704225352113
27087	0.00704225352113
49403	0.00704225352113
51709	0.00704225352113
51811	0.00704225352113
40980	0.00702987697715
4518	0.00702678963549
41027	0.00702576112412
4489	0.00701754385965
11004	0.00699300699301
13633	0.00699300699301
25440	0.00699300699301
36037	0.00699300699301
41065	0.00699300699301
42270	0.00699300699301
43414	0.00699300699301
2290	0.00698080279232
1676	0.00696864111498
13952	0.00696864111498
5432	0.00694444444444
16194	0.00694444444444
16228	0.00694444444444
16831	0.00694444444444
30585	0.00694444444444
36418	0.00694444444444
41061	0.00694444444444
41890	0.00694444444444
39785	0.00691016781836
7300	0.00689655172414
11798	0.00689655172414
12393	0.00689655172414
17315	0.00689655172414
18130	0.00689655172414
22654	0.00689655172414
32318	0.00689655172414
39324	0.00689655172414
41161	0.00689655172414
41468	0.00689655172414
51212	0.00689655172414
28405	0.00688073394495
11778	0.00686498855835
6564	0.00684931506849
28750	0.00684931506849
35039	0.00684931506849
43178	0.00684931506849
51568	0.00684931506849
11381	0.00682593856655
38807	0.00682593856655
18613	0.0068233510235
172	0.00680272108844
26486	0.00680272108844
32832	0.00680272108844
562	0.00675675675676
4704	0.00675675675676
11746	0.00675675675676
16449	0.00675675675676
22251	0.00675675675676
3022	0.00673400673401
4347	0.00671140939597
4625	0.00671140939597
19090	0.00671140939597
50963	0.00671140939597
52240	0.00671140939597
50879	0.0066889632107
27226	0.00666666666667
27910	0.00666666666667
35535	0.00666666666667
37800	0.00666666666667
41181	0.00666666666667
2448	0.00664451827243
2028	0.00662251655629
9646	0.00662251655629
41011	0.00662251655629
42912	0.00662251655629
37111	0.00661157024793
5000	0.00660066006601
29861	0.00659340659341
5157	0.00658561296859
2829	0.00657894736842
15638	0.00657894736842
38203	0.00657534246575
23666	0.00656455142232
23011	0.00655737704918
11727	0.0065543071161
3698	0.00653594771242
13067	0.00653594771242
20075	0.00653594771242
27642	0.00653594771242
29145	0.00651465798046
4654	0.00650759219089
1928	0.00649350649351
3436	0.00649350649351
14013	0.00649350649351
41154	0.00649350649351
12777	0.00645161290323
27952	0.00645161290323
37747	0.00645161290323
39085	0.00645161290323
50903	0.00645161290323
14115	0.0064308681672
41332	0.00642398286938
7175	0.00642054574639
1039	0.00641025641026
1990	0.00641025641026
12585	0.00641025641026
26098	0.00641025641026
35049	0.0064
4121	0.00638977635783
30625	0.00638977635783
12610	0.00637958532695
2776	0.00636942675159
9762	0.00636942675159
16379	0.00636942675159
23244	0.00636942675159
24958	0.00636942675159
26318	0.00636942675159
27715	0.00636942675159
38194	0.00636942675159
41307	0.00636942675159
44847	0.00636942675159
51676	0.00636942675159
51821	0.00636942675159
57861	0.00636942675159
28742	0.00635593220339
2333	0.00635208711434
28051	0.00633412509897
921	0.00632911392405
2745	0.00632911392405
22684	0.00632911392405
41093	0.00632911392405
43473	0.00632911392405
11481	0.0062893081761
12432	0.0062893081761
41832	0.0062893081761
51071	0.0062893081761
52802	0.0062893081761
9200	0.00628272251309
41003	0.0062630480167
4846	0.00625978090767
11172	0.00625
46722	0.00625
22383	0.00622837370242
10248	0.00621118012422
11196	0.00621118012422
17152	0.00621118012422
21311	0.00621118012422
23299	0.00621118012422
23440	0.00621118012422
52525	0.00621118012422
41031	0.00618811881188
3156	0.00617283950617
13063	0.00617283950617
35100	0.00617283950617
35728	0.00617283950617
37557	0.00617283950617
38987	0.00617283950617
40893	0.00617283950617
40979	0.00617283950617
41672	0.00617283950617
42145	0.00617283950617
900	0.00615384615385
3531	0.00614754098361
16368	0.00613496932515
17637	0.00613496932515
17979	0.00613496932515
18129	0.00613496932515
20591	0.00613496932515
24457	0.00613496932515
32935	0.00613496932515
5715	0.00609756097561
42335	0.00609756097561
50868	0.00609756097561
25113	0.00608828006088
18584	0.00607533414338
26602	0.00607441154138
10089	0.00606060606061
19687	0.00606060606061
27906	0.00606060606061
35019	0.00606060606061
35199	0.00606060606061
39549	0.00603621730382
5643	0.00603318250377
5519	0.00602928509905
10844	0.00602409638554
12511	0.00602409638554
17596	0.00602409638554
17938	0.00602409638554
893	0.00601503759398
4413	0.0059880239521
4739	0.0059880239521
13212	0.0059880239521
40989	0.0059880239521
41059	0.0059880239521
5593	0.00597609561753
20542	0.00597014925373
9538	0.00596760443308
254	0.00595238095238
1389	0.00595238095238
24373	0.00595238095238
24606	0.00595238095238
32453	0.00595238095238
41355	0.00595238095238
41940	0.00595238095238
4508	0.00591715976331
16912	0.00591715976331
29277	0.00591715976331
33405	0.00591715976331
46832	0.00591715976331
41109	0.00590551181102
34169	0.00589390962672
511	0.00588235294118
23222	0.00588235294118
33780	0.00588235294118
37680	0.00588235294118
38663	0.00588235294118
3729	0.005859375
456	0.00584795321637
38800	0.00584795321637
39548	0.00584795321637
14140	0.00583090379009
41000	0.00583090379009
36398	0.00581959262852
8210	0.00581395348837
34967	0.00581395348837
35360	0.00581395348837
39546	0.00581395348837
26805	0.00578806767587
137	0.00578034682081
3535	0.00578034682081
11232	0.00578034682081
13064	0.00578034682081
33841	0.00578034682081
51159	0.00578034682081
48572	0.00576368876081
9656	0.00575539568345
4396	0.00575079872204
107	0.00574712643678
7411	0.00574712643678
15381	0.00574712643678
18815	0.00574712643678
22104	0.00574712643678
34217	0.00574712643678
21797	0.0057361376673
4764	0.00573065902579
9647	0.00572519083969
3260	0.00571428571429
3297	0.00571428571429
7344	0.00571428571429
10157	0.00571428571429
10443	0.00571428571429
17461	0.00571428571429
17915	0.00571428571429
25384	0.00571428571429
50652	0.00571428571429
51699	0.00571428571429
3527	0.00570342205323
7349	0.00569800569801
6812	0.00569568755085
17586	0.00569259962049
2142	0.00568181818182
3946	0.00568181818182
25332	0.00568181818182
50987	0.00568181818182
51025	0.00568181818182
5503	0.00567107750473
50863	0.0056657223796
10852	0.00564971751412
23786	0.00564971751412
29532	0.00564971751412
50961	0.00564971751412
37392	0.00564174894217
32594	0.00561797752809
34241	0.00561797752809
40971	0.00561797752809
1390	0.00558659217877
9720	0.00558659217877
11000	0.00558659217877
41062	0.00558659217877
41378	0.00558659217877
48076	0.00558659217877
29453	0.00557103064067
9826	0.00556586270872
3214	0.00555555555556
7751	0.00555555555556
21906	0.00555555555556
23211	0.00555555555556
26579	0.00555555555556
955	0.00552486187845
20527	0.00552486187845
33850	0.00552486187845
39360	0.00552486187845
40999	0.00552486187845
50957	0.00552486187845
51394	0.00552486187845
34897	0.00550964187328
19897	0.00549450549451
25324	0.00549450549451
44599	0.00549450549451
51120	0.00549450549451
742	0.00546448087432
6194	0.00546448087432
9252	0.00546448087432
11769	0.00546448087432
40975	0.00546448087432
27651	0.00544959128065
29854	0.00544217687075
8466	0.0054347826087
27723	0.0054347826087
28712	0.0054347826087
35144	0.0054347826087
51121	0.0054347826087
12998	0.00541516245487
4655	0.00541088941495
4916	0.00541027953111
1170	0.00540540540541
7419	0.00540540540541
28700	0.00540540540541
34830	0.00540540540541
41278	0.00540540540541
52383	0.00540540540541
9251	0.00539083557951
39136	0.00538461538462
1497	0.005382131324
38932	0.00537634408602
51655	0.00537634408602
4578	0.005359056806
37426	0.00535714285714
868	0.00535577658761
6689	0.00534759358289
30802	0.00534759358289
51197	0.00534759358289
51213	0.00534759358289
21745	0.00533807829181
33887	0.00532859680284
35178	0.00532859680284
41050	0.00531914893617
52065	0.00531914893617
6427	0.00529879305269
2419	0.00529100529101
16917	0.00529100529101
17566	0.00528169014085
13111	0.00527240773286
1231	0.00526315789474
2312	0.00526315789474
7472	0.00526315789474
25376	0.00526315789474
39510	0.00526315789474
41013	0.00526315789474
41583	0.00526315789474
1931	0.00523560209424
8229	0.00523560209424
17277	0.00523560209424
38659	0.00523560209424
7460	0.00520833333333
7505	0.00520833333333
18112	0.00520833333333
18183	0.00520833333333
5231	0.00520020800832
37737	0.0051993067591
4430	0.0051890289103
40995	0.00518806744488
21557	0.00518134715026
11749	0.00515463917526
12188	0.00515463917526
30812	0.00515463917526
50913	0.00515463917526
1118	0.00512820512821
12017	0.00512820512821
32483	0.00512820512821
34073	0.00512820512821
23373	0.00510204081633
20630	0.00508905852417
30938	0.00507614213198
41016	0.00505415162455
11655	0.00503355704698
54	0.00502512562814
31307	0.00502512562814
31868	0.00502512562814
41157	0.00502512562814
41227	0.00502512562814
2344	0.00501002004008
26235	0.005
38925	0.00499168053245
3250	0.00497512437811
9292	0.00497512437811
16076	0.00497512437811
30899	0.00497512437811
36686	0.00497512437811
31440	0.00496277915633
31483	0.00496277915633
7261	0.00492610837438
22524	0.00492610837438
41452	0.00492610837438
35563	0.0049160180254
17066	0.00490196078431
20800	0.00490196078431
11314	0.00487804878049
15636	0.00487804878049
30874	0.00487804878049
44433	0.00487804878049
51146	0.00487804878049
932	0.00485436893204
21337	0.00485436893204
24684	0.00485436893204
26863	0.00483870967742
32418	0.0048309178744
3781	0.00480769230769
18972	0.00480769230769
40541	0.00480769230769
41047	0.00480769230769
51019	0.00480769230769
2084	0.0047619047619
9761	0.0047619047619
18960	0.0047619047619
41092	0.0047619047619
2463	0.00475285171103
2515	0.00473933649289
2595	0.00473933649289
5419	0.00473933649289
10653	0.00473933649289
12824	0.00473933649289
27471	0.00473933649289
41068	0.00473484848485
3733	0.0047258979206
15083	0.00471698113208
20173	0.00470588235294
7312	0.0046992481203
17306	0.00469483568075
11294	0.00467289719626
27529	0.00467289719626
8709	0.00466355762825
21978	0.0046511627907
41942	0.0046511627907
42328	0.0046511627907
27890	0.00464576074332
4706	0.00462962962963
28290	0.00462962962963
41025	0.00462962962963
41171	0.00462962962963
50885	0.00462962962963
14750	0.00461893764434
5056	0.00460829493088
41555	0.00460829493088
12388	0.00459770114943
1489	0.0045871559633
27579	0.0045871559633
7518	0.00456621004566
29399	0.00456621004566
40289	0.00456621004566
3933	0.00456204379562
6304	0.00455235204856
1739	0.00454545454545
22929	0.00454545454545
34999	0.00454545454545
41521	0.00454545454545
41012	0.00452488687783
41037	0.00448430493274
27535	0.00447093889717
14369	0.00446428571429
17946	0.00444444444444
3273	0.00441501103753
5918	0.00440528634361
17346	0.00440528634361
869	0.00439667806546
1361	0.00436681222707
19601	0.00436363636364
32823	0.00434782608696
16447	0.00433839479393
2787	0.004329004329
40981	0.004329004329
50851	0.00429184549356
50875	0.00429184549356
631	0.00428265524625
33377	0.00425531914894
39209	0.00425531914894
37961	0.00424628450106
12756	0.00423728813559
18777	0.00422297297297
26934	0.0042194092827
41091	0.0042194092827
11169	0.00420168067227
41044	0.00420168067227
41134	0.00420168067227
50105	0.0041928721174
6816	0.00418410041841
14360	0.00418410041841
31879	0.00418410041841
32811	0.00418410041841
33762	0.00418410041841
38493	0.00418410041841
2127	0.00413223140496
2785	0.00413223140496
14604	0.00413223140496
19201	0.00413223140496
4876	0.00409836065574
4900	0.00409836065574
23782	0.00409836065574
24126	0.00409836065574
33495	0.00409836065574
41444	0.00408163265306
27865	0.0040733197556
4390	0.00406504065041
27927	0.00406504065041
52471	0.00406504065041
4327	0.00404858299595
38793	0.00404624277457
40965	0.00404530744337
25051	0.0040404040404
20506	0.00399467376831
9138	0.00396825396825
9188	0.00396825396825
17711	0.0039603960396
17952	0.00395256916996
45139	0.00395256916996
50845	0.00395256916996
5768	0.00394477317554
50327	0.00393700787402
14352	0.00392156862745
18607	0.00392156862745
39027	0.00392156862745
52332	0.00390625
41018	0.0038961038961
2381	0.00389105058366
10287	0.00389105058366
30835	0.00389105058366
41164	0.00389105058366
4339	0.00387596899225
50923	0.00387596899225
6803	0.00384615384615
5204	0.00383631713555
1680	0.00382165605096
17147	0.00381679389313
35847	0.00381679389313
44951	0.00381679389313
34369	0.00378071833648
1048	0.00377002827521
6789	0.00373134328358
16956	0.00373134328358
41253	0.00371747211896
2152	0.00363636363636
29992	0.00363636363636
39852	0.00363636363636
44184	0.00363636363636
1117	0.00361010830325
10251	0.00361010830325
19288	0.00361010830325
28128	0.00361010830325
29372	0.00361010830325
40334	0.00361010830325
30691	0.00359712230216
33142	0.00359712230216
35136	0.00359712230216
3116	0.00358422939068
50995	0.00358422939068
2757	0.00357142857143
35021	0.00357142857143
11504	0.00354609929078
39915	0.00354609929078
25405	0.00353356890459
29739	0.00353356890459
38794	0.00352733686067
5599	0.00350877192982
17605	0.0034965034965
22744	0.0034965034965
25414	0.00347222222222
38191	0.00346820809249
4335	0.00346020761246
27094	0.00346020761246
41364	0.00344827586207
5460	0.00341296928328
12969	0.00341296928328
13955	0.00341296928328
41368	0.00341296928328
1020	0.00340136054422
25937	0.00337837837838
21558	0.003367003367
28286	0.003367003367
53040	0.003367003367
29724	0.00335570469799
41116	0.00335008375209
40969	0.00333333333333
18278	0.00332225913621
51006	0.00332225913621
28055	0.00328947368421
6954	0.00327868852459
7214	0.00326797385621
6444	0.00325732899023
19598	0.00324044069994
42424	0.00322580645161
2326	0.00319488817891
8681	0.0031847133758
20416	0.00317965023847
18456	0.0031746031746
6360	0.00316455696203
41098	0.00313479623824
37225	0.003125
2409	0.00311526479751
38584	0.00306748466258
30020	0.0030487804878
41972	0.0030487804878
1364	0.00303951367781
16927	0.00303951367781
12467	0.00301204819277
38262	0.00301204819277
26893	0.003003003003
41015	0.00299401197605
33621	0.00298507462687
40982	0.00297619047619
1655	0.00296735905045
4868	0.00295857988166
17987	0.00291545189504
41434	0.00290697674419
259	0.00289855072464
41029	0.00289855072464
41165	0.00289855072464
3239	0.00287356321839
41609	0.00287356321839
2030	0.00286532951289
28810	0.00286532951289
29591	0.002849002849
2037	0.00278940027894
40987	0.00278164116829
3788	0.00276243093923
4563	0.00276243093923
41048	0.00274725274725
38492	0.00273224043716
34367	0.00272727272727
3553	0.0027027027027
7317	0.00269541778976
23265	0.00268096514745
11359	0.00267379679144
41097	0.00266666666667
15373	0.00265957446809
30471	0.00265957446809
3133	0.00262467191601
38822	0.00262467191601
16420	0.00260416666667
35809	0.0025974025974
24522	0.00259067357513
1438	0.00257731958763
18515	0.00257731958763
11664	0.00252525252525
10987	0.0025
42156	0.00249376558603
5420	0.00245098039216
22743	0.00243506493506
23174	0.00242718446602
10281	0.00239808153477
27525	0.002331002331
22971	0.00231481481481
35045	0.00229357798165
31830	0.00224215246637
3827	0.00220264317181
28832	0.00219298245614
2007	0.00217864923747
1399	0.00217391304348
2898	0.00215517241379
41058	0.00209205020921
36394	0.00204498977505
36392	0.00201612903226
11	0.00196656833825
28821	0.00185873605948
32862	0.0018281535649
8732	0.00182149362477
5218	0.00176366843034
949	0.00173010380623
28407	0.0017094017094
16209	0.0015923566879
992	0.00149476831091
