12741	0.0740740740741
18079	0.0681818181818
19784	0.0666666666667
36895	0.0625
990	0.0606060606061
3259	0.0588235294118
40085	0.0588235294118
4971	0.0571428571429
19679	0.0571428571429
17532	0.0555555555556
8131	0.0526315789474
11259	0.0512820512821
9675	0.05
17522	0.05
21629	0.05
23090	0.0491803278689
33896	0.0491803278689
5260	0.0487804878049
27082	0.0487804878049
51410	0.0487804878049
37673	0.047619047619
39328	0.047619047619
40003	0.047619047619
41470	0.047619047619
47487	0.046511627907
43603	0.0461538461538
139	0.0454545454545
37408	0.0454545454545
44913	0.0454545454545
52238	0.0454545454545
3924	0.0444444444444
6320	0.0444444444444
9409	0.0425531914894
41800	0.0425531914894
33055	0.0416666666667
49960	0.0416666666667
52401	0.0416666666667
31020	0.0408163265306
41335	0.0408163265306
4341	0.04
17699	0.04
30525	0.04
32931	0.0394736842105
26133	0.0392156862745
43588	0.0392156862745
15881	0.0384615384615
738	0.0377358490566
45184	0.0377358490566
1137	0.037037037037
2645	0.037037037037
6121	0.037037037037
11424	0.037037037037
12541	0.037037037037
12586	0.037037037037
15837	0.037037037037
15980	0.037037037037
16542	0.037037037037
17799	0.037037037037
18127	0.037037037037
20698	0.037037037037
21605	0.037037037037
22213	0.037037037037
22379	0.037037037037
23563	0.037037037037
27797	0.037037037037
28009	0.037037037037
28754	0.037037037037
30265	0.037037037037
31854	0.037037037037
32624	0.037037037037
33229	0.037037037037
36168	0.037037037037
39274	0.037037037037
39554	0.037037037037
40441	0.037037037037
44197	0.037037037037
44911	0.037037037037
45206	0.037037037037
47127	0.037037037037
47645	0.037037037037
47846	0.037037037037
48939	0.037037037037
49666	0.037037037037
50610	0.037037037037
50681	0.037037037037
52763	0.037037037037
54184	0.037037037037
54532	0.037037037037
54703	0.037037037037
55629	0.037037037037
56897	0.037037037037
57087	0.037037037037
58387	0.037037037037
58532	0.037037037037
58966	0.037037037037
59859	0.037037037037
60937	0.037037037037
61365	0.037037037037
41913	0.0366972477064
20575	0.0363636363636
42700	0.0363636363636
52063	0.0363636363636
52777	0.0361445783133
4161	0.0357142857143
5405	0.0357142857143
6252	0.0357142857143
7255	0.0357142857143
7480	0.0357142857143
7494	0.0357142857143
8620	0.0357142857143
8904	0.0357142857143
9892	0.0357142857143
12392	0.0357142857143
12615	0.0357142857143
15395	0.0357142857143
15572	0.0357142857143
17058	0.0357142857143
18036	0.0357142857143
18571	0.0357142857143
19512	0.0357142857143
19532	0.0357142857143
19985	0.0357142857143
26577	0.0357142857143
28035	0.0357142857143
28581	0.0357142857143
30147	0.0357142857143
31267	0.0357142857143
31798	0.0357142857143
32374	0.0357142857143
34162	0.0357142857143
34916	0.0357142857143
36527	0.0357142857143
36693	0.0357142857143
38143	0.0357142857143
39173	0.0357142857143
39196	0.0357142857143
39508	0.0357142857143
40468	0.0357142857143
43533	0.0357142857143
45413	0.0357142857143
45933	0.0357142857143
47254	0.0357142857143
48025	0.0357142857143
49676	0.0357142857143
51800	0.0357142857143
53020	0.0357142857143
54202	0.0357142857143
54770	0.0357142857143
58259	0.0357142857143
60319	0.0357142857143
60355	0.0357142857143
947	0.0352941176471
26643	0.0350877192982
42886	0.0350877192982
59815	0.0350877192982
18119	0.0348837209302
65	0.0344827586207
1626	0.0344827586207
2065	0.0344827586207
2388	0.0344827586207
4307	0.0344827586207
6238	0.0344827586207
7406	0.0344827586207
8456	0.0344827586207
11287	0.0344827586207
11416	0.0344827586207
11422	0.0344827586207
12458	0.0344827586207
12514	0.0344827586207
13647	0.0344827586207
14033	0.0344827586207
18086	0.0344827586207
19035	0.0344827586207
19207	0.0344827586207
19277	0.0344827586207
23286	0.0344827586207
23781	0.0344827586207
24671	0.0344827586207
24675	0.0344827586207
25403	0.0344827586207
26107	0.0344827586207
26971	0.0344827586207
28027	0.0344827586207
28867	0.0344827586207
29040	0.0344827586207
30935	0.0344827586207
31602	0.0344827586207
33252	0.0344827586207
33261	0.0344827586207
34497	0.0344827586207
37340	0.0344827586207
37357	0.0344827586207
37642	0.0344827586207
40490	0.0344827586207
41472	0.0344827586207
42462	0.0344827586207
43918	0.0344827586207
43982	0.0344827586207
44278	0.0344827586207
44993	0.0344827586207
45921	0.0344827586207
46210	0.0344827586207
46630	0.0344827586207
47626	0.0344827586207
50488	0.0344827586207
52003	0.0344827586207
52042	0.0344827586207
53975	0.0344827586207
55349	0.0344827586207
55473	0.0344827586207
55553	0.0344827586207
56166	0.0344827586207
57829	0.0344827586207
57923	0.0344827586207
58304	0.0344827586207
59207	0.0344827586207
9052	0.0338983050847
25297	0.0338983050847
36483	0.0338983050847
45072	0.0338983050847
51657	0.0338983050847
45354	0.0337078651685
2012	0.0333333333333
2046	0.0333333333333
3923	0.0333333333333
4805	0.0333333333333
7808	0.0333333333333
9504	0.0333333333333
10360	0.0333333333333
10495	0.0333333333333
12534	0.0333333333333
14138	0.0333333333333
14704	0.0333333333333
15230	0.0333333333333
16214	0.0333333333333
18236	0.0333333333333
18979	0.0333333333333
19750	0.0333333333333
20194	0.0333333333333
21671	0.0333333333333
22066	0.0333333333333
23428	0.0333333333333
26550	0.0333333333333
26702	0.0333333333333
27903	0.0333333333333
29735	0.0333333333333
31945	0.0333333333333
32837	0.0333333333333
33060	0.0333333333333
33623	0.0333333333333
34638	0.0333333333333
35916	0.0333333333333
36223	0.0333333333333
36405	0.0333333333333
39129	0.0333333333333
40791	0.0333333333333
41141	0.0333333333333
42709	0.0333333333333
42865	0.0333333333333
44298	0.0333333333333
44575	0.0333333333333
47128	0.0333333333333
47442	0.0333333333333
47616	0.0333333333333
48269	0.0333333333333
48377	0.0333333333333
48561	0.0333333333333
48904	0.0333333333333
49716	0.0333333333333
49942	0.0333333333333
50497	0.0333333333333
51134	0.0333333333333
51603	0.0333333333333
52253	0.0333333333333
52953	0.0333333333333
53670	0.0333333333333
54069	0.0333333333333
54255	0.0333333333333
54679	0.0333333333333
58481	0.0333333333333
59608	0.0333333333333
60272	0.0333333333333
60290	0.0333333333333
60598	0.0333333333333
60619	0.0333333333333
20511	0.0330578512397
22922	0.0327868852459
1551	0.0322580645161
2360	0.0322580645161
3350	0.0322580645161
5024	0.0322580645161
5756	0.0322580645161
7318	0.0322580645161
9223	0.0322580645161
9495	0.0322580645161
11269	0.0322580645161
11629	0.0322580645161
13021	0.0322580645161
14338	0.0322580645161
16169	0.0322580645161
16734	0.0322580645161
16841	0.0322580645161
16881	0.0322580645161
19396	0.0322580645161
23504	0.0322580645161
24745	0.0322580645161
24822	0.0322580645161
28702	0.0322580645161
29606	0.0322580645161
31706	0.0322580645161
32152	0.0322580645161
33222	0.0322580645161
34645	0.0322580645161
34770	0.0322580645161
34864	0.0322580645161
35643	0.0322580645161
35828	0.0322580645161
36281	0.0322580645161
37735	0.0322580645161
38317	0.0322580645161
38755	0.0322580645161
39188	0.0322580645161
41219	0.0322580645161
41338	0.0322580645161
41524	0.0322580645161
41827	0.0322580645161
42059	0.0322580645161
42682	0.0322580645161
42707	0.0322580645161
44130	0.0322580645161
45482	0.0322580645161
45608	0.0322580645161
46779	0.0322580645161
48088	0.0322580645161
49790	0.0322580645161
50359	0.0322580645161
50475	0.0322580645161
51534	0.0322580645161
52105	0.0322580645161
52676	0.0322580645161
52710	0.0322580645161
52755	0.0322580645161
53749	0.0322580645161
54974	0.0322580645161
57221	0.0322580645161
58558	0.0322580645161
59713	0.0322580645161
59835	0.0322580645161
59873	0.0322580645161
60050	0.0322580645161
60663	0.0322580645161
3927	0.03125
5520	0.03125
6322	0.03125
6690	0.03125
7670	0.03125
10305	0.03125
13373	0.03125
15696	0.03125
16418	0.03125
17097	0.03125
17514	0.03125
22140	0.03125
22882	0.03125
24908	0.03125
25067	0.03125
25451	0.03125
27892	0.03125
28143	0.03125
29975	0.03125
31354	0.03125
33979	0.03125
34174	0.03125
34927	0.03125
35334	0.03125
38081	0.03125
39313	0.03125
40712	0.03125
40993	0.03125
41537	0.03125
41867	0.03125
42148	0.03125
42748	0.03125
48096	0.03125
49510	0.03125
50658	0.03125
52154	0.03125
53071	0.03125
53188	0.03125
53617	0.03125
55980	0.03125
56074	0.03125
56692	0.03125
59540	0.03125
59633	0.03125
59749	0.03125
59799	0.03125
60528	0.03125
45199	0.0309278350515
22143	0.0307692307692
26275	0.0307692307692
43348	0.0307692307692
52513	0.0307692307692
2226	0.030303030303
3081	0.030303030303
7396	0.030303030303
8585	0.030303030303
9389	0.030303030303
10376	0.030303030303
13140	0.030303030303
13397	0.030303030303
13833	0.030303030303
14661	0.030303030303
14938	0.030303030303
17103	0.030303030303
20293	0.030303030303
23241	0.030303030303
24513	0.030303030303
25048	0.030303030303
26065	0.030303030303
27930	0.030303030303
29237	0.030303030303
30971	0.030303030303
33626	0.030303030303
35177	0.030303030303
35860	0.030303030303
36282	0.030303030303
38603	0.030303030303
40047	0.030303030303
41622	0.030303030303
43241	0.030303030303
43353	0.030303030303
43400	0.030303030303
43430	0.030303030303
43869	0.030303030303
43943	0.030303030303
44381	0.030303030303
44412	0.030303030303
48138	0.030303030303
48243	0.030303030303
49108	0.030303030303
52600	0.030303030303
53024	0.030303030303
53183	0.030303030303
57817	0.030303030303
59685	0.030303030303
59932	0.030303030303
60615	0.030303030303
21656	0.0298507462687
41768	0.0298507462687
42412	0.0298507462687
2883	0.0294117647059
3185	0.0294117647059
4427	0.0294117647059
5523	0.0294117647059
5862	0.0294117647059
8611	0.0294117647059
8753	0.0294117647059
10870	0.0294117647059
11256	0.0294117647059
12624	0.0294117647059
13125	0.0294117647059
16883	0.0294117647059
18601	0.0294117647059
18654	0.0294117647059
21382	0.0294117647059
22083	0.0294117647059
22920	0.0294117647059
23589	0.0294117647059
23846	0.0294117647059
24504	0.0294117647059
24507	0.0294117647059
25647	0.0294117647059
30999	0.0294117647059
33389	0.0294117647059
33840	0.0294117647059
37281	0.0294117647059
38316	0.0294117647059
38554	0.0294117647059
38770	0.0294117647059
39325	0.0294117647059
41991	0.0294117647059
42166	0.0294117647059
42240	0.0294117647059
42548	0.0294117647059
42788	0.0294117647059
42967	0.0294117647059
44593	0.0294117647059
44864	0.0294117647059
45253	0.0294117647059
46085	0.0294117647059
48213	0.0294117647059
49405	0.0294117647059
52634	0.0294117647059
52671	0.0294117647059
53369	0.0294117647059
53589	0.0294117647059
60381	0.0294117647059
17098	0.0289855072464
28349	0.0289855072464
38688	0.0289855072464
1087	0.0285714285714
8520	0.0285714285714
8612	0.0285714285714
8703	0.0285714285714
9796	0.0285714285714
10969	0.0285714285714
11191	0.0285714285714
14327	0.0285714285714
17408	0.0285714285714
17881	0.0285714285714
18472	0.0285714285714
20449	0.0285714285714
20821	0.0285714285714
21954	0.0285714285714
22451	0.0285714285714
23052	0.0285714285714
23200	0.0285714285714
26137	0.0285714285714
28563	0.0285714285714
30683	0.0285714285714
32217	0.0285714285714
32434	0.0285714285714
32700	0.0285714285714
33831	0.0285714285714
37596	0.0285714285714
38658	0.0285714285714
39185	0.0285714285714
39440	0.0285714285714
40958	0.0285714285714
41882	0.0285714285714
42307	0.0285714285714
43085	0.0285714285714
43777	0.0285714285714
43900	0.0285714285714
44276	0.0285714285714
45304	0.0285714285714
45862	0.0285714285714
48617	0.0285714285714
49721	0.0285714285714
50046	0.0285714285714
52219	0.0285714285714
52360	0.0285714285714
53169	0.0285714285714
54316	0.0285714285714
55791	0.0285714285714
56084	0.0285714285714
57523	0.0285714285714
59676	0.0285714285714
59679	0.0285714285714
59767	0.0285714285714
784	0.0281690140845
25570	0.0281690140845
43277	0.0281690140845
95	0.0280373831776
11886	0.0280373831776
2537	0.0277777777778
3934	0.0277777777778
5838	0.0277777777778
6173	0.0277777777778
9136	0.0277777777778
9220	0.0277777777778
11646	0.0277777777778
13314	0.0277777777778
13697	0.0277777777778
20014	0.0277777777778
20197	0.0277777777778
20284	0.0277777777778
20391	0.0277777777778
20419	0.0277777777778
20893	0.0277777777778
21969	0.0277777777778
22056	0.0277777777778
22762	0.0277777777778
22963	0.0277777777778
23012	0.0277777777778
23125	0.0277777777778
24087	0.0277777777778
25211	0.0277777777778
29427	0.0277777777778
29571	0.0277777777778
30721	0.0277777777778
30920	0.0277777777778
31328	0.0277777777778
33490	0.0277777777778
35706	0.0277777777778
37963	0.0277777777778
38705	0.0277777777778
40323	0.0277777777778
42844	0.0277777777778
42863	0.0277777777778
43605	0.0277777777778
43881	0.0277777777778
46163	0.0277777777778
49045	0.0277777777778
51633	0.0277777777778
53018	0.0277777777778
56706	0.0277777777778
59289	0.0277777777778
59853	0.0277777777778
60428	0.0277777777778
61119	0.0277777777778
12394	0.027397260274
21396	0.027397260274
24610	0.027397260274
27648	0.027397260274
41321	0.027397260274
42001	0.027397260274
42360	0.027397260274
59759	0.027397260274
690	0.027027027027
2008	0.027027027027
4046	0.027027027027
5504	0.027027027027
7293	0.027027027027
7424	0.027027027027
8284	0.027027027027
9638	0.027027027027
13178	0.027027027027
14265	0.027027027027
17344	0.027027027027
18833	0.027027027027
19623	0.027027027027
19799	0.027027027027
19889	0.027027027027
20500	0.027027027027
20890	0.027027027027
27522	0.027027027027
28716	0.027027027027
29442	0.027027027027
31046	0.027027027027
32553	0.027027027027
32672	0.027027027027
33370	0.027027027027
35406	0.027027027027
37259	0.027027027027
39460	0.027027027027
39856	0.027027027027
40458	0.027027027027
41118	0.027027027027
41861	0.027027027027
42356	0.027027027027
42658	0.027027027027
43171	0.027027027027
43172	0.027027027027
46467	0.027027027027
48019	0.027027027027
48828	0.027027027027
51807	0.027027027027
52210	0.027027027027
52806	0.027027027027
56053	0.027027027027
57252	0.027027027027
57812	0.027027027027
58528	0.027027027027
59718	0.027027027027
61430	0.027027027027
42427	0.0266666666667
28486	0.0265486725664
914	0.0263157894737
1703	0.0263157894737
2827	0.0263157894737
4116	0.0263157894737
5538	0.0263157894737
6820	0.0263157894737
7392	0.0263157894737
9856	0.0263157894737
11855	0.0263157894737
12530	0.0263157894737
13257	0.0263157894737
13431	0.0263157894737
14221	0.0263157894737
14541	0.0263157894737
15358	0.0263157894737
16655	0.0263157894737
18084	0.0263157894737
18320	0.0263157894737
18395	0.0263157894737
19174	0.0263157894737
20485	0.0263157894737
21561	0.0263157894737
22059	0.0263157894737
23567	0.0263157894737
25002	0.0263157894737
25484	0.0263157894737
25506	0.0263157894737
25794	0.0263157894737
26573	0.0263157894737
29857	0.0263157894737
32864	0.0263157894737
33339	0.0263157894737
34555	0.0263157894737
41796	0.0263157894737
42109	0.0263157894737
42124	0.0263157894737
43223	0.0263157894737
45062	0.0263157894737
46192	0.0263157894737
47602	0.0263157894737
47986	0.0263157894737
50306	0.0263157894737
51005	0.0263157894737
52152	0.0263157894737
58479	0.0263157894737
59575	0.0263157894737
59693	0.0263157894737
4977	0.0261437908497
9651	0.0260869565217
3258	0.025974025974
34576	0.025974025974
51925	0.025974025974
1674	0.025641025641
2862	0.025641025641
11291	0.025641025641
11829	0.025641025641
15374	0.025641025641
18875	0.025641025641
19406	0.025641025641
19917	0.025641025641
20008	0.025641025641
20697	0.025641025641
21480	0.025641025641
24611	0.025641025641
25548	0.025641025641
28460	0.025641025641
29272	0.025641025641
30219	0.025641025641
30289	0.025641025641
30622	0.025641025641
30930	0.025641025641
34817	0.025641025641
35971	0.025641025641
36021	0.025641025641
36112	0.025641025641
36378	0.025641025641
37845	0.025641025641
37920	0.025641025641
41115	0.025641025641
41628	0.025641025641
41874	0.025641025641
42535	0.025641025641
42982	0.025641025641
43057	0.025641025641
44399	0.025641025641
44580	0.025641025641
44749	0.025641025641
45774	0.025641025641
49046	0.025641025641
49213	0.025641025641
51375	0.025641025641
51990	0.025641025641
58712	0.025641025641
4289	0.0253164556962
17280	0.0253164556962
32803	0.0253164556962
206	0.025
2940	0.025
3378	0.025
9724	0.025
10337	0.025
11156	0.025
11266	0.025
12814	0.025
14725	0.025
15053	0.025
15122	0.025
16953	0.025
17869	0.025
20389	0.025
20669	0.025
21706	0.025
26124	0.025
26251	0.025
27989	0.025
31355	0.025
32478	0.025
34547	0.025
35525	0.025
39432	0.025
40181	0.025
41268	0.025
41405	0.025
41474	0.025
41760	0.025
42263	0.025
43378	0.025
44619	0.025
48687	0.025
51090	0.025
51300	0.025
51571	0.025
51770	0.025
51900	0.025
52497	0.025
53354	0.025
53528	0.025
42135	0.0247933884298
16819	0.0246913580247
46211	0.0246913580247
11250	0.0245901639344
39039	0.0245901639344
671	0.0243902439024
2958	0.0243902439024
3159	0.0243902439024
6342	0.0243902439024
6382	0.0243902439024
6468	0.0243902439024
8619	0.0243902439024
10881	0.0243902439024
12517	0.0243902439024
12754	0.0243902439024
12801	0.0243902439024
13531	0.0243902439024
15816	0.0243902439024
16741	0.0243902439024
16973	0.0243902439024
18817	0.0243902439024
19630	0.0243902439024
21660	0.0243902439024
24767	0.0243902439024
28028	0.0243902439024
29306	0.0243902439024
29308	0.0243902439024
30202	0.0243902439024
32123	0.0243902439024
35505	0.0243902439024
36827	0.0243902439024
38879	0.0243902439024
39342	0.0243902439024
41130	0.0243902439024
41236	0.0243902439024
41520	0.0243902439024
41906	0.0243902439024
41927	0.0243902439024
42997	0.0243902439024
44035	0.0243902439024
51148	0.0243902439024
56616	0.0243902439024
60248	0.0243902439024
51854	0.0241935483871
33890	0.0240963855422
41325	0.0240963855422
41349	0.0240963855422
41438	0.0240963855422
41023	0.024
20591	0.0239520958084
49398	0.0239520958084
41374	0.0239361702128
1091	0.0238095238095
3642	0.0238095238095
3694	0.0238095238095
7711	0.0238095238095
12512	0.0238095238095
12811	0.0238095238095
13779	0.0238095238095
13811	0.0238095238095
17662	0.0238095238095
19779	0.0238095238095
30222	0.0238095238095
34820	0.0238095238095
34903	0.0238095238095
36723	0.0238095238095
38769	0.0238095238095
41716	0.0238095238095
42231	0.0238095238095
42343	0.0238095238095
42823	0.0238095238095
45775	0.0238095238095
47247	0.0238095238095
47585	0.0238095238095
51574	0.0238095238095
51728	0.0238095238095
51787	0.0238095238095
52122	0.0238095238095
52496	0.0238095238095
52647	0.0238095238095
55196	0.0238095238095
57978	0.0238095238095
60206	0.0238095238095
7295	0.0235294117647
53029	0.0235294117647
38758	0.0233918128655
607	0.0232558139535
688	0.0232558139535
1240	0.0232558139535
3396	0.0232558139535
4249	0.0232558139535
4545	0.0232558139535
8222	0.0232558139535
8400	0.0232558139535
13146	0.0232558139535
13787	0.0232558139535
14297	0.0232558139535
15339	0.0232558139535
17545	0.0232558139535
18153	0.0232558139535
18678	0.0232558139535
18683	0.0232558139535
24212	0.0232558139535
26123	0.0232558139535
27813	0.0232558139535
27907	0.0232558139535
29706	0.0232558139535
31177	0.0232558139535
32142	0.0232558139535
32562	0.0232558139535
32728	0.0232558139535
33187	0.0232558139535
33318	0.0232558139535
36627	0.0232558139535
37537	0.0232558139535
37608	0.0232558139535
38724	0.0232558139535
39161	0.0232558139535
39524	0.0232558139535
42659	0.0232558139535
43927	0.0232558139535
45297	0.0232558139535
46401	0.0232558139535
46897	0.0232558139535
48231	0.0232558139535
50590	0.0232558139535
52002	0.0232558139535
59728	0.0232558139535
60117	0.0232558139535
60986	0.0232558139535
186	0.0229885057471
2644	0.0229885057471
37774	0.0229885057471
42556	0.0229885057471
317	0.0227272727273
981	0.0227272727273
1699	0.0227272727273
4598	0.0227272727273
8039	0.0227272727273
10074	0.0227272727273
14374	0.0227272727273
16086	0.0227272727273
18203	0.0227272727273
18723	0.0227272727273
18786	0.0227272727273
18825	0.0227272727273
19334	0.0227272727273
21718	0.0227272727273
22353	0.0227272727273
27358	0.0227272727273
31112	0.0227272727273
32036	0.0227272727273
34200	0.0227272727273
40562	0.0227272727273
42192	0.0227272727273
42604	0.0227272727273
43065	0.0227272727273
43236	0.0227272727273
44825	0.0227272727273
48576	0.0227272727273
51765	0.0227272727273
52993	0.0227272727273
8089	0.0224719101124
18145	0.0224719101124
44335	0.0224719101124
52190	0.0224719101124
52458	0.0224719101124
380	0.0222222222222
586	0.0222222222222
1108	0.0222222222222
1198	0.0222222222222
1324	0.0222222222222
2543	0.0222222222222
2830	0.0222222222222
5496	0.0222222222222
6629	0.0222222222222
9691	0.0222222222222
10139	0.0222222222222
15823	0.0222222222222
18784	0.0222222222222
20433	0.0222222222222
26467	0.0222222222222
29378	0.0222222222222
30953	0.0222222222222
32146	0.0222222222222
35254	0.0222222222222
35471	0.0222222222222
37154	0.0222222222222
37796	0.0222222222222
40637	0.0222222222222
41211	0.0222222222222
41354	0.0222222222222
41843	0.0222222222222
42510	0.0222222222222
42767	0.0222222222222
43339	0.0222222222222
45200	0.0222222222222
47087	0.0222222222222
47978	0.0222222222222
52169	0.0222222222222
52371	0.0222222222222
52696	0.0222222222222
41037	0.0221238938053
2588	0.0220994475138
27052	0.021978021978
29444	0.0218340611354
1022	0.0217391304348
1099	0.0217391304348
3406	0.0217391304348
4917	0.0217391304348
6537	0.0217391304348
6787	0.0217391304348
7357	0.0217391304348
8127	0.0217391304348
9657	0.0217391304348
11651	0.0217391304348
15834	0.0217391304348
16693	0.0217391304348
18348	0.0217391304348
19428	0.0217391304348
19800	0.0217391304348
20690	0.0217391304348
21440	0.0217391304348
22924	0.0217391304348
23841	0.0217391304348
27338	0.0217391304348
29872	0.0217391304348
30198	0.0217391304348
31963	0.0217391304348
32014	0.0217391304348
32850	0.0217391304348
34529	0.0217391304348
34650	0.0217391304348
35051	0.0217391304348
35423	0.0217391304348
35513	0.0217391304348
37990	0.0217391304348
39336	0.0217391304348
39749	0.0217391304348
40158	0.0217391304348
41466	0.0217391304348
41686	0.0217391304348
41755	0.0217391304348
42081	0.0217391304348
42218	0.0217391304348
43159	0.0217391304348
47420	0.0217391304348
47922	0.0217391304348
51072	0.0217391304348
51303	0.0217391304348
51428	0.0217391304348
51982	0.0217391304348
52272	0.0217391304348
52398	0.0217391304348
59962	0.0217391304348
18226	0.0215827338129
7749	0.0215053763441
13092	0.0215053763441
30191	0.0215053763441
1570	0.0212765957447
2264	0.0212765957447
2911	0.0212765957447
4009	0.0212765957447
7029	0.0212765957447
10583	0.0212765957447
13022	0.0212765957447
15043	0.0212765957447
16118	0.0212765957447
16430	0.0212765957447
16790	0.0212765957447
18192	0.0212765957447
18758	0.0212765957447
22395	0.0212765957447
23283	0.0212765957447
24698	0.0212765957447
25143	0.0212765957447
27101	0.0212765957447
30876	0.0212765957447
36440	0.0212765957447
37789	0.0212765957447
38124	0.0212765957447
39082	0.0212765957447
41693	0.0212765957447
41791	0.0212765957447
42645	0.0212765957447
42947	0.0212765957447
42952	0.0212765957447
43472	0.0212765957447
48414	0.0212765957447
51343	0.0212765957447
51945	0.0212765957447
52102	0.0212765957447
52389	0.0212765957447
52530	0.0212765957447
53053	0.0212765957447
53256	0.0212765957447
53265	0.0212765957447
60137	0.0212765957447
20077	0.0210526315789
26567	0.0210526315789
41775	0.0210526315789
50949	0.0210526315789
775	0.0208333333333
2820	0.0208333333333
3568	0.0208333333333
5098	0.0208333333333
6747	0.0208333333333
7332	0.0208333333333
10170	0.0208333333333
11228	0.0208333333333
11636	0.0208333333333
19280	0.0208333333333
20834	0.0208333333333
24089	0.0208333333333
25125	0.0208333333333
27048	0.0208333333333
29907	0.0208333333333
30927	0.0208333333333
32204	0.0208333333333
32722	0.0208333333333
33175	0.0208333333333
33709	0.0208333333333
35061	0.0208333333333
35426	0.0208333333333
35738	0.0208333333333
36809	0.0208333333333
41124	0.0208333333333
41591	0.0208333333333
41721	0.0208333333333
43145	0.0208333333333
43245	0.0208333333333
43760	0.0208333333333
44030	0.0208333333333
45061	0.0208333333333
45777	0.0208333333333
48903	0.0208333333333
49965	0.0208333333333
50398	0.0208333333333
51883	0.0208333333333
52094	0.0208333333333
26715	0.020618556701
43920	0.020618556701
2945	0.0204081632653
4397	0.0204081632653
5122	0.0204081632653
5370	0.0204081632653
5817	0.0204081632653
6196	0.0204081632653
6328	0.0204081632653
6552	0.0204081632653
12403	0.0204081632653
13548	0.0204081632653
14135	0.0204081632653
15442	0.0204081632653
16145	0.0204081632653
19191	0.0204081632653
20283	0.0204081632653
24775	0.0204081632653
28626	0.0204081632653
30879	0.0204081632653
30987	0.0204081632653
33382	0.0204081632653
35211	0.0204081632653
37561	0.0204081632653
37750	0.0204081632653
40321	0.0204081632653
41691	0.0204081632653
42000	0.0204081632653
42575	0.0204081632653
42846	0.0204081632653
43349	0.0204081632653
44401	0.0204081632653
46767	0.0204081632653
47783	0.0204081632653
52115	0.0204081632653
52518	0.0204081632653
11004	0.0202702702703
42270	0.0202702702703
763	0.020202020202
10103	0.020202020202
22843	0.020202020202
39343	0.0201005025126
401	0.02
2676	0.02
9142	0.02
9601	0.02
9652	0.02
13112	0.02
14505	0.02
15458	0.02
17449	0.02
17612	0.02
22009	0.02
22791	0.02
23262	0.02
23321	0.02
31796	0.02
33356	0.02
34005	0.02
36054	0.02
36422	0.02
38006	0.02
41835	0.02
42190	0.02
42744	0.02
48158	0.02
50598	0.02
51183	0.02
51816	0.02
52546	0.02
52750	0.02
52922	0.02
53349	0.02
7095	0.0198675496689
11888	0.019801980198
40752	0.019801980198
41191	0.019801980198
38820	0.0197368421053
42312	0.0197368421053
524	0.0196078431373
3839	0.0196078431373
4336	0.0196078431373
5180	0.0196078431373
5608	0.0196078431373
7841	0.0196078431373
8970	0.0196078431373
9356	0.0196078431373
11185	0.0196078431373
13135	0.0196078431373
15026	0.0196078431373
17707	0.0196078431373
18668	0.0196078431373
20710	0.0196078431373
24600	0.0196078431373
26399	0.0196078431373
30259	0.0196078431373
38454	0.0196078431373
38516	0.0196078431373
40355	0.0196078431373
41663	0.0196078431373
41723	0.0196078431373
42478	0.0196078431373
51617	0.0196078431373
52945	0.0196078431373
52240	0.0194805194805
3385	0.0194174757282
13999	0.0194174757282
35594	0.0194174757282
41629	0.0194174757282
1887	0.0192307692308
4440	0.0192307692308
4873	0.0192307692308
10421	0.0192307692308
16129	0.0192307692308
17439	0.0192307692308
17998	0.0192307692308
20573	0.0192307692308
22937	0.0192307692308
23071	0.0192307692308
23287	0.0192307692308
24503	0.0192307692308
25603	0.0192307692308
27121	0.0192307692308
31358	0.0192307692308
32289	0.0192307692308
35052	0.0192307692308
36358	0.0192307692308
37033	0.0192307692308
37167	0.0192307692308
37201	0.0192307692308
43051	0.0192307692308
43127	0.0192307692308
48901	0.0192307692308
52125	0.0192307692308
52461	0.0192307692308
52856	0.0192307692308
2829	0.0191082802548
14515	0.0191082802548
10343	0.0190476190476
41694	0.0190476190476
51254	0.0189873417722
1818	0.0188679245283
2027	0.0188679245283
6018	0.0188679245283
7641	0.0188679245283
10531	0.0188679245283
13119	0.0188679245283
13173	0.0188679245283
14669	0.0188679245283
19511	0.0188679245283
22398	0.0188679245283
25156	0.0188679245283
32874	0.0188679245283
33662	0.0188679245283
33817	0.0188679245283
33990	0.0188679245283
36348	0.0188679245283
38471	0.0188679245283
41340	0.0188679245283
42326	0.0188679245283
42852	0.0188679245283
44309	0.0188679245283
48650	0.0188679245283
50626	0.0188679245283
51579	0.0188679245283
37747	0.01875
7124	0.018691588785
34136	0.018691588785
41201	0.018691588785
41382	0.018691588785
48221	0.018691588785
52416	0.018691588785
37225	0.0186335403727
37689	0.0186046511628
4124	0.0185185185185
5099	0.0185185185185
5412	0.0185185185185
7656	0.0185185185185
8195	0.0185185185185
8609	0.0185185185185
8735	0.0185185185185
12106	0.0185185185185
16431	0.0185185185185
18149	0.0185185185185
18846	0.0185185185185
22705	0.0185185185185
23843	0.0185185185185
26318	0.0185185185185
32439	0.0185185185185
32757	0.0185185185185
32775	0.0185185185185
32799	0.0185185185185
33544	0.0185185185185
33652	0.0185185185185
39335	0.0185185185185
41777	0.0185185185185
43643	0.0185185185185
44663	0.0185185185185
53276	0.0185185185185
59604	0.0185185185185
41347	0.0184501845018
17483	0.0184049079755
15188	0.0183486238532
39286	0.0183486238532
53168	0.0183486238532
41188	0.018315018315
924	0.0181818181818
2899	0.0181818181818
6961	0.0181818181818
11172	0.0181818181818
17069	0.0181818181818
18956	0.0181818181818
25325	0.0181818181818
26855	0.0181818181818
32085	0.0181818181818
37589	0.0181818181818
38727	0.0181818181818
41921	0.0181818181818
42345	0.0181818181818
42503	0.0181818181818
48552	0.0181818181818
51315	0.0181818181818
52361	0.0181818181818
52675	0.0181818181818
3619	0.018018018018
5637	0.018018018018
14303	0.018018018018
14716	0.018018018018
52016	0.018018018018
252	0.0178571428571
558	0.0178571428571
2759	0.0178571428571
3182	0.0178571428571
3413	0.0178571428571
7720	0.0178571428571
9254	0.0178571428571
9331	0.0178571428571
10295	0.0178571428571
11061	0.0178571428571
12609	0.0178571428571
14330	0.0178571428571
18367	0.0178571428571
18535	0.0178571428571
20229	0.0178571428571
22659	0.0178571428571
27504	0.0178571428571
29523	0.0178571428571
30453	0.0178571428571
32664	0.0178571428571
34832	0.0178571428571
35167	0.0178571428571
37316	0.0178571428571
37665	0.0178571428571
52644	0.0178571428571
59720	0.0178571428571
26059	0.0177514792899
42335	0.0177514792899
3294	0.0176991150442
42931	0.0176991150442
403	0.0175438596491
457	0.0175438596491
1799	0.0175438596491
2420	0.0175438596491
6210	0.0175438596491
9338	0.0175438596491
15802	0.0175438596491
18749	0.0175438596491
19099	0.0175438596491
23281	0.0175438596491
23628	0.0175438596491
23850	0.0175438596491
24957	0.0175438596491
26526	0.0175438596491
27685	0.0175438596491
31032	0.0175438596491
32415	0.0175438596491
41812	0.0175438596491
42074	0.0175438596491
42283	0.0175438596491
43722	0.0175438596491
44923	0.0175438596491
52734	0.0175438596491
59627	0.0175438596491
60432	0.0175438596491
712	0.0174418604651
4739	0.0174418604651
17771	0.0174216027875
19922	0.0173913043478
42514	0.0173913043478
11230	0.017316017316
338	0.0172413793103
1474	0.0172413793103
1501	0.0172413793103
2878	0.0172413793103
3512	0.0172413793103
3664	0.0172413793103
4488	0.0172413793103
6305	0.0172413793103
14137	0.0172413793103
16929	0.0172413793103
19602	0.0172413793103
20653	0.0172413793103
21436	0.0172413793103
21489	0.0172413793103
21712	0.0172413793103
22008	0.0172413793103
23643	0.0172413793103
24155	0.0172413793103
25180	0.0172413793103
31663	0.0172413793103
41357	0.0172413793103
42388	0.0172413793103
42949	0.0172413793103
44145	0.0172413793103
44176	0.0172413793103
50883	0.0172413793103
53253	0.0172413793103
60601	0.0172413793103
61098	0.0172413793103
1132	0.017094017094
41060	0.0170454545455
134	0.0169491525424
885	0.0169491525424
2707	0.0169491525424
3278	0.0169491525424
4891	0.0169491525424
7731	0.0169491525424
13086	0.0169491525424
13933	0.0169491525424
16909	0.0169491525424
19096	0.0169491525424
21043	0.0169491525424
22000	0.0169491525424
22205	0.0169491525424
24612	0.0169491525424
24936	0.0169491525424
29898	0.0169491525424
34862	0.0169491525424
36275	0.0169491525424
36731	0.0169491525424
40096	0.0169491525424
41187	0.0169491525424
41426	0.0169491525424
42567	0.0169491525424
48977	0.0169491525424
50850	0.0169491525424
51262	0.0169491525424
51285	0.0169491525424
51567	0.0169491525424
51601	0.0169491525424
51681	0.0169491525424
52024	0.0169491525424
55096	0.0169491525424
3747	0.0168918918919
5460	0.0168918918919
59684	0.0168067226891
2150	0.0166666666667
5547	0.0166666666667
6329	0.0166666666667
6363	0.0166666666667
8906	0.0166666666667
10694	0.0166666666667
11770	0.0166666666667
14233	0.0166666666667
15206	0.0166666666667
15471	0.0166666666667
19683	0.0166666666667
21586	0.0166666666667
25006	0.0166666666667
25384	0.0166666666667
28825	0.0166666666667
29135	0.0166666666667
29626	0.0166666666667
30311	0.0166666666667
32074	0.0166666666667
33068	0.0166666666667
35400	0.0166666666667
38983	0.0166666666667
41317	0.0166666666667
42315	0.0166666666667
42431	0.0166666666667
42482	0.0166666666667
51034	0.0166666666667
51881	0.0166666666667
61040	0.0166666666667
17764	0.0165289256198
41606	0.0165289256198
40489	0.0164835164835
41467	0.0164705882353
32811	0.0164609053498
849	0.016393442623
2243	0.016393442623
5445	0.016393442623
5448	0.016393442623
10400	0.016393442623
11186	0.016393442623
11824	0.016393442623
12601	0.016393442623
13261	0.016393442623
14593	0.016393442623
18292	0.016393442623
18530	0.016393442623
18755	0.016393442623
25885	0.016393442623
26502	0.016393442623
29648	0.016393442623
31022	0.016393442623
33488	0.016393442623
34503	0.016393442623
38880	0.016393442623
39179	0.016393442623
41230	0.016393442623
41612	0.016393442623
41715	0.016393442623
41797	0.016393442623
41878	0.016393442623
42093	0.016393442623
42285	0.016393442623
43222	0.016393442623
49784	0.016393442623
51248	0.016393442623
51347	0.016393442623
52523	0.016393442623
52661	0.016393442623
53297	0.016393442623
43325	0.0162601626016
51139	0.0162601626016
14206	0.0162162162162
36710	0.0162162162162
40992	0.0162162162162
3822	0.0161290322581
4919	0.0161290322581
7367	0.0161290322581
10736	0.0161290322581
10958	0.0161290322581
13128	0.0161290322581
15192	0.0161290322581
22858	0.0161290322581
23227	0.0161290322581
26843	0.0161290322581
31676	0.0161290322581
31991	0.0161290322581
35359	0.0161290322581
36305	0.0161290322581
38723	0.0161290322581
41182	0.0161290322581
41247	0.0161290322581
45776	0.0161290322581
51348	0.0161290322581
52898	0.0161290322581
60352	0.0161290322581
37169	0.0160642570281
12388	0.0160183066362
5603	0.016
13071	0.016
27927	0.016
31895	0.016
41943	0.016
7518	0.0159090909091
1505	0.015873015873
3487	0.015873015873
4745	0.015873015873
12753	0.015873015873
14617	0.015873015873
15021	0.015873015873
15218	0.015873015873
19660	0.015873015873
19698	0.015873015873
19802	0.015873015873
20747	0.015873015873
26652	0.015873015873
29785	0.015873015873
29971	0.015873015873
30967	0.015873015873
35144	0.015873015873
36798	0.015873015873
39220	0.015873015873
41322	0.015873015873
41652	0.015873015873
41923	0.015873015873
42206	0.015873015873
42211	0.015873015873
42568	0.015873015873
51466	0.015873015873
51468	0.015873015873
52273	0.015873015873
52930	0.015873015873
56707	0.015873015873
34548	0.0158227848101
26868	0.0157480314961
41640	0.0157480314961
2480	0.015625
5880	0.015625
10750	0.015625
11022	0.015625
35151	0.015625
35951	0.015625
38051	0.015625
41449	0.015625
41894	0.015625
42634	0.015625
42854	0.015625
45884	0.015625
47012	0.015625
48210	0.015625
48996	0.015625
53240	0.015625
59701	0.015625
31170	0.0155642023346
30901	0.0155440414508
52065	0.0155440414508
41039	0.0155279503106
26310	0.015503875969
3499	0.0154867256637
1814	0.0153846153846
3411	0.0153846153846
3666	0.0153846153846
12608	0.0153846153846
13306	0.0153846153846
13627	0.0153846153846
14251	0.0153846153846
14658	0.0153846153846
15820	0.0153846153846
15869	0.0153846153846
17299	0.0153846153846
25266	0.0153846153846
25376	0.0153846153846
41546	0.0153846153846
42318	0.0153846153846
43164	0.0153846153846
52762	0.0153846153846
8229	0.015306122449
43787	0.0152671755725
59611	0.0152671755725
23666	0.0152173913043
3544	0.0151515151515
4712	0.0151515151515
7911	0.0151515151515
8754	0.0151515151515
10022	0.0151515151515
10803	0.0151515151515
23046	0.0151515151515
30445	0.0151515151515
31909	0.0151515151515
32042	0.0151515151515
35338	0.0151515151515
39438	0.0151515151515
41379	0.0151515151515
41479	0.0151515151515
42197	0.0151515151515
42349	0.0151515151515
47445	0.0151515151515
48358	0.0151515151515
52743	0.0151515151515
60613	0.0151515151515
870	0.0151133501259
40970	0.0150943396226
51232	0.015037593985
32483	0.015
41610	0.015
51038	0.015
888	0.0149253731343
1175	0.0149253731343
1973	0.0149253731343
2092	0.0149253731343
4696	0.0149253731343
5881	0.0149253731343
6958	0.0149253731343
7470	0.0149253731343
11743	0.0149253731343
16944	0.0149253731343
18304	0.0149253731343
18641	0.0149253731343
22946	0.0149253731343
24889	0.0149253731343
24980	0.0149253731343
25305	0.0149253731343
32406	0.0149253731343
32892	0.0149253731343
37184	0.0149253731343
40370	0.0149253731343
42401	0.0149253731343
42701	0.0149253731343
44034	0.0149253731343
48452	0.0149253731343
48981	0.0149253731343
51023	0.0149253731343
51454	0.0149253731343
52423	0.0149253731343
53237	0.0149253731343
53320	0.0149253731343
40988	0.0148936170213
30982	0.0148514851485
41015	0.0148367952522
21696	0.0148148148148
34920	0.0147601476015
1942	0.0147058823529
4006	0.0147058823529
7540	0.0147058823529
13870	0.0147058823529
17015	0.0147058823529
17644	0.0147058823529
22773	0.0147058823529
24691	0.0147058823529
29608	0.0147058823529
33267	0.0147058823529
41485	0.0147058823529
44500	0.0147058823529
46121	0.0147058823529
55884	0.0147058823529
56324	0.0147058823529
59816	0.0147058823529
7420	0.014598540146
15325	0.014598540146
22351	0.014598540146
22877	0.014598540146
33830	0.014598540146
9292	0.0145631067961
39358	0.0145631067961
41156	0.0145348837209
285	0.0144927536232
890	0.0144927536232
1196	0.0144927536232
2090	0.0144927536232
3559	0.0144927536232
4414	0.0144927536232
5649	0.0144927536232
8657	0.0144927536232
13622	0.0144927536232
14019	0.0144927536232
14439	0.0144927536232
15865	0.0144927536232
29431	0.0144927536232
29743	0.0144927536232
43991	0.0144927536232
51057	0.0144927536232
51258	0.0144927536232
51294	0.0144927536232
52112	0.0144927536232
59872	0.0144927536232
1273	0.0143884892086
2094	0.0143884892086
22941	0.0143884892086
33481	0.0143884892086
38078	0.0143884892086
51019	0.0143198090692
269	0.0142857142857
3107	0.0142857142857
4457	0.0142857142857
4658	0.0142857142857
6075	0.0142857142857
9471	0.0142857142857
9653	0.0142857142857
25810	0.0142857142857
27207	0.0142857142857
28436	0.0142857142857
37591	0.0142857142857
42132	0.0142857142857
51526	0.0142857142857
53214	0.0142857142857
61245	0.0142857142857
27865	0.0141987829615
38232	0.0141342756184
1605	0.0140845070423
2310	0.0140845070423
6003	0.0140845070423
8941	0.0140845070423
14663	0.0140845070423
14684	0.0140845070423
14714	0.0140845070423
16943	0.0140845070423
20450	0.0140845070423
31970	0.0140845070423
34108	0.0140845070423
36379	0.0140845070423
36392	0.0140845070423
38573	0.0140845070423
38778	0.0140845070423
39528	0.0140845070423
41375	0.0140845070423
41443	0.0140845070423
41625	0.0140845070423
43026	0.0140845070423
43238	0.0140845070423
51474	0.0140845070423
51983	0.0140845070423
53396	0.0140845070423
59714	0.0140845070423
1853	0.0140186915888
3865	0.013986013986
41536	0.013986013986
50941	0.013986013986
51496	0.013986013986
17938	0.0139720558882
492	0.0139534883721
2595	0.0138888888889
2611	0.0138888888889
5395	0.0138888888889
11348	0.0138888888889
12253	0.0138888888889
15967	0.0138888888889
18625	0.0138888888889
18985	0.0138888888889
20070	0.0138888888889
21281	0.0138888888889
24862	0.0138888888889
25703	0.0138888888889
34165	0.0138888888889
38708	0.0138888888889
39751	0.0138888888889
43376	0.0138888888889
43723	0.0138888888889
44999	0.0138888888889
49899	0.0138888888889
51775	0.0138888888889
52623	0.0138888888889
27320	0.0137931034483
695	0.013698630137
5626	0.013698630137
6832	0.013698630137
7942	0.013698630137
11294	0.013698630137
13383	0.013698630137
18688	0.013698630137
21550	0.013698630137
22247	0.013698630137
27282	0.013698630137
30820	0.013698630137
36475	0.013698630137
41275	0.013698630137
41469	0.013698630137
41541	0.013698630137
50893	0.013698630137
50973	0.013698630137
51003	0.013698630137
51060	0.013698630137
52531	0.013698630137
18414	0.0136518771331
22798	0.0136054421769
41364	0.0136054421769
51875	0.0136054421769
12311	0.0135135135135
13380	0.0135135135135
15589	0.0135135135135
18437	0.0135135135135
18543	0.0135135135135
21734	0.0135135135135
22513	0.0135135135135
24046	0.0135135135135
33871	0.0135135135135
49403	0.0135135135135
59527	0.0135135135135
6564	0.013468013468
1489	0.0134529147982
29818	0.0134228187919
38807	0.0134228187919
1739	0.0133333333333
3798	0.0133333333333
9295	0.0133333333333
11535	0.0133333333333
13058	0.0133333333333
14695	0.0133333333333
14710	0.0133333333333
16228	0.0133333333333
34785	0.0133333333333
34792	0.0133333333333
34932	0.0133333333333
41521	0.0133333333333
52071	0.0133333333333
52265	0.0133333333333
52715	0.0133333333333
52845	0.0133333333333
17315	0.0132450331126
29724	0.0132450331126
30793	0.0132450331126
40344	0.0132450331126
3328	0.0131578947368
4524	0.0131578947368
11502	0.0131578947368
11766	0.0131578947368
18427	0.0131578947368
19761	0.0131578947368
22741	0.0131578947368
25383	0.0131578947368
26724	0.0131578947368
28797	0.0131578947368
36390	0.0131578947368
37111	0.0131578947368
41050	0.0131578947368
41461	0.0131578947368
41710	0.0131578947368
41926	0.0131578947368
42942	0.0131578947368
43178	0.0131578947368
43924	0.0131578947368
50204	0.0131578947368
51568	0.0131578947368
52180	0.0131578947368
53173	0.0131578947368
14369	0.0131004366812
51341	0.0131004366812
172	0.0130718954248
52555	0.0130718954248
40971	0.0130353817505
3040	0.012987012987
4405	0.012987012987
12355	0.012987012987
29554	0.012987012987
32659	0.012987012987
42096	0.012987012987
42097	0.012987012987
42845	0.012987012987
51026	0.012987012987
60092	0.012987012987
1752	0.0129032258065
1199	0.0128205128205
3996	0.0128205128205
5513	0.0128205128205
5876	0.0128205128205
30751	0.0128205128205
33113	0.0128205128205
35535	0.0128205128205
37007	0.0128205128205
39926	0.0128205128205
41150	0.0128205128205
41381	0.0128205128205
41542	0.0128205128205
42352	0.0128205128205
43890	0.0128205128205
48998	0.0128205128205
51421	0.0128205128205
51656	0.0128205128205
52128	0.0128205128205
52148	0.0128205128205
52468	0.0128205128205
52548	0.0128205128205
61046	0.0128205128205
36999	0.0127551020408
2028	0.0127388535032
42424	0.0127388535032
52697	0.0127118644068
554	0.0126582278481
3858	0.0126582278481
7330	0.0126582278481
15730	0.0126582278481
17956	0.0126582278481
20376	0.0126582278481
22234	0.0126582278481
41334	0.0126582278481
41984	0.0126582278481
53257	0.0126582278481
35514	0.0125628140704
2748	0.0125
3981	0.0125
5484	0.0125
7073	0.0125
11550	0.0125
13451	0.0125
16281	0.0125
17735	0.0125
25336	0.0125
32432	0.0125
33930	0.0125
34672	0.0125
37379	0.0125
41058	0.0125
41145	0.0125
43017	0.0125
43179	0.0125
43210	0.0125
52017	0.0125
52064	0.0125
52450	0.0125
61099	0.0125
632	0.0124223602484
5012	0.0124223602484
12777	0.0124223602484
41038	0.0124223602484
10987	0.0124069478908
19599	0.0123966942149
5100	0.0123839009288
41098	0.0123839009288
41010	0.0123762376238
1990	0.0123456790123
3964	0.0123456790123
5161	0.0123456790123
11519	0.0123456790123
20418	0.0123456790123
28111	0.0123456790123
38995	0.0123456790123
41140	0.0123456790123
42618	0.0123456790123
46509	0.0123456790123
51745	0.0123456790123
6816	0.0122950819672
14360	0.0122950819672
27715	0.0122699386503
41073	0.0122699386503
17566	0.0122591943958
40980	0.0122164048866
287	0.0121951219512
1123	0.0121951219512
4656	0.0121951219512
4746	0.0121951219512
13963	0.0121951219512
14126	0.0121951219512
16322	0.0121951219512
28745	0.0121951219512
41596	0.0121951219512
42790	0.0121951219512
51605	0.0121951219512
7419	0.0121293800539
12432	0.0121212121212
14833	0.0121212121212
4074	0.0120481927711
4900	0.0120481927711
6036	0.0120481927711
7421	0.0120481927711
14860	0.0120481927711
22050	0.0120481927711
25806	0.0120481927711
27070	0.0120481927711
28043	0.0120481927711
41848	0.0120481927711
41972	0.0120481927711
42014	0.0120481927711
42460	0.0120481927711
44602	0.0120481927711
52444	0.0120481927711
54435	0.0120481927711
5206	0.0119760479042
10248	0.0119760479042
23299	0.0119760479042
52525	0.0119760479042
34356	0.0119521912351
27906	0.0119402985075
210	0.0119047619048
2087	0.0119047619048
4104	0.0119047619048
13036	0.0119047619048
16364	0.0119047619048
17278	0.0119047619048
24468	0.0119047619048
26529	0.0119047619048
29863	0.0119047619048
37117	0.0119047619048
37557	0.0119047619048
37592	0.0119047619048
37997	0.0119047619048
38864	0.0119047619048
40893	0.0119047619048
41353	0.0119047619048
41552	0.0119047619048
51712	0.0119047619048
53344	0.0119047619048
17637	0.0118343195266
32895	0.0118343195266
32935	0.0118343195266
2282	0.0117647058824
2618	0.0117647058824
3554	0.0117647058824
3581	0.0117647058824
11168	0.0117647058824
14649	0.0117647058824
29806	0.0117647058824
34128	0.0117647058824
41262	0.0117647058824
41318	0.0117647058824
41579	0.0117647058824
42354	0.0117647058824
42576	0.0117647058824
42675	0.0117647058824
51825	0.0117647058824
19314	0.0116959064327
19687	0.0116959064327
27404	0.011673151751
2290	0.011641443539
5145	0.0116279069767
15233	0.0116279069767
21307	0.0116279069767
21582	0.0116279069767
21913	0.0116279069767
25472	0.0116279069767
27125	0.0116279069767
41210	0.0116279069767
42259	0.0116279069767
42883	0.0116279069767
43630	0.0116279069767
50391	0.0116279069767
52020	0.0116279069767
52641	0.0116279069767
59792	0.0116279069767
4413	0.0115606936416
13212	0.0115606936416
41224	0.0115606936416
14750	0.0115340253749
1389	0.0114942528736
2460	0.0114942528736
2690	0.0114942528736
6415	0.0114942528736
16847	0.0114942528736
27594	0.0114942528736
33947	0.0114942528736
35940	0.0114942528736
37114	0.0114942528736
38989	0.0114942528736
39034	0.0114942528736
40307	0.0114942528736
41250	0.0114942528736
41434	0.0114942528736
41818	0.0114942528736
43200	0.0114942528736
49889	0.0114942528736
41029	0.0114613180516
10287	0.0114503816794
30835	0.0114503816794
34858	0.0114503816794
18283	0.0114285714286
4339	0.0114068441065
143	0.0113636363636
2632	0.0113636363636
2816	0.0113636363636
4147	0.0113636363636
4561	0.0113636363636
14555	0.0113636363636
28737	0.0113636363636
33868	0.0113636363636
38272	0.0113636363636
38661	0.0113636363636
39965	0.0113636363636
41609	0.0113636363636
42389	0.0113636363636
51506	0.0113636363636
51589	0.0113636363636
59661	0.0113636363636
3943	0.0113314447592
1048	0.011320754717
11778	0.0113122171946
39548	0.0112994350282
14253	0.0112903225806
1921	0.0112781954887
2276	0.0112359550562
4007	0.0112359550562
4728	0.0112359550562
16302	0.0112359550562
18769	0.0112359550562
19469	0.0112359550562
22864	0.0112359550562
34103	0.0112359550562
34276	0.0112359550562
35847	0.0112359550562
37163	0.0112359550562
37208	0.0112359550562
38739	0.0112359550562
40645	0.0112359550562
41194	0.0112359550562
41399	0.0112359550562
44951	0.0112359550562
51102	0.0112359550562
51105	0.0112359550562
52476	0.0112359550562
52738	0.0112359550562
2142	0.0112044817927
137	0.0111731843575
7175	0.0111642743222
47637	0.0111524163569
26175	0.0111111111111
27731	0.0111111111111
27864	0.0111111111111
43016	0.0111111111111
43195	0.0111111111111
48899	0.0111111111111
51380	0.0111111111111
51509	0.0111111111111
51683	0.0111111111111
51852	0.0111111111111
3598	0.0110497237569
4144	0.0110497237569
10157	0.0110497237569
17915	0.0110497237569
21662	0.0110497237569
50652	0.0110497237569
51699	0.0110497237569
41090	0.0110294117647
41034	0.0110192837466
3669	0.010989010989
3787	0.010989010989
18835	0.010989010989
19688	0.010989010989
22026	0.010989010989
22805	0.010989010989
25487	0.010989010989
27173	0.010989010989
28545	0.010989010989
32822	0.010989010989
35526	0.010989010989
37349	0.010989010989
41391	0.010989010989
42111	0.010989010989
47611	0.010989010989
40999	0.0109689213894
3827	0.0109409190372
10852	0.0109289617486
22018	0.0109289617486
28832	0.0108932461874
3253	0.0108695652174
4760	0.0108695652174
26659	0.0108695652174
28042	0.0108695652174
30866	0.0108695652174
41122	0.0108695652174
42029	0.0108695652174
53338	0.0108695652174
59731	0.0108695652174
11000	0.0108108108108
26890	0.0108108108108
41062	0.0108108108108
41378	0.0108108108108
742	0.010781671159
20075	0.010775862069
451	0.010752688172
6494	0.010752688172
7751	0.010752688172
20080	0.010752688172
21870	0.010752688172
27379	0.010752688172
29024	0.010752688172
34621	0.010752688172
35679	0.010752688172
41689	0.010752688172
43327	0.010752688172
45459	0.010752688172
47995	0.010752688172
50911	0.010752688172
51884	0.010752688172
52231	0.010752688172
59558	0.010752688172
2152	0.0107142857143
900	0.0107033639144
39360	0.0106951871658
41132	0.0106666666667
4753	0.0106382978723
9794	0.0106382978723
10251	0.0106382978723
12475	0.0106382978723
28415	0.0106382978723
39722	0.0106382978723
41175	0.0106382978723
49336	0.0106382978723
51615	0.0106382978723
2313	0.0106007067138
41326	0.0106007067138
41332	0.010593220339
22070	0.010582010582
33862	0.010582010582
33887	0.010582010582
52638	0.010582010582
2757	0.0105263157895
6339	0.0105263157895
7311	0.0105263157895
12943	0.0105263157895
15373	0.0105263157895
16073	0.0105263157895
17303	0.0105263157895
32762	0.0105263157895
38530	0.0105263157895
39024	0.0105263157895
41139	0.0105263157895
41348	0.0105263157895
41548	0.0105263157895
41856	0.0105263157895
47918	0.0105263157895
59617	0.0105263157895
52383	0.0104712041885
4399	0.0104529616725
4515	0.0104166666667
7346	0.0104166666667
12597	0.0104166666667
16770	0.0104166666667
18596	0.0104166666667
21298	0.0104166666667
25117	0.0104166666667
29739	0.0104166666667
30943	0.0104166666667
31634	0.0104166666667
39213	0.0104166666667
41088	0.0104166666667
41147	0.0104166666667
43813	0.0104166666667
46731	0.0104166666667
49401	0.0104166666667
50933	0.0104166666667
52072	0.0104166666667
52613	0.0104166666667
5503	0.0103773584906
21323	0.0103626943005
51197	0.0103626943005
2381	0.0103492884864
37993	0.0103359173127
3720	0.0103225806452
1553	0.0103092783505
6466	0.0103092783505
17605	0.0103092783505
29366	0.0103092783505
35275	0.0103092783505
37073	0.0103092783505
43269	0.0103092783505
51364	0.0103092783505
8724	0.0102564102564
10792	0.0102564102564
11300	0.0102564102564
24522	0.0102564102564
37776	0.0102564102564
13952	0.0102389078498
10607	0.0102040816327
21715	0.0102040816327
26313	0.0102040816327
41061	0.0102040816327
42642	0.0102040816327
17277	0.010152284264
18374	0.010152284264
18813	0.010152284264
41404	0.010152284264
12017	0.0101265822785
452	0.010101010101
5367	0.010101010101
7460	0.010101010101
18183	0.010101010101
20089	0.010101010101
24717	0.010101010101
26600	0.010101010101
35229	0.010101010101
39262	0.010101010101
41343	0.010101010101
48475	0.010101010101
50871	0.010101010101
52733	0.010101010101
52018	0.010067114094
6772	0.0100502512563
21557	0.0100502512563
1020	0.0100334448161
9656	0.0100143061516
2720	0.01
3187	0.01
5656	0.01
5698	0.01
16028	0.01
18673	0.01
30812	0.01
32832	0.01
45033	0.01
50913	0.01
16273	0.00995024875622
53040	0.00993377483444
2613	0.00992907801418
1743	0.0099173553719
1740	0.00990099009901
18604	0.00990099009901
18756	0.00990099009901
22113	0.00990099009901
41024	0.00990099009901
41249	0.00990099009901
42414	0.00990099009901
51905	0.00990099009901
3689	0.00985221674877
4675	0.00985221674877
25891	0.00985221674877
123	0.00980392156863
3204	0.00980392156863
4661	0.00980392156863
4733	0.00980392156863
9609	0.00980392156863
11775	0.00980392156863
18317	0.00980392156863
48676	0.00980392156863
51112	0.00980392156863
51967	0.00980392156863
52197	0.00980392156863
7261	0.00978792822186
25444	0.00977198697068
26599	0.00975609756098
41157	0.00975609756098
2401	0.00974025974026
1068	0.00970873786408
4814	0.00970873786408
7734	0.00970873786408
10082	0.00970873786408
21772	0.00970873786408
26572	0.00970873786408
28621	0.00970873786408
42344	0.00970873786408
42369	0.00970873786408
42468	0.00970873786408
43150	0.00970873786408
43834	0.00970873786408
50979	0.00970873786408
51283	0.00970873786408
29902	0.00966183574879
871	0.00961538461538
2216	0.00961538461538
3542	0.00961538461538
10388	0.00961538461538
23080	0.00961538461538
23174	0.00961538461538
24316	0.00961538461538
29243	0.00961538461538
35968	0.00961538461538
41778	0.00961538461538
48252	0.00961538461538
51795	0.00961538461538
52952	0.00961538461538
24684	0.00959232613909
29145	0.00958466453674
37194	0.00956937799043
33841	0.00954198473282
2326	0.00953895071542
6440	0.00952380952381
20800	0.00952380952381
29816	0.00952380952381
34191	0.00952380952381
35698	0.00952380952381
41213	0.00952380952381
41530	0.00952380952381
52615	0.00952380952381
52817	0.00952380952381
52991	0.00952380952381
25738	0.009507346586
12610	0.00949367088608
7974	0.00947867298578
30874	0.00947867298578
33656	0.00947867298578
41070	0.00947867298578
14115	0.00946372239748
34637	0.00946372239748
9647	0.00945179584121
4439	0.00943396226415
6542	0.00943396226415
21375	0.00943396226415
23619	0.00943396226415
26509	0.00943396226415
26874	0.00943396226415
33523	0.00943396226415
35581	0.00943396226415
41085	0.00943396226415
41197	0.00943396226415
41525	0.00943396226415
42825	0.00943396226415
46620	0.00943396226415
53065	0.00943396226415
1239	0.00940438871473
29705	0.0093896713615
12969	0.00938566552901
35958	0.009375
41307	0.009375
51027	0.009375
27809	0.00936037441498
160	0.00934579439252
2245	0.00934579439252
6360	0.00934579439252
8519	0.00934579439252
10013	0.00934579439252
18974	0.00934579439252
31298	0.00934579439252
51697	0.00934579439252
684	0.00931677018634
18307	0.0093131548312
31536	0.0093023255814
2084	0.00925925925926
3690	0.00925925925926
8189	0.00925925925926
11481	0.00925925925926
36894	0.00925925925926
37752	0.00925925925926
41071	0.00925925925926
41222	0.00925925925926
41271	0.00925925925926
41649	0.00925925925926
43575	0.00925925925926
47787	0.00925925925926
41027	0.00923787528868
1984	0.00923076923077
90	0.00921658986175
5419	0.00921658986175
21321	0.00921658986175
27471	0.00921658986175
9826	0.00919117647059
8901	0.00917431192661
9502	0.00917431192661
12719	0.00917431192661
41101	0.00917431192661
41269	0.00917431192661
41403	0.00917431192661
51234	0.00917431192661
2089	0.00913242009132
2745	0.00912280701754
7299	0.00911854103343
17922	0.00909090909091
20752	0.00909090909091
27529	0.00909090909091
35045	0.00909090909091
41228	0.00909090909091
18613	0.00907029478458
3515	0.00904977375566
12182	0.00904977375566
876	0.00900900900901
913	0.00900900900901
5697	0.00900900900901
6748	0.00900900900901
17383	0.00900900900901
28290	0.00900900900901
42249	0.00900900900901
50885	0.00900900900901
51209	0.00900900900901
52362	0.00900900900901
52741	0.00900900900901
1364	0.00898203592814
20802	0.00896860986547
39366	0.00896860986547
13935	0.00894454382826
992	0.00894187779434
4752	0.00892857142857
18327	0.00892857142857
31962	0.00892857142857
33564	0.00892857142857
41086	0.00892857142857
41934	0.00892857142857
51044	0.00892857142857
51346	0.00892857142857
12467	0.00890207715134
20542	0.00888888888889
27535	0.00888888888889
2247	0.00884955752212
3194	0.00884955752212
17110	0.00884955752212
21666	0.00884955752212
22601	0.00884955752212
28749	0.00884955752212
33751	0.00884955752212
47473	0.00884955752212
51590	0.00884955752212
52283	0.00884955752212
53194	0.00884955752212
39785	0.00884086444008
33621	0.00882352941176
21745	0.00881834215168
21458	0.00881057268722
39915	0.00880281690141
4518	0.00877192982456
12484	0.00877192982456
13927	0.00877192982456
37670	0.00877192982456
41618	0.00877192982456
49791	0.00877192982456
52357	0.00877192982456
59562	0.00877192982456
5000	0.00875273522976
689	0.00873362445415
38959	0.00872093023256
2007	0.00870511425462
4943	0.00869565217391
5023	0.00869565217391
5350	0.00869565217391
6254	0.00869565217391
10890	0.00869565217391
15009	0.00869565217391
17611	0.00869565217391
23514	0.00869565217391
36366	0.00869565217391
41480	0.00869565217391
51079	0.00869565217391
51492	0.00869565217391
52092	0.00869565217391
511	0.00867052023121
25098	0.00866551126516
17946	0.00865800865801
4770	0.00862068965517
9715	0.00862068965517
12552	0.00862068965517
14839	0.00862068965517
15052	0.00862068965517
20785	0.00862068965517
25431	0.00862068965517
29533	0.00862068965517
33716	0.00862068965517
41082	0.00862068965517
41167	0.00862068965517
42463	0.00862068965517
43542	0.00862068965517
41031	0.00861008610086
9642	0.00858895705521
259	0.00857142857143
1975	0.00854700854701
6375	0.00854700854701
11760	0.00854700854701
29686	0.00854700854701
41078	0.00854700854701
42555	0.00854700854701
42799	0.00854700854701
52891	0.00854700854701
51212	0.00853242320819
2463	0.0085308056872
40964	0.00849858356941
3733	0.00848256361923
563	0.00847457627119
631	0.00847457627119
2544	0.00847457627119
14381	0.00847457627119
23831	0.00847457627119
28396	0.00847457627119
32784	0.00847457627119
41074	0.00847457627119
41206	0.00847457627119
45717	0.00847457627119
47265	0.00847457627119
47448	0.00847457627119
47553	0.00847457627119
50886	0.00847457627119
51099	0.00847457627119
59508	0.00847457627119
18777	0.00843170320405
19598	0.00843060959792
7340	0.00842105263158
694	0.00840336134454
4485	0.00840336134454
4620	0.00840336134454
4998	0.00840336134454
7349	0.00840336134454
11774	0.00840336134454
17886	0.00840336134454
34933	0.00840336134454
37392	0.00840336134454
37660	0.00840336134454
41146	0.00840336134454
42483	0.00840336134454
52350	0.00840336134454
2722	0.00836820083682
52258	0.00836820083682
10250	0.008356545961
15228	0.00835073068894
2037	0.00833333333333
4523	0.00833333333333
19695	0.00833333333333
22231	0.00833333333333
33572	0.00833333333333
34943	0.00833333333333
41257	0.00833333333333
41799	0.00833333333333
41935	0.00833333333333
35703	0.00831600831601
11307	0.00831024930748
52055	0.00829875518672
4396	0.00829081632653
1632	0.00826446280992
11145	0.00826446280992
18403	0.00826446280992
26162	0.00826446280992
28711	0.00826446280992
32626	0.00826446280992
42320	0.00826446280992
47475	0.00826446280992
48978	0.00826446280992
76	0.00825763831544
38925	0.00825082508251
21523	0.0082304526749
41091	0.0082304526749
38203	0.00820120284308
35551	0.00819672131148
41134	0.00819672131148
47633	0.00819672131148
51152	0.00819672131148
38493	0.00816326530612
33850	0.00815217391304
2145	0.00813008130081
2639	0.00813008130081
16231	0.00813008130081
17690	0.00813008130081
20636	0.00813008130081
36105	0.00813008130081
1902	0.00812182741117
4655	0.00811907983762
29309	0.00811359026369
4644	0.00810810810811
29854	0.00810810810811
47774	0.00810810810811
37052	0.0080971659919
27890	0.00809248554913
2127	0.00806451612903
2785	0.00806451612903
9252	0.00806451612903
17188	0.00806451612903
19201	0.00806451612903
22813	0.00806451612903
27649	0.00806451612903
41002	0.00806451612903
41329	0.00806451612903
52536	0.00806451612903
57862	0.00806451612903
27651	0.00804289544236
4057	0.00803212851406
21648	0.00803212851406
31882	0.00803212851406
71	0.008
1062	0.008
10646	0.008
16846	0.008
18643	0.008
31306	0.008
40962	0.008
44281	0.008
37115	0.00796812749004
41444	0.00796812749004
5622	0.0079575596817
30799	0.0079575596817
20506	0.00794701986755
1144	0.00793650793651
1272	0.00793650793651
4390	0.00793650793651
5113	0.00793650793651
10340	0.00793650793651
22238	0.00793650793651
23265	0.00793650793651
41172	0.00793650793651
41704	0.00793650793651
52471	0.00793650793651
53200	0.00793650793651
16209	0.00792393026941
879	0.00791556728232
51989	0.00791556728232
4327	0.00790513833992
23742	0.00790513833992
39483	0.00790513833992
20416	0.00789889415482
6689	0.00789473684211
5593	0.00787401574803
10054	0.00787401574803
12503	0.00787401574803
21719	0.00787401574803
28298	0.00787401574803
37104	0.00787401574803
41303	0.00787401574803
41499	0.00787401574803
52368	0.00787401574803
17355	0.00784929356358
28633	0.0078431372549
3120	0.0078125
4044	0.0078125
26403	0.0078125
27582	0.0078125
37762	0.0078125
39210	0.0078125
40030	0.0078125
49392	0.0078125
51345	0.0078125
14352	0.00780234070221
5231	0.00779220779221
1503	0.00777345918934
35345	0.00776196636481
9188	0.0077519379845
25091	0.0077519379845
26279	0.0077519379845
41225	0.0077519379845
41826	0.0077519379845
49408	0.0077519379845
59890	0.0077519379845
27949	0.00773195876289
47628	0.00772200772201
7442	0.00771208226221
16420	0.00771208226221
27925	0.00769230769231
29855	0.00769230769231
35809	0.00769230769231
38818	0.00769230769231
39383	0.00769230769231
44776	0.00769230769231
39027	0.00766283524904
34224	0.00765027322404
9538	0.00764006791171
3507	0.00763358778626
4604	0.00763358778626
11383	0.00763358778626
14207	0.00763358778626
18515	0.00763358778626
20205	0.00763358778626
21690	0.00763358778626
29218	0.00763358778626
34724	0.00763358778626
28155	0.00760456273764
19547	0.00759493670886
2164	0.00757575757576
2367	0.00757575757576
13829	0.00757575757576
22895	0.00757575757576
29564	0.00757575757576
31656	0.00757575757576
41328	0.00757575757576
45093	0.00757575757576
50923	0.00757575757576
4654	0.00754310344828
25113	0.00754147812971
23150	0.00753012048193
253	0.00751879699248
1328	0.00751879699248
30925	0.00751879699248
31875	0.00751879699248
35245	0.00751879699248
40968	0.00751879699248
51549	0.00751879699248
61083	0.00751879699248
893	0.00750375187594
34751	0.00749063670412
9104	0.00746268656716
17147	0.00746268656716
26674	0.00746268656716
36976	0.00746268656716
33895	0.00743494423792
31440	0.00741962077494
4005	0.00740740740741
15720	0.00740740740741
20647	0.00740740740741
25834	0.00740740740741
34521	0.00740740740741
38701	0.00740740740741
40394	0.00740740740741
41421	0.00740740740741
4430	0.00739098300074
28821	0.00738007380074
31312	0.00738007380074
1119	0.00736196319018
1096	0.00735294117647
2215	0.00735294117647
6657	0.00735294117647
14686	0.00735294117647
19429	0.00735294117647
44486	0.00735294117647
50812	0.00735294117647
4775	0.00729927007299
16956	0.00729927007299
21377	0.00729927007299
28285	0.00729927007299
42262	0.00729927007299
30269	0.00728597449909
3933	0.00727272727273
41253	0.00727272727273
34367	0.00725952813067
83	0.00724637681159
2071	0.00724637681159
3312	0.00724637681159
5672	0.00724637681159
11489	0.00724637681159
18199	0.00724637681159
20818	0.00724637681159
21252	0.00724637681159
18584	0.00723763570567
15636	0.00721153846154
32612	0.00720720720721
41016	0.00719942404608
1028	0.00719424460432
1362	0.00719424460432
2811	0.00719424460432
17554	0.00719424460432
26711	0.00719424460432
34391	0.00719424460432
50944	0.00719424460432
51689	0.00719424460432
4916	0.00718132854578
26416	0.00716845878136
3826	0.00714285714286
7427	0.00714285714286
12998	0.00714285714286
15288	0.00714285714286
17790	0.00714285714286
17939	0.00714285714286
19111	0.00714285714286
22319	0.00714285714286
31877	0.00714285714286
38080	0.00714285714286
51178	0.00714285714286
29992	0.00711743772242
39852	0.00711743772242
26805	0.00711111111111
28673	0.00709219858156
29567	0.00709219858156
41055	0.00709219858156
51313	0.00709219858156
29372	0.00706713780919
2186	0.00706214689266
995	0.00704225352113
1167	0.00704225352113
8246	0.00704225352113
14502	0.00704225352113
14698	0.00704225352113
21801	0.00704225352113
41092	0.00704225352113
41279	0.00704225352113
42302	0.00704225352113
42308	0.00704225352113
11201	0.00702987697715
2	0.00702106318957
2840	0.00699912510936
4136	0.00699300699301
5552	0.00699300699301
13149	0.00699300699301
22479	0.00699300699301
26437	0.00699300699301
27209	0.00699300699301
28379	0.00699300699301
30845	0.00699300699301
35420	0.00699300699301
38330	0.00699300699301
39478	0.00699300699301
39602	0.00699300699301
41099	0.00699300699301
1497	0.00698174006445
1954	0.00694444444444
2171	0.00694444444444
7062	0.00694444444444
9818	0.00694444444444
21657	0.00694444444444
34143	0.00694444444444
27525	0.00691244239631
5432	0.00691085003455
1931	0.00690846286701
1904	0.00689655172414
10047	0.00689655172414
13056	0.00689655172414
23532	0.00689655172414
51118	0.00689655172414
51281	0.00689655172414
22383	0.00689179875948
761	0.00684931506849
3793	0.00684931506849
5618	0.00684931506849
29543	0.00684931506849
30794	0.00684931506849
35920	0.00684931506849
60331	0.00684931506849
2104	0.00680272108844
24688	0.00680272108844
25586	0.00680272108844
41063	0.00680272108844
56100	0.00680272108844
7300	0.00678733031674
7390	0.00677966101695
27094	0.00677966101695
4242	0.00675675675676
5575	0.00675675675676
5634	0.00675675675676
11087	0.00675675675676
11095	0.00675675675676
41079	0.00675675675676
50952	0.00675675675676
4951	0.00674157303371
8397	0.00674157303371
22621	0.00671140939597
30917	0.00671140939597
41417	0.00671140939597
43354	0.00671140939597
862	0.00666666666667
4582	0.00666666666667
11381	0.00666666666667
11675	0.00666666666667
13633	0.00666666666667
25440	0.00666666666667
41398	0.00666666666667
43414	0.00666666666667
22251	0.00665188470067
8709	0.00664451827243
11655	0.00664451827243
41116	0.00664451827243
16831	0.00662251655629
30585	0.00662251655629
39585	0.00662251655629
51225	0.00662251655629
16449	0.00660066006601
41068	0.00659754948162
3273	0.00658616904501
755	0.00657894736842
32318	0.00657894736842
7312	0.00656968559362
5157	0.00656234225139
2419	0.00656167979003
2789	0.00653594771242
3445	0.00653594771242
6928	0.00653594771242
7413	0.00653594771242
17904	0.00653594771242
35039	0.00653594771242
3133	0.0065274151436
19601	0.0065264684554
3991	0.00651465798046
51006	0.00651465798046
2448	0.00649350649351
18836	0.00649350649351
29861	0.00649350649351
4704	0.00645161290323
41018	0.00645161290323
51393	0.00645161290323
2898	0.00644468313641
4347	0.00641025641026
4625	0.00641025641026
28709	0.00641025641026
38907	0.00641025641026
42750	0.00641025641026
18311	0.00637619553666
19965	0.00636942675159
37800	0.00636942675159
21545	0.00635593220339
1680	0.00632911392405
9646	0.00632911392405
15114	0.00632911392405
27288	0.00632911392405
35049	0.00632911392405
39874	0.00632911392405
41011	0.00632911392405
41287	0.00632911392405
2333	0.00631199278629
921	0.0062893081761
15638	0.0062893081761
34254	0.0062893081761
36897	0.0062893081761
37961	0.0062893081761
5693	0.0062630480167
5809	0.00625558534406
494	0.00625
4513	0.00625
9178	0.00625
36594	0.00625
24958	0.00623052959502
41258	0.00623052959502
12423	0.00622406639004
13621	0.00621118012422
28156	0.00621118012422
34350	0.00621118012422
50105	0.00621118012422
51246	0.00621118012422
41093	0.0061919504644
2610	0.00617283950617
17928	0.00617283950617
39085	0.00617283950617
41067	0.00615384615385
1039	0.00613496932515
9920	0.00613496932515
13121	0.00613496932515
26098	0.00613496932515
35563	0.00613496932515
41331	0.00613496932515
50901	0.00613496932515
39136	0.00612557427259
51156	0.00611620795107
869	0.00610649731314
16379	0.00609756097561
17301	0.00609756097561
22534	0.00609756097561
22744	0.00609756097561
22830	0.00609756097561
23244	0.00609756097561
44847	0.00609756097561
51676	0.00609756097561
51821	0.00609756097561
118	0.00607902735562
12121	0.00607902735562
36394	0.00607287449393
3531	0.00606060606061
16784	0.00606060606061
22684	0.00606060606061
27128	0.00606060606061
35047	0.00606060606061
41126	0.00606060606061
874	0.00602409638554
5089	0.00602409638554
41832	0.00602409638554
51071	0.00602409638554
52802	0.00602409638554
5519	0.00599315068493
4337	0.0059880239521
30020	0.0059880239521
5643	0.00597014925373
27527	0.00597014925373
618	0.00595238095238
17152	0.00595238095238
24429	0.00595238095238
34522	0.00595238095238
3156	0.00591715976331
36364	0.00591715976331
51784	0.00591715976331
18960	0.00591016548463
26893	0.00589970501475
18129	0.00588235294118
6427	0.00587889476778
4578	0.00587606837607
39447	0.00587544065805
41355	0.00587084148728
29277	0.00586854460094
5715	0.00584795321637
5768	0.00584795321637
19034	0.00584795321637
1655	0.00583090379009
18361	0.00583090379009
4135	0.00581395348837
35019	0.00581395348837
35199	0.00581395348837
3729	0.00578034682081
10844	0.00578034682081
34676	0.00578034682081
1118	0.00574712643678
20335	0.00574712643678
40972	0.00574712643678
41059	0.00574712643678
5774	0.00573065902579
254	0.00571428571429
21204	0.00571428571429
38861	0.00571428571429
41000	0.00571428571429
41940	0.00571428571429
39546	0.00569800569801
5673	0.00569259962049
3486	0.00568181818182
4508	0.00568181818182
21989	0.00568181818182
46832	0.00568181818182
4764	0.00567375886525
29845	0.0056657223796
3239	0.00564971751412
33780	0.00564971751412
37680	0.00564971751412
38663	0.00564971751412
39426	0.00564971751412
40942	0.00564971751412
40965	0.00564061240935
28047	0.0056338028169
38800	0.00561797752809
34369	0.00560747663551
3260	0.00560224089636
29591	0.00560224089636
26584	0.00559440559441
2574	0.00558659217877
2825	0.00558659217877
8210	0.00558659217877
34967	0.00558659217877
35360	0.00558659217877
2934	0.00555555555556
13064	0.00555555555556
51159	0.00555555555556
1700	0.00552486187845
7411	0.00552486187845
18815	0.00552486187845
34217	0.00552486187845
40987	0.00552486187845
51029	0.00552486187845
1537	0.00549450549451
7344	0.00549450549451
37409	0.00549450549451
51155	0.00549450549451
51838	0.00549450549451
3946	0.00546448087432
16723	0.00546448087432
22401	0.00546448087432
25332	0.00546448087432
50987	0.00546448087432
51025	0.00546448087432
21906	0.00544959128065
33634	0.00544959128065
3788	0.0054347826087
41593	0.0054347826087
42954	0.0054347826087
50961	0.0054347826087
51168	0.0054347826087
50957	0.00542005420054
14343	0.00540540540541
34241	0.00540540540541
41048	0.00540540540541
42450	0.00540540540541
25324	0.00539083557951
9720	0.00537634408602
13120	0.00537634408602
17948	0.00537634408602
48076	0.00537634408602
12149	0.00534759358289
23211	0.00534759358289
3059	0.00533333333333
3553	0.00531914893617
20527	0.00531914893617
31850	0.00531914893617
33727	0.00531914893617
7317	0.0053050397878
25453	0.0053050397878
9586	0.00529100529101
19897	0.00529100529101
20675	0.00529100529101
23285	0.00529100529101
32087	0.00529100529101
50897	0.00529100529101
51120	0.00529100529101
5112	0.00527009222661
6194	0.00526315789474
11359	0.00526315789474
34667	0.00526315789474
35178	0.00526315789474
40975	0.00526315789474
6417	0.00523560209424
28712	0.00523560209424
1170	0.00520833333333
1456	0.00520833333333
16935	0.00520833333333
2312	0.0051993067591
41583	0.0051993067591
16917	0.00519480519481
9200	0.00519210799585
4489	0.00519031141869
41544	0.00518134715026
51655	0.00518134715026
16516	0.00515463917526
24970	0.00515463917526
30466	0.00515463917526
30802	0.00515463917526
51213	0.00515463917526
2733	0.00514800514801
37737	0.00513698630137
5116	0.00512820512821
23121	0.00512820512821
23248	0.00512820512821
33692	0.00512820512821
50760	0.00512820512821
4153	0.00511508951407
41177	0.00510204081633
51211	0.00510204081633
5204	0.0050987890376
1438	0.00507614213198
37238	0.00507614213198
41204	0.00507614213198
41968	0.00507614213198
13955	0.00506756756757
7505	0.00502512562814
18112	0.00502512562814
25047	0.00502512562814
867	0.005
18661	0.005
24173	0.005
39265	0.005
23481	0.00498753117207
3842	0.00497512437811
11749	0.00497512437811
12188	0.00497512437811
33879	0.00497512437811
48489	0.00497512437811
23688	0.0049504950495
11	0.0048971596474
10266	0.00487804878049
54	0.00485436893204
22743	0.00485436893204
41227	0.00485436893204
50980	0.00485436893204
26235	0.0048309178744
51133	0.00481927710843
36398	0.00481231953802
3250	0.00480769230769
16076	0.00480769230769
26158	0.00480769230769
932	0.00477326968974
39709	0.00477326968974
2169	0.0047619047619
22230	0.0047619047619
22524	0.0047619047619
22572	0.0047619047619
41452	0.0047619047619
17066	0.00473933649289
41102	0.00473933649289
10281	0.00472813238771
11314	0.00471698113208
28051	0.00471698113208
44433	0.00471698113208
51146	0.00471698113208
32188	0.00470219435737
3288	0.00469483568075
8159	0.00469483568075
29360	0.00469483568075
1113	0.00468384074941
7100	0.00468384074941
2515	0.004662004662
7956	0.0046511627907
18972	0.0046511627907
41047	0.0046511627907
44978	0.0046511627907
13339	0.0046439628483
11727	0.00464252553389
3198	0.00462962962963
20173	0.00462962962963
33678	0.00461893764434
41223	0.00460829493088
1064	0.00460122699387
4173	0.0045871559633
12824	0.0045871559633
4563	0.00458295142071
7533	0.00456621004566
15083	0.00456621004566
22971	0.00456621004566
868	0.00456273764259
38584	0.00455927051672
9625	0.00454545454545
52029	0.00454545454545
28405	0.00454029511918
5553	0.00453514739229
30980	0.00453514739229
11782	0.00452488687783
15306	0.00452488687783
26760	0.00452488687783
22929	0.00451671183379
6304	0.0045045045045
10166	0.0045045045045
21978	0.0045045045045
41942	0.0045045045045
42328	0.0045045045045
40289	0.00449438202247
4695	0.00448430493274
4705	0.00448430493274
4706	0.00448430493274
41171	0.00448430493274
53342	0.00448430493274
5056	0.00446428571429
28610	0.00446428571429
41555	0.00446428571429
1135	0.00444444444444
497	0.00442477876106
562	0.00442477876106
23388	0.00442477876106
1309	0.00440528634361
3859	0.00440528634361
34525	0.00440528634361
34999	0.00440528634361
41366	0.00440528634361
5120	0.00439238653001
27051	0.00438596491228
28812	0.00438596491228
41012	0.00438596491228
41370	0.00436681222707
20529	0.004329004329
1399	0.00429184549356
13742	0.00429184549356
38795	0.00429184549356
5918	0.0042735042735
16447	0.0042735042735
53069	0.00425531914894
1361	0.00423728813559
4708	0.00423131170663
32823	0.0042194092827
49394	0.0042194092827
3280	0.00421052631579
2787	0.00420168067227
18172	0.00420168067227
40981	0.00420168067227
50863	0.00420168067227
29852	0.00418410041841
4137	0.00416666666667
10727	0.00416666666667
50875	0.00416666666667
51721	0.00416666666667
3419	0.00414937759336
5237	0.00414364640884
2848	0.00413223140496
33377	0.00413223140496
39209	0.00413223140496
33762	0.00412371134021
12756	0.00411522633745
27255	0.00411522633745
40977	0.00409836065574
50937	0.00409836065574
18759	0.00406504065041
41274	0.00406504065041
13960	0.00404858299595
14749	0.00404858299595
23782	0.0040404040404
6812	0.00403877221325
38793	0.00402993667242
15794	0.004
4876	0.00398406374502
6372	0.00398406374502
17068	0.00398406374502
24126	0.00398406374502
33495	0.00398406374502
51724	0.00398406374502
2344	0.00397614314115
38206	0.00396825396825
39549	0.0039603960396
34519	0.00395256916996
41270	0.00395256916996
20779	0.00393700787402
30805	0.00393700787402
41041	0.00392156862745
17711	0.00390625
4846	0.00388198757764
34169	0.00386847195358
9138	0.003861003861
30849	0.003861003861
1422	0.00385604113111
40995	0.00385109114249
17952	0.00384615384615
45139	0.00384615384615
50845	0.00384615384615
34145	0.00381679389313
52332	0.00380228136882
41164	0.00378787878788
21797	0.00376647834275
512	0.00374531835206
3527	0.00374531835206
23667	0.00371747211896
40984	0.0037037037037
15207	0.0036496350365
2110	0.0036231884058
32862	0.00361663652803
26508	0.00361010830325
8732	0.0036036036036
51041	0.00359712230216
11769	0.00359066427289
13216	0.00357142857143
4711	0.00356718192628
27489	0.00354609929078
29909	0.00354609929078
44184	0.00354609929078
41208	0.00353356890459
1117	0.00352112676056
28128	0.00352112676056
40334	0.00352112676056
3365	0.00351288056206
30691	0.00350877192982
31138	0.00350877192982
50995	0.0034965034965
13111	0.00349446709377
5218	0.00349040139616
35021	0.00348432055749
29394	0.00346020761246
25405	0.00344827586207
28443	0.00344827586207
37775	0.00343642611684
949	0.00342465753425
5599	0.00342465753425
41705	0.00340136054422
1676	0.00338983050847
28407	0.00338409475465
22654	0.00335570469799
27171	0.00334448160535
41368	0.00333333333333
31400	0.00331125827815
38293	0.00331125827815
25937	0.003300330033
11746	0.00328947368421
40969	0.00325732899023
50879	0.00325732899023
42912	0.00322580645161
41106	0.00320512820513
7214	0.00319488817891
23011	0.00319488817891
6444	0.0031847133758
41154	0.00316455696203
18699	0.00315457413249
4121	0.00314960629921
28742	0.00314465408805
41042	0.00314465408805
7444	0.00311526479751
8681	0.00311526479751
52225	0.00308641975309
1918	0.00307692307692
23999	0.00307692307692
2409	0.0030487804878
22643	0.0030487804878
38987	0.00301204819277
40979	0.00301204819277
16927	0.00297619047619
41243	0.00297619047619
17596	0.00297176820208
5616	0.00295857988166
17008	0.00294985250737
40982	0.00291545189504
32453	0.00290697674419
4868	0.00289855072464
17987	0.00285714285714
14140	0.002849002849
34683	0.0028328611898
3535	0.00282485875706
11232	0.00282485875706
48572	0.00281690140845
28810	0.00280898876404
22579	0.00279329608939
18701	0.00277777777778
37198	0.00277777777778
25554	0.00273224043716
25078	0.00272479564033
29453	0.00272479564033
50939	0.00271002710027
38492	0.00270635994587
50855	0.00267379679144
216	0.0026525198939
9251	0.00263852242744
38932	0.00263157894737
38794	0.00262697022767
41097	0.00261780104712
28830	0.00261096605744
30471	0.00261096605744
9135	0.00255754475703
11664	0.00248138957816
41129	0.00248138957816
30899	0.00246002460025
23642	0.002457002457
42156	0.00245098039216
31483	0.00243309002433
5420	0.00243013365735
51096	0.00240384615385
1380	0.00234741784038
38191	0.00229095074456
26602	0.00225733634312
31830	0.00220750551876
45223	0.00212314225053
11169	0.00206611570248
41044	0.00206611570248
41003	0.00204918032787
4937	0.00202634245187
41109	0.00193423597679
17586	0.00186567164179
41985	0.00183486238532
35136	0.00177304964539
37426	0.00175746924429
26863	0.00158982511924
18456	0.00156739811912
1628	0.00121802679659
