22780	0.0869565217391
51510	0.0857142857143
36239	0.0833333333333
6833	0.08
35415	0.08
45627	0.08
8737	0.0740740740741
1330	0.0714285714286
54133	0.0714285714286
52175	0.0689655172414
51544	0.0645161290323
713	0.0606060606061
18190	0.0588235294118
34222	0.0588235294118
45898	0.0588235294118
9688	0.0571428571429
30131	0.0545454545455
59960	0.0540540540541
4759	0.0526315789474
34439	0.0526315789474
41731	0.0526315789474
51279	0.0526315789474
981	0.0512820512821
31014	0.05
10977	0.0487804878049
12050	0.047619047619
16919	0.047619047619
51056	0.047619047619
5404	0.046511627907
10170	0.046511627907
22698	0.046511627907
41124	0.046511627907
33055	0.0454545454545
45720	0.0454545454545
47603	0.0444444444444
2296	0.0434782608696
4723	0.0434782608696
5579	0.0434782608696
7309	0.0434782608696
7841	0.0434782608696
8172	0.0434782608696
9925	0.0434782608696
11140	0.0434782608696
12713	0.0434782608696
13970	0.0434782608696
14929	0.0434782608696
19417	0.0434782608696
19665	0.0434782608696
19682	0.0434782608696
19736	0.0434782608696
21619	0.0434782608696
21659	0.0434782608696
21759	0.0434782608696
22416	0.0434782608696
23426	0.0434782608696
23492	0.0434782608696
23655	0.0434782608696
23880	0.0434782608696
24488	0.0434782608696
25863	0.0434782608696
28351	0.0434782608696
30900	0.0434782608696
31452	0.0434782608696
32107	0.0434782608696
36107	0.0434782608696
36811	0.0434782608696
37328	0.0434782608696
37378	0.0434782608696
38762	0.0434782608696
39256	0.0434782608696
39841	0.0434782608696
42010	0.0434782608696
44556	0.0434782608696
45753	0.0434782608696
45816	0.0434782608696
50129	0.0434782608696
50356	0.0434782608696
51669	0.0434782608696
54172	0.0434782608696
54387	0.0434782608696
54976	0.0434782608696
55673	0.0434782608696
56422	0.0434782608696
56741	0.0434782608696
57308	0.0434782608696
57372	0.0434782608696
60888	0.0434782608696
1647	0.0416666666667
3352	0.0416666666667
6699	0.0416666666667
7331	0.0416666666667
7498	0.0416666666667
8297	0.0416666666667
9870	0.0416666666667
11390	0.0416666666667
13180	0.0416666666667
14747	0.0416666666667
14984	0.0416666666667
18736	0.0416666666667
19823	0.0416666666667
20803	0.0416666666667
21314	0.0416666666667
23037	0.0416666666667
23480	0.0416666666667
23819	0.0416666666667
26189	0.0416666666667
27961	0.0416666666667
31780	0.0416666666667
35933	0.0416666666667
35966	0.0416666666667
37066	0.0416666666667
37634	0.0416666666667
38497	0.0416666666667
40070	0.0416666666667
43370	0.0416666666667
44055	0.0416666666667
44438	0.0416666666667
45421	0.0416666666667
45452	0.0416666666667
46111	0.0416666666667
46258	0.0416666666667
49789	0.0416666666667
50084	0.0416666666667
50435	0.0416666666667
52183	0.0416666666667
53023	0.0416666666667
53331	0.0416666666667
54005	0.0416666666667
54114	0.0416666666667
54123	0.0416666666667
56877	0.0416666666667
59991	0.0416666666667
60232	0.0416666666667
60560	0.0416666666667
60688	0.0416666666667
61513	0.0416666666667
43815	0.0408163265306
588	0.04
2073	0.04
7127	0.04
8078	0.04
8098	0.04
8976	0.04
9878	0.04
15771	0.04
17125	0.04
17542	0.04
18073	0.04
20872	0.04
21329	0.04
21955	0.04
24325	0.04
24622	0.04
27549	0.04
28498	0.04
29087	0.04
29255	0.04
29460	0.04
30556	0.04
32591	0.04
34206	0.04
36180	0.04
38215	0.04
38501	0.04
38857	0.04
39330	0.04
39370	0.04
39740	0.04
40857	0.04
42544	0.04
42686	0.04
42884	0.04
43125	0.04
44526	0.04
44721	0.04
49484	0.04
50608	0.04
52867	0.04
53727	0.04
55153	0.04
55933	0.04
56557	0.04
56623	0.04
56644	0.04
57694	0.04
57792	0.04
59573	0.04
60379	0.04
60480	0.04
60876	0.04
51066	0.0392156862745
59875	0.0392156862745
1194	0.0384615384615
2076	0.0384615384615
2637	0.0384615384615
3041	0.0384615384615
3712	0.0384615384615
4435	0.0384615384615
7857	0.0384615384615
10417	0.0384615384615
12305	0.0384615384615
14102	0.0384615384615
15382	0.0384615384615
16435	0.0384615384615
18444	0.0384615384615
18902	0.0384615384615
21226	0.0384615384615
22016	0.0384615384615
22066	0.0384615384615
22772	0.0384615384615
24711	0.0384615384615
24755	0.0384615384615
25344	0.0384615384615
26544	0.0384615384615
27796	0.0384615384615
32000	0.0384615384615
32376	0.0384615384615
33658	0.0384615384615
33758	0.0384615384615
33861	0.0384615384615
35005	0.0384615384615
36063	0.0384615384615
37375	0.0384615384615
37791	0.0384615384615
38500	0.0384615384615
42217	0.0384615384615
42894	0.0384615384615
42958	0.0384615384615
46312	0.0384615384615
48519	0.0384615384615
49557	0.0384615384615
49966	0.0384615384615
51469	0.0384615384615
51603	0.0384615384615
54108	0.0384615384615
54540	0.0384615384615
57425	0.0384615384615
59084	0.0384615384615
61465	0.0384615384615
10110	0.0379746835443
60999	0.0377358490566
228	0.037037037037
754	0.037037037037
1193	0.037037037037
2133	0.037037037037
2360	0.037037037037
2752	0.037037037037
3248	0.037037037037
4218	0.037037037037
4487	0.037037037037
7368	0.037037037037
8336	0.037037037037
8771	0.037037037037
9946	0.037037037037
9972	0.037037037037
11148	0.037037037037
13327	0.037037037037
16909	0.037037037037
18173	0.037037037037
21427	0.037037037037
21677	0.037037037037
21953	0.037037037037
22072	0.037037037037
22548	0.037037037037
24519	0.037037037037
26552	0.037037037037
27435	0.037037037037
27943	0.037037037037
28287	0.037037037037
28390	0.037037037037
28558	0.037037037037
28670	0.037037037037
29123	0.037037037037
29810	0.037037037037
32818	0.037037037037
37780	0.037037037037
39717	0.037037037037
40360	0.037037037037
41680	0.037037037037
42059	0.037037037037
42083	0.037037037037
42656	0.037037037037
42755	0.037037037037
43247	0.037037037037
44064	0.037037037037
44471	0.037037037037
45383	0.037037037037
47478	0.037037037037
47937	0.037037037037
47950	0.037037037037
49948	0.037037037037
49990	0.037037037037
51048	0.037037037037
51530	0.037037037037
51763	0.037037037037
51904	0.037037037037
52900	0.037037037037
53011	0.037037037037
53866	0.037037037037
55903	0.037037037037
56907	0.037037037037
58879	0.037037037037
7531	0.0363636363636
3849	0.0357142857143
5411	0.0357142857143
5588	0.0357142857143
9750	0.0357142857143
11177	0.0357142857143
11552	0.0357142857143
12086	0.0357142857143
12344	0.0357142857143
17097	0.0357142857143
18343	0.0357142857143
18933	0.0357142857143
19408	0.0357142857143
22518	0.0357142857143
22616	0.0357142857143
23505	0.0357142857143
28772	0.0357142857143
31680	0.0357142857143
32910	0.0357142857143
34894	0.0357142857143
36210	0.0357142857143
36224	0.0357142857143
36938	0.0357142857143
41475	0.0357142857143
42331	0.0357142857143
42336	0.0357142857143
45211	0.0357142857143
47984	0.0357142857143
49241	0.0357142857143
49884	0.0357142857143
53283	0.0357142857143
57366	0.0357142857143
58333	0.0357142857143
59081	0.0357142857143
59622	0.0357142857143
60528	0.0357142857143
51154	0.0352941176471
52227	0.0352941176471
3822	0.0350877192982
9670	0.0350877192982
42207	0.0350877192982
59548	0.0350877192982
41712	0.0348837209302
3045	0.0344827586207
5571	0.0344827586207
7875	0.0344827586207
10085	0.0344827586207
11090	0.0344827586207
11288	0.0344827586207
11470	0.0344827586207
11905	0.0344827586207
13028	0.0344827586207
13694	0.0344827586207
14304	0.0344827586207
14853	0.0344827586207
15874	0.0344827586207
17471	0.0344827586207
21334	0.0344827586207
21665	0.0344827586207
21936	0.0344827586207
23433	0.0344827586207
24335	0.0344827586207
26886	0.0344827586207
32885	0.0344827586207
38863	0.0344827586207
39911	0.0344827586207
40728	0.0344827586207
41345	0.0344827586207
42162	0.0344827586207
42774	0.0344827586207
43974	0.0344827586207
44840	0.0344827586207
44945	0.0344827586207
45902	0.0344827586207
46045	0.0344827586207
47501	0.0344827586207
50765	0.0344827586207
50846	0.0344827586207
52745	0.0344827586207
53149	0.0344827586207
53802	0.0344827586207
53842	0.0344827586207
54785	0.0344827586207
57874	0.0344827586207
58562	0.0344827586207
59190	0.0344827586207
60037	0.0344827586207
60228	0.0344827586207
60401	0.0344827586207
60447	0.0344827586207
61008	0.0344827586207
1801	0.0338983050847
9822	0.0338983050847
42634	0.0338983050847
1041	0.0333333333333
1191	0.0333333333333
5010	0.0333333333333
5362	0.0333333333333
7469	0.0333333333333
10133	0.0333333333333
11125	0.0333333333333
12727	0.0333333333333
13627	0.0333333333333
15163	0.0333333333333
15902	0.0333333333333
19759	0.0333333333333
23965	0.0333333333333
24282	0.0333333333333
24363	0.0333333333333
26551	0.0333333333333
30620	0.0333333333333
33813	0.0333333333333
35744	0.0333333333333
36162	0.0333333333333
36410	0.0333333333333
36426	0.0333333333333
39790	0.0333333333333
41486	0.0333333333333
42240	0.0333333333333
42780	0.0333333333333
43164	0.0333333333333
43471	0.0333333333333
43646	0.0333333333333
45904	0.0333333333333
47525	0.0333333333333
47816	0.0333333333333
49275	0.0333333333333
50778	0.0333333333333
50908	0.0333333333333
51265	0.0333333333333
51395	0.0333333333333
52370	0.0333333333333
52590	0.0333333333333
53445	0.0333333333333
54237	0.0333333333333
26274	0.032967032967
19606	0.0327868852459
385	0.0322580645161
4976	0.0322580645161
5101	0.0322580645161
5583	0.0322580645161
7377	0.0322580645161
7530	0.0322580645161
7563	0.0322580645161
7784	0.0322580645161
8580	0.0322580645161
8624	0.0322580645161
10135	0.0322580645161
11040	0.0322580645161
11519	0.0322580645161
15832	0.0322580645161
19438	0.0322580645161
22901	0.0322580645161
23387	0.0322580645161
25802	0.0322580645161
26064	0.0322580645161
26972	0.0322580645161
28352	0.0322580645161
28701	0.0322580645161
28913	0.0322580645161
30064	0.0322580645161
32425	0.0322580645161
33120	0.0322580645161
33156	0.0322580645161
34336	0.0322580645161
36960	0.0322580645161
39341	0.0322580645161
39440	0.0322580645161
40296	0.0322580645161
40484	0.0322580645161
41440	0.0322580645161
41709	0.0322580645161
42032	0.0322580645161
42332	0.0322580645161
42664	0.0322580645161
43085	0.0322580645161
43808	0.0322580645161
46266	0.0322580645161
46511	0.0322580645161
48513	0.0322580645161
50920	0.0322580645161
51280	0.0322580645161
51354	0.0322580645161
51781	0.0322580645161
52597	0.0322580645161
52606	0.0322580645161
59532	0.0322580645161
60362	0.0322580645161
60960	0.0322580645161
61006	0.0322580645161
22843	0.031914893617
29280	0.031914893617
22939	0.031746031746
2936	0.03125
6665	0.03125
6982	0.03125
7471	0.03125
8015	0.03125
8482	0.03125
13057	0.03125
16124	0.03125
22778	0.03125
23113	0.03125
23670	0.03125
25559	0.03125
29427	0.03125
29443	0.03125
30840	0.03125
31368	0.03125
31500	0.03125
33206	0.03125
33490	0.03125
33778	0.03125
36491	0.03125
37524	0.03125
37542	0.03125
39689	0.03125
41363	0.03125
42058	0.03125
42105	0.03125
42542	0.03125
43235	0.03125
44985	0.03125
47751	0.03125
48411	0.03125
49586	0.03125
51637	0.03125
52489	0.03125
53220	0.03125
24109	0.0307692307692
35747	0.0307692307692
41866	0.0307692307692
50527	0.0307692307692
789	0.030303030303
1678	0.030303030303
2677	0.030303030303
3160	0.030303030303
5179	0.030303030303
5860	0.030303030303
8175	0.030303030303
12590	0.030303030303
17927	0.030303030303
18762	0.030303030303
19889	0.030303030303
20890	0.030303030303
23512	0.030303030303
25591	0.030303030303
28481	0.030303030303
31286	0.030303030303
35058	0.030303030303
35406	0.030303030303
35932	0.030303030303
40551	0.030303030303
44835	0.030303030303
45746	0.030303030303
47811	0.030303030303
50395	0.030303030303
51062	0.030303030303
52035	0.030303030303
52456	0.030303030303
57252	0.030303030303
57813	0.030303030303
59674	0.030303030303
60191	0.030303030303
1356	0.0298507462687
51666	0.0298507462687
18231	0.029702970297
6820	0.0294117647059
7335	0.0294117647059
10141	0.0294117647059
11136	0.0294117647059
13438	0.0294117647059
14541	0.0294117647059
16238	0.0294117647059
16716	0.0294117647059
16852	0.0294117647059
19068	0.0294117647059
19607	0.0294117647059
19704	0.0294117647059
20485	0.0294117647059
21400	0.0294117647059
23907	0.0294117647059
24455	0.0294117647059
26824	0.0294117647059
27374	0.0294117647059
31030	0.0294117647059
31412	0.0294117647059
32004	0.0294117647059
32166	0.0294117647059
34743	0.0294117647059
36323	0.0294117647059
41971	0.0294117647059
42406	0.0294117647059
43086	0.0294117647059
51907	0.0294117647059
51965	0.0294117647059
52457	0.0294117647059
59055	0.0294117647059
59575	0.0294117647059
59693	0.0294117647059
3925	0.0289855072464
8226	0.0289855072464
9923	0.0289855072464
33792	0.0289855072464
38826	0.0289855072464
39847	0.0289855072464
790	0.0285714285714
1393	0.0285714285714
1573	0.0285714285714
2775	0.0285714285714
3155	0.0285714285714
4282	0.0285714285714
8765	0.0285714285714
12435	0.0285714285714
16563	0.0285714285714
17130	0.0285714285714
18315	0.0285714285714
22199	0.0285714285714
22345	0.0285714285714
23314	0.0285714285714
24779	0.0285714285714
24966	0.0285714285714
29383	0.0285714285714
32134	0.0285714285714
32428	0.0285714285714
32713	0.0285714285714
32976	0.0285714285714
32980	0.0285714285714
33752	0.0285714285714
34135	0.0285714285714
36285	0.0285714285714
40076	0.0285714285714
40176	0.0285714285714
40316	0.0285714285714
41069	0.0285714285714
42251	0.0285714285714
44749	0.0285714285714
45432	0.0285714285714
45987	0.0285714285714
50476	0.0285714285714
50643	0.0285714285714
51805	0.0285714285714
51986	0.0285714285714
57855	0.0285714285714
36390	0.0281690140845
41432	0.0281690140845
49044	0.0281690140845
138	0.0277777777778
206	0.0277777777778
1061	0.0277777777778
1225	0.0277777777778
1525	0.0277777777778
2330	0.0277777777778
2725	0.0277777777778
3039	0.0277777777778
5573	0.0277777777778
6172	0.0277777777778
6601	0.0277777777778
7464	0.0277777777778
10006	0.0277777777778
10158	0.0277777777778
11042	0.0277777777778
11493	0.0277777777778
12645	0.0277777777778
13542	0.0277777777778
16137	0.0277777777778
16953	0.0277777777778
17724	0.0277777777778
18692	0.0277777777778
19956	0.0277777777778
20870	0.0277777777778
23203	0.0277777777778
27279	0.0277777777778
27771	0.0277777777778
27989	0.0277777777778
29552	0.0277777777778
30944	0.0277777777778
31025	0.0277777777778
31621	0.0277777777778
32785	0.0277777777778
33250	0.0277777777778
33719	0.0277777777778
34547	0.0277777777778
34736	0.0277777777778
38920	0.0277777777778
39572	0.0277777777778
40566	0.0277777777778
43099	0.0277777777778
43378	0.0277777777778
43534	0.0277777777778
44619	0.0277777777778
44842	0.0277777777778
44953	0.0277777777778
51300	0.0277777777778
58301	0.0277777777778
60048	0.0277777777778
60555	0.0277777777778
846	0.027397260274
35198	0.027397260274
2131	0.027027027027
2778	0.027027027027
2969	0.027027027027
3663	0.027027027027
5485	0.027027027027
7262	0.027027027027
8619	0.027027027027
12045	0.027027027027
15380	0.027027027027
18015	0.027027027027
19340	0.027027027027
19464	0.027027027027
21103	0.027027027027
22728	0.027027027027
23827	0.027027027027
24088	0.027027027027
24560	0.027027027027
30930	0.027027027027
32737	0.027027027027
34127	0.027027027027
36718	0.027027027027
36827	0.027027027027
38021	0.027027027027
39264	0.027027027027
39507	0.027027027027
41520	0.027027027027
41770	0.027027027027
41906	0.027027027027
45732	0.027027027027
46327	0.027027027027
47401	0.027027027027
49735	0.027027027027
51433	0.027027027027
51504	0.027027027027
52248	0.027027027027
52306	0.027027027027
52411	0.027027027027
52895	0.027027027027
52928	0.027027027027
59737	0.027027027027
61151	0.027027027027
26060	0.0266666666667
39239	0.0266666666667
41931	0.0266666666667
51692	0.0266666666667
52392	0.0266666666667
4535	0.0263157894737
4862	0.0263157894737
6880	0.0263157894737
7495	0.0263157894737
7933	0.0263157894737
8499	0.0263157894737
11742	0.0263157894737
13018	0.0263157894737
15340	0.0263157894737
15686	0.0263157894737
15962	0.0263157894737
16108	0.0263157894737
17292	0.0263157894737
17579	0.0263157894737
19650	0.0263157894737
21275	0.0263157894737
22233	0.0263157894737
27239	0.0263157894737
34341	0.0263157894737
34996	0.0263157894737
38046	0.0263157894737
38769	0.0263157894737
40107	0.0263157894737
50311	0.0263157894737
51728	0.0263157894737
51927	0.0263157894737
52223	0.0263157894737
52285	0.0263157894737
53014	0.0263157894737
53103	0.0263157894737
56485	0.0263157894737
58497	0.0263157894737
60587	0.0263157894737
61074	0.0263157894737
287	0.025974025974
42204	0.025974025974
44525	0.025974025974
45610	0.025974025974
1240	0.025641025641
3577	0.025641025641
4545	0.025641025641
6214	0.025641025641
8400	0.025641025641
8736	0.025641025641
9054	0.025641025641
10375	0.025641025641
13505	0.025641025641
16353	0.025641025641
17394	0.025641025641
17576	0.025641025641
17958	0.025641025641
21669	0.025641025641
26123	0.025641025641
27907	0.025641025641
29047	0.025641025641
35031	0.025641025641
37186	0.025641025641
41022	0.025641025641
41365	0.025641025641
42272	0.025641025641
42573	0.025641025641
43594	0.025641025641
47399	0.025641025641
47659	0.025641025641
47886	0.025641025641
48636	0.025641025641
51750	0.025641025641
60453	0.025641025641
61258	0.025641025641
8839	0.0254237288136
27649	0.0254237288136
6906	0.0253164556962
3558	0.025
4594	0.025
4701	0.025
4758	0.025
6817	0.025
8039	0.025
10370	0.025
10489	0.025
11168	0.025
11272	0.025
11536	0.025
16076	0.025
16086	0.025
19087	0.025
21663	0.025
21701	0.025
22909	0.025
24934	0.025
26037	0.025
28781	0.025
30817	0.025
34950	0.025
37512	0.025
38713	0.025
42246	0.025
42604	0.025
43380	0.025
46122	0.025
46726	0.025
49124	0.025
49137	0.025
51028	0.025
52087	0.025
52574	0.025
52744	0.025
1281	0.0246913580247
22681	0.0246913580247
1258	0.0243902439024
1560	0.0243902439024
3240	0.0243902439024
12894	0.0243902439024
15622	0.0243902439024
18772	0.0243902439024
21337	0.0243902439024
21529	0.0243902439024
25081	0.0243902439024
30969	0.0243902439024
32103	0.0243902439024
41005	0.0243902439024
42432	0.0243902439024
47978	0.0243902439024
49284	0.0243902439024
50854	0.0243902439024
51899	0.0243902439024
52244	0.0243902439024
60996	0.0243902439024
12280	0.0240963855422
42056	0.0240963855422
322	0.0238095238095
474	0.0238095238095
3501	0.0238095238095
3924	0.0238095238095
4071	0.0238095238095
4253	0.0238095238095
4961	0.0238095238095
7407	0.0238095238095
8127	0.0238095238095
8162	0.0238095238095
9227	0.0238095238095
11180	0.0238095238095
18202	0.0238095238095
21440	0.0238095238095
22128	0.0238095238095
23272	0.0238095238095
25348	0.0238095238095
27338	0.0238095238095
31176	0.0238095238095
31185	0.0238095238095
31371	0.0238095238095
31636	0.0238095238095
33864	0.0238095238095
36684	0.0238095238095
37118	0.0238095238095
37445	0.0238095238095
41654	0.0238095238095
41755	0.0238095238095
41909	0.0238095238095
41986	0.0238095238095
42999	0.0238095238095
46611	0.0238095238095
48812	0.0238095238095
51632	0.0238095238095
52737	0.0238095238095
59550	0.0238095238095
59561	0.0238095238095
60147	0.0238095238095
16912	0.0236686390533
29287	0.0233644859813
2678	0.0232558139535
3461	0.0232558139535
3669	0.0232558139535
6872	0.0232558139535
9594	0.0232558139535
11117	0.0232558139535
13442	0.0232558139535
14455	0.0232558139535
14546	0.0232558139535
17917	0.0232558139535
18637	0.0232558139535
24005	0.0232558139535
29276	0.0232558139535
31987	0.0232558139535
34738	0.0232558139535
39195	0.0232558139535
41412	0.0232558139535
42346	0.0232558139535
42645	0.0232558139535
43239	0.0232558139535
45354	0.0232558139535
60095	0.0232558139535
9924	0.0229885057471
15197	0.0229885057471
26659	0.0229885057471
602	0.0227272727273
3665	0.0227272727273
4710	0.0227272727273
5098	0.0227272727273
6747	0.0227272727273
13988	0.0227272727273
17228	0.0227272727273
19280	0.0227272727273
23900	0.0227272727273
29304	0.0227272727273
29331	0.0227272727273
32044	0.0227272727273
35426	0.0227272727273
35738	0.0227272727273
36809	0.0227272727273
37181	0.0227272727273
39835	0.0227272727273
41155	0.0227272727273
41409	0.0227272727273
41543	0.0227272727273
43631	0.0227272727273
43689	0.0227272727273
45777	0.0227272727273
46064	0.0227272727273
49965	0.0227272727273
50520	0.0227272727273
51941	0.0227272727273
60251	0.0227272727273
9794	0.0224719101124
41175	0.0224719101124
4502	0.0222222222222
5625	0.0222222222222
5817	0.0222222222222
6196	0.0222222222222
8827	0.0222222222222
13840	0.0222222222222
15153	0.0222222222222
16148	0.0222222222222
19465	0.0222222222222
20283	0.0222222222222
22333	0.0222222222222
24577	0.0222222222222
24592	0.0222222222222
25920	0.0222222222222
25947	0.0222222222222
28798	0.0222222222222
30987	0.0222222222222
31435	0.0222222222222
31733	0.0222222222222
37786	0.0222222222222
41139	0.0222222222222
41433	0.0222222222222
41820	0.0222222222222
43532	0.0222222222222
44401	0.0222222222222
44424	0.0222222222222
44462	0.0222222222222
47144	0.0222222222222
51022	0.0222222222222
52115	0.0222222222222
52344	0.0222222222222
52072	0.021978021978
28379	0.021897810219
295	0.0217391304348
535	0.0217391304348
2676	0.0217391304348
7329	0.0217391304348
8506	0.0217391304348
11380	0.0217391304348
13894	0.0217391304348
15458	0.0217391304348
16995	0.0217391304348
22294	0.0217391304348
22915	0.0217391304348
29122	0.0217391304348
34647	0.0217391304348
35437	0.0217391304348
37792	0.0217391304348
41335	0.0217391304348
41459	0.0217391304348
41531	0.0217391304348
41817	0.0217391304348
42526	0.0217391304348
42672	0.0217391304348
42744	0.0217391304348
51759	0.0217391304348
51816	0.0217391304348
52922	0.0217391304348
52984	0.0217391304348
53215	0.0217391304348
53349	0.0217391304348
59943	0.0217391304348
38708	0.0215827338129
30913	0.0215053763441
4322	0.0212765957447
5608	0.0212765957447
10344	0.0212765957447
10348	0.0212765957447
10595	0.0212765957447
11812	0.0212765957447
17707	0.0212765957447
18067	0.0212765957447
18668	0.0212765957447
26013	0.0212765957447
26399	0.0212765957447
32782	0.0212765957447
34225	0.0212765957447
39030	0.0212765957447
39165	0.0212765957447
39744	0.0212765957447
39853	0.0212765957447
41414	0.0212765957447
41539	0.0212765957447
41590	0.0212765957447
41764	0.0212765957447
42379	0.0212765957447
42416	0.0212765957447
43252	0.0212765957447
44190	0.0212765957447
44310	0.0212765957447
47043	0.0212765957447
50871	0.0212765957447
51043	0.0212765957447
51387	0.0212765957447
52608	0.0212765957447
52945	0.0212765957447
390	0.0208333333333
501	0.0208333333333
733	0.0208333333333
961	0.0208333333333
1580	0.0208333333333
2291	0.0208333333333
2338	0.0208333333333
3516	0.0208333333333
4440	0.0208333333333
6520	0.0208333333333
7157	0.0208333333333
9759	0.0208333333333
12802	0.0208333333333
14505	0.0208333333333
18611	0.0208333333333
19290	0.0208333333333
19519	0.0208333333333
20140	0.0208333333333
22937	0.0208333333333
23557	0.0208333333333
24647	0.0208333333333
28245	0.0208333333333
29700	0.0208333333333
31436	0.0208333333333
34204	0.0208333333333
35161	0.0208333333333
36054	0.0208333333333
38665	0.0208333333333
39233	0.0208333333333
41846	0.0208333333333
42502	0.0208333333333
42655	0.0208333333333
49285	0.0208333333333
51441	0.0208333333333
51585	0.0208333333333
52690	0.0208333333333
56879	0.0208333333333
59137	0.0208333333333
60554	0.0208333333333
9609	0.020618556701
32318	0.0205479452055
1049	0.0204081632653
1060	0.0204081632653
1092	0.0204081632653
1558	0.0204081632653
6506	0.0204081632653
12117	0.0204081632653
13173	0.0204081632653
15125	0.0204081632653
15648	0.0204081632653
23106	0.0204081632653
24889	0.0204081632653
28793	0.0204081632653
31001	0.0204081632653
36888	0.0204081632653
43786	0.0204081632653
47598	0.0204081632653
48807	0.0204081632653
51033	0.0204081632653
210	0.020325203252
3385	0.020202020202
32778	0.020202020202
41608	0.020202020202
50898	0.020202020202
70	0.02
3852	0.02
7546	0.02
11553	0.02
12426	0.02
19489	0.02
28190	0.02
28789	0.02
29816	0.02
31006	0.02
32439	0.02
32757	0.02
33652	0.02
40994	0.02
44369	0.02
47234	0.02
51233	0.02
19965	0.0198675496689
2072	0.0196078431373
10013	0.0196078431373
10918	0.0196078431373
13707	0.0196078431373
27634	0.0196078431373
27968	0.0196078431373
29452	0.0196078431373
31403	0.0196078431373
32040	0.0196078431373
37162	0.0196078431373
40401	0.0196078431373
43115	0.0196078431373
45390	0.0196078431373
51315	0.0196078431373
52675	0.0196078431373
52975	0.0196078431373
58718	0.0196078431373
59563	0.0196078431373
60338	0.0196078431373
36594	0.0194805194805
14656	0.0194174757282
18223	0.0194174757282
52416	0.0194174757282
52711	0.0194174757282
2687	0.0192307692308
5162	0.0192307692308
9254	0.0192307692308
9663	0.0192307692308
12609	0.0192307692308
18367	0.0192307692308
22010	0.0192307692308
29409	0.0192307692308
31731	0.0192307692308
31801	0.0192307692308
34832	0.0192307692308
34879	0.0192307692308
35027	0.0192307692308
41481	0.0192307692308
41510	0.0192307692308
41631	0.0192307692308
42989	0.0192307692308
47041	0.0192307692308
49943	0.0192307692308
50951	0.0192307692308
51115	0.0192307692308
51893	0.0192307692308
52377	0.0192307692308
52644	0.0192307692308
59554	0.0192307692308
55746	0.0190476190476
2420	0.0188679245283
6397	0.0188679245283
7437	0.0188679245283
9058	0.0188679245283
9906	0.0188679245283
13920	0.0188679245283
15083	0.0188679245283
24888	0.0188679245283
25096	0.0188679245283
30133	0.0188679245283
37424	0.0188679245283
41203	0.0188679245283
41309	0.0188679245283
41497	0.0188679245283
41558	0.0188679245283
43732	0.0188679245283
51268	0.0188679245283
51762	0.0188679245283
51786	0.0188679245283
53991	0.0188679245283
59817	0.0188679245283
3488	0.018691588785
41239	0.018691588785
52645	0.018691588785
948	0.0185185185185
1501	0.0185185185185
6105	0.0185185185185
16929	0.0185185185185
17789	0.0185185185185
18763	0.0185185185185
21436	0.0185185185185
21903	0.0185185185185
24999	0.0185185185185
25626	0.0185185185185
25799	0.0185185185185
32711	0.0185185185185
41888	0.0185185185185
42117	0.0185185185185
42388	0.0185185185185
42886	0.0185185185185
44176	0.0185185185185
45900	0.0185185185185
48238	0.0185185185185
51001	0.0185185185185
51202	0.0185185185185
51768	0.0185185185185
52232	0.0185185185185
52291	0.0185185185185
53044	0.0185185185185
37557	0.0184049079755
11866	0.0183486238532
37302	0.0183486238532
42363	0.0183486238532
566	0.0181818181818
3025	0.0181818181818
8527	0.0181818181818
8621	0.0181818181818
10705	0.0181818181818
13298	0.0181818181818
19301	0.0181818181818
22563	0.0181818181818
25313	0.0181818181818
26174	0.0181818181818
26841	0.0181818181818
30806	0.0181818181818
35391	0.0181818181818
39201	0.0181818181818
42688	0.0181818181818
43358	0.0181818181818
46970	0.0181818181818
50483	0.0181818181818
51285	0.0181818181818
51933	0.0181818181818
19687	0.0180722891566
20785	0.018018018018
4836	0.0178571428571
11386	0.0178571428571
14214	0.0178571428571
15471	0.0178571428571
18959	0.0178571428571
20439	0.0178571428571
25297	0.0178571428571
28692	0.0178571428571
30311	0.0178571428571
30680	0.0178571428571
31007	0.0178571428571
41215	0.0178571428571
44111	0.0178571428571
47547	0.0178571428571
49571	0.0178571428571
51751	0.0178571428571
51881	0.0178571428571
59659	0.0178571428571
24373	0.0177514792899
50886	0.0176991150442
53039	0.0176991150442
55841	0.0176991150442
62	0.0175438596491
327	0.0175438596491
2243	0.0175438596491
2600	0.0175438596491
3949	0.0175438596491
9207	0.0175438596491
11429	0.0175438596491
13771	0.0175438596491
14593	0.0175438596491
21694	0.0175438596491
25827	0.0175438596491
28181	0.0175438596491
28667	0.0175438596491
29027	0.0175438596491
33785	0.0175438596491
41795	0.0175438596491
41970	0.0175438596491
42093	0.0175438596491
43484	0.0175438596491
46442	0.0175438596491
51327	0.0175438596491
51347	0.0175438596491
51559	0.0175438596491
51573	0.0175438596491
52350	0.0175438596491
52953	0.0175438596491
59788	0.0175438596491
17389	0.0173913043478
34943	0.0173913043478
2772	0.0172413793103
2838	0.0172413793103
4022	0.0172413793103
7367	0.0172413793103
8582	0.0172413793103
8774	0.0172413793103
10967	0.0172413793103
13128	0.0172413793103
15192	0.0172413793103
18269	0.0172413793103
19840	0.0172413793103
21353	0.0172413793103
25918	0.0172413793103
26162	0.0172413793103
26909	0.0172413793103
29318	0.0172413793103
29384	0.0172413793103
33312	0.0172413793103
36305	0.0172413793103
41135	0.0172413793103
43780	0.0172413793103
43827	0.0172413793103
48973	0.0172413793103
50584	0.0172413793103
50771	0.0172413793103
51749	0.0172413793103
52759	0.0172413793103
60429	0.0172413793103
17461	0.0170454545455
1895	0.0169491525424
3487	0.0169491525424
3566	0.0169491525424
3946	0.0169491525424
4527	0.0169491525424
9722	0.0169491525424
11307	0.0169491525424
22625	0.0169491525424
25254	0.0169491525424
27596	0.0169491525424
32794	0.0169491525424
38757	0.0169491525424
40875	0.0169491525424
41004	0.0169491525424
41923	0.0169491525424
42568	0.0169491525424
43066	0.0169491525424
50792	0.0169491525424
50987	0.0169491525424
56707	0.0169491525424
22813	0.0168067226891
37156	0.0168067226891
57862	0.0168067226891
2129	0.0166666666667
11000	0.0166666666667
12057	0.0166666666667
17948	0.0166666666667
19404	0.0166666666667
23190	0.0166666666667
32589	0.0166666666667
38051	0.0166666666667
41051	0.0166666666667
41359	0.0166666666667
45163	0.0166666666667
50991	0.0166666666667
51195	0.0166666666667
51495	0.0166666666667
51647	0.0166666666667
52382	0.0166666666667
52428	0.0166666666667
22238	0.0165289256198
41943	0.0165289256198
1062	0.016393442623
2488	0.016393442623
2516	0.016393442623
3411	0.016393442623
3666	0.016393442623
4702	0.016393442623
5165	0.016393442623
13373	0.016393442623
14251	0.016393442623
15820	0.016393442623
18679	0.016393442623
19321	0.016393442623
20490	0.016393442623
21229	0.016393442623
22013	0.016393442623
25623	0.016393442623
31035	0.016393442623
33769	0.016393442623
41658	0.016393442623
41895	0.016393442623
50897	0.016393442623
26868	0.0162601626016
27582	0.0162601626016
10022	0.0161290322581
10843	0.0161290322581
20085	0.0161290322581
20492	0.0161290322581
22143	0.0161290322581
23046	0.0161290322581
25075	0.0161290322581
26047	0.0161290322581
31902	0.0161290322581
31909	0.0161290322581
32710	0.0161290322581
33627	0.0161290322581
34210	0.0161290322581
42197	0.0161290322581
51777	0.0161290322581
60330	0.0161290322581
40976	0.0159574468085
775	0.015873015873
5330	0.015873015873
6277	0.015873015873
6958	0.015873015873
7470	0.015873015873
10050	0.015873015873
10680	0.015873015873
11384	0.015873015873
11743	0.015873015873
16944	0.015873015873
23141	0.015873015873
24980	0.015873015873
32406	0.015873015873
35860	0.015873015873
39137	0.015873015873
40370	0.015873015873
41111	0.015873015873
41730	0.015873015873
41905	0.015873015873
43679	0.015873015873
44034	0.015873015873
48498	0.015873015873
51813	0.015873015873
52837	0.015873015873
4479	0.0157894736842
36494	0.0157480314961
963	0.015625
3002	0.015625
9897	0.015625
13870	0.015625
15596	0.015625
30119	0.015625
30925	0.015625
31478	0.015625
31875	0.015625
32213	0.015625
32524	0.015625
35152	0.015625
36356	0.015625
51891	0.015625
55884	0.015625
9104	0.015503875969
21915	0.015503875969
26674	0.015503875969
890	0.0153846153846
1196	0.0153846153846
8611	0.0153846153846
12873	0.0153846153846
17331	0.0153846153846
17462	0.0153846153846
19773	0.0153846153846
25140	0.0153846153846
29743	0.0153846153846
39226	0.0153846153846
40068	0.0153846153846
41811	0.0153846153846
42013	0.0153846153846
42505	0.0153846153846
51294	0.0153846153846
51339	0.0153846153846
60006	0.0153846153846
2215	0.0152671755725
20738	0.0152671755725
50812	0.0152671755725
1850	0.0151515151515
2831	0.0151515151515
7417	0.0151515151515
17098	0.0151515151515
20363	0.0151515151515
27113	0.0151515151515
31105	0.0151515151515
33577	0.0151515151515
37591	0.0151515151515
42132	0.0151515151515
42657	0.0151515151515
59533	0.0151515151515
60266	0.0151515151515
38262	0.0151057401813
22351	0.015037593985
51340	0.015037593985
1605	0.0149253731343
9685	0.0149253731343
18741	0.0149253731343
20501	0.0149253731343
31428	0.0149253731343
31970	0.0149253731343
37111	0.0149253731343
40657	0.0149253731343
40921	0.0149253731343
43663	0.0149253731343
45135	0.0149253731343
1273	0.0148148148148
7427	0.0148148148148
13098	0.0148148148148
52331	0.0148148148148
1712	0.0147058823529
2611	0.0147058823529
9598	0.0147058823529
11353	0.0147058823529
19835	0.0147058823529
21281	0.0147058823529
23395	0.0147058823529
25115	0.0147058823529
27934	0.0147058823529
30681	0.0147058823529
34165	0.0147058823529
35484	0.0147058823529
37795	0.0147058823529
39751	0.0147058823529
43723	0.0147058823529
44152	0.0147058823529
51086	0.0147058823529
52336	0.0147058823529
53407	0.0147058823529
17790	0.014598540146
29992	0.0145454545455
3934	0.0144927536232
5302	0.0144927536232
7722	0.0144927536232
7942	0.0144927536232
13383	0.0144927536232
26095	0.0144927536232
29332	0.0144927536232
33975	0.0144927536232
37380	0.0144927536232
38063	0.0144927536232
41085	0.0144927536232
42454	0.0144927536232
47050	0.0144927536232
51060	0.0144927536232
52531	0.0144927536232
59504	0.0144927536232
28128	0.014440433213
32418	0.0144230769231
63	0.0142857142857
1898	0.0142857142857
6517	0.0142857142857
7466	0.0142857142857
12394	0.0142857142857
13380	0.0142857142857
21396	0.0142857142857
23231	0.0142857142857
23530	0.0142857142857
29328	0.0142857142857
33871	0.0142857142857
35387	0.0142857142857
41286	0.0142857142857
51488	0.0142857142857
52567	0.0142857142857
37689	0.0141509433962
817	0.0140845070423
3426	0.0140845070423
11535	0.0140845070423
13076	0.0140845070423
14710	0.0140845070423
24688	0.0140845070423
24740	0.0140845070423
30983	0.0140845070423
32084	0.0140845070423
32226	0.0140845070423
32689	0.0140845070423
33772	0.0140845070423
34823	0.0140845070423
39310	0.0140845070423
40139	0.0140845070423
42959	0.0140845070423
50146	0.0140845070423
51403	0.0140845070423
56100	0.0140845070423
60231	0.0140845070423
60297	0.0140845070423
11087	0.013986013986
11095	0.013986013986
50952	0.013986013986
53134	0.013986013986
11502	0.0138888888889
12153	0.0138888888889
16963	0.0138888888889
17932	0.0138888888889
25383	0.0138888888889
25618	0.0138888888889
26724	0.0138888888889
29928	0.0138888888889
32917	0.0138888888889
33166	0.0138888888889
34532	0.0138888888889
41251	0.0138888888889
41461	0.0138888888889
41710	0.0138888888889
42427	0.0138888888889
42905	0.0138888888889
53173	0.0138888888889
13633	0.0137931034483
51274	0.0137931034483
113	0.013698630137
1269	0.013698630137
3040	0.013698630137
5658	0.013698630137
13058	0.013698630137
22573	0.013698630137
25002	0.013698630137
29822	0.013698630137
38681	0.013698630137
40557	0.013698630137
45715	0.013698630137
47668	0.013698630137
51464	0.013698630137
52057	0.013698630137
52488	0.013698630137
59509	0.013698630137
11798	0.0136054421769
1636	0.0135135135135
3996	0.0135135135135
5513	0.0135135135135
8372	0.0135135135135
11511	0.0135135135135
19996	0.0135135135135
29053	0.0135135135135
32931	0.0135135135135
35039	0.0135135135135
37007	0.0135135135135
41381	0.0135135135135
41542	0.0135135135135
42352	0.0135135135135
52128	0.0135135135135
52132	0.0135135135135
52148	0.0135135135135
52468	0.0135135135135
52548	0.0135135135135
61046	0.0135135135135
5622	0.0134770889488
21558	0.013468013468
2411	0.0134228187919
3022	0.0134228187919
4035	0.0134228187919
18997	0.0134228187919
3979	0.0133333333333
8948	0.0133333333333
27235	0.0133333333333
34824	0.0133333333333
34997	0.0133333333333
35413	0.0133333333333
35971	0.0133333333333
36112	0.0133333333333
42377	0.0133333333333
51024	0.0133333333333
4977	0.0132450331126
30828	0.0132450331126
53	0.0131578947368
2415	0.0131578947368
3981	0.0131578947368
5106	0.0131578947368
11230	0.0131578947368
11550	0.0131578947368
16281	0.0131578947368
32803	0.0131578947368
35961	0.0131578947368
37800	0.0131578947368
41075	0.0131578947368
47136	0.0131578947368
51012	0.0131578947368
52450	0.0131578947368
61099	0.0131578947368
9646	0.0130718954248
15114	0.0130718954248
13095	0.0130434782609
1147	0.012987012987
1742	0.012987012987
2786	0.012987012987
5679	0.012987012987
8739	0.012987012987
21982	0.012987012987
23240	0.012987012987
24522	0.012987012987
30294	0.012987012987
34691	0.012987012987
34998	0.012987012987
38569	0.012987012987
40212	0.012987012987
41405	0.012987012987
46509	0.012987012987
51745	0.012987012987
52296	0.012987012987
42374	0.0128755364807
1646	0.0128205128205
2739	0.0128205128205
12838	0.0128205128205
22856	0.0128205128205
24058	0.0128205128205
42790	0.0128205128205
50851	0.0128205128205
21331	0.0127659574468
10010	0.0127388535032
35958	0.0126984126984
41307	0.0126984126984
4074	0.0126582278481
4804	0.0126582278481
10633	0.0126582278481
26098	0.0126582278481
27070	0.0126582278481
27255	0.0126582278481
34652	0.0126582278481
39194	0.0126582278481
41397	0.0126582278481
42409	0.0126582278481
42460	0.0126582278481
50240	0.0126582278481
52121	0.0126582278481
41091	0.0126050420168
23244	0.0125786163522
2937	0.0125
16784	0.0125
17278	0.0125
20345	0.0125
22684	0.0125
29573	0.0125
32811	0.0125
38493	0.0125
41274	0.0125
42399	0.0125
46050	0.0125
4418	0.0124223602484
2358	0.0123456790123
5810	0.0123456790123
10096	0.0123456790123
14649	0.0123456790123
26777	0.0123456790123
26940	0.0123456790123
34128	0.0123456790123
34749	0.0123456790123
36411	0.0123456790123
39851	0.0123456790123
40979	0.0123076923077
21648	0.0122950819672
10248	0.0122699386503
23299	0.0122699386503
23440	0.0122699386503
1508	0.0121951219512
13971	0.0121951219512
28734	0.0121951219512
40893	0.0121951219512
40986	0.0121951219512
42925	0.0121951219512
51004	0.0121951219512
52641	0.0121951219512
932	0.0121359223301
16368	0.0121212121212
18129	0.0121212121212
688	0.0120481927711
2460	0.0120481927711
7462	0.0120481927711
7693	0.0120481927711
18698	0.0120481927711
19572	0.0120481927711
27594	0.0120481927711
27874	0.0120481927711
28824	0.0120481927711
33947	0.0120481927711
38989	0.0120481927711
39034	0.0120481927711
40307	0.0120481927711
41041	0.0120481927711
51820	0.0120481927711
52170	0.0120481927711
59906	0.0120481927711
4135	0.0119760479042
35019	0.0119760479042
1386	0.0119047619048
4766	0.0119047619048
7526	0.0119047619048
10844	0.0119047619048
14555	0.0119047619048
18295	0.0119047619048
19521	0.0119047619048
29804	0.0119047619048
38272	0.0119047619048
42389	0.0119047619048
50079	0.0119047619048
50935	0.0119047619048
51353	0.0119047619048
51589	0.0119047619048
9188	0.0118577075099
4868	0.0118343195266
45139	0.011811023622
50845	0.011811023622
4007	0.0117647058824
4128	0.0117647058824
16357	0.0117647058824
17442	0.0117647058824
20481	0.0117647058824
22864	0.0117647058824
23230	0.0117647058824
30195	0.0117647058824
35541	0.0117647058824
37163	0.0117647058824
38739	0.0117647058824
40645	0.0117647058824
41244	0.0117647058824
41399	0.0117647058824
44993	0.0117647058824
51105	0.0117647058824
52853	0.0117647058824
52946	0.0117647058824
53136	0.0117647058824
2355	0.0116279069767
8089	0.0116279069767
16920	0.0116279069767
23222	0.0116279069767
26830	0.0116279069767
29756	0.0116279069767
30694	0.0116279069767
35480	0.0116279069767
38099	0.0116279069767
43016	0.0116279069767
48899	0.0116279069767
52043	0.0116279069767
52190	0.0116279069767
33841	0.0115606936416
6803	0.0114942528736
11079	0.0114942528736
19688	0.0114942528736
23825	0.0114942528736
27550	0.0114942528736
33720	0.0114942528736
40973	0.0114942528736
40974	0.0114942528736
42111	0.0114942528736
42813	0.0114942528736
52738	0.0114942528736
30980	0.0114678899083
51159	0.0114285714286
652	0.0113636363636
1487	0.0113636363636
4760	0.0113636363636
7411	0.0113636363636
18815	0.0113636363636
24833	0.0113636363636
28042	0.0113636363636
33124	0.0113636363636
34369	0.0113636363636
38307	0.0113636363636
41143	0.0113636363636
41428	0.0113636363636
41571	0.0113636363636
46558	0.0113636363636
59506	0.0113636363636
4144	0.0112994350282
7344	0.0112994350282
17915	0.0112994350282
34147	0.0112994350282
1180	0.0112359550562
1877	0.0112359550562
2917	0.0112359550562
25332	0.0112359550562
26295	0.0112359550562
27379	0.0112359550562
34621	0.0112359550562
35630	0.0112359550562
41114	0.0112359550562
41391	0.0112359550562
43327	0.0112359550562
49465	0.0112359550562
51470	0.0112359550562
59558	0.0112359550562
22018	0.0111731843575
51168	0.0111731843575
12610	0.0111642743222
20416	0.0111642743222
6789	0.0111524163569
9826	0.0111317254174
4753	0.0111111111111
12475	0.0111111111111
13318	0.0111111111111
16838	0.0111111111111
30191	0.0111111111111
50992	0.0111111111111
51623	0.0111111111111
52196	0.0111111111111
52884	0.0111111111111
13120	0.0110497237569
41378	0.0110497237569
5230	0.010989010989
7751	0.010989010989
17303	0.010989010989
21575	0.010989010989
24698	0.010989010989
25273	0.010989010989
29024	0.010989010989
29582	0.010989010989
30515	0.010989010989
32762	0.010989010989
34897	0.010989010989
38530	0.010989010989
40843	0.010989010989
50291	0.010989010989
51940	0.010989010989
4644	0.0109589041096
955	0.0109289617486
51178	0.0109090909091
11223	0.0108695652174
18596	0.0108695652174
19897	0.0108695652174
20075	0.0108695652174
21298	0.0108695652174
23001	0.0108695652174
23285	0.0108695652174
25117	0.0108695652174
26567	0.0108695652174
31634	0.0108695652174
34190	0.0108695652174
39852	0.0108695652174
44184	0.0108695652174
46731	0.0108695652174
56496	0.0108695652174
216	0.0108108108108
13660	0.0108108108108
22070	0.0108108108108
7317	0.010781671159
38584	0.0107692307692
4468	0.010752688172
35275	0.010752688172
35701	0.010752688172
51364	0.010752688172
59507	0.010752688172
59944	0.010752688172
49394	0.0107066381156
2757	0.0106761565836
6689	0.0106666666667
21715	0.0106382978723
26218	0.0106382978723
26715	0.0106382978723
31313	0.0106382978723
40477	0.0106382978723
41272	0.0106382978723
42642	0.0106382978723
30466	0.010582010582
51213	0.010582010582
17566	0.0105633802817
4149	0.0105263157895
4334	0.0105263157895
10220	0.0105263157895
16145	0.0105263157895
16448	0.0105263157895
26600	0.0105263157895
30619	0.0105263157895
39262	0.0105263157895
41142	0.0105263157895
41343	0.0105263157895
43391	0.0105263157895
51229	0.0105263157895
52733	0.0105263157895
24017	0.0104529616725
637	0.0104166666667
3187	0.0104166666667
6381	0.0104166666667
7472	0.0104166666667
16420	0.0104166666667
17556	0.0104166666667
18673	0.0104166666667
37224	0.0104166666667
39510	0.0104166666667
41880	0.0104166666667
41968	0.0104166666667
50958	0.0104166666667
17277	0.0103626943005
18813	0.0103626943005
38659	0.0103626943005
7301	0.0103092783505
9142	0.0103092783505
41081	0.0103092783505
41249	0.0103092783505
42414	0.0103092783505
43276	0.0103092783505
32042	0.0102564102564
11775	0.0102040816327
12188	0.0102040816327
25295	0.0102040816327
28134	0.0102040816327
29933	0.0102040816327
33879	0.0102040816327
34619	0.0102040816327
34073	0.010152284264
51038	0.010152284264
870	0.0101265822785
1068	0.010101010101
4814	0.010101010101
5371	0.010101010101
10082	0.010101010101
32130	0.010101010101
36606	0.010101010101
41621	0.010101010101
42344	0.010101010101
42468	0.010101010101
50979	0.010101010101
51114	0.010101010101
51250	0.010101010101
871	0.01
1950	0.01
10388	0.01
13999	0.01
24316	0.01
48252	0.01
51242	0.01
51795	0.01
50980	0.00995024875622
2448	0.00990099009901
4873	0.00990099009901
6440	0.00990099009901
13394	0.00990099009901
27537	0.00990099009901
33143	0.00990099009901
34191	0.00990099009901
40985	0.00990099009901
51092	0.00990099009901
52991	0.00990099009901
60068	0.00990099009901
42912	0.00986842105263
4452	0.00980392156863
7198	0.00980392156863
18214	0.00980392156863
27691	0.00980392156863
41197	0.00980392156863
5237	0.00977653631285
2169	0.00975609756098
37194	0.00975609756098
2245	0.00970873786408
3205	0.00970873786408
8519	0.00970873786408
18974	0.00970873786408
20800	0.00970873786408
21379	0.00970873786408
31298	0.00970873786408
34105	0.00970873786408
40104	0.00970873786408
49985	0.00970873786408
7974	0.00966183574879
3288	0.00961538461538
7124	0.00961538461538
11262	0.00961538461538
12970	0.00961538461538
13258	0.00961538461538
17570	0.00961538461538
32058	0.00961538461538
35581	0.00961538461538
36894	0.00961538461538
41271	0.00961538461538
43575	0.00961538461538
45076	0.00961538461538
32738	0.00956937799043
18960	0.00953516090584
1239	0.00952380952381
2463	0.00952380952381
8767	0.00952380952381
8901	0.00952380952381
9647	0.00952380952381
10973	0.00952380952381
34104	0.00952380952381
41101	0.00952380952381
2084	0.00943396226415
15188	0.00943396226415
20752	0.00943396226415
22589	0.00943396226415
24164	0.00943396226415
30185	0.00943396226415
32509	0.00943396226415
34168	0.00943396226415
39286	0.00943396226415
41083	0.00943396226415
49210	0.00943396226415
11481	0.009375
18307	0.0093567251462
8709	0.00935203740815
17767	0.00934579439252
21583	0.00934579439252
38338	0.00934579439252
51892	0.00934579439252
59604	0.00934579439252
60987	0.00934579439252
2409	0.00931677018634
4173	0.0093023255814
52029	0.0093023255814
5637	0.00925925925926
11782	0.00925925925926
22971	0.00925925925926
26592	0.00925925925926
27529	0.00925925925926
31962	0.00925925925926
38585	0.00925925925926
51346	0.00925925925926
12182	0.00921658986175
2247	0.00917431192661
3194	0.00917431192661
21666	0.00917431192661
31692	0.00917431192661
41025	0.00917431192661
47473	0.00917431192661
7300	0.0091533180778
40289	0.00911161731207
6632	0.00909090909091
7303	0.00909090909091
9288	0.00909090909091
13927	0.00909090909091
27527	0.00909090909091
41618	0.00909090909091
42931	0.00909090909091
50943	0.00909090909091
52357	0.00909090909091
5616	0.00903614457831
1309	0.00900900900901
3859	0.00900900900901
5023	0.00900900900901
5350	0.00900900900901
17008	0.00900900900901
23514	0.00900900900901
23990	0.00900900900901
28486	0.00900900900901
29707	0.00900900900901
35486	0.00900900900901
41103	0.00900900900901
41480	0.00900900900901
51492	0.00900900900901
51707	0.00900900900901
41015	0.0089552238806
5728	0.00892857142857
9715	0.00892857142857
14839	0.00892857142857
19922	0.00892857142857
25169	0.00892857142857
32490	0.00892857142857
33716	0.00892857142857
41082	0.00892857142857
41370	0.00892857142857
43337	0.00892857142857
41032	0.00890207715134
3664	0.00884955752212
6305	0.00884955752212
11378	0.00884955752212
11784	0.00884955752212
29356	0.00884955752212
41078	0.00884955752212
42799	0.00884955752212
50884	0.00884955752212
52891	0.00884955752212
2544	0.00877192982456
2681	0.00877192982456
14381	0.00877192982456
25431	0.00877192982456
28832	0.00877192982456
29444	0.00877192982456
32784	0.00877192982456
41206	0.00877192982456
45717	0.00877192982456
47265	0.00877192982456
47553	0.00877192982456
50506	0.00877192982456
59508	0.00877192982456
41583	0.00875656742557
694	0.00869565217391
1821	0.00869565217391
11774	0.00869565217391
34933	0.00869565217391
41426	0.00869565217391
42483	0.00869565217391
53069	0.00869565217391
39546	0.00867052023121
4654	0.00866738894908
29686	0.00864553314121
7513	0.00862068965517
9656	0.00862068965517
22231	0.00862068965517
32823	0.00862068965517
41257	0.00862068965517
41799	0.00862068965517
41935	0.00862068965517
52062	0.00862068965517
28047	0.00857142857143
28810	0.00857142857143
631	0.00854700854701
6428	0.00854700854701
11145	0.00854700854701
14233	0.00854700854701
25413	0.00854700854701
28141	0.00854700854701
28711	0.00854700854701
32074	0.00854700854701
32626	0.00854700854701
41160	0.00854700854701
42194	0.00854700854701
42320	0.00854700854701
43749	0.00854700854701
51359	0.00854700854701
13955	0.00853242320819
10727	0.00851063829787
5503	0.00850661625709
7349	0.00849858356941
20669	0.00847457627119
24971	0.00847457627119
32684	0.00847457627119
42053	0.00847457627119
47633	0.00847457627119
52521	0.00847457627119
5693	0.0084388185654
39209	0.0084388185654
1700	0.00840336134454
2639	0.00840336134454
3317	0.00840336134454
36105	0.00840336134454
39288	0.00840336134454
41715	0.00840336134454
41807	0.00840336134454
43828	0.00840336134454
51429	0.00840336134454
29492	0.00836820083682
41058	0.00836820083682
33762	0.00835073068894
2361	0.00833333333333
29780	0.00833333333333
41002	0.00833333333333
41134	0.00833333333333
43325	0.00833333333333
50553	0.00833333333333
5432	0.00832755031228
6816	0.00829875518672
19599	0.00829875518672
31879	0.00829875518672
39447	0.00828402366864
29277	0.00827423167849
12343	0.00826446280992
14749	0.00826446280992
16846	0.00826446280992
41236	0.00826446280992
44035	0.00826446280992
50936	0.00826446280992
51011	0.00826446280992
37052	0.0082304526749
38492	0.00820793433653
2785	0.00819672131148
3986	0.00819672131148
5113	0.00819672131148
13071	0.00819672131148
19201	0.00819672131148
26741	0.00819672131148
31895	0.00819672131148
41172	0.00819672131148
22929	0.00818926296633
36394	0.0081799591002
31882	0.00816326530612
1902	0.00815494393476
10054	0.00813008130081
19126	0.00813008130081
21719	0.00813008130081
28298	0.00813008130081
30880	0.00813008130081
41303	0.00813008130081
41322	0.00813008130081
38191	0.00810185185185
38206	0.0080971659919
10920	0.00806451612903
25051	0.00806451612903
25453	0.00806451612903
34830	0.00806451612903
52471	0.00806451612903
38932	0.00802139037433
8729	0.008
11359	0.008
20111	0.008
25091	0.008
31309	0.008
43088	0.008
49408	0.008
59890	0.008
28633	0.00796812749004
51173	0.00796812749004
5221	0.00793650793651
18134	0.00793650793651
18456	0.00793650793651
26310	0.00793650793651
27925	0.00793650793651
29855	0.00793650793651
33552	0.00793650793651
40036	0.00793650793651
41127	0.00793650793651
41374	0.00793650793651
44776	0.00793650793651
49392	0.00793650793651
17711	0.00790513833992
16917	0.00789473684211
4604	0.00787401574803
14525	0.00787401574803
17299	0.00787401574803
20205	0.00787401574803
14352	0.0078431372549
21323	0.00783289817232
34169	0.00782778864971
2164	0.0078125
2367	0.0078125
10045	0.0078125
11239	0.0078125
13829	0.0078125
22895	0.0078125
27949	0.0078125
29564	0.0078125
39383	0.0078125
41328	0.0078125
47675	0.0078125
9135	0.00779220779221
40995	0.00777202072539
1328	0.0077519379845
3544	0.0077519379845
3565	0.0077519379845
5804	0.0077519379845
6904	0.0077519379845
12167	0.0077519379845
52332	0.0077519379845
61083	0.0077519379845
1064	0.0077399380805
30835	0.00772200772201
41164	0.00772200772201
18515	0.00771208226221
40562	0.00769230769231
5000	0.00768386388584
34224	0.00768386388584
900	0.00766871165644
34858	0.00766283524904
22919	0.00763358778626
25834	0.00763358778626
30445	0.00763358778626
30923	0.00763358778626
41421	0.00763358778626
3527	0.00757575757576
6657	0.00757575757576
19429	0.00757575757576
20875	0.00757575757576
31340	0.00757575757576
35847	0.00757575757576
41194	0.00757575757576
41392	0.00757575757576
44486	0.00757575757576
44951	0.00757575757576
33895	0.00754716981132
40984	0.00754716981132
4775	0.00751879699248
17015	0.00751879699248
18276	0.00751879699248
29990	0.00751879699248
41056	0.00751879699248
41284	0.00751879699248
46619	0.00751879699248
48902	0.00751879699248
53001	0.00751879699248
59919	0.00751879699248
18311	0.00747863247863
18199	0.00746268656716
22877	0.00746268656716
33830	0.00746268656716
41411	0.00746268656716
49397	0.00746268656716
51030	0.00746268656716
76	0.00745033112583
3689	0.00744416873449
31440	0.00744416873449
15207	0.00743494423792
34920	0.00743494423792
34391	0.00740740740741
51689	0.00740740740741
53114	0.00740740740741
41253	0.00738007380074
5420	0.00736196319018
106	0.00735294117647
15288	0.00735294117647
22941	0.00735294117647
34199	0.00735294117647
38078	0.00735294117647
50969	0.00735294117647
51988	0.00735294117647
40999	0.00733944954128
20818	0.00731707317073
51096	0.00731707317073
51133	0.00731707317073
13418	0.00729927007299
41055	0.00729927007299
50881	0.00729927007299
50944	0.00729927007299
51313	0.00729927007299
53377	0.00729927007299
8732	0.00728597449909
15636	0.00728155339806
11769	0.00725952813067
995	0.00724637681159
8246	0.00724637681159
17939	0.00724637681159
31877	0.00724637681159
38080	0.00724637681159
39771	0.00724637681159
42308	0.00724637681159
4916	0.00720720720721
616	0.00719424460432
4136	0.00719424460432
5552	0.00719424460432
13149	0.00719424460432
22408	0.00719424460432
22479	0.00719424460432
28673	0.00719424460432
38790	0.00719424460432
39478	0.00719424460432
41793	0.00719424460432
35136	0.00718132854578
1117	0.00716845878136
19288	0.00716845878136
40334	0.00716845878136
3865	0.00714285714286
11297	0.00714285714286
41536	0.00714285714286
41819	0.00714285714286
51496	0.00714285714286
37426	0.00711743772242
1113	0.00710900473934
1169	0.00709219858156
3492	0.00709219858156
10047	0.00709219858156
10112	0.00709219858156
15825	0.00709219858156
23532	0.00709219858156
28559	0.00709219858156
32809	0.00709219858156
43376	0.00709219858156
51118	0.00709219858156
51281	0.00709219858156
53000	0.00709219858156
11201	0.0070796460177
33887	0.0070796460177
5218	0.00705467372134
3793	0.00704225352113
7062	0.00704225352113
29543	0.00704225352113
37577	0.00704225352113
20173	0.00702576112412
2840	0.00702370500439
29739	0.00701754385965
2344	0.00700700700701
2104	0.00699300699301
2144	0.00699300699301
17771	0.00699300699301
21550	0.00699300699301
32457	0.00699300699301
41063	0.00699300699301
4489	0.00698080279232
27525	0.00697674418605
5599	0.00696864111498
5575	0.00694444444444
12646	0.00694444444444
13056	0.00694444444444
22798	0.00694444444444
41079	0.00694444444444
14750	0.00692041522491
41065	0.00692041522491
39136	0.00691775557264
1676	0.00689655172414
10162	0.00689655172414
22621	0.00689655172414
30917	0.00689655172414
41152	0.00689655172414
43785	0.00689655172414
57496	0.00689655172414
4242	0.00684931506849
4582	0.00684931506849
16340	0.00684931506849
28820	0.00684931506849
36037	0.00684931506849
39323	0.00684931506849
41489	0.00684931506849
42270	0.00684931506849
5884	0.00680272108844
8397	0.00680272108844
12830	0.00680272108844
16831	0.00680272108844
36418	0.00680272108844
41890	0.00680272108844
5460	0.00677966101695
6564	0.00677966101695
52018	0.00677966101695
36398	0.00677637947725
755	0.00675675675676
862	0.00675675675676
6222	0.00675675675676
11060	0.00675675675676
17315	0.00675675675676
18130	0.00675675675676
31864	0.00675675675676
38807	0.00675675675676
39324	0.00675675675676
40344	0.00675675675676
41161	0.00675675675676
41468	0.00675675675676
7413	0.00671140939597
14518	0.00671140939597
22251	0.00671140939597
43178	0.00671140939597
51568	0.00671140939597
16449	0.0066889632107
172	0.00666666666667
26486	0.00666666666667
38820	0.00666666666667
42312	0.00666666666667
52555	0.00666666666667
3499	0.00663716814159
4280	0.00662251655629
4704	0.00662251655629
32651	0.00662251655629
3273	0.00661521499449
3991	0.00660066006601
4347	0.00657894736842
4625	0.00657894736842
28709	0.00657894736842
38907	0.00657894736842
51415	0.00657894736842
52240	0.00657894736842
2007	0.00654307524537
27226	0.00653594771242
23666	0.00652173913043
6954	0.00651465798046
41106	0.00651465798046
6812	0.00649878147847
35345	0.00649350649351
37201	0.00649350649351
38657	0.00649350649351
19598	0.0064892926671
16447	0.00647948164147
554	0.00645161290323
14515	0.00645161290323
29145	0.00645161290323
36897	0.00645161290323
1928	0.0064308681672
4578	0.00642742367434
4655	0.00642543118025
494	0.00641025641026
3698	0.00641025641026
9178	0.00641025641026
13067	0.00641025641026
18699	0.00641025641026
27642	0.00641025641026
51254	0.00641025641026
1118	0.00640614990391
7175	0.00638977635783
4396	0.00638162093172
3933	0.00638103919781
3436	0.00636942675159
13119	0.00636942675159
13621	0.00636942675159
14013	0.00636942675159
17318	0.00636942675159
28156	0.00636942675159
34367	0.00636942675159
7444	0.00632911392405
39085	0.00632911392405
50903	0.00632911392405
2745	0.00631578947368
24958	0.00630914826498
5164	0.0062893081761
6360	0.0062893081761
12585	0.0062893081761
1918	0.00625
17301	0.00625
22534	0.00625
26318	0.00625
38194	0.00625
51676	0.00625
51821	0.00625
22383	0.00621546961326
43473	0.00621118012422
22643	0.0061919504644
51156	0.0061919504644
874	0.00617283950617
52802	0.00617283950617
12121	0.00615384615385
35563	0.00614502253175
4337	0.00613496932515
7299	0.00613496932515
11172	0.00613496932515
27128	0.00613496932515
35237	0.00613496932515
41126	0.00613496932515
1503	0.00611111111111
11196	0.00609756097561
21311	0.00609756097561
24429	0.00609756097561
27899	0.00609756097561
34522	0.00609756097561
51575	0.00609756097561
5157	0.00606673407482
3156	0.00606060606061
25113	0.00606060606061
41552	0.00606060606061
41672	0.00606060606061
42145	0.00606060606061
6304	0.00605143721634
23150	0.00605143721634
1364	0.00604229607251
16927	0.00604229607251
20591	0.00602409638554
24457	0.00602409638554
27906	0.00600600600601
3554	0.0059880239521
4464	0.0059880239521
4711	0.0059880239521
15851	0.0059880239521
19034	0.0059880239521
26059	0.0059880239521
36078	0.0059880239521
12969	0.00597269624573
1135	0.00597014925373
6213	0.00595238095238
10089	0.00595238095238
12511	0.00591715976331
23628	0.00591715976331
27125	0.00591715976331
40982	0.00591715976331
4413	0.00588235294118
38758	0.00588235294118
254	0.00584795321637
3533	0.00584795321637
24606	0.00584795321637
37114	0.00584795321637
41250	0.00584795321637
41940	0.00584795321637
51680	0.00584795321637
41156	0.00583090379009
3729	0.00582524271845
2403	0.00581395348837
3486	0.00581395348837
50870	0.00581395348837
5774	0.00579710144928
17987	0.00579710144928
27890	0.00579374275782
37680	0.00578034682081
38663	0.00578034682081
41000	0.00578034682081
59661	0.00578034682081
41029	0.00576368876081
456	0.00574712643678
34683	0.00574712643678
38800	0.00574712643678
3535	0.00573065902579
29845	0.00573065902579
35360	0.00571428571429
40964	0.00571428571429
48572	0.00571428571429
21797	0.00570342205323
2030	0.00569800569801
22743	0.00568643379366
2934	0.00568181818182
4743	0.00568181818182
18340	0.00568181818182
29591	0.0056657223796
4485	0.00564971751412
13642	0.00564971751412
15381	0.00564971751412
23415	0.00564971751412
40482	0.00564971751412
18701	0.0056338028169
3297	0.00561797752809
3598	0.00561797752809
10157	0.00561797752809
10250	0.00561797752809
10443	0.00561797752809
11128	0.00561797752809
12194	0.00561797752809
25384	0.00561797752809
50652	0.00561797752809
51145	0.00561797752809
51699	0.00561797752809
23786	0.00560224089636
11727	0.00559701492537
6427	0.00558987937629
16723	0.00558659217877
18835	0.00558659217877
22026	0.00558659217877
22805	0.00558659217877
25487	0.00558659217877
51025	0.00558659217877
2037	0.00557103064067
2588	0.00555555555556
40489	0.00555555555556
40987	0.00555555555556
42954	0.00555555555556
50961	0.00555555555556
28051	0.00552486187845
29453	0.00552486187845
34241	0.00552486187845
47611	0.00552486187845
3788	0.00549450549451
30269	0.00549450549451
48076	0.00549450549451
33634	0.00547945205479
33850	0.00547945205479
14206	0.00546448087432
36710	0.00546448087432
40992	0.00546448087432
25324	0.00544959128065
47774	0.00544959128065
51041	0.005444646098
14361	0.0054347826087
51394	0.0054347826087
921	0.00540540540541
2660	0.00540540540541
27651	0.00540540540541
32087	0.00540540540541
49336	0.00540540540541
2898	0.00538793103448
13935	0.00538599640934
3553	0.00537634408602
5809	0.00537634408602
6194	0.00537634408602
33862	0.00537634408602
34667	0.00537634408602
52638	0.00537634408602
869	0.00537503053995
1497	0.00537345513165
3059	0.00536193029491
6417	0.00534759358289
8466	0.00534759358289
28712	0.00534759358289
51121	0.00534759358289
16935	0.00531914893617
19338	0.00531914893617
28700	0.00531914893617
41278	0.00531914893617
51989	0.00531914893617
52383	0.00531914893617
41097	0.0053050397878
39915	0.00530035335689
25732	0.00529100529101
28830	0.00529100529101
29971	0.00529100529101
41088	0.00529100529101
41544	0.00529100529101
30802	0.00526315789474
51197	0.00526315789474
23121	0.00523560209424
23248	0.00523560209424
30901	0.00523560209424
33692	0.00523560209424
50760	0.00523560209424
52065	0.00523560209424
38822	0.00522193211488
9200	0.00521376433785
3548	0.00520833333333
8724	0.00520833333333
11300	0.00520833333333
37776	0.00520833333333
40887	0.00520833333333
41177	0.00520833333333
51211	0.00520833333333
38793	0.0051993067591
37993	0.00519480519481
949	0.00518134715026
25376	0.00518134715026
25738	0.00518134715026
34471	0.00518134715026
41204	0.00518134715026
41546	0.00518134715026
4430	0.0051775147929
4153	0.00516795865633
35809	0.00516795865633
3720	0.00516129032258
6573	0.00515463917526
8229	0.00515463917526
18374	0.00515463917526
51151	0.00515463917526
452	0.00512820512821
7460	0.00512820512821
7505	0.00512820512821
14207	0.00512820512821
18112	0.00512820512821
36999	0.00511508951407
6772	0.00510204081633
24173	0.00510204081633
39265	0.00510204081633
12017	0.00508905852417
19601	0.00508351488744
1680	0.00508259212198
3842	0.00507614213198
30812	0.00507614213198
16273	0.00505050505051
39343	0.00505050505051
44456	0.00505050505051
11664	0.00502512562814
41116	0.00500834724541
23688	0.005
25891	0.005
30982	0.005
4733	0.00497512437811
10266	0.00497512437811
51112	0.00497512437811
1743	0.00496688741722
38925	0.00496688741722
42156	0.00496277915633
41157	0.0049504950495
41227	0.0049504950495
31483	0.00492610837438
41031	0.00492610837438
39785	0.0049115913556
3250	0.00490196078431
9292	0.00490196078431
21507	0.00490196078431
26158	0.00490196078431
41090	0.00489596083231
2216	0.00487804878049
40983	0.00487804878049
22572	0.00485436893204
41452	0.00485436893204
14253	0.00483870967742
4518	0.00481400437637
11314	0.00480769230769
33656	0.00480769230769
44433	0.00480769230769
4439	0.00478468899522
29360	0.00478468899522
2326	0.00477707006369
10281	0.00477326968974
35049	0.00476947535771
4121	0.0047619047619
1380	0.00475059382423
3781	0.00473933649289
18972	0.00473933649289
41047	0.00473933649289
44978	0.00473933649289
51697	0.00473933649289
32188	0.00473186119874
41092	0.00472813238771
1853	0.00471698113208
1048	0.00470366886171
26195	0.00469483568075
41467	0.00469483568075
4846	0.00467653936087
2595	0.00467289719626
10653	0.00467289719626
12824	0.00467289719626
21321	0.00467289719626
31536	0.00467289719626
5231	0.00467047223664
9625	0.00462962962963
5112	0.0046204620462
4563	0.00459981600736
3515	0.0045871559633
21978	0.0045871559633
41942	0.0045871559633
868	0.0045766590389
4695	0.00456621004566
4705	0.00456621004566
25586	0.00456621004566
28290	0.00456621004566
35045	0.00456621004566
50885	0.00456621004566
53342	0.00456621004566
5056	0.00454545454545
20802	0.00454545454545
41555	0.00454545454545
7518	0.00453514739229
27579	0.00452488687783
29399	0.0045045045045
17596	0.00449101796407
34999	0.00448430493274
992	0.0044776119403
5204	0.00446998722861
562	0.00446428571429
27051	0.00446428571429
31830	0.00446428571429
41012	0.00446428571429
20542	0.00445103857567
41037	0.00442477876106
5120	0.00441826215022
14369	0.00440528634361
689	0.00438596491228
3827	0.00438596491228
17946	0.00438596491228
21845	0.00438596491228
38203	0.00436681222707
22744	0.0043630017452
29861	0.00435729847495
5918	0.00434782608696
17346	0.00434782608696
41016	0.00431965442765
51099	0.00429184549356
2787	0.0042735042735
41045	0.0042735042735
52697	0.0042735042735
29852	0.00425531914894
37660	0.00425531914894
3280	0.00424628450106
40988	0.00424628450106
51721	0.00423728813559
7312	0.00422138836773
37961	0.0042194092827
26584	0.00421348314607
33377	0.00420168067227
52055	0.00420168067227
15228	0.0041928721174
1632	0.00418410041841
3419	0.00418410041841
12756	0.00418410041841
11169	0.00417536534447
35703	0.00417536534447
21523	0.00416666666667
26934	0.00416666666667
14360	0.00413223140496
18759	0.00413223140496
13960	0.00411522633745
13111	0.00408878504673
2127	0.00408163265306
14604	0.00408163265306
29055	0.00408163265306
4937	0.00407747196738
29309	0.0040733197556
3531	0.00406504065041
2290	0.0040532715692
4876	0.00404858299595
4900	0.00404858299595
6372	0.00404858299595
17068	0.00404858299595
24126	0.00404858299595
28043	0.00404858299595
33495	0.00404858299595
44281	0.00404858299595
51724	0.00404858299595
7419	0.00403225806452
41444	0.00403225806452
1144	0.00401606425703
4390	0.00401606425703
27927	0.00401606425703
34356	0.00401606425703
41270	0.00401606425703
4327	0.004
23742	0.004
39483	0.004
41353	0.004
893	0.003996003996
20506	0.00397877984085
18205	0.00395256916996
37762	0.00395256916996
2419	0.00394736842105
3133	0.00392670157068
9138	0.00392156862745
27404	0.00392156862745
50327	0.00389105058366
41018	0.00388098318241
18607	0.00387596899225
25930	0.00387596899225
10287	0.00384615384615
28155	0.00384615384615
44117	0.00383141762452
50923	0.00383141762452
512	0.00380228136882
1921	0.00378787878788
26602	0.00377928949358
17147	0.00377358490566
18613	0.00377073906486
3733	0.00376647834275
17586	0.00376647834275
34751	0.00375939849624
37427	0.00375939849624
4005	0.00374531835206
30899	0.00371287128713
41347	0.00369003690037
1119	0.0036855036855
1628	0.00368098159509
9642	0.00368098159509
2110	0.00367647058824
26508	0.003663003663
32862	0.00364298724954
2811	0.00363636363636
13216	0.0036231884058
18584	0.0036231884058
32612	0.00361663652803
2333	0.00361010830325
29909	0.00359712230216
41095	0.00359712230216
18556	0.00358422939068
41208	0.00358422939068
10251	0.00357142857143
27489	0.00357142857143
2313	0.00355871886121
21801	0.00355871886121
30691	0.00355871886121
33142	0.00355871886121
41326	0.00355871886121
40962	0.00355239786856
3116	0.00354609929078
50864	0.00354609929078
21745	0.00353356890459
3365	0.00352941176471
35178	0.00352733686067
38794	0.00351802990325
4399	0.00350877192982
29394	0.00350877192982
1931	0.00346620450607
30794	0.00346020761246
13952	0.00343642611684
25414	0.00343642611684
5519	0.00342759211654
4335	0.00342465753425
7390	0.00342465753425
18414	0.00342465753425
27094	0.00342465753425
41364	0.00341296928328
9538	0.00339270568278
27171	0.00338983050847
41417	0.00338983050847
3747	0.00337837837838
41368	0.00337837837838
1020	0.003367003367
11381	0.003367003367
32832	0.00335570469799
38293	0.00335570469799
28286	0.00333333333333
53040	0.00333333333333
19090	0.00331125827815
50879	0.003300330033
51006	0.00328947368421
7261	0.00326264274062
21772	0.00325732899023
28055	0.00325732899023
7214	0.00323624595469
23011	0.00323624595469
6444	0.00322580645161
253	0.00322234156821
26863	0.00320512820513
41154	0.00320512820513
42424	0.00319488817891
41042	0.0031847133758
14115	0.0031746031746
34637	0.0031746031746
7340	0.00315457413249
8681	0.00315457413249
17355	0.00314465408805
41258	0.00314465408805
51027	0.00314465408805
27809	0.00312012480499
23999	0.00311526479751
13339	0.00311041990669
41039	0.00310559006211
41067	0.00310559006211
41098	0.00310559006211
26805	0.00310421286031
41403	0.00307692307692
30020	0.00302114803625
41972	0.00302114803625
5643	0.00299401197605
12467	0.00298507462687
26893	0.00297619047619
27535	0.00296296296296
33621	0.00295857988166
1655	0.00294117647059
18361	0.00294117647059
32453	0.00294117647059
38959	0.00292397660819
511	0.00290697674419
40972	0.00289855072464
14140	0.0028818443804
41434	0.0028818443804
259	0.00287356321839
41165	0.00287356321839
11232	0.00285714285714
3239	0.002849002849
4764	0.00284495021337
4708	0.0028328611898
22579	0.00282485875706
50863	0.0028129395218
2142	0.00280898876404
37392	0.00280112044818
25554	0.00276243093923
25078	0.00275482093664
21906	0.00274725274725
50957	0.00273224043716
41048	0.00272479564033
9252	0.0027027027027
41132	0.00267379679144
30799	0.00266666666667
23265	0.00265957446809
879	0.0026525198939
15373	0.00263852242744
50933	0.00261096605744
7442	0.00258397932817
1422	0.00258064516129
2381	0.00258064516129
1438	0.00255754475703
29218	0.00255754475703
19547	0.00254452926209
18777	0.00252312867956
867	0.00251889168766
20630	0.00251889168766
35514	0.00251256281407
10987	0.00248138957816
41010	0.00247524752475
39709	0.00240384615385
2515	0.00234741784038
41071	0.00232018561485
41027	0.00231481481481
5553	0.00228310502283
12388	0.00227790432802
11778	0.00226244343891
4951	0.00225733634312
11675	0.00223214285714
1399	0.00215982721382
45223	0.00214132762313
21545	0.00212765957447
28742	0.00210304942166
4137	0.0020964360587
12423	0.00208333333333
41003	0.00206611570248
27865	0.0020202020202
2	0.00200400801603
36392	0.00200400801603
39549	0.00199203187251
17938	0.00198807157058
41355	0.00196463654224
5768	0.00195694716243
41109	0.00194931773879
41068	0.00188323917137
40971	0.00185528756957
28821	0.00184842883549
41985	0.00184842883549
12998	0.00178890876565
2312	0.00173913043478
25098	0.00173310225303
37737	0.00171821305842
51212	0.00170648464164
28407	0.00170068027211
29863	0.00169491525424
41074	0.00169491525424
11655	0.00166389351082
40965	0.00161030595813
1984	0.00153609831029
2613	0.001414427157
2186	0.00141242937853
29854	0.00134952766532
2733	0.00128865979381
28405	0.00113636363636
11	0.000979431929481
