45225	0.1
52839	0.0952380952381
48291	0.0909090909091
41565	0.0857142857143
37401	0.0769230769231
23184	0.0689655172414
38546	0.0645161290323
60077	0.0625
42823	0.0606060606061
2484	0.0555555555556
50854	0.0555555555556
11662	0.0540540540541
34363	0.0540540540541
3654	0.0526315789474
4509	0.0526315789474
5651	0.0526315789474
6447	0.0526315789474
7360	0.0526315789474
7380	0.0526315789474
9248	0.0526315789474
9606	0.0526315789474
11460	0.0526315789474
15111	0.0526315789474
16013	0.0526315789474
16527	0.0526315789474
17262	0.0526315789474
19065	0.0526315789474
22102	0.0526315789474
22653	0.0526315789474
24462	0.0526315789474
25793	0.0526315789474
26865	0.0526315789474
29214	0.0526315789474
30001	0.0526315789474
31359	0.0526315789474
33042	0.0526315789474
34526	0.0526315789474
37145	0.0526315789474
37851	0.0526315789474
39665	0.0526315789474
40343	0.0526315789474
40439	0.0526315789474
43965	0.0526315789474
44936	0.0526315789474
45762	0.0526315789474
49303	0.0526315789474
54434	0.0526315789474
57119	0.0526315789474
57540	0.0526315789474
60673	0.0526315789474
60997	0.0526315789474
6923	0.0512820512821
48195	0.0512820512821
878	0.05
1514	0.05
1757	0.05
2141	0.05
3560	0.05
6084	0.05
7382	0.05
8702	0.05
9152	0.05
9433	0.05
9508	0.05
9599	0.05
9605	0.05
11065	0.05
11796	0.05
13672	0.05
14456	0.05
14655	0.05
15132	0.05
16530	0.05
17780	0.05
20806	0.05
22468	0.05
22595	0.05
23037	0.05
23133	0.05
23851	0.05
24219	0.05
27834	0.05
28863	0.05
29265	0.05
29584	0.05
30457	0.05
32517	0.05
33393	0.05
35188	0.05
36536	0.05
37493	0.05
37546	0.05
38526	0.05
39494	0.05
40818	0.05
42116	0.05
42160	0.05
43406	0.05
44752	0.05
44792	0.05
45974	0.05
47001	0.05
48743	0.05
49080	0.05
50312	0.05
53494	0.05
56748	0.05
57125	0.05
57711	0.05
58799	0.05
58857	0.05
24369	0.0487804878049
46728	0.0487804878049
446	0.047619047619
1397	0.047619047619
1626	0.047619047619
1662	0.047619047619
5212	0.047619047619
6602	0.047619047619
8004	0.047619047619
8817	0.047619047619
9236	0.047619047619
10885	0.047619047619
12518	0.047619047619
13792	0.047619047619
15455	0.047619047619
19905	0.047619047619
20583	0.047619047619
20904	0.047619047619
21354	0.047619047619
21367	0.047619047619
22665	0.047619047619
23298	0.047619047619
24954	0.047619047619
28385	0.047619047619
28411	0.047619047619
36589	0.047619047619
37322	0.047619047619
38060	0.047619047619
38859	0.047619047619
38930	0.047619047619
42647	0.047619047619
44895	0.047619047619
45645	0.047619047619
46242	0.047619047619
47784	0.047619047619
48428	0.047619047619
50141	0.047619047619
50750	0.047619047619
50946	0.047619047619
53864	0.047619047619
56669	0.047619047619
56866	0.047619047619
57939	0.047619047619
58515	0.047619047619
59058	0.047619047619
60917	0.047619047619
61249	0.047619047619
4740	0.0454545454545
6815	0.0454545454545
7278	0.0454545454545
7308	0.0454545454545
8402	0.0454545454545
8502	0.0454545454545
9115	0.0454545454545
9215	0.0454545454545
14342	0.0454545454545
14783	0.0454545454545
17059	0.0454545454545
18886	0.0454545454545
19476	0.0454545454545
19761	0.0454545454545
20681	0.0454545454545
20773	0.0454545454545
21846	0.0454545454545
23835	0.0454545454545
24755	0.0454545454545
26708	0.0454545454545
27552	0.0454545454545
28637	0.0454545454545
28675	0.0454545454545
34066	0.0454545454545
35013	0.0454545454545
36866	0.0454545454545
38831	0.0454545454545
39057	0.0454545454545
40950	0.0454545454545
42324	0.0454545454545
42717	0.0454545454545
47106	0.0454545454545
47544	0.0454545454545
50622	0.0454545454545
52153	0.0454545454545
53906	0.0454545454545
56108	0.0454545454545
57666	0.0454545454545
58871	0.0454545454545
5386	0.0434782608696
5502	0.0434782608696
5924	0.0434782608696
11849	0.0434782608696
11891	0.0434782608696
15534	0.0434782608696
15859	0.0434782608696
18853	0.0434782608696
19112	0.0434782608696
22114	0.0434782608696
25730	0.0434782608696
26217	0.0434782608696
29759	0.0434782608696
29948	0.0434782608696
31951	0.0434782608696
33264	0.0434782608696
34953	0.0434782608696
37155	0.0434782608696
38216	0.0434782608696
40605	0.0434782608696
44315	0.0434782608696
44918	0.0434782608696
47255	0.0434782608696
49029	0.0434782608696
50006	0.0434782608696
50424	0.0434782608696
51771	0.0434782608696
58038	0.0434782608696
58959	0.0434782608696
59762	0.0434782608696
59939	0.0434782608696
61126	0.0434782608696
61447	0.0434782608696
37379	0.0428571428571
27268	0.0425531914894
42636	0.0425531914894
355	0.0416666666667
1352	0.0416666666667
1566	0.0416666666667
6751	0.0416666666667
6903	0.0416666666667
7192	0.0416666666667
7455	0.0416666666667
9558	0.0416666666667
11432	0.0416666666667
11537	0.0416666666667
12370	0.0416666666667
13377	0.0416666666667
13700	0.0416666666667
13884	0.0416666666667
16432	0.0416666666667
22052	0.0416666666667
22874	0.0416666666667
24391	0.0416666666667
28356	0.0416666666667
32090	0.0416666666667
33304	0.0416666666667
33516	0.0416666666667
34120	0.0416666666667
37491	0.0416666666667
38151	0.0416666666667
42336	0.0416666666667
44343	0.0416666666667
44607	0.0416666666667
44888	0.0416666666667
45521	0.0416666666667
50420	0.0416666666667
52405	0.0416666666667
52749	0.0416666666667
55089	0.0416666666667
55643	0.0416666666667
56957	0.0416666666667
59172	0.0416666666667
60405	0.0416666666667
60427	0.0416666666667
60994	0.0416666666667
36726	0.0408163265306
56	0.04
455	0.04
1513	0.04
3578	0.04
5217	0.04
5571	0.04
7615	0.04
8055	0.04
8527	0.04
13252	0.04
13924	0.04
14055	0.04
14661	0.04
15521	0.04
15728	0.04
23276	0.04
24367	0.04
24411	0.04
25415	0.04
26505	0.04
27259	0.04
29666	0.04
29839	0.04
30576	0.04
33308	0.04
35647	0.04
35902	0.04
37264	0.04
40806	0.04
41579	0.04
44318	0.04
47174	0.04
47346	0.04
50662	0.04
50765	0.04
51836	0.04
52935	0.04
54641	0.04
56974	0.04
57840	0.04
58560	0.04
42315	0.0392156862745
50287	0.0392156862745
306	0.0384615384615
918	0.0384615384615
1127	0.0384615384615
3185	0.0384615384615
3800	0.0384615384615
4540	0.0384615384615
4559	0.0384615384615
6156	0.0384615384615
10304	0.0384615384615
11114	0.0384615384615
11125	0.0384615384615
14240	0.0384615384615
14709	0.0384615384615
17268	0.0384615384615
17276	0.0384615384615
18507	0.0384615384615
20528	0.0384615384615
20621	0.0384615384615
20792	0.0384615384615
20869	0.0384615384615
21077	0.0384615384615
22449	0.0384615384615
23503	0.0384615384615
26655	0.0384615384615
29997	0.0384615384615
36289	0.0384615384615
42240	0.0384615384615
42653	0.0384615384615
42780	0.0384615384615
44984	0.0384615384615
45409	0.0384615384615
46680	0.0384615384615
48581	0.0384615384615
51093	0.0384615384615
51131	0.0384615384615
51174	0.0384615384615
51628	0.0384615384615
52108	0.0384615384615
57219	0.0384615384615
58950	0.0384615384615
60158	0.0384615384615
60452	0.0384615384615
60535	0.0384615384615
39006	0.0377358490566
39964	0.0377358490566
239	0.037037037037
385	0.037037037037
12931	0.037037037037
17900	0.037037037037
19107	0.037037037037
19888	0.037037037037
21355	0.037037037037
22599	0.037037037037
27183	0.037037037037
29127	0.037037037037
29747	0.037037037037
30160	0.037037037037
30172	0.037037037037
30190	0.037037037037
31429	0.037037037037
32206	0.037037037037
33733	0.037037037037
35680	0.037037037037
36696	0.037037037037
37545	0.037037037037
38549	0.037037037037
41112	0.037037037037
41582	0.037037037037
42938	0.037037037037
43311	0.037037037037
43841	0.037037037037
45080	0.037037037037
47195	0.037037037037
48669	0.037037037037
51270	0.037037037037
52295	0.037037037037
53415	0.037037037037
54272	0.037037037037
54675	0.037037037037
57523	0.037037037037
41428	0.0365853658537
4425	0.0363636363636
5530	0.0357142857143
6288	0.0357142857143
7608	0.0357142857143
8221	0.0357142857143
9244	0.0357142857143
9550	0.0357142857143
11765	0.0357142857143
12642	0.0357142857143
16777	0.0357142857143
17587	0.0357142857143
17737	0.0357142857143
17995	0.0357142857143
23610	0.0357142857143
24217	0.0357142857143
24782	0.0357142857143
30920	0.0357142857143
37520	0.0357142857143
37524	0.0357142857143
38009	0.0357142857143
38323	0.0357142857143
41881	0.0357142857143
42936	0.0357142857143
43605	0.0357142857143
49433	0.0357142857143
52140	0.0357142857143
59897	0.0357142857143
4227	0.0352941176471
4048	0.0350877192982
2657	0.0344827586207
3750	0.0344827586207
4650	0.0344827586207
8615	0.0344827586207
8791	0.0344827586207
9278	0.0344827586207
13117	0.0344827586207
17574	0.0344827586207
17676	0.0344827586207
27570	0.0344827586207
33685	0.0344827586207
41189	0.0344827586207
45136	0.0344827586207
46966	0.0344827586207
48828	0.0344827586207
49069	0.0344827586207
52025	0.0344827586207
52120	0.0344827586207
52270	0.0344827586207
52806	0.0344827586207
53197	0.0344827586207
55824	0.0344827586207
56053	0.0344827586207
58346	0.0344827586207
58665	0.0344827586207
59459	0.0344827586207
59964	0.0344827586207
15596	0.0338983050847
49842	0.0338983050847
404	0.0333333333333
2356	0.0333333333333
8758	0.0333333333333
11207	0.0333333333333
11302	0.0333333333333
18092	0.0333333333333
18506	0.0333333333333
19068	0.0333333333333
20485	0.0333333333333
20787	0.0333333333333
22059	0.0333333333333
25559	0.0333333333333
28050	0.0333333333333
29967	0.0333333333333
32269	0.0333333333333
32554	0.0333333333333
33812	0.0333333333333
34742	0.0333333333333
34911	0.0333333333333
37542	0.0333333333333
42808	0.0333333333333
43764	0.0333333333333
45714	0.0333333333333
45885	0.0333333333333
47504	0.0333333333333
48547	0.0333333333333
53239	0.0333333333333
59572	0.0333333333333
61282	0.0333333333333
20245	0.0327868852459
2775	0.0322580645161
3313	0.0322580645161
4400	0.0322580645161
4792	0.0322580645161
5984	0.0322580645161
8166	0.0322580645161
10729	0.0322580645161
10899	0.0322580645161
11827	0.0322580645161
13247	0.0322580645161
13786	0.0322580645161
14693	0.0322580645161
15146	0.0322580645161
17259	0.0322580645161
24679	0.0322580645161
25843	0.0322580645161
30030	0.0322580645161
31396	0.0322580645161
33556	0.0322580645161
33966	0.0322580645161
37152	0.0322580645161
42689	0.0322580645161
42988	0.0322580645161
44504	0.0322580645161
46130	0.0322580645161
46215	0.0322580645161
50767	0.0322580645161
52954	0.0322580645161
56789	0.0322580645161
1168	0.031746031746
19204	0.031746031746
25115	0.031746031746
3538	0.03125
7464	0.03125
9506	0.03125
10158	0.03125
12378	0.03125
12769	0.03125
17565	0.03125
24387	0.03125
25598	0.03125
27989	0.03125
28080	0.03125
29592	0.03125
32383	0.03125
39434	0.03125
40848	0.03125
41474	0.03125
42247	0.03125
42263	0.03125
42342	0.03125
42960	0.03125
46447	0.03125
46654	0.03125
47059	0.03125
51090	0.03125
52061	0.03125
57361	0.03125
60047	0.03125
60161	0.03125
60233	0.03125
60387	0.03125
18974	0.0309278350515
24046	0.0307692307692
2131	0.030303030303
4984	0.030303030303
5611	0.030303030303
6533	0.030303030303
7741	0.030303030303
16247	0.030303030303
16311	0.030303030303
21660	0.030303030303
21737	0.030303030303
23992	0.030303030303
25733	0.030303030303
32035	0.030303030303
35028	0.030303030303
41242	0.030303030303
43275	0.030303030303
43877	0.030303030303
46327	0.030303030303
49735	0.030303030303
51245	0.030303030303
51433	0.030303030303
52023	0.030303030303
52562	0.030303030303
36390	0.0298507462687
43744	0.0298507462687
4070	0.0296296296296
1907	0.0294117647059
2053	0.0294117647059
2137	0.0294117647059
3146	0.0294117647059
4361	0.0294117647059
7764	0.0294117647059
9247	0.0294117647059
11830	0.0294117647059
12430	0.0294117647059
14746	0.0294117647059
20074	0.0294117647059
20562	0.0294117647059
24848	0.0294117647059
25607	0.0294117647059
27082	0.0294117647059
27560	0.0294117647059
34903	0.0294117647059
36519	0.0294117647059
41358	0.0294117647059
42144	0.0294117647059
46057	0.0294117647059
47104	0.0294117647059
47870	0.0294117647059
50311	0.0294117647059
52036	0.0294117647059
52057	0.0294117647059
58287	0.0294117647059
60444	0.0294117647059
60587	0.0294117647059
52283	0.0291262135922
5513	0.0289855072464
34670	0.0289855072464
47064	0.0289855072464
1136	0.0285714285714
1490	0.0285714285714
2088	0.0285714285714
3938	0.0285714285714
4078	0.0285714285714
5200	0.0285714285714
5469	0.0285714285714
7545	0.0285714285714
8400	0.0285714285714
9418	0.0285714285714
10099	0.0285714285714
13324	0.0285714285714
13505	0.0285714285714
17049	0.0285714285714
17710	0.0285714285714
18240	0.0285714285714
19434	0.0285714285714
21587	0.0285714285714
24193	0.0285714285714
24212	0.0285714285714
25165	0.0285714285714
26575	0.0285714285714
30533	0.0285714285714
33636	0.0285714285714
40003	0.0285714285714
42850	0.0285714285714
43189	0.0285714285714
43594	0.0285714285714
47659	0.0285714285714
47767	0.0285714285714
49279	0.0285714285714
50590	0.0285714285714
51228	0.0285714285714
52563	0.0285714285714
52588	0.0285714285714
16281	0.0281690140845
17735	0.0281690140845
52064	0.0281690140845
34607	0.027972027972
116	0.0277777777778
6942	0.0277777777778
10007	0.0277777777778
10370	0.0277777777778
15533	0.0277777777778
17077	0.0277777777778
18203	0.0277777777778
22891	0.0277777777778
26431	0.0277777777778
31112	0.0277777777778
32894	0.0277777777778
34415	0.0277777777778
34623	0.0277777777778
35016	0.0277777777778
41264	0.0277777777778
43142	0.0277777777778
43236	0.0277777777778
43298	0.0277777777778
44467	0.0277777777778
50393	0.0277777777778
53363	0.0277777777778
12838	0.027397260274
380	0.027027027027
895	0.027027027027
1227	0.027027027027
1592	0.027027027027
3939	0.027027027027
4279	0.027027027027
7543	0.027027027027
8571	0.027027027027
8643	0.027027027027
11068	0.027027027027
11218	0.027027027027
12133	0.027027027027
13353	0.027027027027
18299	0.027027027027
25785	0.027027027027
26941	0.027027027027
30758	0.027027027027
31014	0.027027027027
32103	0.027027027027
33501	0.027027027027
34665	0.027027027027
41020	0.027027027027
47978	0.027027027027
50402	0.027027027027
50609	0.027027027027
51210	0.027027027027
52021	0.027027027027
52244	0.027027027027
52835	0.027027027027
58146	0.027027027027
59520	0.027027027027
59871	0.027027027027
37117	0.0266666666667
735	0.0263157894737
911	0.0263157894737
1099	0.0263157894737
4253	0.0263157894737
8162	0.0263157894737
9987	0.0263157894737
12485	0.0263157894737
14492	0.0263157894737
18079	0.0263157894737
31176	0.0263157894737
31347	0.0263157894737
31963	0.0263157894737
34529	0.0263157894737
41232	0.0263157894737
41654	0.0263157894737
42610	0.0263157894737
42775	0.0263157894737
45644	0.0263157894737
47731	0.0263157894737
51963	0.0263157894737
51982	0.0263157894737
52038	0.0263157894737
52073	0.0263157894737
18503	0.025974025974
41832	0.0258064516129
927	0.025641025641
2911	0.025641025641
4009	0.025641025641
6872	0.025641025641
11706	0.025641025641
13442	0.025641025641
14254	0.025641025641
15733	0.025641025641
20312	0.025641025641
23283	0.025641025641
23496	0.025641025641
23760	0.025641025641
27101	0.025641025641
30056	0.025641025641
37124	0.025641025641
39082	0.025641025641
40585	0.025641025641
41439	0.025641025641
41509	0.025641025641
41681	0.025641025641
41688	0.025641025641
42947	0.025641025641
43323	0.025641025641
49256	0.025641025641
50029	0.025641025641
51110	0.025641025641
60265	0.025641025641
60356	0.025641025641
186	0.0253164556962
34210	0.0252100840336
52056	0.0252100840336
59890	0.0252100840336
806	0.025
2404	0.025
4080	0.025
4710	0.025
4738	0.025
6747	0.025
8542	0.025
11636	0.025
17695	0.025
20838	0.025
25710	0.025
37168	0.025
37400	0.025
42537	0.025
42698	0.025
50520	0.025
51080	0.025
51831	0.025
5311	0.0247933884298
47503	0.0247933884298
14181	0.0246913580247
35480	0.0246913580247
38099	0.0246913580247
51683	0.0246913580247
458	0.0243902439024
1756	0.0243902439024
4351	0.0243902439024
5793	0.0243902439024
6196	0.0243902439024
10803	0.0243902439024
15465	0.0243902439024
17195	0.0243902439024
21451	0.0243902439024
30879	0.0243902439024
31931	0.0243902439024
33144	0.0243902439024
33818	0.0243902439024
39260	0.0243902439024
40640	0.0243902439024
42153	0.0243902439024
43200	0.0243902439024
43231	0.0243902439024
44424	0.0243902439024
45354	0.0243902439024
46058	0.0243902439024
47500	0.0243902439024
47575	0.0243902439024
51022	0.0243902439024
51087	0.0243902439024
52115	0.0243902439024
52604	0.0243902439024
52808	0.0243902439024
58279	0.0243902439024
14511	0.0240963855422
33124	0.0240963855422
401	0.0238095238095
850	0.0238095238095
2574	0.0238095238095
2942	0.0238095238095
14132	0.0238095238095
15444	0.0238095238095
16858	0.0238095238095
16995	0.0238095238095
20438	0.0238095238095
22521	0.0238095238095
22915	0.0238095238095
23196	0.0238095238095
23704	0.0238095238095
27862	0.0238095238095
37977	0.0238095238095
39336	0.0238095238095
41531	0.0238095238095
42550	0.0238095238095
42829	0.0238095238095
51109	0.0238095238095
52912	0.0238095238095
59864	0.0238095238095
9794	0.0235294117647
2071	0.0234375
524	0.0232558139535
5207	0.0232558139535
11190	0.0232558139535
16073	0.0232558139535
17258	0.0232558139535
23822	0.0232558139535
26013	0.0232558139535
34252	0.0232558139535
41526	0.0232558139535
42441	0.0232558139535
42478	0.0232558139535
43462	0.0232558139535
43522	0.0232558139535
51551	0.0232558139535
51665	0.0232558139535
51710	0.0232558139535
52162	0.0232558139535
52945	0.0232558139535
22319	0.0230769230769
18596	0.0229885057471
390	0.0227272727273
493	0.0227272727273
2884	0.0227272727273
11463	0.0227272727273
14509	0.0227272727273
17439	0.0227272727273
21516	0.0227272727273
23071	0.0227272727273
23557	0.0227272727273
28676	0.0227272727273
31115	0.0227272727273
32013	0.0227272727273
41373	0.0227272727273
41846	0.0227272727273
42065	0.0227272727273
42292	0.0227272727273
42822	0.0227272727273
43417	0.0227272727273
43596	0.0227272727273
48614	0.0227272727273
52690	0.0227272727273
55890	0.0227272727273
56879	0.0227272727273
57798	0.0224719101124
41819	0.0223880597015
293	0.0222222222222
1558	0.0222222222222
7660	0.0222222222222
8659	0.0222222222222
10891	0.0222222222222
15754	0.0222222222222
16806	0.0222222222222
24509	0.0222222222222
31465	0.0222222222222
33662	0.0222222222222
41586	0.0222222222222
42286	0.0222222222222
42616	0.0222222222222
44309	0.0222222222222
48807	0.0222222222222
50626	0.0222222222222
51298	0.0222222222222
51487	0.0222222222222
52442	0.0222222222222
52733	0.0222222222222
61218	0.0222222222222
14277	0.0220588235294
1411	0.0217391304348
3852	0.0217391304348
3918	0.0217391304348
7476	0.0217391304348
11012	0.0217391304348
16394	0.0217391304348
16431	0.0217391304348
17361	0.0217391304348
18354	0.0217391304348
18846	0.0217391304348
23112	0.0217391304348
23843	0.0217391304348
26260	0.0217391304348
30287	0.0217391304348
34151	0.0217391304348
35699	0.0217391304348
40994	0.0217391304348
41249	0.0217391304348
42715	0.0217391304348
42995	0.0217391304348
43815	0.0217391304348
43884	0.0217391304348
44560	0.0217391304348
50097	0.0217391304348
51175	0.0217391304348
51435	0.0217391304348
51565	0.0217391304348
56072	0.0217391304348
50937	0.0215517241379
38287	0.0215053763441
1120	0.0212765957447
1375	0.0212765957447
2975	0.0212765957447
3128	0.0212765957447
3742	0.0212765957447
4814	0.0212765957447
6488	0.0212765957447
11146	0.0212765957447
15982	0.0212765957447
16348	0.0212765957447
18331	0.0212765957447
21271	0.0212765957447
22157	0.0212765957447
24804	0.0212765957447
29732	0.0212765957447
34622	0.0212765957447
35240	0.0212765957447
38727	0.0212765957447
41131	0.0212765957447
43115	0.0212765957447
43698	0.0212765957447
56812	0.0212765957447
6222	0.0211267605634
12393	0.0211267605634
41629	0.0210526315789
52952	0.0210526315789
4057	0.0210084033613
2545	0.0208333333333
2687	0.0208333333333
7720	0.0208333333333
11154	0.0208333333333
14003	0.0208333333333
17591	0.0208333333333
18535	0.0208333333333
21284	0.0208333333333
23456	0.0208333333333
24471	0.0208333333333
27090	0.0208333333333
27504	0.0208333333333
30635	0.0208333333333
37665	0.0208333333333
41282	0.0208333333333
41510	0.0208333333333
42731	0.0208333333333
49943	0.0208333333333
51066	0.0208333333333
51591	0.0208333333333
52377	0.0208333333333
52555	0.0208333333333
1256	0.020618556701
6353	0.020618556701
52576	0.020618556701
53065	0.020618556701
3998	0.0204081632653
9906	0.0204081632653
18313	0.0204081632653
19444	0.0204081632653
22765	0.0204081632653
24355	0.0204081632653
24957	0.0204081632653
26526	0.0204081632653
26725	0.0204081632653
29063	0.0204081632653
29416	0.0204081632653
29835	0.0204081632653
34649	0.0204081632653
39487	0.0204081632653
40792	0.0204081632653
41199	0.0204081632653
41587	0.0204081632653
43722	0.0204081632653
50985	0.0204081632653
51316	0.0204081632653
52417	0.0204081632653
52713	0.0204081632653
59817	0.0204081632653
15114	0.0202702702703
20573	0.0202702702703
37201	0.0202702702703
8189	0.020202020202
48221	0.020202020202
338	0.02
9502	0.02
11904	0.02
15377	0.02
19602	0.02
25626	0.02
27168	0.02
29392	0.02
31907	0.02
32184	0.02
40998	0.02
41888	0.02
42284	0.02
46487	0.02
51768	0.02
52334	0.02
53044	0.02
59815	0.02
32509	0.019801980198
4122	0.0196078431373
4761	0.0196078431373
8248	0.0196078431373
17053	0.0196078431373
17440	0.0196078431373
17767	0.0196078431373
19661	0.0196078431373
20526	0.0196078431373
24936	0.0196078431373
25313	0.0196078431373
26809	0.0196078431373
29898	0.0196078431373
36833	0.0196078431373
41162	0.0196078431373
41331	0.0196078431373
41550	0.0196078431373
41680	0.0196078431373
48084	0.0196078431373
51285	0.0196078431373
51601	0.0196078431373
52160	0.0196078431373
156	0.0194174757282
27033	0.0194174757282
880	0.0192307692308
3194	0.0192307692308
6363	0.0192307692308
9235	0.0192307692308
10488	0.0192307692308
19877	0.0192307692308
20536	0.0192307692308
21666	0.0192307692308
25006	0.0192307692308
26590	0.0192307692308
29562	0.0192307692308
30177	0.0192307692308
31696	0.0192307692308
31891	0.0192307692308
42431	0.0192307692308
43637	0.0192307692308
44111	0.0192307692308
44260	0.0192307692308
45072	0.0192307692308
45969	0.0192307692308
51482	0.0192307692308
51590	0.0192307692308
51741	0.0192307692308
52123	0.0192307692308
53194	0.0192307692308
59882	0.0192307692308
60638	0.0192307692308
46722	0.0191082802548
2278	0.0188679245283
5350	0.0188679245283
5572	0.0188679245283
8251	0.0188679245283
11824	0.0188679245283
17286	0.0188679245283
18530	0.0188679245283
18760	0.0188679245283
23318	0.0188679245283
25885	0.0188679245283
27921	0.0188679245283
28290	0.0188679245283
29707	0.0188679245283
31041	0.0188679245283
33488	0.0188679245283
33815	0.0188679245283
41214	0.0188679245283
41878	0.0188679245283
49784	0.0188679245283
52523	0.0188679245283
52953	0.0188679245283
56215	0.0188679245283
1489	0.018691588785
33716	0.018691588785
7161	0.0186335403727
42335	0.0186335403727
1975	0.0185185185185
6368	0.0185185185185
7715	0.0185185185185
18992	0.0185185185185
20641	0.0185185185185
20992	0.0185185185185
27811	0.0185185185185
28542	0.0185185185185
40633	0.0185185185185
42799	0.0185185185185
43003	0.0185185185185
43827	0.0185185185185
45605	0.0185185185185
50584	0.0185185185185
51926	0.0185185185185
52281	0.0185185185185
52759	0.0185185185185
60352	0.0185185185185
53039	0.0183486238532
12776	0.0181818181818
14617	0.0181818181818
20522	0.0181818181818
36798	0.0181818181818
37735	0.0181818181818
37952	0.0181818181818
37985	0.0181818181818
38649	0.0181818181818
42568	0.0181818181818
45345	0.0181818181818
45428	0.0181818181818
45994	0.0181818181818
52930	0.0181818181818
55923	0.0181818181818
3486	0.0180722891566
41799	0.018018018018
2129	0.0178571428571
8759	0.0178571428571
8873	0.0178571428571
10468	0.0178571428571
11145	0.0178571428571
13770	0.0178571428571
21349	0.0178571428571
26773	0.0178571428571
28323	0.0178571428571
28536	0.0178571428571
32626	0.0178571428571
35155	0.0178571428571
35808	0.0178571428571
41763	0.0178571428571
48978	0.0178571428571
48996	0.0178571428571
3139	0.017793594306
137	0.0176470588235
18340	0.0176470588235
2145	0.0175438596491
2516	0.0175438596491
13627	0.0175438596491
15869	0.0175438596491
18679	0.0175438596491
20465	0.0175438596491
20490	0.0175438596491
32020	0.0175438596491
41599	0.0175438596491
41948	0.0175438596491
42044	0.0175438596491
42135	0.0175438596491
43164	0.0175438596491
46469	0.0175438596491
47638	0.0175438596491
48682	0.0175438596491
49413	0.0175438596491
50585	0.0175438596491
53102	0.0175438596491
3000	0.0172413793103
6330	0.0172413793103
7281	0.0172413793103
14672	0.0172413793103
22143	0.0172413793103
25075	0.0172413793103
40211	0.0172413793103
41182	0.0172413793103
42197	0.0172413793103
48358	0.0172413793103
31895	0.017094017094
41134	0.017094017094
5280	0.0169491525424
9589	0.0169491525424
10050	0.0169491525424
11743	0.0169491525424
30880	0.0169491525424
31720	0.0169491525424
37001	0.0169491525424
41338	0.0169491525424
43603	0.0169491525424
44528	0.0169491525424
51386	0.0169491525424
51813	0.0169491525424
58913	0.0169491525424
50957	0.0168067226891
51345	0.0168067226891
6235	0.0166666666667
8211	0.0166666666667
14276	0.0166666666667
21656	0.0166666666667
22773	0.0166666666667
25439	0.0166666666667
32524	0.0166666666667
33004	0.0166666666667
33267	0.0166666666667
33971	0.0166666666667
36401	0.0166666666667
41179	0.0166666666667
43088	0.0166666666667
46121	0.0166666666667
52472	0.0166666666667
34356	0.0165289256198
41245	0.0165289256198
4327	0.0164609053498
285	0.016393442623
3114	0.016393442623
5703	0.016393442623
6136	0.016393442623
6473	0.016393442623
6982	0.016393442623
8611	0.016393442623
12255	0.016393442623
13125	0.016393442623
14019	0.016393442623
17331	0.016393442623
17462	0.016393442623
29431	0.016393442623
29538	0.016393442623
32412	0.016393442623
33840	0.016393442623
39226	0.016393442623
40068	0.016393442623
43991	0.016393442623
51294	0.016393442623
51197	0.0163043478261
51213	0.0163043478261
26199	0.0162601626016
47675	0.0162601626016
2831	0.0161290322581
3107	0.0161290322581
3561	0.0161290322581
7417	0.0161290322581
7430	0.0161290322581
9444	0.0161290322581
25012	0.0161290322581
27113	0.0161290322581
30272	0.0161290322581
35245	0.0161290322581
37591	0.0161290322581
42368	0.0161290322581
42657	0.0161290322581
43202	0.0161290322581
52459	0.0161290322581
53216	0.0161290322581
61245	0.0161290322581
10789	0.016
40562	0.016
888	0.015873015873
3006	0.015873015873
3846	0.015873015873
6003	0.015873015873
10315	0.015873015873
20450	0.015873015873
21806	0.015873015873
26904	0.015873015873
31428	0.015873015873
32210	0.015873015873
34694	0.015873015873
38573	0.015873015873
39078	0.015873015873
41421	0.015873015873
41528	0.015873015873
43238	0.015873015873
55963	0.015873015873
1096	0.0157480314961
392	0.015625
1356	0.015625
12849	0.015625
18625	0.015625
20187	0.015625
22553	0.015625
23395	0.015625
26660	0.015625
29515	0.015625
29990	0.015625
34901	0.015625
37795	0.015625
37989	0.015625
39458	0.015625
41056	0.015625
41354	0.015625
51038	0.015625
51775	0.015625
51949	0.015625
52934	0.015625
11489	0.015503875969
15325	0.015503875969
17147	0.015503875969
22877	0.015503875969
53361	0.015503875969
982	0.0153846153846
11404	0.0153846153846
21347	0.0153846153846
23765	0.0153846153846
25952	0.0153846153846
28450	0.0153846153846
33051	0.0153846153846
35164	0.0153846153846
36934	0.0153846153846
37380	0.0153846153846
38063	0.0153846153846
41275	0.0153846153846
42200	0.0153846153846
42405	0.0153846153846
42474	0.0153846153846
43086	0.0153846153846
50973	0.0153846153846
51965	0.0153846153846
52843	0.0153846153846
59504	0.0153846153846
7427	0.0152671755725
4490	0.0151515151515
11672	0.0151515151515
18996	0.0151515151515
22513	0.0151515151515
35316	0.0151515151515
39848	0.0151515151515
41286	0.0151515151515
44120	0.0151515151515
52567	0.0151515151515
26508	0.015037593985
39771	0.015037593985
41279	0.015037593985
101	0.0149253731343
2264	0.0149253731343
3798	0.0149253731343
4136	0.0149253731343
6024	0.0149253731343
19962	0.0149253731343
24487	0.0149253731343
34792	0.0149253731343
35030	0.0149253731343
39310	0.0149253731343
41069	0.0149253731343
41443	0.0149253731343
41693	0.0149253731343
41793	0.0149253731343
50146	0.0149253731343
51738	0.0149253731343
52222	0.0149253731343
51146	0.0148514851485
41536	0.0148148148148
21337	0.0147783251232
2093	0.0147058823529
3328	0.0147058823529
11502	0.0147058823529
13403	0.0147058823529
25618	0.0147058823529
28735	0.0147058823529
29928	0.0147058823529
30007	0.0147058823529
32988	0.0147058823529
33672	0.0147058823529
41656	0.0147058823529
41926	0.0147058823529
42905	0.0147058823529
43376	0.0147058823529
50204	0.0147058823529
50907	0.0147058823529
51118	0.0147058823529
53189	0.0147058823529
29543	0.014598540146
51054	0.014598540146
1533	0.0144927536232
2033	0.0144927536232
5538	0.0144927536232
9309	0.0144927536232
11556	0.0144927536232
21561	0.0144927536232
25002	0.0144927536232
28201	0.0144927536232
32785	0.0144927536232
41388	0.0144927536232
42396	0.0144927536232
42941	0.0144927536232
60092	0.0144927536232
2850	0.0143884892086
11087	0.0143884892086
22798	0.0143884892086
51158	0.0143369175627
2062	0.0142857142857
3258	0.0142857142857
8372	0.0142857142857
14002	0.0142857142857
15608	0.0142857142857
25840	0.0142857142857
33113	0.0142857142857
34077	0.0142857142857
35198	0.0142857142857
37007	0.0142857142857
41381	0.0142857142857
48998	0.0142857142857
51421	0.0142857142857
52148	0.0142857142857
52468	0.0142857142857
15306	0.0142180094787
7451	0.0141843971631
25440	0.0141843971631
51274	0.0141843971631
41308	0.0141509433962
289	0.0140845070423
3979	0.0140845070423
4486	0.0140845070423
4695	0.0140845070423
15357	0.0140845070423
17696	0.0140845070423
20676	0.0140845070423
22234	0.0140845070423
34824	0.0140845070423
35971	0.0140845070423
42643	0.0140845070423
43543	0.0140845070423
46039	0.0140845070423
50056	0.0140845070423
51225	0.0140845070423
52906	0.0140845070423
7390	0.0140350877193
28610	0.0140186915888
53	0.0138888888889
1098	0.0138888888889
2789	0.0138888888889
8198	0.0138888888889
11550	0.0138888888889
13451	0.0138888888889
23388	0.0138888888889
25336	0.0138888888889
34672	0.0138888888889
35961	0.0138888888889
38332	0.0138888888889
39239	0.0138888888889
40689	0.0138888888889
41576	0.0138888888889
43178	0.0138888888889
47136	0.0138888888889
51157	0.0138888888889
52017	0.0138888888889
61099	0.0138888888889
18997	0.0137931034483
51266	0.0137931034483
21458	0.0137614678899
1147	0.013698630137
1612	0.013698630137
1742	0.013698630137
4704	0.013698630137
19416	0.013698630137
21982	0.013698630137
23240	0.013698630137
30672	0.013698630137
34998	0.013698630137
42390	0.013698630137
51571	0.013698630137
51745	0.013698630137
41132	0.0136612021858
11746	0.0136518771331
4977	0.0136054421769
28709	0.0136054421769
1097	0.0135135135135
2739	0.0135135135135
3445	0.0135135135135
8965	0.0135135135135
12421	0.0135135135135
14126	0.0135135135135
16322	0.0135135135135
16819	0.0135135135135
18387	0.0135135135135
19597	0.0135135135135
23337	0.0135135135135
28745	0.0135135135135
42191	0.0135135135135
52239	0.0135135135135
38657	0.0134228187919
34751	0.0133843212237
2401	0.0133779264214
1342	0.0133333333333
4074	0.0133333333333
14860	0.0133333333333
21425	0.0133333333333
22050	0.0133333333333
26765	0.0133333333333
27070	0.0133333333333
35467	0.0133333333333
37186	0.0133333333333
39194	0.0133333333333
39342	0.0133333333333
41022	0.0133333333333
48070	0.0133333333333
52581	0.0133333333333
60215	0.0133333333333
3698	0.0132450331126
14459	0.0132450331126
27642	0.0132450331126
4075	0.0131578947368
5219	0.0131578947368
6315	0.0131578947368
16364	0.0131578947368
17278	0.0131578947368
28458	0.0131578947368
37997	0.0131578947368
42399	0.0131578947368
51319	0.0131578947368
51712	0.0131578947368
52962	0.0131578947368
13933	0.0131004366812
37747	0.0130718954248
41038	0.0130718954248
51721	0.0130434782609
1990	0.012987012987
2618	0.012987012987
5810	0.012987012987
26940	0.012987012987
34749	0.012987012987
38713	0.012987012987
42576	0.012987012987
44485	0.012987012987
52319	0.012987012987
27715	0.0129032258065
38194	0.0129032258065
38519	0.0129032258065
35958	0.0128617363344
5145	0.0128205128205
7084	0.0128205128205
21307	0.0128205128205
21582	0.0128205128205
34109	0.0128205128205
36395	0.0128205128205
41210	0.0128205128205
41430	0.0128205128205
41916	0.0128205128205
42925	0.0128205128205
59543	0.0128205128205
59681	0.0128205128205
41093	0.0127795527157
40318	0.0127659574468
4418	0.0127388535032
51071	0.0127388535032
2690	0.0126582278481
6415	0.0126582278481
7693	0.0126582278481
10987	0.0126582278481
18698	0.0126582278481
19572	0.0126582278481
27031	0.0126582278481
27594	0.0126582278481
27874	0.0126582278481
31008	0.0126582278481
40307	0.0126582278481
50934	0.0126582278481
51820	0.0126582278481
5206	0.0125786163522
11196	0.0125786163522
21311	0.0125786163522
27899	0.0125786163522
52525	0.0125786163522
41329	0.0125523012552
2632	0.0125
2644	0.0125
4561	0.0125
12280	0.0125
15917	0.0125
18295	0.0125
19521	0.0125
20996	0.0125
25987	0.0125
27128	0.0125
37557	0.0125
37778	0.0125
41552	0.0125
42145	0.0125
42295	0.0125
47273	0.0125
50994	0.0125
51049	0.0125
51506	0.0125
59646	0.0125
38987	0.01246105919
33495	0.0124481327801
17979	0.0124223602484
24457	0.0124223602484
1144	0.0123456790123
2387	0.0123456790123
3534	0.0123456790123
4390	0.0123456790123
10920	0.0123456790123
13653	0.0123456790123
15851	0.0123456790123
16357	0.0123456790123
25442	0.0123456790123
30651	0.0123456790123
33864	0.0123456790123
34103	0.0123456790123
38577	0.0123456790123
40645	0.0123456790123
41246	0.0123456790123
41399	0.0123456790123
49141	0.0123456790123
51102	0.0123456790123
51105	0.0123456790123
52471	0.0123456790123
52476	0.0123456790123
52946	0.0123456790123
10089	0.0122699386503
25113	0.0122699386503
859	0.0121951219512
4318	0.0121951219512
8089	0.0121951219512
10914	0.0121951219512
18145	0.0121951219512
27864	0.0121951219512
30694	0.0121951219512
43016	0.0121951219512
52043	0.0121951219512
52458	0.0121951219512
4739	0.0121212121212
41059	0.0121212121212
41224	0.0121212121212
3787	0.0120481927711
4374	0.0120481927711
5279	0.0120481927711
6920	0.0120481927711
7614	0.0120481927711
9138	0.0120481927711
10439	0.0120481927711
18366	0.0120481927711
24606	0.0120481927711
28982	0.0120481927711
41708	0.0120481927711
51680	0.0120481927711
60334	0.0120481927711
32453	0.012012012012
17952	0.012
2403	0.0119760479042
4508	0.0119760479042
4510	0.0119047619048
4760	0.0119047619048
7884	0.0119047619048
9205	0.0119047619048
9924	0.0119047619048
15197	0.0119047619048
23222	0.0119047619048
25930	0.0119047619048
27052	0.0119047619048
29095	0.0119047619048
30866	0.0119047619048
38307	0.0119047619048
41712	0.0119047619048
51847	0.0119047619048
53282	0.0119047619048
28155	0.011811023622
1180	0.0117647058824
2917	0.0117647058824
3582	0.0117647058824
8210	0.0117647058824
8894	0.0117647058824
21870	0.0117647058824
26762	0.0117647058824
35679	0.0117647058824
36409	0.0117647058824
41313	0.0117647058824
41689	0.0117647058824
47995	0.0117647058824
50929	0.0117647058824
51196	0.0117647058824
51470	0.0117647058824
51884	0.0117647058824
59558	0.0117647058824
3876	0.0116279069767
9032	0.0116279069767
17095	0.0116279069767
28415	0.0116279069767
29005	0.0116279069767
39722	0.0116279069767
43338	0.0116279069767
51937	0.0116279069767
52981	0.0116279069767
20875	0.011583011583
7300	0.0115740740741
37409	0.0115606936416
29591	0.0115273775216
6339	0.0114942528736
11069	0.0114942528736
22401	0.0114942528736
24698	0.0114942528736
25487	0.0114942528736
28799	0.0114942528736
41348	0.0114942528736
41791	0.0114942528736
42932	0.0114942528736
50291	0.0114942528736
51940	0.0114942528736
2142	0.0114613180516
37198	0.0114613180516
31312	0.0114503816794
2588	0.0114285714286
6679	0.0114285714286
40489	0.0114285714286
41593	0.0114285714286
51168	0.0114285714286
3866	0.0113636363636
10328	0.0113636363636
11307	0.0113636363636
15207	0.0113636363636
20077	0.0113636363636
21298	0.0113636363636
31634	0.0113636363636
34190	0.0113636363636
39213	0.0113636363636
41147	0.0113636363636
42450	0.0113636363636
43813	0.0113636363636
52613	0.0113636363636
56496	0.0113636363636
9720	0.0112994350282
11000	0.0112994350282
1553	0.0112359550562
1618	0.0112359550562
6693	0.0112359550562
8197	0.0112359550562
21795	0.0112359550562
23211	0.0112359550562
26274	0.0112359550562
35275	0.0112359550562
35701	0.0112359550562
36710	0.0112359550562
37073	0.0112359550562
42035	0.0112359550562
50959	0.0112359550562
51418	0.0112359550562
10736	0.0111731843575
14361	0.0111731843575
12481	0.0111111111111
19897	0.0111111111111
21715	0.0111111111111
26313	0.0111111111111
26715	0.0111111111111
35162	0.0111111111111
40202	0.0111111111111
41048	0.0111111111111
29861	0.0110619469027
40975	0.0110497237569
51041	0.0110294117647
28369	0.010989010989
28673	0.010989010989
35229	0.010989010989
35516	0.010989010989
43391	0.010989010989
45199	0.010989010989
50642	0.010989010989
51121	0.010989010989
1117	0.0109489051095
29372	0.0109489051095
19338	0.0109289617486
41326	0.0109090909091
34830	0.0108991825613
637	0.0108695652174
763	0.0108695652174
3480	0.0108695652174
4580	0.0108695652174
5698	0.0108695652174
16028	0.0108695652174
30799	0.0108695652174
41088	0.0108695652174
50958	0.0108695652174
35021	0.0108303249097
40976	0.0108108108108
1528	0.010752688172
7062	0.010752688172
7301	0.010752688172
7654	0.010752688172
8468	0.010752688172
9142	0.010752688172
9601	0.010752688172
14505	0.010752688172
18604	0.010752688172
24358	0.010752688172
36054	0.010752688172
41024	0.010752688172
41081	0.010752688172
42414	0.010752688172
43276	0.010752688172
52065	0.010752688172
53234	0.010752688172
4479	0.0106951871658
10792	0.0106951871658
16917	0.0106666666667
123	0.0106382978723
5352	0.0106382978723
5599	0.0106382978723
11888	0.0106382978723
15228	0.0106382978723
18317	0.0106382978723
28134	0.0106382978723
32923	0.0106382978723
41191	0.0106382978723
41968	0.0106382978723
52197	0.0106382978723
452	0.0105263157895
2288	0.0105263157895
5367	0.0105263157895
17686	0.0105263157895
25047	0.0105263157895
28793	0.0105263157895
34208	0.0105263157895
36606	0.0105263157895
42344	0.0105263157895
42369	0.0105263157895
42468	0.0105263157895
43150	0.0105263157895
43834	0.0105263157895
51193	0.0105263157895
51250	0.0105263157895
51283	0.0105263157895
20542	0.0105105105105
6772	0.0104712041885
32042	0.0104712041885
2067	0.0104166666667
3385	0.0104166666667
3947	0.0104166666667
10388	0.0104166666667
10463	0.0104166666667
22654	0.0104166666667
24316	0.0104166666667
30812	0.0104166666667
41608	0.0104166666667
41711	0.0104166666667
51792	0.0104166666667
6440	0.0103092783505
7739	0.0103092783505
11050	0.0103092783505
11553	0.0103092783505
17723	0.0103092783505
24889	0.0103092783505
25221	0.0103092783505
33599	0.0103092783505
33855	0.0103092783505
41833	0.0103092783505
52991	0.0103092783505
60068	0.0103092783505
867	0.0102564102564
4675	0.0102564102564
870	0.0102301790281
4452	0.0102040816327
4769	0.0102040816327
10343	0.0102040816327
23619	0.0102040816327
26509	0.0102040816327
39651	0.0102040816327
41197	0.0102040816327
41490	0.0102040816327
41525	0.0102040816327
50984	0.0102040816327
54	0.010152284264
31307	0.010152284264
41227	0.010152284264
112	0.010101010101
2245	0.010101010101
17938	0.010101010101
27687	0.010101010101
31995	0.010101010101
32700	0.010101010101
33990	0.010101010101
34105	0.010101010101
37162	0.010101010101
40104	0.010101010101
42326	0.010101010101
1743	0.0100502512563
3690	0.01
18223	0.01
32058	0.01
34136	0.01
40641	0.01
40936	0.01
41222	0.01
43575	0.01
45076	0.01
52416	0.01
52711	0.01
5768	0.00994035785288
256	0.00990099009901
11886	0.00990099009901
17066	0.00990099009901
34104	0.00990099009901
34865	0.00990099009901
41530	0.00990099009901
2007	0.00989010989011
51133	0.00987654320988
18234	0.00980392156863
22426	0.00980392156863
22589	0.00980392156863
24164	0.00980392156863
29360	0.00980392156863
39286	0.00980392156863
41083	0.00980392156863
53168	0.00980392156863
32418	0.00975609756098
1393	0.00970873786408
3861	0.00970873786408
5697	0.00970873786408
45381	0.00970873786408
50873	0.00970873786408
51697	0.00970873786408
51892	0.00970873786408
52089	0.00970873786408
10281	0.00968523002421
7175	0.00967741935484
1853	0.00966183574879
30625	0.0096463022508
492	0.00961538461538
2084	0.00961538461538
3488	0.00961538461538
5916	0.00961538461538
12610	0.00961538461538
21797	0.00961538461538
26592	0.00961538461538
33564	0.00961538461538
41223	0.00961538461538
41239	0.00961538461538
41934	0.00961538461538
46493	0.00961538461538
47787	0.00961538461538
51044	0.00961538461538
51346	0.00961538461538
51869	0.00961538461538
2595	0.00956937799043
12824	0.00956937799043
2463	0.00956022944551
4174	0.00952380952381
22396	0.00952380952381
22601	0.00952380952381
27045	0.00952380952381
32711	0.00952380952381
41467	0.00952380952381
11481	0.00949367088608
17306	0.00947867298578
9288	0.00943396226415
11866	0.00943396226415
12484	0.00943396226415
13943	0.00943396226415
37670	0.00943396226415
41618	0.00943396226415
48608	0.00943396226415
49448	0.00943396226415
49791	0.00943396226415
50943	0.00943396226415
51563	0.00943396226415
59562	0.00943396226415
41403	0.00940438871473
29287	0.0093896713615
4705	0.00934579439252
6254	0.00934579439252
10890	0.00934579439252
15009	0.00934579439252
16408	0.00934579439252
36366	0.00934579439252
41126	0.00934579439252
50885	0.00934579439252
51492	0.00934579439252
59627	0.00934579439252
20802	0.0093023255814
4563	0.00927643784787
3575	0.00925925925926
14839	0.00925925925926
15052	0.00925925925926
15602	0.00925925925926
20010	0.00925925925926
20785	0.00925925925926
25027	0.00925925925926
27579	0.00925925925926
42463	0.00925925925926
29399	0.00921658986175
16927	0.00920245398773
27527	0.00920245398773
41243	0.00920245398773
3664	0.00917431192661
4951	0.00917431192661
6375	0.00917431192661
11378	0.00917431192661
11760	0.00917431192661
21227	0.00917431192661
21312	0.00917431192661
33639	0.00917431192661
40819	0.00917431192661
41366	0.00917431192661
41521	0.00917431192661
42555	0.00917431192661
46277	0.00917431192661
50884	0.00917431192661
27906	0.00914634146341
3720	0.00911458333333
26893	0.00909090909091
28396	0.00909090909091
32490	0.00909090909091
41206	0.00909090909091
47265	0.00909090909091
47448	0.00909090909091
50506	0.00909090909091
50886	0.00909090909091
4916	0.00905797101449
31830	0.00904977375566
41037	0.00904977375566
27489	0.00904159132007
1821	0.00900900900901
4156	0.00900900900901
4541	0.00900900900901
17886	0.00900900900901
24612	0.00900900900901
25432	0.00900900900901
34096	0.00900900900901
41426	0.00900900900901
42483	0.00900900900901
50938	0.00900900900901
51341	0.00900900900901
51573	0.00900900900901
52024	0.00900900900901
4430	0.00893521965748
7115	0.00892857142857
7513	0.00892857142857
11201	0.00892857142857
29444	0.00892857142857
34929	0.00892857142857
40869	0.00892857142857
41257	0.00892857142857
41935	0.00892857142857
59879	0.00892857142857
689	0.00888888888889
11230	0.00888888888889
17346	0.00888888888889
3077	0.00884955752212
14233	0.00884955752212
25918	0.00884955752212
28832	0.00884955752212
32074	0.00884955752212
37190	0.00884955752212
42194	0.00884955752212
42320	0.00884955752212
43749	0.00884955752212
51359	0.00884955752212
5774	0.00882352941176
41000	0.00879765395894
259	0.00877192982456
17764	0.00877192982456
26251	0.00877192982456
41029	0.00877192982456
47633	0.00877192982456
51099	0.00877192982456
2787	0.00873362445415
41045	0.00873362445415
52697	0.00873362445415
4611	0.00869565217391
29852	0.00869565217391
36105	0.00869565217391
41146	0.00869565217391
41609	0.00869565217391
9642	0.0086741016109
3943	0.00867052023121
51212	0.00865051903114
41090	0.00864197530864
21545	0.00863930885529
14730	0.00862068965517
17188	0.00862068965517
20511	0.00862068965517
22813	0.00862068965517
27859	0.00862068965517
37156	0.00862068965517
39002	0.00862068965517
57862	0.00862068965517
3280	0.00860215053763
40988	0.00860215053763
7349	0.00859598853868
1632	0.00854700854701
3733	0.00854700854701
10646	0.00854700854701
18643	0.00854700854701
41236	0.00854700854701
44035	0.00854700854701
51011	0.00854700854701
52382	0.00854700854701
40977	0.00851063829787
1700	0.00849858356941
3986	0.00847457627119
5603	0.00847457627119
13071	0.00847457627119
13124	0.00847457627119
26741	0.00847457627119
41172	0.00847457627119
41943	0.00847457627119
51854	0.00847457627119
18759	0.0084388185654
5237	0.00841514726508
4745	0.00840336134454
10054	0.00840336134454
12503	0.00840336134454
13428	0.00840336134454
19126	0.00840336134454
21719	0.00840336134454
27225	0.00840336134454
29453	0.00840336134454
18960	0.00837320574163
2785	0.00833333333333
7645	0.00833333333333
11871	0.00833333333333
26403	0.00833333333333
26868	0.00833333333333
29055	0.00833333333333
31011	0.00833333333333
39210	0.00833333333333
15794	0.00829875518672
21648	0.00829875518672
4644	0.00828729281768
25324	0.00828729281768
6372	0.00826446280992
8729	0.00826446280992
25091	0.00826446280992
28043	0.00826446280992
41225	0.00826446280992
41826	0.00826446280992
42973	0.00826446280992
36394	0.00824742268041
50855	0.00824175824176
18307	0.00821596244131
937	0.00819672131148
22717	0.00819672131148
27865	0.00819672131148
38818	0.00819672131148
40036	0.00819672131148
23742	0.00816326530612
39483	0.00816326530612
41353	0.00816326530612
7419	0.00814111261872
3316	0.00813008130081
14525	0.00813008130081
17299	0.00813008130081
20205	0.00813008130081
36392	0.00813008130081
37104	0.00813008130081
41111	0.00813008130081
38932	0.00810810810811
2367	0.00806451612903
10045	0.00806451612903
31656	0.00806451612903
36494	0.00806451612903
37947	0.00806451612903
39140	0.00806451612903
59611	0.00806451612903
30471	0.00804289544236
41050	0.00802139037433
4121	0.00801282051282
2353	0.008
6904	0.008
25240	0.008
30925	0.008
31875	0.008
61083	0.008
41016	0.00797101449275
6218	0.00793650793651
6394	0.00793650793651
18563	0.00793650793651
36976	0.00793650793651
51765	0.00793650793651
21323	0.00791556728232
39027	0.00790513833992
37993	0.00789473684211
2927	0.00787401574803
5354	0.00787401574803
18641	0.00787401574803
25305	0.00787401574803
37184	0.00787401574803
38701	0.00787401574803
4153	0.00785340314136
41164	0.0078431372549
2215	0.0078125
4339	0.0078125
6657	0.0078125
9753	0.0078125
40995	0.0078125
1503	0.00780814277747
18515	0.00779220779221
1064	0.00778816199377
1984	0.00777604976672
512	0.0077519379845
1232	0.0077519379845
17015	0.0077519379845
30445	0.0077519379845
40968	0.0077519379845
41284	0.0077519379845
48902	0.0077519379845
51039	0.0077519379845
59919	0.0077519379845
1921	0.00772200772201
40970	0.00772200772201
5000	0.0077177508269
21252	0.00769230769231
35847	0.00769230769231
41194	0.00769230769231
41642	0.00769230769231
49397	0.00769230769231
51030	0.00769230769231
37427	0.00766283524904
1028	0.00763358778626
2090	0.00763358778626
9184	0.00763358778626
34391	0.00763358778626
41682	0.00763358778626
53114	0.00763358778626
23150	0.00762195121951
2898	0.00759219088937
5503	0.00758293838863
15288	0.00757575757576
50969	0.00757575757576
51988	0.00757575757576
34920	0.00754716981132
42156	0.00753768844221
3689	0.00751879699248
4658	0.00751879699248
16956	0.00751879699248
25810	0.00751879699248
27207	0.00751879699248
50881	0.00751879699248
53377	0.00751879699248
30899	0.00749063670412
76	0.00747508305648
31440	0.00746887966805
6352	0.00746268656716
8246	0.00746268656716
42308	0.00746268656716
41031	0.00744416873449
616	0.00740740740741
12325	0.00740740740741
19792	0.00740740740741
21742	0.00740740740741
22408	0.00740740740741
22479	0.00740740740741
26437	0.00740740740741
28379	0.00740740740741
32246	0.00740740740741
41099	0.00740740740741
47050	0.00740740740741
50944	0.00740740740741
20818	0.00738916256158
1954	0.00735294117647
11297	0.00735294117647
17939	0.00735294117647
17986	0.00735294117647
50941	0.00735294117647
51496	0.00735294117647
23174	0.00733496332518
44184	0.00732600732601
39709	0.00731707317073
34367	0.0073126142596
1169	0.00729927007299
1904	0.00729927007299
3492	0.00729927007299
10047	0.00729927007299
10112	0.00729927007299
32809	0.00729927007299
41208	0.00729927007299
10251	0.00727272727273
19288	0.00727272727273
40334	0.00727272727273
5618	0.00724637681159
21801	0.00724637681159
27048	0.00724637681159
27409	0.00724637681159
37577	0.00724637681159
60331	0.00724637681159
2104	0.00719424460432
3426	0.00719424460432
32457	0.00719424460432
39602	0.00719424460432
41063	0.00719424460432
4764	0.00718390804598
4708	0.0071530758226
50952	0.00714285714286
51875	0.00714285714286
53134	0.00714285714286
25405	0.00711743772242
28443	0.00711743772242
10162	0.00709219858156
14476	0.00709219858156
17771	0.00709219858156
43785	0.00709219858156
51164	0.00709219858156
33678	0.00707547169811
1118	0.00706940874036
5204	0.00706033376123
2312	0.00704225352113
11004	0.00704225352113
16340	0.00704225352113
32120	0.00704225352113
39323	0.00704225352113
40980	0.00704225352113
41027	0.00704225352113
41398	0.00704225352113
42270	0.00704225352113
41065	0.00701754385965
1931	0.00700525394046
1676	0.00699300699301
9295	0.00699300699301
16194	0.00699300699301
16831	0.00699300699301
30585	0.00699300699301
40987	0.00699300699301
18414	0.00696864111498
41061	0.00696864111498
4242	0.00694444444444
5553	0.00694444444444
11060	0.00694444444444
17315	0.00694444444444
18130	0.00694444444444
31864	0.00694444444444
32318	0.00694444444444
39324	0.00694444444444
41161	0.00694444444444
41198	0.00694444444444
41468	0.00694444444444
7095	0.00689655172414
7413	0.00689655172414
14518	0.00689655172414
17904	0.00689655172414
35039	0.00689655172414
41417	0.00689655172414
51568	0.00689655172414
28407	0.00688468158348
30980	0.00688073394495
40289	0.00688073394495
3747	0.00687285223368
41368	0.00687285223368
52018	0.00687285223368
8397	0.00686498855835
41074	0.00686106346484
172	0.00684931506849
862	0.00684931506849
1020	0.00684931506849
18836	0.00684931506849
26486	0.00684931506849
27063	0.00684931506849
38807	0.00684931506849
42312	0.00684931506849
9538	0.0068317677199
4280	0.00680272108844
25937	0.00680272108844
32651	0.00680272108844
39585	0.00680272108844
51026	0.00680272108844
51393	0.00680272108844
11675	0.00678733031674
16449	0.00677966101695
497	0.00677200902935
30828	0.00675675675676
42750	0.00675675675676
50963	0.00675675675676
52240	0.00675675675676
11655	0.00673400673401
41116	0.00673400673401
19965	0.00671140939597
27226	0.00671140939597
27910	0.00671140939597
37800	0.00671140939597
40969	0.00671140939597
41181	0.00671140939597
18278	0.0066889632107
20506	0.00668449197861
38925	0.00667779632721
9646	0.00666666666667
39874	0.00666666666667
41011	0.00666666666667
41287	0.00666666666667
41068	0.00664767331434
42912	0.00664451827243
554	0.00662251655629
14515	0.00662251655629
28055	0.00662251655629
37111	0.00662251655629
6954	0.00660066006601
41106	0.00660066006601
494	0.00657894736842
7214	0.00657894736842
9178	0.00657894736842
13119	0.00653594771242
14013	0.00653594771242
16447	0.00653594771242
38671	0.00653594771242
51246	0.00653594771242
1928	0.00651465798046
45223	0.00650759219089
2610	0.00649350649351
40965	0.00649350649351
42424	0.00649350649351
5164	0.00645161290323
6781	0.00645161290323
14115	0.00645161290323
26098	0.00645161290323
2326	0.00642054574639
2776	0.00641025641026
14122	0.00641025641026
22830	0.00641025641026
37961	0.00639658848614
24958	0.00638977635783
4137	0.00636942675159
13040	0.00636942675159
17483	0.00636942675159
22684	0.00636942675159
41596	0.00636942675159
43473	0.00636942675159
7340	0.00635593220339
17355	0.00634920634921
52225	0.00634920634921
3419	0.00634249471459
14833	0.00632911392405
41044	0.00632911392405
52802	0.00632911392405
41098	0.00630914826498
27809	0.00629921259843
4337	0.0062893081761
50901	0.0062893081761
41003	0.00627615062762
618	0.00625
5432	0.00625
10248	0.00625
23440	0.00625
24429	0.00625
33922	0.00625
34522	0.00625
51575	0.00625
22383	0.00623268698061
3156	0.00621118012422
13036	0.00621118012422
13063	0.00621118012422
36364	0.00621118012422
40893	0.00621118012422
40986	0.00621118012422
17637	0.00617283950617
20591	0.00617283950617
23782	0.00617283950617
32895	0.00617283950617
49398	0.00617283950617
39136	0.00616332819723
5420	0.00615763546798
35563	0.00615510874025
5715	0.00613496932515
19034	0.00613496932515
30020	0.00613496932515
36078	0.00613496932515
41972	0.00613496932515
51117	0.00613496932515
17715	0.00611620795107
6213	0.00609756097561
18584	0.00608272506083
5616	0.00607902735562
26602	0.00607902735562
12467	0.00606060606061
15233	0.00606060606061
34676	0.00606060606061
5519	0.00603448275862
384	0.00602409638554
712	0.00602409638554
4413	0.00602409638554
12501	0.00602409638554
40989	0.00602409638554
992	0.00601503759398
8709	0.00600801068091
1389	0.0059880239521
5593	0.0059880239521
24373	0.0059880239521
38861	0.0059880239521
41032	0.0059880239521
41250	0.0059880239521
5112	0.00596421471173
17711	0.00596421471173
18283	0.00595238095238
50870	0.00595238095238
50883	0.00595238095238
11	0.00592885375494
3365	0.00592417061611
28737	0.00591715976331
33780	0.00591715976331
37680	0.00591715976331
39426	0.00591715976331
40942	0.00591715976331
59661	0.00591715976331
456	0.00588235294118
7509	0.00588235294118
39548	0.00588235294118
41060	0.00588235294118
3729	0.00587084148728
19598	0.00585175552666
14140	0.00584795321637
35360	0.00584795321637
13064	0.00581395348837
15714	0.00581395348837
17625	0.00581395348837
51159	0.00581395348837
29845	0.00579710144928
7411	0.00578034682081
13642	0.00578034682081
15381	0.00578034682081
18815	0.00578034682081
22104	0.00578034682081
23415	0.00578034682081
30762	0.00578034682081
30789	0.00578034682081
34217	0.00578034682081
40482	0.00578034682081
59506	0.00578034682081
28047	0.00576368876081
28810	0.00576368876081
7344	0.00574712643678
10157	0.00574712643678
10443	0.00574712643678
12194	0.00574712643678
17915	0.00574712643678
50652	0.00574712643678
51838	0.00574712643678
9647	0.0057361376673
28405	0.00573394495413
3260	0.00573065902579
3527	0.00571428571429
4485	0.00571428571429
22026	0.00571428571429
34121	0.00571428571429
41391	0.00571428571429
50987	0.00571428571429
2186	0.00570613409415
4518	0.00570425625274
22018	0.00568181818182
42954	0.00568181818182
14343	0.00564971751412
32594	0.00564971751412
34241	0.00564971751412
37392	0.00564971751412
7312	0.00564705882353
2745	0.0056258790436
1390	0.00561797752809
13120	0.00561797752809
17948	0.00561797752809
26890	0.00561797752809
27218	0.00561797752809
48076	0.00561797752809
28821	0.00560747663551
25554	0.00560224089636
41034	0.00560224089636
3214	0.00558659217877
5230	0.00558659217877
12149	0.00558659217877
14206	0.00558659217877
29024	0.00558659217877
40992	0.00558659217877
9826	0.00557620817844
21906	0.00557103064067
5157	0.00556962025316
955	0.00555555555556
3369	0.00555555555556
20527	0.00555555555556
31850	0.00555555555556
51394	0.00555555555556
51485	0.00555555555556
28051	0.0055423594616
40999	0.00553505535055
2660	0.00552486187845
23001	0.00552486187845
34897	0.00552486187845
6194	0.00549450549451
22070	0.00549450549451
33862	0.00549450549451
4846	0.00547730829421
11769	0.00547445255474
32612	0.00547445255474
6417	0.00546448087432
28712	0.00546448087432
35144	0.00546448087432
16935	0.0054347826087
38763	0.0054347826087
41278	0.0054347826087
52383	0.0054347826087
13935	0.00542495479204
4654	0.00542299349241
7317	0.00542005420054
25453	0.00542005420054
11776	0.00540540540541
41544	0.00540540540541
51655	0.00540540540541
879	0.00537634408602
16516	0.00537634408602
30466	0.00537634408602
37426	0.00536672629696
4578	0.00536193029491
40962	0.00535714285714
775	0.00534759358289
23121	0.00534759358289
23248	0.00534759358289
29971	0.00534759358289
50760	0.00534759358289
41374	0.00533333333333
8724	0.00531914893617
40887	0.00531914893617
41177	0.00531914893617
38794	0.0053050397878
18613	0.00530303030303
1231	0.00529100529101
37238	0.00529100529101
2840	0.00527704485488
38822	0.00527704485488
6573	0.00526315789474
17277	0.00526315789474
18813	0.00526315789474
42378	0.00526315789474
51151	0.00526315789474
27949	0.00524934383202
16420	0.00523560209424
18112	0.00523560209424
949	0.00521739130435
38793	0.00521134916039
18661	0.00520833333333
24173	0.00520833333333
41018	0.00520833333333
5231	0.00520291363163
2733	0.00520156046814
14207	0.00518134715026
29218	0.00518134715026
48489	0.00518134715026
32483	0.00515463917526
34073	0.00515463917526
39343	0.00515463917526
41610	0.00515463917526
44456	0.00515463917526
12017	0.00514138817481
29863	0.00513698630137
12969	0.00513259195894
2865	0.00512820512821
4396	0.00511182108626
1680	0.00510855683269
25891	0.00510204081633
30938	0.00510204081633
23481	0.00508905852417
4733	0.00507614213198
10266	0.00507614213198
11664	0.00507614213198
18777	0.00507614213198
41129	0.00507614213198
51112	0.00507614213198
41157	0.00505050505051
50980	0.00505050505051
2	0.0050454086781
31868	0.00503778337531
41010	0.00501253132832
6427	0.00500441566088
9292	0.005
26158	0.005
29902	0.005
36686	0.005
2216	0.00497512437811
896	0.0049504950495
2169	0.0049504950495
22524	0.0049504950495
22572	0.0049504950495
37194	0.0049504950495
7974	0.00490196078431
11314	0.00490196078431
30874	0.00490196078431
33656	0.00490196078431
3288	0.00487804878049
4439	0.00487804878049
8159	0.00487804878049
41085	0.00487804878049
14253	0.00487012987013
29705	0.00485436893204
36398	0.00484966052376
26863	0.0048465266559
1497	0.0048439181916
3781	0.0048309178744
40541	0.0048309178744
41047	0.0048309178744
51019	0.00481927710843
4711	0.00480769230769
16209	0.0048
18456	0.00477707006369
7100	0.00477326968974
90	0.0047619047619
27471	0.0047619047619
37689	0.0047619047619
2515	0.00475059382423
15083	0.00473933649289
39447	0.00473933649289
59604	0.00473933649289
2089	0.00471698113208
9625	0.00471698113208
31536	0.00471698113208
52029	0.00471698113208
41071	0.00469483568075
3515	0.00467289719626
41942	0.00467289719626
22971	0.0046511627907
2290	0.00464576074332
869	0.00464320625611
5056	0.00462962962963
39366	0.00462962962963
38584	0.00461538461538
12388	0.00460829493088
14716	0.00460829493088
35045	0.00460829493088
868	0.00459066564652
1309	0.00456621004566
34525	0.00456621004566
34999	0.00456621004566
22929	0.00454959053685
27051	0.00454545454545
41012	0.00454545454545
11165	0.00452488687783
41370	0.00452488687783
1135	0.00449775112444
20529	0.00448430493274
17946	0.00446428571429
5120	0.00444444444444
25431	0.00444444444444
5918	0.00442477876106
3273	0.00441988950276
53069	0.00440528634361
4655	0.00439337614059
22744	0.00437828371278
23666	0.00437636761488
1399	0.00436681222707
19601	0.00436681222707
32823	0.00436681222707
20075	0.00435729847495
18172	0.00434782608696
25413	0.004329004329
25738	0.004329004329
37660	0.004329004329
9656	0.00431654676259
2722	0.00431034482759
10727	0.00431034482759
50875	0.00431034482759
21331	0.00429184549356
41332	0.00428265524625
2613	0.00427960057061
33377	0.0042735042735
39209	0.0042735042735
40411	0.0042735042735
27255	0.00425531914894
50863	0.0042492917847
28742	0.0042328042328
29780	0.0042194092827
41140	0.0042194092827
35703	0.00421052631579
14360	0.00420168067227
31879	0.00420168067227
32811	0.00420168067227
38493	0.00420168067227
41274	0.00420168067227
50105	0.00420168067227
2037	0.0041958041958
33762	0.0041928721174
37052	0.00416666666667
19201	0.00414937759336
33634	0.0041265474553
1062	0.00411522633745
17068	0.00411522633745
24126	0.00411522633745
44281	0.00411522633745
51724	0.00411522633745
38492	0.0041095890411
3531	0.00409836065574
37115	0.00409836065574
37169	0.00409836065574
41444	0.00409836065574
27927	0.00408163265306
29854	0.00408163265306
1902	0.00407747196738
210	0.00406504065041
6812	0.00406504065041
20779	0.00406504065041
25051	0.00404858299595
41499	0.00404858299595
3059	0.00403768506057
51173	0.00403225806452
2344	0.00400801603206
26805	0.00400177856825
27404	0.00398406374502
30849	0.00398406374502
41054	0.00398406374502
2419	0.00396825396825
31170	0.00396825396825
41355	0.00396825396825
45139	0.00396825396825
47628	0.00396825396825
50845	0.00396825396825
39383	0.00395256916996
39785	0.00394088669951
18607	0.00393700787402
34145	0.00393700787402
52332	0.00392156862745
30835	0.00390625
1422	0.0038961038961
33841	0.00385356454721
5673	0.00384615384615
34858	0.00384615384615
23667	0.00383141762452
27358	0.00383141762452
38203	0.00382722799344
4005	0.00380228136882
47637	0.00380228136882
17586	0.00379506641366
40971	0.00374531835206
11727	0.00373831775701
2110	0.00373134328358
13318	0.00373134328358
41985	0.00373134328358
34199	0.00371747211896
1119	0.0037037037037
30269	0.0036832412523
13216	0.00367647058824
26416	0.00367647058824
41001	0.00367647058824
17790	0.003663003663
31877	0.003663003663
38080	0.003663003663
51178	0.003663003663
8732	0.0036563071298
3933	0.0036496350365
29909	0.0036496350365
29992	0.0036496350365
41095	0.0036496350365
18556	0.00363636363636
38790	0.00363636363636
2333	0.0036231884058
28128	0.0036231884058
921	0.00361010830325
12998	0.00361010830325
3116	0.00359712230216
50864	0.00359712230216
50995	0.00359712230216
2757	0.00358422939068
11504	0.00355871886121
29394	0.00355871886121
35178	0.00355239786856
5218	0.00353982300885
13111	0.00351082504389
17605	0.00350877192982
30794	0.00350877192982
4489	0.00350262697023
893	0.00350175087544
25098	0.0034965034965
41705	0.0034965034965
13056	0.00348432055749
13952	0.00348432055749
27890	0.00348432055749
4335	0.00347222222222
27094	0.00347222222222
14750	0.00346420323326
41364	0.00346020761246
5460	0.00342465753425
6564	0.00342465753425
11381	0.00341296928328
31400	0.00340136054422
38293	0.00340136054422
53040	0.00337837837838
3022	0.003367003367
29724	0.003367003367
42609	0.00335570469799
50879	0.00334448160535
51006	0.00333333333333
2448	0.00332225913621
25444	0.00332225913621
21772	0.003300330033
34224	0.0032930845225
23011	0.00327868852459
22743	0.00325203252033
41154	0.00324675324675
18699	0.00323624595469
34637	0.0032154340836
34548	0.00320512820513
1239	0.00319488817891
5512	0.00319488817891
51027	0.0031847133758
6360	0.0031746031746
32188	0.00316957210777
23999	0.00315457413249
5100	0.00314465408805
41039	0.00314465408805
9200	0.00313479623824
37225	0.00313479623824
13339	0.00312989045383
22643	0.003125
51156	0.003125
118	0.00310559006211
7299	0.0030959752322
35237	0.0030959752322
35728	0.00308641975309
40979	0.00308641975309
900	0.00307219662058
4937	0.00306748466258
17596	0.00300751879699
41015	0.003003003003
1655	0.00297619047619
18361	0.00297619047619
38959	0.00295857988166
511	0.00294117647059
17987	0.00292397660819
41434	0.00291545189504
41165	0.00290697674419
29686	0.00289855072464
34683	0.00289855072464
3239	0.0028818443804
48572	0.0028818443804
2030	0.00287356321839
22579	0.00285714285714
34147	0.0028328611898
1048	0.00282752120641
18301	0.00281690140845
25078	0.00278551532033
3788	0.00277008310249
50939	0.00277008310249
47774	0.00274725274725
742	0.00273224043716
9252	0.00273224043716
27651	0.00272479564033
216	0.00271002710027
3553	0.00271002710027
5622	0.00269541778976
9251	0.00269541778976
5809	0.00269058295964
11359	0.00268096514745
51989	0.00268096514745
6689	0.00267379679144
41097	0.00267379679144
15373	0.00266666666667
50933	0.00263852242744
3133	0.00262812089356
14352	0.00261437908497
7442	0.00261096605744
9135	0.00261096605744
35345	0.00260078023407
2381	0.00259403372244
1438	0.00258397932817
36999	0.00257731958763
19547	0.0025706940874
20630	0.00254452926209
35514	0.00253807106599
23688	0.00251889168766
23642	0.00250626566416
31483	0.00248138957816
24684	0.00242718446602
1380	0.00239234449761
29277	0.00236127508855
20173	0.00235294117647
4173	0.002331002331
38191	0.00231213872832
7518	0.00228310502283
11778	0.00228310502283
22251	0.00224719101124
3499	0.00222222222222
3827	0.00220750551876
253	0.00215517241379
49394	0.00214132762313
18311	0.00213447171825
5693	0.00211416490486
12423	0.00210084033613
41058	0.0020964360587
19599	0.002079002079
29309	0.00204918032787
39549	0.00200803212851
41109	0.00196463654224
34169	0.00196078431373
34369	0.00189035916824
3312	0.0018281535649
35136	0.00179856115108
21745	0.00177619893428
17566	0.00175746924429
41583	0.00175131348511
37737	0.00173010380623
13955	0.00170648464164
7261	0.0016393442623
20416	0.00158982511924
5643	0.0015037593985
27535	0.0014880952381
26584	0.00140845070423
1628	0.00123001230012
