49911	1.0
47551	0.5
42802	0.333333333333
4435	0.25
42894	0.25
45025	0.2
29803	0.166666666667
32732	0.166666666667
32772	0.166666666667
17307	0.142857142857
21360	0.142857142857
59344	0.1
8090	0.0909090909091
15154	0.0909090909091
39530	0.0909090909091
4902	0.0833333333333
5983	0.0833333333333
41416	0.0833333333333
5792	0.0769230769231
31166	0.0769230769231
32511	0.0714285714286
16233	0.0666666666667
28816	0.0588235294118
18723	0.0555555555556
35407	0.0555555555556
31037	0.0526315789474
16769	0.047619047619
45777	0.0454545454545
35340	0.0416666666667
2338	0.0384615384615
10658	0.0384615384615
37167	0.0384615384615
6018	0.037037037037
10531	0.037037037037
36888	0.037037037037
40744	0.037037037037
50964	0.0357142857143
37761	0.0344827586207
3413	0.0333333333333
51390	0.0322580645161
1501	0.03125
20653	0.03125
41337	0.03125
12948	0.0294117647059
2243	0.0285714285714
23698	0.027027027027
41652	0.027027027027
18290	0.0263157894737
24981	0.0263157894737
3411	0.025641025641
20789	0.025641025641
28477	0.025641025641
31169	0.0243902439024
36429	0.0243902439024
38574	0.0243902439024
39137	0.0243902439024
14019	0.0232558139535
15514	0.0222222222222
6505	0.0208333333333
52715	0.0204081632653
4194	0.0192307692308
15730	0.0188679245283
19597	0.0178571428571
14105	0.0175438596491
42399	0.0172413793103
26777	0.0169491525424
28824	0.016393442623
4561	0.0161290322581
19521	0.0161290322581
43872	0.0161290322581
19469	0.015873015873
8089	0.015625
19688	0.0153846153846
33964	0.0153846153846
3253	0.0151515151515
33704	0.0149253731343
50890	0.0149253731343
10328	0.0142857142857
1146	0.013698630137
51229	0.013698630137
41024	0.0133333333333
50898	0.0128205128205
33143	0.0126582278481
41634	0.0114942528736
42931	0.0113636363636
41480	0.0112359550562
51228	0.0112359550562
15602	0.0111111111111
4836	0.010989010989
41078	0.010989010989
52350	0.010752688172
18958	0.0105263157895
51359	0.0105263157895
17690	0.0103092783505
397	0.0102040816327
3507	0.00952380952381
26674	0.00925925925926
40562	0.00925925925926
15720	0.00917431192661
4006	0.00900900900901
17015	0.00900900900901
2090	0.00884955752212
6352	0.00862068965517
42302	0.00862068965517
34143	0.00847457627119
56100	0.00826446280992
25440	0.00806451612903
43414	0.00806451612903
41890	0.008
52555	0.0078125
39085	0.00735294117647
2776	0.00724637681159
24373	0.00671140939597
3486	0.00666666666667
30762	0.00645161290323
3297	0.00641025641026
21662	0.00641025641026
37409	0.00641025641026
13120	0.00625
2660	0.00613496932515
21557	0.00574712643678
54	0.00555555555556
31307	0.00555555555556
4705	0.00507614213198
27579	0.00502512562814
51341	0.00487804878049
29055	0.00448430493274
38206	0.00442477876106
40334	0.00387596899225
7444	0.00338983050847
41093	0.00335570469799
41067	0.00333333333333
33621	0.00316455696203
1655	0.00314465408805
3535	0.0030487804878
41048	0.00289855072464
50933	0.00277008310249
9135	0.0027397260274
1438	0.00271002710027
35514	0.00265957446809
39709	0.00253807106599
5553	0.00240384615385
35045	0.00239808153477
31830	0.00234192037471
40988	0.00222222222222
41332	0.00222222222222
11169	0.00218340611354
35703	0.00218340611354
3729	0.0020202020202
34369	0.00195694716243
41985	0.0019267822736
40999	0.00190114068441
13935	0.00186219739292
39915	0.0018315018315
5218	0.00182481751825
41583	0.00180831826401
949	0.00178890876565
51212	0.00177304964539
7175	0.00164744645799
18456	0.0016339869281
5643	0.0015455950541
20542	0.00152905198777
2186	0.00145772594752
37392	0.001443001443
5237	0.00142857142857
40987	0.00142653352354
20506	0.00136239782016
3133	0.00134408602151
2733	0.00132625994695
40995	0.00132450331126
3720	0.00132275132275
5420	0.00125313283208
18960	0.00121359223301
39447	0.00120627261761
29277	0.00120481927711
18307	0.00119047619048
4654	0.0011013215859
28742	0.0010752688172
4937	0.0010395010395
1902	0.00103519668737
4563	0.000935453695042
34367	0.000923361034164
40962	0.000903342366757
2840	0.000889679715302
6812	0.000822368421053
40965	0.000819000819001
4846	0.000789889415482
39136	0.000777000777001
26602	0.000766283524904
41016	0.000728862973761
2745	0.000708717221828
22383	0.000697350069735
5112	0.000667111407605
1118	0.000645994832041
5204	0.000645161290323
13111	0.000589622641509
38793	0.000582411182295
1497	0.000541125541126
5231	0.000522739153163
26805	0.00044662795891
35563	0.000411015207563
4655	0.000338638672536
6427	0.000294550810015
869	0.000244379276637
