1704	0.138888888889
35256	0.1
19107	0.0869565217391
23722	0.0833333333333
4956	0.0740740740741
12764	0.0740740740741
44399	0.0740740740741
16585	0.0689655172414
36785	0.0666666666667
14314	0.0645161290323
1810	0.0625
2481	0.0625
5425	0.0625
5900	0.0625
6376	0.0625
7635	0.0625
8135	0.0625
8828	0.0625
11739	0.0625
12685	0.0625
13926	0.0625
16949	0.0625
19448	0.0625
19526	0.0625
20262	0.0625
21623	0.0625
21796	0.0625
21815	0.0625
22023	0.0625
22653	0.0625
23194	0.0625
26696	0.0625
31158	0.0625
31820	0.0625
32313	0.0625
34183	0.0625
34188	0.0625
34730	0.0625
36304	0.0625
36615	0.0625
44227	0.0625
44573	0.0625
44625	0.0625
44652	0.0625
44832	0.0625
45178	0.0625
49150	0.0625
51223	0.0625
53255	0.0625
53487	0.0625
54070	0.0625
54242	0.0625
55555	0.0625
57388	0.0625
57748	0.0625
58198	0.0625
58902	0.0625
1227	0.0606060606061
14647	0.0606060606061
49578	0.0606060606061
2417	0.0588235294118
4670	0.0588235294118
4852	0.0588235294118
5093	0.0588235294118
5720	0.0588235294118
7562	0.0588235294118
7821	0.0588235294118
7916	0.0588235294118
8479	0.0588235294118
9748	0.0588235294118
11457	0.0588235294118
11796	0.0588235294118
11845	0.0588235294118
12090	0.0588235294118
13226	0.0588235294118
13770	0.0588235294118
14652	0.0588235294118
15209	0.0588235294118
16008	0.0588235294118
16472	0.0588235294118
17085	0.0588235294118
18843	0.0588235294118
20651	0.0588235294118
21339	0.0588235294118
21536	0.0588235294118
22064	0.0588235294118
22758	0.0588235294118
26493	0.0588235294118
28157	0.0588235294118
28328	0.0588235294118
30474	0.0588235294118
31658	0.0588235294118
32290	0.0588235294118
32352	0.0588235294118
33416	0.0588235294118
33843	0.0588235294118
34798	0.0588235294118
35168	0.0588235294118
35760	0.0588235294118
36316	0.0588235294118
39627	0.0588235294118
43836	0.0588235294118
44752	0.0588235294118
45437	0.0588235294118
47381	0.0588235294118
48788	0.0588235294118
49026	0.0588235294118
50326	0.0588235294118
53494	0.0588235294118
54308	0.0588235294118
54912	0.0588235294118
57483	0.0588235294118
57546	0.0588235294118
57704	0.0588235294118
59343	0.0588235294118
59809	0.0588235294118
59894	0.0588235294118
60218	0.0588235294118
43794	0.0576923076923
32944	0.0571428571429
51110	0.0571428571429
35	0.0555555555556
241	0.0555555555556
1073	0.0555555555556
1397	0.0555555555556
2147	0.0555555555556
4525	0.0555555555556
4597	0.0555555555556
5336	0.0555555555556
6574	0.0555555555556
6874	0.0555555555556
9437	0.0555555555556
11110	0.0555555555556
14033	0.0555555555556
14711	0.0555555555556
15384	0.0555555555556
18531	0.0555555555556
20583	0.0555555555556
21113	0.0555555555556
21232	0.0555555555556
23896	0.0555555555556
27177	0.0555555555556
29087	0.0555555555556
29659	0.0555555555556
31106	0.0555555555556
32722	0.0555555555556
35218	0.0555555555556
36336	0.0555555555556
43245	0.0555555555556
43556	0.0555555555556
45552	0.0555555555556
46623	0.0555555555556
49183	0.0555555555556
49486	0.0555555555556
50520	0.0555555555556
50795	0.0555555555556
51078	0.0555555555556
52694	0.0555555555556
54509	0.0555555555556
54673	0.0555555555556
56114	0.0555555555556
57757	0.0555555555556
59777	0.0555555555556
32524	0.0545454545455
51717	0.0540540540541
5	0.0526315789474
851	0.0526315789474
3398	0.0526315789474
3697	0.0526315789474
7039	0.0526315789474
8664	0.0526315789474
9215	0.0526315789474
10323	0.0526315789474
10360	0.0526315789474
10586	0.0526315789474
11016	0.0526315789474
12537	0.0526315789474
12718	0.0526315789474
14566	0.0526315789474
16435	0.0526315789474
18155	0.0526315789474
18206	0.0526315789474
18446	0.0526315789474
19398	0.0526315789474
19486	0.0526315789474
21102	0.0526315789474
22029	0.0526315789474
22675	0.0526315789474
22732	0.0526315789474
25019	0.0526315789474
27060	0.0526315789474
29311	0.0526315789474
29335	0.0526315789474
31575	0.0526315789474
33942	0.0526315789474
34066	0.0526315789474
38500	0.0526315789474
41346	0.0526315789474
41458	0.0526315789474
43212	0.0526315789474
44244	0.0526315789474
46365	0.0526315789474
47106	0.0526315789474
47666	0.0526315789474
50622	0.0526315789474
54203	0.0526315789474
56063	0.0526315789474
59907	0.0526315789474
60250	0.0526315789474
2952	0.0512820512821
43462	0.0512820512821
59891	0.0512820512821
270	0.05
493	0.05
2863	0.05
4590	0.05
5002	0.05
6244	0.05
6893	0.05
7542	0.05
8821	0.05
9082	0.05
9436	0.05
9946	0.05
10235	0.05
12218	0.05
13217	0.05
15534	0.05
19203	0.05
19457	0.05
23057	0.05
23140	0.05
24096	0.05
25423	0.05
25694	0.05
26337	0.05
27127	0.05
29108	0.05
30248	0.05
33458	0.05
34669	0.05
34953	0.05
37946	0.05
40605	0.05
41989	0.05
42832	0.05
42957	0.05
43247	0.05
43975	0.05
45165	0.05
47629	0.05
52381	0.05
55460	0.05
56782	0.05
58216	0.05
58273	0.05
59713	0.05
60588	0.05
52044	0.0487804878049
2225	0.047619047619
5674	0.047619047619
7644	0.047619047619
8107	0.047619047619
11364	0.047619047619
17266	0.047619047619
19260	0.047619047619
19713	0.047619047619
22012	0.047619047619
25997	0.047619047619
28302	0.047619047619
31085	0.047619047619
33892	0.047619047619
34120	0.047619047619
34360	0.047619047619
34648	0.047619047619
34814	0.047619047619
35805	0.047619047619
36194	0.047619047619
36671	0.047619047619
37279	0.047619047619
40240	0.047619047619
41537	0.047619047619
42201	0.047619047619
43214	0.047619047619
43318	0.047619047619
43884	0.047619047619
45815	0.047619047619
45867	0.047619047619
46684	0.047619047619
47943	0.047619047619
48782	0.047619047619
49295	0.047619047619
52008	0.047619047619
53283	0.047619047619
57358	0.047619047619
60123	0.047619047619
6030	0.0454545454545
6439	0.0454545454545
7692	0.0454545454545
8675	0.0454545454545
9969	0.0454545454545
10887	0.0454545454545
10897	0.0454545454545
11149	0.0454545454545
13397	0.0454545454545
14661	0.0454545454545
15205	0.0454545454545
17307	0.0454545454545
18362	0.0454545454545
19849	0.0454545454545
21859	0.0454545454545
24296	0.0454545454545
25267	0.0454545454545
26912	0.0454545454545
27259	0.0454545454545
27635	0.0454545454545
27658	0.0454545454545
29424	0.0454545454545
30242	0.0454545454545
33121	0.0454545454545
37609	0.0454545454545
43908	0.0454545454545
45392	0.0454545454545
47438	0.0454545454545
50126	0.0454545454545
50925	0.0454545454545
51836	0.0454545454545
51997	0.0454545454545
52803	0.0454545454545
53135	0.0454545454545
54985	0.0454545454545
55885	0.0454545454545
56992	0.0454545454545
57911	0.0454545454545
59559	0.0454545454545
60378	0.0454545454545
266	0.0434782608696
413	0.0434782608696
1127	0.0434782608696
3524	0.0434782608696
3800	0.0434782608696
3869	0.0434782608696
4308	0.0434782608696
5614	0.0434782608696
8623	0.0434782608696
8647	0.0434782608696
8877	0.0434782608696
11091	0.0434782608696
11874	0.0434782608696
13354	0.0434782608696
13890	0.0434782608696
14050	0.0434782608696
15163	0.0434782608696
15302	0.0434782608696
15439	0.0434782608696
17080	0.0434782608696
17812	0.0434782608696
19602	0.0434782608696
21712	0.0434782608696
24423	0.0434782608696
27429	0.0434782608696
29997	0.0434782608696
32481	0.0434782608696
34396	0.0434782608696
36426	0.0434782608696
38441	0.0434782608696
38541	0.0434782608696
38553	0.0434782608696
38784	0.0434782608696
39253	0.0434782608696
40120	0.0434782608696
40402	0.0434782608696
42303	0.0434782608696
43024	0.0434782608696
43393	0.0434782608696
44984	0.0434782608696
46487	0.0434782608696
46680	0.0434782608696
48359	0.0434782608696
51093	0.0434782608696
51948	0.0434782608696
53081	0.0434782608696
53238	0.0434782608696
53589	0.0434782608696
57677	0.0434782608696
58607	0.0434782608696
43755	0.0425531914894
45653	0.0425531914894
55096	0.0425531914894
55950	0.0425531914894
3526	0.0416666666667
4773	0.0416666666667
5265	0.0416666666667
7665	0.0416666666667
11191	0.0416666666667
12412	0.0416666666667
12549	0.0416666666667
16241	0.0416666666667
17881	0.0416666666667
18919	0.0416666666667
19931	0.0416666666667
20092	0.0416666666667
21758	0.0416666666667
22954	0.0416666666667
23082	0.0416666666667
23193	0.0416666666667
23469	0.0416666666667
26064	0.0416666666667
27817	0.0416666666667
29747	0.0416666666667
30190	0.0416666666667
33500	0.0416666666667
35915	0.0416666666667
36640	0.0416666666667
37797	0.0416666666667
38549	0.0416666666667
40639	0.0416666666667
40958	0.0416666666667
41448	0.0416666666667
42214	0.0416666666667
43595	0.0416666666667
45080	0.0416666666667
45886	0.0416666666667
46208	0.0416666666667
51651	0.0416666666667
53254	0.0416666666667
54495	0.0416666666667
59544	0.0416666666667
84	0.04
394	0.04
4244	0.04
5939	0.04
6073	0.04
9106	0.04
10591	0.04
10609	0.04
10672	0.04
12376	0.04
13450	0.04
14670	0.04
14904	0.04
16777	0.04
17314	0.04
17587	0.04
17995	0.04
18398	0.04
18987	0.04
19743	0.04
27501	0.04
29273	0.04
29292	0.04
29318	0.04
30960	0.04
31039	0.04
33868	0.04
36415	0.04
38056	0.04
39485	0.04
42860	0.04
44615	0.04
46231	0.04
46808	0.04
47108	0.04
50774	0.04
52070	0.04
52537	0.04
52687	0.04
55020	0.04
11132	0.0392156862745
14096	0.0392156862745
26817	0.0392156862745
531	0.0384615384615
2051	0.0384615384615
2153	0.0384615384615
2657	0.0384615384615
4721	0.0384615384615
6554	0.0384615384615
8812	0.0384615384615
8873	0.0384615384615
9351	0.0384615384615
10117	0.0384615384615
10791	0.0384615384615
10924	0.0384615384615
12120	0.0384615384615
13117	0.0384615384615
14883	0.0384615384615
17784	0.0384615384615
24597	0.0384615384615
27570	0.0384615384615
28459	0.0384615384615
31286	0.0384615384615
32462	0.0384615384615
35058	0.0384615384615
39198	0.0384615384615
40127	0.0384615384615
40380	0.0384615384615
42913	0.0384615384615
44081	0.0384615384615
48653	0.0384615384615
49069	0.0384615384615
49808	0.0384615384615
50932	0.0384615384615
51843	0.0384615384615
52035	0.0384615384615
52120	0.0384615384615
52205	0.0384615384615
52937	0.0384615384615
42044	0.0377358490566
1703	0.037037037037
4958	0.037037037037
9587	0.037037037037
14927	0.037037037037
18088	0.037037037037
18529	0.037037037037
20485	0.037037037037
20966	0.037037037037
23907	0.037037037037
23937	0.037037037037
24247	0.037037037037
30028	0.037037037037
31810	0.037037037037
32269	0.037037037037
35540	0.037037037037
36241	0.037037037037
41971	0.037037037037
42695	0.037037037037
43008	0.037037037037
45062	0.037037037037
49205	0.037037037037
51548	0.037037037037
52130	0.037037037037
52561	0.037037037037
52740	0.037037037037
53190	0.037037037037
53199	0.037037037037
53222	0.037037037037
54128	0.037037037037
55896	0.037037037037
59337	0.037037037037
59698	0.037037037037
59800	0.037037037037
38530	0.0365853658537
35130	0.0363636363636
568	0.0357142857143
2109	0.0357142857143
2345	0.0357142857143
2775	0.0357142857143
4779	0.0357142857143
4801	0.0357142857143
5984	0.0357142857143
7302	0.0357142857143
7976	0.0357142857143
8131	0.0357142857143
9156	0.0357142857143
10724	0.0357142857143
13247	0.0357142857143
16070	0.0357142857143
17259	0.0357142857143
25727	0.0357142857143
29449	0.0357142857143
31396	0.0357142857143
32615	0.0357142857143
33893	0.0357142857143
34896	0.0357142857143
36285	0.0357142857143
36356	0.0357142857143
38154	0.0357142857143
42988	0.0357142857143
43334	0.0357142857143
43450	0.0357142857143
43563	0.0357142857143
46188	0.0357142857143
50643	0.0357142857143
51376	0.0357142857143
51577	0.0357142857143
52855	0.0357142857143
53145	0.0357142857143
54902	0.0357142857143
56908	0.0357142857143
59529	0.0357142857143
2925	0.0350877192982
50642	0.0348837209302
138	0.0344827586207
2679	0.0344827586207
4940	0.0344827586207
7324	0.0344827586207
11123	0.0344827586207
12465	0.0344827586207
17007	0.0344827586207
20168	0.0344827586207
20603	0.0344827586207
23472	0.0344827586207
24777	0.0344827586207
34760	0.0344827586207
36257	0.0344827586207
37743	0.0344827586207
42222	0.0344827586207
42681	0.0344827586207
43378	0.0344827586207
46973	0.0344827586207
52022	0.0344827586207
52061	0.0344827586207
52289	0.0344827586207
53064	0.0344827586207
53486	0.0344827586207
55074	0.0344827586207
59745	0.0344827586207
60048	0.0344827586207
14714	0.0338983050847
40921	0.0338983050847
220	0.0333333333333
3263	0.0333333333333
4236	0.0333333333333
7262	0.0333333333333
7741	0.0333333333333
11348	0.0333333333333
11624	0.0333333333333
15361	0.0333333333333
19808	0.0333333333333
22553	0.0333333333333
23169	0.0333333333333
24767	0.0333333333333
25153	0.0333333333333
29137	0.0333333333333
29698	0.0333333333333
30524	0.0333333333333
36414	0.0333333333333
38021	0.0333333333333
48305	0.0333333333333
48900	0.0333333333333
49570	0.0333333333333
50790	0.0333333333333
51148	0.0333333333333
51775	0.0333333333333
51850	0.0333333333333
53079	0.0333333333333
54944	0.0333333333333
59769	0.0333333333333
50973	0.0327868852459
1052	0.0322580645161
4535	0.0322580645161
5205	0.0322580645161
7439	0.0322580645161
8499	0.0322580645161
9110	0.0322580645161
12733	0.0322580645161
17831	0.0322580645161
18612	0.0322580645161
20323	0.0322580645161
21854	0.0322580645161
24046	0.0322580645161
24417	0.0322580645161
25607	0.0322580645161
27462	0.0322580645161
30120	0.0322580645161
34996	0.0322580645161
41822	0.0322580645161
43455	0.0322580645161
43507	0.0322580645161
44662	0.0322580645161
45124	0.0322580645161
45271	0.0322580645161
46057	0.0322580645161
47458	0.0322580645161
52036	0.0322580645161
59733	0.0322580645161
40104	0.031914893617
817	0.031746031746
42959	0.031746031746
51403	0.031746031746
1214	0.03125
2088	0.03125
4049	0.03125
11431	0.03125
14962	0.03125
15254	0.03125
16370	0.03125
21587	0.03125
28797	0.03125
32142	0.03125
32400	0.03125
35031	0.03125
36627	0.03125
39328	0.03125
39374	0.03125
41101	0.03125
41710	0.03125
41966	0.03125
42850	0.03125
43594	0.03125
51750	0.03125
52563	0.03125
52976	0.03125
4158	0.0307692307692
41584	0.0307692307692
51497	0.0307692307692
109	0.030303030303
7237	0.030303030303
10426	0.030303030303
10894	0.030303030303
12115	0.030303030303
15836	0.030303030303
17317	0.030303030303
17879	0.030303030303
25597	0.030303030303
26037	0.030303030303
27104	0.030303030303
29161	0.030303030303
31208	0.030303030303
31484	0.030303030303
32306	0.030303030303
34536	0.030303030303
35407	0.030303030303
37560	0.030303030303
39157	0.030303030303
40121	0.030303030303
41993	0.030303030303
42246	0.030303030303
42751	0.030303030303
43143	0.030303030303
43849	0.030303030303
51399	0.030303030303
53251	0.030303030303
27045	0.03
1555	0.0298507462687
36112	0.0298507462687
3292	0.0294117647059
3939	0.0294117647059
11550	0.0294117647059
13099	0.0294117647059
17717	0.0294117647059
18105	0.0294117647059
18528	0.0294117647059
18784	0.0294117647059
20012	0.0294117647059
20515	0.0294117647059
24079	0.0294117647059
30758	0.0294117647059
31459	0.0294117647059
33587	0.0294117647059
35471	0.0294117647059
38653	0.0294117647059
38731	0.0294117647059
41565	0.0294117647059
42719	0.0294117647059
43037	0.0294117647059
43179	0.0294117647059
43192	0.0294117647059
43768	0.0294117647059
44913	0.0294117647059
48630	0.0294117647059
12552	0.0291262135922
43298	0.0289855072464
46277	0.0288461538462
349	0.0285714285714
533	0.0285714285714
1123	0.0285714285714
2461	0.0285714285714
6787	0.0285714285714
11234	0.0285714285714
12485	0.0285714285714
12860	0.0285714285714
17006	0.0285714285714
18590	0.0285714285714
25259	0.0285714285714
26377	0.0285714285714
27043	0.0285714285714
34851	0.0285714285714
35051	0.0285714285714
35135	0.0285714285714
36770	0.0285714285714
41466	0.0285714285714
42186	0.0285714285714
43180	0.0285714285714
45610	0.0285714285714
47731	0.0285714285714
52041	0.0285714285714
52398	0.0285714285714
59592	0.0285714285714
28719	0.0281690140845
762	0.0277777777778
835	0.0277777777778
1602	0.0277777777778
11706	0.0277777777778
13998	0.0277777777778
14254	0.0277777777778
17917	0.0277777777778
18758	0.0277777777778
22395	0.0277777777778
33042	0.0277777777778
34796	0.0277777777778
37789	0.0277777777778
41929	0.0277777777778
42645	0.0277777777778
43421	0.0277777777778
43700	0.0277777777778
50029	0.0277777777778
51945	0.0277777777778
54150	0.0277777777778
60332	0.0277777777778
60515	0.0277777777778
29530	0.027397260274
6573	0.0273224043716
1885	0.027027027027
2663	0.027027027027
3568	0.027027027027
3665	0.027027027027
6576	0.027027027027
8542	0.027027027027
12272	0.027027027027
14730	0.027027027027
15201	0.027027027027
17228	0.027027027027
18022	0.027027027027
20315	0.027027027027
23237	0.027027027027
23900	0.027027027027
25125	0.027027027027
25710	0.027027027027
27840	0.027027027027
32204	0.027027027027
36809	0.027027027027
41543	0.027027027027
41591	0.027027027027
41761	0.027027027027
43217	0.027027027027
46056	0.027027027027
48195	0.027027027027
49965	0.027027027027
51119	0.027027027027
51582	0.027027027027
51593	0.027027027027
18698	0.0266666666667
50934	0.0266666666667
52170	0.0266666666667
5625	0.0263157894737
8766	0.0263157894737
9683	0.0263157894737
18411	0.0263157894737
18642	0.0263157894737
20283	0.0263157894737
25630	0.0263157894737
25701	0.0263157894737
27821	0.0263157894737
33382	0.0263157894737
38082	0.0263157894737
48284	0.0263157894737
49406	0.0263157894737
51022	0.0263157894737
52115	0.0263157894737
52344	0.0263157894737
52518	0.0263157894737
60547	0.0263157894737
39404	0.0260869565217
3684	0.025974025974
33864	0.025974025974
38577	0.025974025974
52476	0.025974025974
811	0.025641025641
850	0.025641025641
3523	0.025641025641
16843	0.025641025641
21265	0.025641025641
23262	0.025641025641
27862	0.025641025641
28088	0.025641025641
31020	0.025641025641
34647	0.025641025641
35437	0.025641025641
41835	0.025641025641
42113	0.025641025641
43030	0.025641025641
44335	0.025641025641
46682	0.025641025641
52912	0.025641025641
59838	0.025641025641
42753	0.0254237288136
40973	0.0253164556962
1181	0.025
3511	0.025
5393	0.025
8970	0.025
9356	0.025
11185	0.025
13135	0.025
18067	0.025
18603	0.025
22848	0.025
24600	0.025
26399	0.025
27240	0.025
33124	0.025
34252	0.025
39190	0.025
41299	0.025
41526	0.025
41764	0.025
42466	0.025
52009	0.025
52709	0.025
52916	0.025
52945	0.025
54960	0.025
8894	0.0246913580247
25555	0.0246913580247
40569	0.0246913580247
1096	0.0243902439024
2630	0.0243902439024
3496	0.0243902439024
7440	0.0243902439024
9759	0.0243902439024
12386	0.0243902439024
12802	0.0243902439024
20657	0.0243902439024
21516	0.0243902439024
23557	0.0243902439024
27121	0.0243902439024
28415	0.0243902439024
29257	0.0243902439024
32289	0.0243902439024
34204	0.0243902439024
35052	0.0243902439024
35161	0.0243902439024
41373	0.0243902439024
43338	0.0243902439024
46690	0.0243902439024
51501	0.0243902439024
59237	0.0243902439024
12182	0.024154589372
17303	0.0240963855422
1818	0.0238095238095
1820	0.0238095238095
2562	0.0238095238095
3721	0.0238095238095
6506	0.0238095238095
13534	0.0238095238095
18596	0.0238095238095
29998	0.0238095238095
31465	0.0238095238095
33662	0.0238095238095
34101	0.0238095238095
40620	0.0238095238095
40744	0.0238095238095
41147	0.0238095238095
41911	0.0238095238095
41955	0.0238095238095
42286	0.0238095238095
42366	0.0238095238095
42849	0.0238095238095
48650	0.0238095238095
50354	0.0238095238095
51251	0.0238095238095
51764	0.0238095238095
52613	0.0238095238095
52887	0.0238095238095
53113	0.0238095238095
7427	0.0236220472441
10852	0.0235294117647
70	0.0232558139535
777	0.0232558139535
1411	0.0232558139535
2416	0.0232558139535
3817	0.0232558139535
3918	0.0232558139535
11693	0.0232558139535
12426	0.0232558139535
13735	0.0232558139535
16394	0.0232558139535
18505	0.0232558139535
22705	0.0232558139535
23808	0.0232558139535
28190	0.0232558139535
30261	0.0232558139535
30287	0.0232558139535
31006	0.0232558139535
32439	0.0232558139535
32775	0.0232558139535
33652	0.0232558139535
38600	0.0232558139535
39771	0.0232558139535
41410	0.0232558139535
42152	0.0232558139535
42642	0.0232558139535
42995	0.0232558139535
48162	0.0232558139535
53298	0.0232558139535
61147	0.0232558139535
4334	0.0229885057471
16145	0.0229885057471
1904	0.0227272727273
4506	0.0227272727273
5239	0.0227272727273
8129	0.0227272727273
11258	0.0227272727273
12993	0.0227272727273
18256	0.0227272727273
21271	0.0227272727273
22107	0.0227272727273
23658	0.0227272727273
32040	0.0227272727273
32085	0.0227272727273
33807	0.0227272727273
36387	0.0227272727273
41185	0.0227272727273
42730	0.0227272727273
43115	0.0227272727273
51106	0.0227272727273
52688	0.0227272727273
52868	0.0227272727273
56812	0.0227272727273
41081	0.0224719101124
218	0.0222222222222
1569	0.0222222222222
7720	0.0222222222222
11154	0.0222222222222
18367	0.0222222222222
37568	0.0222222222222
41049	0.0222222222222
41282	0.0222222222222
42149	0.0222222222222
42636	0.0222222222222
47041	0.0222222222222
51066	0.0222222222222
59554	0.0222222222222
60220	0.0222222222222
22621	0.0220588235294
28793	0.021978021978
3172	0.0217391304348
7437	0.0217391304348
11171	0.0217391304348
11252	0.0217391304348
13992	0.0217391304348
19444	0.0217391304348
25096	0.0217391304348
26725	0.0217391304348
27685	0.0217391304348
34441	0.0217391304348
34794	0.0217391304348
35883	0.0217391304348
36064	0.0217391304348
37032	0.0217391304348
40109	0.0217391304348
41199	0.0217391304348
41650	0.0217391304348
42306	0.0217391304348
49719	0.0217391304348
51268	0.0217391304348
6440	0.0215053763441
7739	0.0215053763441
14518	0.0214285714286
4488	0.0212765957447
11673	0.0212765957447
17789	0.0212765957447
22130	0.0212765957447
25180	0.0212765957447
32962	0.0212765957447
33880	0.0212765957447
34207	0.0212765957447
41231	0.0212765957447
42008	0.0212765957447
42117	0.0212765957447
42284	0.0212765957447
42891	0.0212765957447
44176	0.0212765957447
51383	0.0212765957447
51671	0.0212765957447
53065	0.0212765957447
59602	0.0212765957447
61098	0.0212765957447
2865	0.021164021164
597	0.0208333333333
885	0.0208333333333
1972	0.0208333333333
3278	0.0208333333333
3690	0.0208333333333
6800	0.0208333333333
9149	0.0208333333333
11339	0.0208333333333
13298	0.0208333333333
15360	0.0208333333333
16720	0.0208333333333
18610	0.0208333333333
20526	0.0208333333333
26809	0.0208333333333
33337	0.0208333333333
36581	0.0208333333333
36833	0.0208333333333
41222	0.0208333333333
41495	0.0208333333333
41961	0.0208333333333
42567	0.0208333333333
42920	0.0208333333333
43358	0.0208333333333
45203	0.0208333333333
48295	0.0208333333333
41011	0.0206896551724
24067	0.020618556701
880	0.0204081632653
5547	0.0204081632653
5554	0.0204081632653
9235	0.0204081632653
9604	0.0204081632653
10488	0.0204081632653
11386	0.0204081632653
15471	0.0204081632653
16283	0.0204081632653
18959	0.0204081632653
19877	0.0204081632653
19970	0.0204081632653
36024	0.0204081632653
44375	0.0204081632653
51130	0.0204081632653
51314	0.0204081632653
51482	0.0204081632653
51751	0.0204081632653
327	0.02
1345	0.02
3949	0.02
4765	0.02
5637	0.02
8399	0.02
9207	0.02
11186	0.02
12601	0.02
12724	0.02
13771	0.02
18755	0.02
25974	0.02
29027	0.02
31022	0.02
33488	0.02
41436	0.02
41795	0.02
42285	0.02
43517	0.02
49597	0.02
51224	0.02
53191	0.02
59584	0.02
52283	0.019801980198
6632	0.0196078431373
9670	0.0196078431373
14390	0.0196078431373
21353	0.0196078431373
22858	0.0196078431373
24437	0.0196078431373
30792	0.0196078431373
32550	0.0196078431373
39006	0.0196078431373
41247	0.0196078431373
41283	0.0196078431373
43003	0.0196078431373
43827	0.0196078431373
45605	0.0196078431373
45776	0.0196078431373
48973	0.0196078431373
50584	0.0196078431373
52357	0.0196078431373
5350	0.0194174757282
10890	0.0194174757282
51079	0.0194174757282
21311	0.0193548387097
1895	0.0192307692308
2108	0.0192307692308
2656	0.0192307692308
5135	0.0192307692308
12776	0.0192307692308
13005	0.0192307692308
16955	0.0192307692308
18291	0.0192307692308
20522	0.0192307692308
22569	0.0192307692308
23090	0.0192307692308
25525	0.0192307692308
26652	0.0192307692308
32200	0.0192307692308
33896	0.0192307692308
37587	0.0192307692308
37985	0.0192307692308
41166	0.0192307692308
41951	0.0192307692308
42568	0.0192307692308
43066	0.0192307692308
43463	0.0192307692308
45345	0.0192307692308
49838	0.0192307692308
50792	0.0192307692308
9651	0.0190476190476
24088	0.0190476190476
50884	0.0190476190476
8	0.0188679245283
2559	0.0188679245283
4840	0.0188679245283
9636	0.0188679245283
10750	0.0188679245283
19320	0.0188679245283
20866	0.0188679245283
21349	0.0188679245283
27273	0.0188679245283
34918	0.0188679245283
35808	0.0188679245283
38051	0.0188679245283
41192	0.0188679245283
41449	0.0188679245283
42919	0.0188679245283
51495	0.0188679245283
52736	0.0188679245283
52772	0.0188679245283
59701	0.0188679245283
41426	0.018691588785
384	0.0186335403727
20335	0.0186335403727
1814	0.0185185185185
3411	0.0185185185185
13332	0.0185185185185
15127	0.0185185185185
25266	0.0185185185185
27516	0.0185185185185
28477	0.0185185185185
30869	0.0185185185185
35203	0.0185185185185
41599	0.0185185185185
41895	0.0185185185185
41948	0.0185185185185
43164	0.0185185185185
46469	0.0185185185185
46975	0.0185185185185
47638	0.0185185185185
28711	0.0183486238532
43749	0.0183486238532
47475	0.0183486238532
10022	0.0181818181818
19606	0.0181818181818
25075	0.0181818181818
29379	0.0181818181818
40211	0.0181818181818
43348	0.0181818181818
44153	0.0181818181818
47633	0.0181818181818
49329	0.0181818181818
52963	0.0181818181818
60330	0.0181818181818
60613	0.0181818181818
4696	0.0178571428571
5280	0.0178571428571
5330	0.0178571428571
6277	0.0178571428571
6958	0.0178571428571
22362	0.0178571428571
23531	0.0178571428571
23887	0.0178571428571
26191	0.0178571428571
26286	0.0178571428571
30789	0.0178571428571
32406	0.0178571428571
32493	0.0178571428571
32892	0.0178571428571
34618	0.0178571428571
41045	0.0178571428571
41730	0.0178571428571
48189	0.0178571428571
51799	0.0178571428571
53320	0.0178571428571
34373	0.0176991150442
41236	0.0176991150442
6940	0.0175438596491
22939	0.0175438596491
24380	0.0175438596491
25439	0.0175438596491
31478	0.0175438596491
33004	0.0175438596491
36401	0.0175438596491
36847	0.0175438596491
41485	0.0175438596491
44588	0.0175438596491
45412	0.0175438596491
51217	0.0175438596491
51299	0.0175438596491
51891	0.0175438596491
57828	0.0175438596491
32832	0.0174216027875
41023	0.0173913043478
40318	0.017316017316
890	0.0172413793103
1196	0.0172413793103
1682	0.0172413793103
4378	0.0172413793103
4556	0.0172413793103
7182	0.0172413793103
7645	0.0172413793103
12255	0.0172413793103
15865	0.0172413793103
17331	0.0172413793103
19696	0.0172413793103
32041	0.0172413793103
40068	0.0172413793103
51339	0.0172413793103
52235	0.0172413793103
52865	0.0172413793103
19897	0.0170454545455
29055	0.0170212765957
3561	0.0169491525424
5055	0.0169491525424
5458	0.0169491525424
7430	0.0169491525424
25050	0.0169491525424
31105	0.0169491525424
34735	0.0169491525424
38818	0.0169491525424
39884	0.0169491525424
41205	0.0169491525424
41568	0.0169491525424
41866	0.0169491525424
42657	0.0169491525424
43202	0.0169491525424
50527	0.0169491525424
53216	0.0169491525424
47292	0.0168067226891
19338	0.0167597765363
1605	0.0166666666667
10315	0.0166666666667
14663	0.0166666666667
21806	0.0166666666667
25416	0.0166666666667
26904	0.0166666666667
31656	0.0166666666667
34108	0.0166666666667
36379	0.0166666666667
36489	0.0166666666667
41033	0.0166666666667
41212	0.0166666666667
41375	0.0166666666667
41528	0.0166666666667
41883	0.0166666666667
47675	0.0166666666667
53396	0.0166666666667
55963	0.0166666666667
15967	0.016393442623
16593	0.016393442623
16958	0.016393442623
20070	0.016393442623
25115	0.016393442623
26660	0.016393442623
27236	0.016393442623
29515	0.016393442623
35484	0.016393442623
38564	0.016393442623
41297	0.016393442623
43277	0.016393442623
45701	0.016393442623
52934	0.016393442623
59505	0.016393442623
888	0.0162601626016
39383	0.0161943319838
5302	0.0161290322581
5367	0.0161290322581
6259	0.0161290322581
18112	0.0161290322581
18607	0.0161290322581
21347	0.0161290322581
23765	0.0161290322581
25952	0.0161290322581
29786	0.0161290322581
33051	0.0161290322581
40848	0.0161290322581
40997	0.0161290322581
42200	0.0161290322581
52531	0.0161290322581
52843	0.0161290322581
52864	0.0161290322581
56066	0.0161290322581
392	0.016
41354	0.016
3925	0.015873015873
4490	0.015873015873
4967	0.015873015873
5781	0.015873015873
6505	0.015873015873
12311	0.015873015873
15589	0.015873015873
17601	0.015873015873
18996	0.015873015873
24610	0.015873015873
27508	0.015873015873
38587	0.015873015873
38826	0.015873015873
41401	0.015873015873
41642	0.015873015873
44120	0.015873015873
51038	0.015873015873
2090	0.0157480314961
3826	0.015625
12832	0.015625
27522	0.015625
32226	0.015625
32689	0.015625
40503	0.015625
41069	0.015625
42019	0.015625
50146	0.015625
50969	0.015625
52265	0.015625
60297	0.015625
9471	0.015503875969
53377	0.015503875969
6711	0.0153846153846
8246	0.0153846153846
11322	0.0153846153846
11502	0.0153846153846
17969	0.0153846153846
18427	0.0153846153846
20744	0.0153846153846
25466	0.0153846153846
26158	0.0153846153846
26724	0.0153846153846
32988	0.0153846153846
33166	0.0153846153846
33672	0.0153846153846
39420	0.0153846153846
41461	0.0153846153846
42427	0.0153846153846
45859	0.0153846153846
49044	0.0153846153846
52180	0.0153846153846
60482	0.0153846153846
2216	0.015306122449
13149	0.0152671755725
26437	0.0152671755725
896	0.0152284263959
4668	0.0151515151515
5658	0.0151515151515
5820	0.0151515151515
12731	0.0151515151515
17699	0.0151515151515
20165	0.0151515151515
21561	0.0151515151515
22573	0.0151515151515
32785	0.0151515151515
42096	0.0151515151515
45715	0.0151515151515
52573	0.0151515151515
59509	0.0151515151515
1169	0.015037593985
32809	0.015037593985
43376	0.015037593985
51133	0.015
5774	0.0149253731343
17598	0.0149253731343
27409	0.0149253731343
35198	0.0149253731343
35722	0.0149253731343
36145	0.0149253731343
37007	0.0149253731343
46148	0.0149253731343
51421	0.0149253731343
52148	0.0149253731343
41063	0.0148148148148
2084	0.0147058823529
7101	0.0147058823529
15730	0.0147058823529
17696	0.0147058823529
20676	0.0147058823529
22234	0.0147058823529
26558	0.0147058823529
35953	0.0147058823529
41334	0.0147058823529
52928	0.0147058823529
53257	0.0147058823529
2595	0.0146341463415
27087	0.014598540146
35044	0.014598540146
43785	0.014598540146
49403	0.014598540146
53	0.0144927536232
1098	0.0144927536232
2748	0.0144927536232
5677	0.0144927536232
13451	0.0144927536232
32432	0.0144927536232
33930	0.0144927536232
34672	0.0144927536232
40689	0.0144927536232
41351	0.0144927536232
41576	0.0144927536232
41931	0.0144927536232
43017	0.0144927536232
51692	0.0144927536232
52450	0.0144927536232
59536	0.0144927536232
19799	0.0143884892086
1742	0.0142857142857
4706	0.0142857142857
16722	0.0142857142857
38569	0.0142857142857
40212	0.0142857142857
41468	0.0142857142857
42390	0.0142857142857
46509	0.0142857142857
41555	0.0142180094787
4335	0.0141843971631
1097	0.0140845070423
2739	0.0140845070423
4656	0.0140845070423
4746	0.0140845070423
7197	0.0140845070423
8965	0.0140845070423
16819	0.0140845070423
27063	0.0140845070423
29465	0.0140845070423
38572	0.0140845070423
38682	0.0140845070423
40923	0.0140845070423
42191	0.0140845070423
42204	0.0140845070423
52555	0.0140845070423
51393	0.013986013986
28812	0.0139534883721
4074	0.0138888888889
4347	0.0138888888889
4499	0.0138888888889
25806	0.0138888888889
27070	0.0138888888889
28592	0.0138888888889
31400	0.0138888888889
41022	0.0138888888889
41370	0.0138888888889
41397	0.0138888888889
41859	0.0138888888889
42014	0.0138888888889
42750	0.0138888888889
48070	0.0138888888889
52309	0.0138888888889
60215	0.0138888888889
41037	0.0138248847926
40847	0.0137931034483
2087	0.013698630137
4075	0.013698630137
4481	0.013698630137
24460	0.013698630137
33890	0.013698630137
34985	0.013698630137
37997	0.013698630137
38864	0.013698630137
39874	0.013698630137
42399	0.013698630137
42609	0.013698630137
46050	0.013698630137
51319	0.013698630137
38795	0.0136363636364
2829	0.0136054421769
2646	0.0135135135135
14649	0.0135135135135
16969	0.0135135135135
26233	0.0135135135135
26940	0.0135135135135
32770	0.0135135135135
35148	0.0135135135135
36411	0.0135135135135
39851	0.0135135135135
41716	0.0135135135135
41736	0.0135135135135
42675	0.0135135135135
2610	0.0133333333333
19208	0.0133333333333
19843	0.0133333333333
25700	0.0133333333333
36395	0.0133333333333
37747	0.0133333333333
41180	0.0133333333333
52857	0.0133333333333
53184	0.0133333333333
57430	0.0133333333333
59681	0.0133333333333
13121	0.0132450331126
41154	0.0132450331126
41331	0.0132450331126
24522	0.0132275132275
1714	0.0131578947368
3195	0.0131578947368
22830	0.0131578947368
30209	0.0131578947368
33947	0.0131578947368
42103	0.0131578947368
44847	0.0131578947368
51676	0.0131578947368
51821	0.0131578947368
52682	0.0131578947368
53328	0.0131578947368
59906	0.0131578947368
13040	0.0130718954248
22684	0.0130718954248
35047	0.0130718954248
5512	0.0130293159609
186	0.012987012987
4561	0.012987012987
11119	0.012987012987
14555	0.012987012987
20996	0.012987012987
37774	0.012987012987
39965	0.012987012987
41832	0.012987012987
51353	0.012987012987
51589	0.012987012987
38493	0.0128755364807
4728	0.0128205128205
10248	0.0128205128205
15264	0.0128205128205
16302	0.0128205128205
16357	0.0128205128205
17442	0.0128205128205
18769	0.0128205128205
22864	0.0128205128205
34276	0.0128205128205
35541	0.0128205128205
40645	0.0128205128205
51102	0.0128205128205
52853	0.0128205128205
37052	0.0127659574468
13036	0.0127388535032
41552	0.0127388535032
2127	0.0127118644068
859	0.0126582278481
4047	0.0126582278481
14181	0.0126582278481
16193	0.0126582278481
18773	0.0126582278481
29756	0.0126582278481
32895	0.0126582278481
32935	0.0126582278481
34115	0.0126582278481
34788	0.0126582278481
38642	0.0126582278481
52458	0.0126582278481
4876	0.0126050420168
24126	0.0126050420168
40979	0.0125786163522
42335	0.0125786163522
37115	0.0125523012552
3787	0.0125
4135	0.0125
4374	0.0125
4390	0.0125
10920	0.0125
15354	0.0125
18838	0.0125
28982	0.0125
34166	0.0125
42111	0.0125
42813	0.0125
51087	0.0125
60334	0.0125
20818	0.0124688279302
12511	0.0124223602484
15233	0.0124223602484
3843	0.0123456790123
4510	0.0123456790123
7884	0.0123456790123
14511	0.0123456790123
15197	0.0123456790123
24833	0.0123456790123
26172	0.0123456790123
26659	0.0123456790123
30834	0.0123456790123
38201	0.0123456790123
41059	0.0123456790123
41712	0.0123456790123
46558	0.0123456790123
53282	0.0123456790123
59731	0.0123456790123
451	0.0121951219512
1877	0.0121951219512
5754	0.0121951219512
27404	0.0121951219512
41689	0.0121951219512
47995	0.0121951219512
50883	0.0121951219512
50890	0.0121951219512
51196	0.0121951219512
51307	0.0121951219512
59558	0.0121951219512
23222	0.0121212121212
4753	0.0120481927711
12475	0.0120481927711
16838	0.0120481927711
29005	0.0120481927711
30191	0.0120481927711
32735	0.0120481927711
52884	0.0120481927711
34967	0.0119760479042
30835	0.0119521912351
2424	0.0119047619048
4227	0.0119047619048
11069	0.0119047619048
13064	0.0119047619048
17625	0.0119047619048
19465	0.0119047619048
25273	0.0119047619048
32927	0.0119047619048
34149	0.0119047619048
41100	0.0119047619048
41139	0.0119047619048
41548	0.0119047619048
41791	0.0119047619048
41856	0.0119047619048
47918	0.0119047619048
59617	0.0119047619048
512	0.011811023622
1743	0.0118043844857
1537	0.0117647058824
7346	0.0117647058824
8142	0.0117647058824
12194	0.0117647058824
12597	0.0117647058824
20077	0.0117647058824
25942	0.0117647058824
31634	0.0117647058824
34190	0.0117647058824
41775	0.0117647058824
50652	0.0117647058824
5553	0.0117096018735
16723	0.0116959064327
730	0.0116279069767
1553	0.0116279069767
6466	0.0116279069767
6679	0.0116279069767
8197	0.0116279069767
21795	0.0116279069767
42035	0.0116279069767
50959	0.0116279069767
51418	0.0116279069767
14343	0.0115606936416
32594	0.0115606936416
10607	0.0114942528736
21715	0.0114942528736
26218	0.0114942528736
29603	0.0114942528736
40202	0.0114942528736
40477	0.0114942528736
51290	0.0114942528736
1146	0.0113636363636
12831	0.0113636363636
30619	0.0113636363636
34531	0.0113636363636
35516	0.0113636363636
52442	0.0113636363636
52733	0.0113636363636
50897	0.0112994350282
51120	0.0112994350282
637	0.0112359550562
4580	0.0112359550562
4867	0.0112359550562
6194	0.0112359550562
17556	0.0112359550562
29280	0.0112359550562
37224	0.0112359550562
50958	0.0112359550562
8466	0.0111731843575
29992	0.0111524163569
1170	0.0111111111111
7301	0.0111111111111
14505	0.0111111111111
21983	0.0111111111111
22113	0.0111111111111
22121	0.0111111111111
35699	0.0111111111111
38676	0.0111111111111
38763	0.0111111111111
41249	0.0111111111111
51905	0.0111111111111
10251	0.0110701107011
19288	0.0110701107011
41088	0.0110497237569
51655	0.0110497237569
123	0.010989010989
5702	0.010989010989
8755	0.010989010989
18326	0.010989010989
25295	0.010989010989
40752	0.010989010989
41191	0.010989010989
48676	0.010989010989
51967	0.010989010989
2757	0.0109489051095
23121	0.0109289617486
51989	0.0108991825613
1068	0.0108695652174
17686	0.0108695652174
41177	0.0108695652174
42369	0.0108695652174
43834	0.0108695652174
51114	0.0108695652174
51193	0.0108695652174
40988	0.0108459869848
28443	0.0108303249097
1950	0.010752688172
8890	0.010752688172
9588	0.010752688172
18374	0.010752688172
41404	0.010752688172
42339	0.010752688172
51000	0.010752688172
51151	0.010752688172
52415	0.010752688172
3139	0.0107142857143
15228	0.0107066381156
7460	0.0106951871658
11553	0.0106382978723
17723	0.0106382978723
25221	0.0106382978723
34191	0.0106382978723
51092	0.0106382978723
52817	0.0106382978723
60068	0.0106382978723
61042	0.0106382978723
7442	0.0106100795756
30812	0.010582010582
48489	0.010582010582
41364	0.0105633802817
6353	0.0105263157895
16273	0.0105263157895
27691	0.0105263157895
41490	0.0105263157895
41525	0.0105263157895
46620	0.0105263157895
49335	0.0105263157895
50984	0.0105263157895
41417	0.0104895104895
3747	0.0104529616725
862	0.0104166666667
1638	0.0104166666667
8519	0.0104166666667
18231	0.0104166666667
30938	0.0104166666667
31995	0.0104166666667
33990	0.0104166666667
39473	0.0104166666667
41113	0.0104166666667
54	0.0103092783505
7124	0.0103092783505
12970	0.0103092783505
28286	0.0103092783505
32058	0.0103092783505
41271	0.0103092783505
41382	0.0103092783505
41385	0.0103092783505
41649	0.0103092783505
43575	0.0103092783505
50980	0.0103092783505
52416	0.0103092783505
53040	0.0103092783505
59133	0.0103092783505
3022	0.0102739726027
25051	0.0102459016393
95	0.0102040816327
256	0.0102040816327
1755	0.0102040816327
8901	0.0102040816327
10973	0.0102040816327
16076	0.0102040816327
34104	0.0102040816327
41269	0.0102040816327
2169	0.010101010101
32509	0.010101010101
38925	0.010101010101
41228	0.010101010101
41570	0.010101010101
41653	0.010101010101
49210	0.010101010101
55746	0.010101010101
41102	0.0100502512563
3861	0.01
5697	0.01
13317	0.01
21583	0.01
30874	0.01
33645	0.01
42249	0.01
50873	0.01
52089	0.01
4439	0.00995024875622
21337	0.00995024875622
34169	0.00994035785288
156	0.00990099009901
1252	0.00990099009901
18378	0.00990099009901
26592	0.00990099009901
32418	0.00990099009901
38585	0.00990099009901
41086	0.00990099009901
41913	0.00990099009901
46493	0.00990099009901
51869	0.00990099009901
52016	0.00990099009901
18699	0.00986842105263
51697	0.00985221674877
1853	0.00980392156863
3182	0.00980392156863
3198	0.00980392156863
47473	0.00980392156863
51019	0.00975609756098
33841	0.00974658869396
1239	0.00974025974026
3294	0.00970873786408
12824	0.00970873786408
13927	0.00970873786408
21321	0.00970873786408
41200	0.00970873786408
41618	0.00970873786408
51901	0.00970873786408
1113	0.00966183574879
15083	0.00966183574879
52225	0.0096463022508
6254	0.00961538461538
9625	0.00961538461538
14832	0.00961538461538
16408	0.00961538461538
27580	0.00961538461538
28486	0.00961538461538
29707	0.00961538461538
36366	0.00961538461538
41103	0.00961538461538
27529	0.00956937799043
4770	0.00952380952381
5455	0.00952380952381
20010	0.00952380952381
22643	0.00952380952381
25027	0.00952380952381
29533	0.00952380952381
33716	0.00952380952381
41082	0.00952380952381
41167	0.00952380952381
41655	0.00952380952381
41942	0.00952380952381
42328	0.00952380952381
43337	0.00952380952381
43542	0.00952380952381
41171	0.00947867298578
53342	0.00947867298578
4836	0.00943396226415
11378	0.00943396226415
20802	0.00943396226415
21312	0.00943396226415
28805	0.00943396226415
33639	0.00943396226415
39366	0.00943396226415
41078	0.00943396226415
52891	0.00943396226415
35728	0.00940438871473
1489	0.0093896713615
2544	0.00934579439252
23831	0.00934579439252
47265	0.00934579439252
47448	0.00934579439252
12388	0.00932400932401
30269	0.00931098696462
1364	0.00928792569659
32862	0.00927643784787
4156	0.00925925925926
4541	0.00925925925926
13313	0.00925925925926
13891	0.00925925925926
34933	0.00925925925926
36275	0.00925925925926
43219	0.00925925925926
50938	0.00925925925926
52024	0.00925925925926
27906	0.00923076923077
32490	0.00921658986175
17389	0.00917431192661
22195	0.00917431192661
22231	0.00917431192661
41935	0.00917431192661
4512	0.00909090909091
6428	0.00909090909091
24922	0.00909090909091
26162	0.00909090909091
28141	0.00909090909091
32074	0.00909090909091
1655	0.00906344410876
34929	0.00904977375566
26251	0.00900900900901
1361	0.00892857142857
2145	0.00892857142857
4611	0.00892857142857
16231	0.00892857142857
20636	0.00892857142857
22031	0.00892857142857
41715	0.00892857142857
41807	0.00892857142857
17987	0.00890207715134
32823	0.00888888888889
259	0.00884955752212
397	0.00884955752212
2787	0.00884955752212
20511	0.00884955752212
22813	0.00884955752212
27649	0.00884955752212
37156	0.00884955752212
39002	0.00884955752212
41002	0.00884955752212
41165	0.00884955752212
52536	0.00884955752212
34683	0.00882352941176
29852	0.00881057268722
42374	0.00881057268722
29845	0.00879765395894
71	0.00877192982456
3239	0.00877192982456
6330	0.00877192982456
10646	0.00877192982456
16846	0.00877192982456
26828	0.00877192982456
31306	0.00877192982456
50936	0.00877192982456
51011	0.00877192982456
52382	0.00877192982456
2030	0.00874635568513
4523	0.00873362445415
41031	0.00872817955112
2848	0.00869565217391
5603	0.00869565217391
10340	0.00869565217391
22238	0.00869565217391
31895	0.00869565217391
41172	0.00869565217391
41943	0.00869565217391
10054	0.00862068965517
13428	0.00862068965517
19126	0.00862068965517
27225	0.00862068965517
30880	0.00862068965517
31720	0.00862068965517
41136	0.00862068965517
41303	0.00862068965517
41322	0.00862068965517
11307	0.00857142857143
3120	0.00854700854701
27582	0.00854700854701
39210	0.00854700854701
40030	0.00854700854701
41640	0.00854700854701
50330	0.00854700854701
51345	0.00854700854701
35703	0.00851063829787
41034	0.00849858356941
3481	0.00847457627119
8729	0.00847457627119
26279	0.00847457627119
33971	0.00847457627119
35951	0.00847457627119
41116	0.00847457627119
41179	0.00847457627119
41826	0.00847457627119
43088	0.00847457627119
49408	0.00847457627119
2785	0.0084388185654
19201	0.0084388185654
50939	0.00842696629213
4057	0.00840336134454
15794	0.00840336134454
15986	0.00840336134454
19313	0.00840336134454
29855	0.00840336134454
41127	0.00840336134454
41245	0.00840336134454
44776	0.00840336134454
50957	0.00840336134454
41048	0.00837988826816
1062	0.00836820083682
3316	0.00833333333333
11383	0.00833333333333
32411	0.00833333333333
37111	0.00833333333333
41111	0.00833333333333
47503	0.00833333333333
60005	0.00833333333333
1144	0.00829875518672
2367	0.00826446280992
11239	0.00826446280992
14646	0.00826446280992
20779	0.00826446280992
22895	0.00826446280992
26199	0.00826446280992
30805	0.00826446280992
43787	0.00826446280992
51632	0.00826446280992
59611	0.00826446280992
37104	0.0082304526749
34830	0.00821917808219
41132	0.00821917808219
5622	0.00819672131148
5804	0.00819672131148
6904	0.00819672131148
12167	0.00819672131148
24803	0.00819672131148
51549	0.00819672131148
49392	0.00816326530612
6394	0.00813008130081
17583	0.00813008130081
18563	0.00813008130081
26674	0.00813008130081
40562	0.00813008130081
51232	0.00813008130081
2	0.00812182741117
15373	0.00810810810811
9138	0.0080971659919
2326	0.00807754442649
2927	0.00806451612903
25305	0.00806451612903
25834	0.00806451612903
45139	0.00806451612903
50933	0.00802139037433
6657	0.008
9753	0.008
14686	0.008
20738	0.008
21696	0.008
31340	0.008
38822	0.008
41392	0.008
44351	0.008
44486	0.008
50812	0.008
41109	0.00795228628231
1324	0.00793650793651
4775	0.00793650793651
9135	0.00793650793651
17015	0.00793650793651
18276	0.00793650793651
28155	0.00793650793651
29990	0.00793650793651
32146	0.00793650793651
33577	0.00793650793651
41056	0.00793650793651
41164	0.00793650793651
41284	0.00793650793651
42262	0.00793650793651
48902	0.00793650793651
53001	0.00793650793651
83	0.00787401574803
2071	0.00787401574803
5672	0.00787401574803
11489	0.00787401574803
21252	0.00787401574803
22877	0.00787401574803
30324	0.00787401574803
33830	0.00787401574803
34155	0.00787401574803
41411	0.00787401574803
41425	0.00787401574803
51030	0.00787401574803
53361	0.00787401574803
3720	0.00783289817232
1028	0.0078125
17554	0.0078125
26711	0.0078125
34391	0.0078125
40970	0.0078125
51689	0.0078125
17147	0.00778210116732
900	0.0077519379845
2094	0.0077519379845
13098	0.0077519379845
22319	0.0077519379845
870	0.00771208226221
2007	0.00770077007701
2905	0.00769230769231
25810	0.00769230769231
31312	0.00769230769231
41055	0.00769230769231
50881	0.00769230769231
51666	0.00769230769231
3527	0.00767754318618
23150	0.00765696784074
6352	0.00763358778626
42308	0.00763358778626
23642	0.00761421319797
253	0.00760869565217
16956	0.00760456273764
616	0.00757575757576
1087	0.00757575757576
2264	0.00757575757576
4136	0.00757575757576
21742	0.00757575757576
27209	0.00757575757576
32246	0.00757575757576
38330	0.00757575757576
41253	0.00757575757576
41793	0.00757575757576
34199	0.00754716981132
2171	0.00751879699248
3865	0.00751879699248
41108	0.00751879699248
41536	0.00751879699248
41819	0.00751879699248
50941	0.00751879699248
51496	0.00751879699248
2811	0.00749063670412
50944	0.00749063670412
100	0.00746268656716
3492	0.00746268656716
10047	0.00746268656716
10112	0.00746268656716
25570	0.00746268656716
38708	0.00746268656716
51281	0.00746268656716
17939	0.00743494423792
31877	0.00743494423792
41090	0.00742574257426
4070	0.00740740740741
15636	0.00740740740741
29909	0.00740740740741
35920	0.00740740740741
37577	0.00740740740741
39852	0.00740740740741
18556	0.00738007380074
41208	0.00738007380074
1117	0.00735294117647
2144	0.00735294117647
11769	0.00735294117647
13076	0.00735294117647
32457	0.00735294117647
56100	0.00735294117647
21801	0.00732600732601
3116	0.00729927007299
5575	0.00729927007299
5634	0.00729927007299
11087	0.00729927007299
11095	0.00729927007299
22798	0.00729927007299
41079	0.00729927007299
50952	0.00729927007299
50995	0.00729927007299
4711	0.00725513905683
9656	0.00724637681159
14476	0.00724637681159
30917	0.00724637681159
51164	0.00724637681159
51709	0.00724637681159
51811	0.00724637681159
41092	0.00722891566265
7062	0.0072202166065
4937	0.00720906282183
7451	0.00719424460432
11004	0.00719424460432
16340	0.00719424460432
25440	0.00719424460432
39323	0.00719424460432
11201	0.00716845878136
39915	0.00716845878136
5218	0.00714285714286
5599	0.00714285714286
9295	0.00714285714286
16194	0.00714285714286
16831	0.00714285714286
30585	0.00714285714286
36418	0.00714285714286
41890	0.00714285714286
17605	0.00711743772242
24017	0.00711743772242
30794	0.00711743772242
11798	0.00709219858156
17315	0.00709219858156
32318	0.00709219858156
40344	0.00709219858156
41705	0.00709219858156
2037	0.00704225352113
2070	0.00704225352113
2789	0.00704225352113
28750	0.00704225352113
35039	0.00704225352113
43178	0.00704225352113
13056	0.00702987697715
27890	0.00701754385965
949	0.00700525394046
18836	0.00699300699301
26486	0.00699300699301
34607	0.00699300699301
38820	0.00699300699301
51266	0.00699300699301
25586	0.00697674418605
35045	0.00697674418605
11	0.00694444444444
4280	0.00694444444444
9245	0.00694444444444
32651	0.00694444444444
51026	0.00694444444444
52018	0.00694444444444
1752	0.00689655172414
4977	0.00689655172414
28709	0.00689655172414
29863	0.00689655172414
38907	0.00689655172414
41074	0.00689655172414
51415	0.00689655172414
52240	0.00689655172414
27226	0.00684931506849
9646	0.00680272108844
37201	0.00680272108844
38657	0.00680272108844
40351	0.00680272108844
41287	0.00680272108844
14515	0.00675675675676
494	0.00671140939597
2401	0.00671140939597
4513	0.00671140939597
27642	0.00671140939597
28055	0.0066889632107
6954	0.00666666666667
13119	0.00666666666667
13621	0.00666666666667
14013	0.00666666666667
34350	0.00666666666667
41106	0.00666666666667
1048	0.00664136622391
632	0.00662251655629
10010	0.00662251655629
12777	0.00662251655629
23666	0.00662251655629
27952	0.00662251655629
41038	0.00662251655629
50915	0.00662251655629
11519	0.00657894736842
35345	0.00655307994758
2733	0.00653594771242
2776	0.00653594771242
9762	0.00653594771242
14122	0.00653594771242
17301	0.00653594771242
27715	0.00653594771242
38519	0.00653594771242
14115	0.00651465798046
26863	0.00650406504065
4563	0.00649350649351
16784	0.00649350649351
34109	0.00649350649351
34548	0.00649350649351
41596	0.00649350649351
3280	0.00647948164147
41332	0.00647948164147
7444	0.00647249190939
874	0.00645161290323
12432	0.00645161290323
52802	0.00645161290323
4121	0.0064308681672
4337	0.00641025641026
5693	0.00641025641026
18456	0.00641025641026
46722	0.00641025641026
22929	0.00639853747715
1918	0.00638977635783
32188	0.00638977635783
618	0.00636942675159
5206	0.00636942675159
11169	0.00636942675159
11481	0.00636942675159
23299	0.00636942675159
27899	0.00636942675159
34522	0.00636942675159
41067	0.00636942675159
51575	0.00636942675159
2409	0.00632911392405
13063	0.00632911392405
27809	0.00632911392405
51784	0.00632911392405
53344	0.00632911392405
12121	0.0062893081761
17979	0.0062893081761
18129	0.0062893081761
49398	0.0062893081761
7299	0.00626959247649
35237	0.00626959247649
1064	0.00625
3554	0.00625
4464	0.00625
7161	0.00625
19034	0.00625
36078	0.00625
1984	0.00624024960998
10089	0.00621118012422
19314	0.00621118012422
19687	0.00621118012422
29309	0.00621118012422
35019	0.00621118012422
1628	0.00620347394541
41972	0.0061919504644
16927	0.00617283950617
17715	0.00617283950617
1902	0.00614754098361
712	0.00613496932515
4413	0.00613496932515
4739	0.00613496932515
12501	0.00613496932515
25113	0.00612557427259
18584	0.00610500610501
254	0.00609756097561
1389	0.00609756097561
3533	0.00609756097561
21204	0.00609756097561
24606	0.00609756097561
26893	0.00609756097561
38861	0.00609756097561
43200	0.00609756097561
26602	0.00609291698401
18613	0.00607902735562
17938	0.00607287449393
16912	0.00606060606061
18283	0.00606060606061
21989	0.00606060606061
50870	0.00606060606061
33780	0.00602409638554
37680	0.00602409638554
40942	0.00602409638554
41355	0.006
38800	0.0059880239521
38959	0.0059880239521
41060	0.0059880239521
5768	0.00597609561753
511	0.00595238095238
4430	0.00595238095238
8210	0.00595238095238
29277	0.00594530321046
137	0.00591715976331
2934	0.00591715976331
11887	0.00591715976331
18340	0.00591715976331
41000	0.00589970501475
18815	0.00588235294118
22838	0.00588235294118
23415	0.00588235294118
30762	0.00588235294118
34217	0.00588235294118
41029	0.00588235294118
51029	0.00588235294118
18307	0.00587544065805
4144	0.00584795321637
10443	0.00584795321637
11128	0.00584795321637
25384	0.00584795321637
37409	0.00584795321637
51145	0.00584795321637
51155	0.00584795321637
51699	0.00584795321637
19601	0.00584368151936
36398	0.00584225900682
40964	0.00583090379009
22401	0.00581395348837
41391	0.00581395348837
51025	0.00581395348837
1118	0.00578778135048
2588	0.00578034682081
3260	0.00578034682081
14862	0.00578034682081
22579	0.00578034682081
29532	0.00578034682081
42954	0.00578034682081
50961	0.00578034682081
4396	0.00576553491352
4764	0.00576368876081
7349	0.00576368876081
2142	0.00574712643678
37198	0.00574712643678
4708	0.00573888091822
2463	0.00573065902579
34147	0.00573065902579
34751	0.00572519083969
1390	0.00571428571429
26890	0.00571428571429
1700	0.00569800569801
3733	0.00569800569801
18301	0.00569800569801
5230	0.00568181818182
7751	0.00568181818182
12149	0.00568181818182
26584	0.00568181818182
29024	0.00568181818182
9488	0.00564971751412
10736	0.00564971751412
31850	0.00564971751412
33727	0.00564971751412
28821	0.00563909774436
41985	0.00563909774436
29453	0.0056338028169
5237	0.00561797752809
23285	0.00561797752809
40625	0.00561797752809
13660	0.00558659217877
33850	0.00558659217877
40975	0.00558659217877
5157	0.00557809330629
34897	0.00557103064067
6417	0.00555555555556
25324	0.00555555555556
35144	0.00555555555556
22383	0.00554785020804
3312	0.00553505535055
9252	0.00552486187845
5000	0.00551876379691
11776	0.00549450549451
4846	0.00549019607843
38203	0.00548546352167
29854	0.00547195622435
16516	0.00546448087432
24970	0.00546448087432
25453	0.00546448087432
30466	0.00546448087432
30802	0.00546448087432
40976	0.00546448087432
51197	0.00546448087432
5116	0.0054347826087
30901	0.0054347826087
33692	0.0054347826087
50760	0.0054347826087
52065	0.0054347826087
52494	0.0054347826087
879	0.00542005420054
11359	0.00542005420054
3548	0.00540540540541
4479	0.00540540540541
10792	0.00540540540541
40887	0.00540540540541
51211	0.00540540540541
1497	0.00539374325782
1231	0.00537634408602
37238	0.00537634408602
39510	0.00537634408602
41013	0.00537634408602
41204	0.00537634408602
41546	0.00537634408602
18311	0.00537056928034
35178	0.00536672629696
7505	0.00531914893617
5112	0.00530856005309
40980	0.00530035335689
6772	0.00529100529101
32042	0.00529100529101
37993	0.00529100529101
39265	0.00529100529101
25098	0.00528169014085
16420	0.00527704485488
35809	0.00526315789474
36967	0.00526315789474
32483	0.00523560209424
34073	0.00523560209424
44456	0.00523560209424
41018	0.00522875816993
1438	0.00522193211488
19547	0.00519480519481
4675	0.00518134715026
12017	0.00518134715026
25891	0.00518134715026
10266	0.00515463917526
12969	0.00514579759863
20630	0.00514138817481
35514	0.00512820512821
11664	0.00511508951407
41129	0.00511508951407
26235	0.00510204081633
23688	0.00508905852417
3250	0.00507614213198
21507	0.00507614213198
39358	0.00507614213198
41016	0.00506879073135
7198	0.00505050505051
3689	0.00503778337531
22230	0.00502512562814
22524	0.00502512562814
41452	0.00502512562814
31483	0.00501253132832
38787	0.005
41530	0.005
7974	0.00497512437811
11314	0.00497512437811
44433	0.00497512437811
51146	0.00497512437811
9642	0.00495662949195
29360	0.0049504950495
39785	0.00494559841741
2745	0.00492957746479
29705	0.00492610837438
23174	0.004914004914
39709	0.00490196078431
40541	0.00490196078431
41047	0.00490196078431
40965	0.00487408610885
9761	0.00485436893204
26195	0.00485436893204
47787	0.00485436893204
90	0.0048309178744
5419	0.0048309178744
37689	0.0048309178744
35049	0.0048231511254
20416	0.00480769230769
2089	0.00478468899522
18960	0.00478468899522
41467	0.00477326968974
11782	0.0047619047619
15306	0.0047619047619
26760	0.0047619047619
28051	0.00475812846947
39447	0.00475624256837
3515	0.00473933649289
10166	0.00473933649289
41308	0.00473933649289
4695	0.00471698113208
50885	0.00471698113208
4173	0.00470588235294
13111	0.00469483568075
28610	0.00469483568075
22971	0.00468384074941
7303	0.00467289719626
14716	0.00467289719626
27579	0.00467289719626
23388	0.0046511627907
38191	0.0046511627907
14750	0.0046403712297
1309	0.00462962962963
34999	0.00462962962963
41366	0.00462962962963
41521	0.00462962962963
39136	0.00462606013878
11778	0.00460829493088
21458	0.00460829493088
27051	0.00460829493088
28405	0.00459770114943
30980	0.00459242250287
6304	0.00458015267176
5643	0.00454545454545
11675	0.00454545454545
14369	0.00454545454545
17611	0.00454545454545
51341	0.00454545454545
17596	0.00453857791225
31830	0.00453514739229
992	0.00452488687783
21845	0.00452488687783
1135	0.00451807228916
35563	0.0045118949959
13742	0.0045045045045
25431	0.0045045045045
3499	0.00448430493274
17346	0.00448430493274
5120	0.00446428571429
53069	0.00446428571429
13095	0.00444444444444
3273	0.00443458980044
38794	0.0044286979628
34224	0.00441014332966
18172	0.00440528634361
40981	0.00440528634361
4655	0.00439783491204
13933	0.00438596491228
20075	0.00438596491228
37660	0.00438596491228
2722	0.00436681222707
10727	0.00436681222707
51721	0.00436681222707
52258	0.00436681222707
4654	0.00434782608696
21331	0.00434782608696
52055	0.004329004329
1632	0.00431034482759
12756	0.00431034482759
35400	0.00431034482759
2186	0.00429184549356
29492	0.00429184549356
40977	0.00429184549356
50937	0.00429184549356
37961	0.00428265524625
41140	0.0042735042735
18759	0.00425531914894
31879	0.00425531914894
32811	0.00425531914894
3419	0.00424628450106
13960	0.00423728813559
14749	0.00423728813559
18777	0.00423728813559
50105	0.00422832980973
14604	0.00420168067227
41003	0.00420168067227
41329	0.00420168067227
19599	0.0041928721174
21648	0.00418410041841
4900	0.00416666666667
5432	0.00416666666667
33495	0.00416666666667
44281	0.00416666666667
76	0.00414937759336
31440	0.00414593698176
23782	0.00413223140496
34356	0.00413223140496
36394	0.00413223140496
39483	0.00411522633745
28633	0.00408163265306
36392	0.0040733197556
3059	0.00405405405405
39549	0.00404858299595
30849	0.00403225806452
41054	0.00403225806452
20506	0.00401606425703
31170	0.00401606425703
50845	0.00401606425703
26805	0.0040071237756
17711	0.00399201596806
25930	0.00398406374502
34145	0.00398406374502
39027	0.00398406374502
52332	0.00396825396825
3133	0.00396301188904
10287	0.00395256916996
14352	0.00394218134034
44117	0.00393700787402
50923	0.00393700787402
2381	0.00391134289439
30445	0.00390625
40968	0.00390625
40995	0.00390625
1503	0.00389538119087
1921	0.00389105058366
20875	0.00387596899225
23667	0.00387596899225
27358	0.00387596899225
41194	0.00387596899225
44951	0.00387596899225
5673	0.00386847195358
34858	0.00386847195358
33895	0.003861003861
40984	0.003861003861
4005	0.00384615384615
47637	0.00384615384615
1680	0.00384122919334
9647	0.00383877159309
868	0.00383141762452
6427	0.00382577987051
17586	0.00381679389313
34369	0.00380952380952
15207	0.00380228136882
34920	0.00380228136882
6789	0.00378787878788
41347	0.00378787878788
30899	0.00374531835206
1119	0.00371747211896
26416	0.00371747211896
17790	0.0037037037037
41095	0.00369003690037
51041	0.00366972477064
869	0.00366479354996
28128	0.003663003663
29372	0.003663003663
40334	0.003663003663
3933	0.00365965233303
34367	0.00365296803653
30691	0.0036496350365
5231	0.00364203954214
38232	0.00363636363636
50864	0.00363636363636
12998	0.00362976406534
35021	0.0036231884058
35136	0.0036231884058
39602	0.0036231884058
4399	0.00359712230216
29394	0.00359712230216
51158	0.00358422939068
40962	0.0035746201966
3365	0.00355871886121
17566	0.00353982300885
1676	0.00352112676056
4489	0.00352112676056
25414	0.00352112676056
7390	0.00350877192982
18414	0.00350877192982
27094	0.00350877192982
893	0.00350701402806
4242	0.0034965034965
2290	0.00348634514817
22654	0.00348432055749
38793	0.0034742327736
6564	0.00346020761246
41368	0.00346020761246
1020	0.00344827586207
5519	0.00344827586207
11381	0.00344827586207
28407	0.00344827586207
38807	0.00344827586207
25937	0.00342465753425
9538	0.00341296928328
11746	0.00341296928328
16449	0.00341296928328
21558	0.00341296928328
29724	0.00340136054422
19090	0.00338983050847
40969	0.00337837837838
18278	0.003367003367
51006	0.003367003367
42912	0.00334448160535
8709	0.00333555703803
21772	0.00333333333333
23011	0.00331125827815
6444	0.003300330033
7261	0.003300330033
7312	0.00329102021627
42424	0.00326797385621
34637	0.00324675324675
7175	0.00322061191626
4578	0.0032154340836
41258	0.0032154340836
41307	0.0032154340836
51027	0.0032154340836
16209	0.00321027287319
5204	0.00320307495195
12610	0.0032
684	0.00319488817891
41093	0.00319488817891
23999	0.0031847133758
28742	0.00318133616119
5100	0.0031746031746
41039	0.0031746031746
50901	0.00316455696203
51156	0.00315457413249
13339	0.00314465408805
41403	0.00314465408805
27128	0.003125
38987	0.00311526479751
27527	0.00307692307692
12467	0.0030487804878
17008	0.0030487804878
41015	0.0030303030303
2344	0.00301204819277
18361	0.003003003003
32453	0.003003003003
20542	0.00299401197605
41156	0.00296735905045
14140	0.00294117647059
48572	0.00290697674419
28047	0.00289855072464
28810	0.00289855072464
4485	0.00287356321839
10250	0.00285714285714
41068	0.00284629981025
50863	0.00284090909091
37392	0.002828854314
25554	0.00281690140845
25078	0.00280898876404
21906	0.00280112044818
40987	0.0027972027972
3788	0.00279329608939
4644	0.00277008310249
47774	0.00277008310249
33634	0.00275862068966
50855	0.00275482093664
27651	0.00274725274725
38492	0.00274725274725
216	0.00273224043716
7317	0.00272479564033
30799	0.00271739130435
921	0.00271247739602
7419	0.00271002710027
23265	0.00271002710027
38932	0.00271002710027
4916	0.00270758122744
5809	0.00269784172662
6689	0.00269541778976
41097	0.00269541778976
29971	0.00268817204301
30471	0.00268817204301
41050	0.00268096514745
41374	0.00268096514745
16917	0.00266666666667
2419	0.0026525198939
21323	0.0026455026455
27949	0.00263852242744
22744	0.00262927256792
4518	0.00262812089356
14207	0.00260416666667
18515	0.00260416666667
29218	0.00260416666667
25738	0.00259965337955
19598	0.0025974025974
867	0.0025641025641
23481	0.00255754475703
31868	0.00253164556962
10987	0.00252525252525
41010	0.00251889168766
51096	0.00246913580247
5420	0.00246305418719
22743	0.00244299674267
6812	0.00244100895037
10281	0.00242130750605
1380	0.00240963855422
7100	0.00239808153477
31536	0.00236966824645
41071	0.00235849056604
27525	0.00235294117647
41027	0.00235294117647
7300	0.00230946882217
7518	0.00229885057471
40289	0.00229885057471
4951	0.00229357798165
497	0.00226244343891
562	0.00226244343891
22251	0.00226244343891
3827	0.00222222222222
28832	0.00221238938053
1399	0.00219298245614
16447	0.00218340611354
2898	0.0021645021645
21545	0.00215982721382
631	0.00215517241379
7340	0.0021164021164
12423	0.00211416490486
41058	0.00210970464135
33762	0.00210526315789
3531	0.00205761316872
27865	0.00204918032787
5593	0.002
3729	0.00196078431373
21797	0.00191938579655
5503	0.00189035916824
40971	0.00187969924812
9826	0.00186219739292
40999	0.00184842883549
8732	0.00183486238532
32612	0.0018281535649
13935	0.0018115942029
27489	0.00180505415162
37426	0.00179211469534
21745	0.00178571428571
33887	0.0017825311943
2312	0.00176056338028
2840	0.00175746924429
1931	0.00175131348511
51212	0.00172711571675
17355	0.0015873015873
38584	0.00154083204931
27535	0.00149476831091
2613	0.00142857142857
1422	0.00130039011704
9200	0.0010460251046
11727	0.000934579439252
2333	0.000905797101449
