50136	0.5
50423	0.5
60953	0.5
16442	0.333333333333
18480	0.333333333333
55682	0.333333333333
13279	0.25
20493	0.25
33535	0.25
43958	0.25
236	0.2
2464	0.2
59535	0.2
1226	0.166666666667
37751	0.166666666667
44429	0.166666666667
48027	0.166666666667
9750	0.142857142857
22052	0.142857142857
26203	0.142857142857
52659	0.142857142857
55154	0.142857142857
60864	0.142857142857
21866	0.125
28149	0.125
32883	0.125
47201	0.125
53139	0.125
9678	0.111111111111
16492	0.111111111111
20375	0.111111111111
23432	0.111111111111
45640	0.111111111111
51035	0.111111111111
52098	0.1
52219	0.1
27241	0.0909090909091
42814	0.0909090909091
51650	0.0909090909091
52663	0.0909090909091
54595	0.0909090909091
9640	0.0833333333333
18762	0.0833333333333
38505	0.0833333333333
41514	0.0833333333333
9617	0.0769230769231
26978	0.0769230769231
36241	0.0769230769231
43070	0.0769230769231
6521	0.0714285714286
24463	0.0714285714286
46183	0.0714285714286
57495	0.0714285714286
35584	0.0666666666667
47059	0.0666666666667
2969	0.0625
4984	0.0625
8731	0.0625
11505	0.0625
46423	0.0625
51245	0.0625
2053	0.0588235294118
32065	0.0588235294118
45271	0.0588235294118
13787	0.0555555555556
24212	0.0555555555556
18186	0.0526315789474
36208	0.0526315789474
47018	0.0526315789474
11068	0.05
41104	0.05
6932	0.047619047619
20477	0.047619047619
3366	0.0454545454545
8045	0.0454545454545
46703	0.0454545454545
12403	0.0416666666667
39260	0.0416666666667
51022	0.0416666666667
42679	0.04
22848	0.0384615384615
34861	0.037037037037
43417	0.037037037037
1060	0.0357142857143
4938	0.0357142857143
15125	0.0357142857143
26094	0.0357142857143
41955	0.0357142857143
44560	0.0344827586207
53034	0.0344827586207
24804	0.0333333333333
35240	0.0333333333333
51315	0.0333333333333
52644	0.0322580645161
22765	0.03125
42199	0.03125
59933	0.03125
45900	0.030303030303
47456	0.030303030303
8248	0.0294117647059
13922	0.0294117647059
42651	0.0294117647059
46895	0.0285714285714
26954	0.0277777777778
32584	0.0277777777778
45283	0.0277777777778
13254	0.027027027027
35359	0.027027027027
4276	0.0263157894737
53158	0.0263157894737
52772	0.025641025641
19606	0.0243902439024
38579	0.0243902439024
32493	0.0238095238095
58913	0.0238095238095
6235	0.0232558139535
22663	0.0232558139535
4457	0.0222222222222
35747	0.0222222222222
1690	0.0217391304348
15515	0.0212765957447
33781	0.0212765957447
7468	0.0208333333333
21841	0.0208333333333
35164	0.0208333333333
43034	0.0208333333333
9669	0.02
27235	0.0185185185185
2734	0.0181818181818
51692	0.0181818181818
28111	0.0178571428571
19816	0.0175438596491
10633	0.0172413793103
42409	0.0172413793103
2087	0.0169491525424
26233	0.0166666666667
29806	0.0166666666667
7295	0.016393442623
10601	0.0161290322581
16847	0.0161290322581
52170	0.0161290322581
2644	0.015873015873
13653	0.015625
23230	0.015625
3669	0.0151515151515
41143	0.0149253731343
8894	0.0147058823529
24698	0.0142857142857
50949	0.0140845070423
26274	0.0138888888889
35701	0.0138888888889
43920	0.013698630137
45033	0.0133333333333
123	0.012987012987
40752	0.012987012987
10082	0.0128205128205
28793	0.0128205128205
36632	0.0125
2245	0.0121951219512
40936	0.0120481927711
41101	0.0119047619048
4752	0.0114942528736
32711	0.0113636363636
6254	0.0111111111111
25169	0.010989010989
6369	0.0106382978723
11748	0.0106382978723
33572	0.0105263157895
59684	0.0105263157895
14233	0.0104166666667
47475	0.0104166666667
51429	0.0102040816327
27649	0.010101010101
5113	0.00990099009901
4745	0.00980392156863
41303	0.00980392156863
4044	0.00970873786408
26279	0.00961538461538
37947	0.00934579439252
39140	0.00934579439252
3544	0.00925925925926
50969	0.00869565217391
27934	0.00862068965517
1954	0.00840336134454
27048	0.00826446280992
43414	0.008
5884	0.00793650793651
755	0.00787401574803
2070	0.0078125
51568	0.0078125
18997	0.0077519379845
52555	0.0077519379845
11504	0.00760456273764
3698	0.00740740740741
11519	0.00724637681159
26318	0.00719424460432
44847	0.00719424460432
618	0.00699300699301
23299	0.00699300699301
40893	0.00694444444444
36078	0.00684931506849
38861	0.00666666666667
2403	0.00662251655629
37680	0.00657894736842
456	0.00653594771242
2574	0.00649350649351
17461	0.00636942675159
34121	0.00632911392405
27218	0.00621118012422
13660	0.00606060606061
35144	0.00602409638554
52383	0.0059880239521
25732	0.00595238095238
51655	0.00595238095238
16516	0.00591715976331
24970	0.00591715976331
1231	0.00581395348837
41013	0.00581395348837
32042	0.00571428571429
25453	0.00568181818182
16273	0.00564971751412
34073	0.00564971751412
25891	0.00558659217877
41227	0.00552486187845
29902	0.00546448087432
7198	0.0054347826087
2084	0.00520833333333
9761	0.00520833333333
10653	0.00518134715026
51133	0.00512820512821
41942	0.00507614213198
28610	0.00502512562814
7303	0.005
29399	0.00497512437811
51341	0.00485436893204
18172	0.00469483568075
29492	0.00456621004566
32811	0.00452488687783
13960	0.0045045045045
15794	0.00444444444444
6372	0.00442477876106
1144	0.00438596491228
41270	0.00438596491228
41041	0.00434782608696
27404	0.0042735042735
1921	0.00411522633745
27358	0.00409836065574
40984	0.00408163265306
34920	0.00401606425703
21797	0.00395256916996
41001	0.00392156862745
17939	0.00390625
51178	0.00390625
28673	0.00387596899225
3116	0.00383141762452
38232	0.00383141762452
28443	0.00377358490566
17771	0.00375939849624
37775	0.00375939849624
24017	0.00373134328358
27094	0.00369003690037
41364	0.00367647058824
32832	0.00361010830325
25937	0.00359712230216
29724	0.00357142857143
40969	0.00354609929078
50879	0.00354609929078
2401	0.00350877192982
7214	0.00347222222222
34548	0.00338983050847
7444	0.00337837837838
684	0.00334448160535
16209	0.00328407224959
40979	0.00325732899023
17987	0.00307692307692
28810	0.00302114803625
2142	0.00298507462687
10250	0.00297619047619
4644	0.0028818443804
742	0.00286532951289
34830	0.0028328611898
41097	0.00280112044818
27949	0.0027397260274
9135	0.00273224043716
23481	0.0026525198939
35514	0.0026525198939
41010	0.00261096605744
23174	0.00253807106599
1113	0.00248138957816
41071	0.00243902439024
27525	0.00243309002433
41027	0.00243309002433
689	0.00229357798165
45223	0.00224215246637
40988	0.00221729490022
12423	0.00217864923747
41044	0.00217864923747
41058	0.00217391304348
50105	0.00217391304348
23782	0.00212314225053
3531	0.0021186440678
2	0.00204708290686
34169	0.00202839756592
28821	0.00192307692308
8732	0.00188323917137
51041	0.00187969924812
27489	0.00185185185185
2333	0.00183654729109
21745	0.0018315018315
5218	0.00182149362477
4489	0.0018018018018
22744	0.00177304964539
38925	0.0017094017094
37111	0.00169491525424
7261	0.00168634064081
31440	0.00167364016736
14253	0.00166389351082
7175	0.00164473684211
27809	0.00161030595813
1984	0.0015873015873
5643	0.00154320987654
5120	0.00151515151515
4764	0.00146412884334
2613	0.00145772594752
50863	0.00144717800289
38492	0.0013986013986
29854	0.00138888888889
7419	0.00137931034483
8709	0.00134408602151
2381	0.00132450331126
3720	0.00132100396301
5204	0.00129032258065
38191	0.00117785630153
38793	0.00116482236459
28405	0.0011641443539
30980	0.00116279069767
5000	0.00111607142857
2898	0.00109769484083
18311	0.00108577633008
39785	0.000999000999001
41068	0.000959692898273
1048	0.000956022944551
11727	0.00094696969697
3933	0.000924214417745
34367	0.000922509225092
22929	0.000920810313076
40962	0.000902527075812
38794	0.000893655049151
2840	0.000888888888889
4518	0.00087989441267
6812	0.000821692686935
868	0.000772200772201
26602	0.000765696784074
18613	0.000763941940413
2745	0.00070821529745
5432	0.000698812019567
5112	0.000666666666667
13111	0.000589275191514
6427	0.000589101620029
2290	0.000584112149533
1497	0.000540832882639
4578	0.000538502961766
5231	0.000522466039707
5157	0.000508130081301
893	0.000503018108652
869	0.000488758553275
26805	0.000446428571429
35563	0.000410846343468
4655	0.000338524035206
