6650	0.5
12009	0.5
24002	0.5
56665	0.5
1419	0.25
6863	0.25
7025	0.25
57744	0.25
18829	0.2
27413	0.2
29956	0.2
6336	0.166666666667
24847	0.166666666667
26301	0.166666666667
28241	0.166666666667
31905	0.166666666667
43415	0.166666666667
12354	0.142857142857
12521	0.142857142857
14114	0.142857142857
15118	0.142857142857
18923	0.142857142857
30936	0.142857142857
31669	0.142857142857
40570	0.142857142857
50549	0.142857142857
57675	0.142857142857
399	0.125
3576	0.125
25287	0.125
839	0.111111111111
8905	0.111111111111
23116	0.111111111111
5956	0.1
56195	0.1
668	0.0909090909091
40595	0.0909090909091
53388	0.0909090909091
30997	0.0833333333333
60645	0.0833333333333
60511	0.0769230769231
19095	0.0714285714286
24827	0.0714285714286
17869	0.0666666666667
18273	0.0625
42997	0.0625
21522	0.0588235294118
41660	0.0588235294118
17394	0.0555555555556
28185	0.0555555555556
43599	0.0555555555556
51279	0.0555555555556
52814	0.0555555555556
466	0.0526315789474
1983	0.0526315789474
26606	0.05
6355	0.047619047619
5183	0.0454545454545
29445	0.0454545454545
37829	0.0434782608696
1082	0.0416666666667
30957	0.0416666666667
39584	0.04
670	0.0384615384615
38516	0.0384615384615
29700	0.037037037037
16806	0.0357142857143
50246	0.0357142857143
555	0.0344827586207
6488	0.0333333333333
28348	0.0333333333333
35059	0.0333333333333
42188	0.0333333333333
25893	0.03125
41203	0.03125
2878	0.030303030303
5624	0.030303030303
21729	0.030303030303
26643	0.030303030303
39422	0.030303030303
2707	0.0294117647059
9357	0.0285714285714
52998	0.0285714285714
10400	0.0277777777778
20644	0.0277777777778
41797	0.0277777777778
11888	0.0263157894737
14617	0.0263157894737
18161	0.025641025641
48996	0.025641025641
53240	0.025641025641
20465	0.025
28477	0.025
48701	0.025
41379	0.0243902439024
4015	0.0238095238095
18304	0.0238095238095
29291	0.0238095238095
37897	0.0238095238095
51064	0.0238095238095
10149	0.0222222222222
17007	0.0222222222222
40657	0.0217391304348
41033	0.0217391304348
51144	0.0217391304348
53396	0.0217391304348
25115	0.0212765957447
39657	0.0208333333333
18437	0.0204081632653
1685	0.02
52845	0.02
3328	0.0196078431373
45117	0.0196078431373
53189	0.0196078431373
1269	0.0192307692308
10177	0.0192307692308
30751	0.0188679245283
34077	0.0188679245283
51925	0.0188679245283
28721	0.0185185185185
1612	0.0178571428571
50240	0.0172413793103
52876	0.0172413793103
41262	0.0166666666667
42354	0.0166666666667
52682	0.0161290322581
40645	0.015625
27731	0.0153846153846
38642	0.0153846153846
44335	0.0153846153846
52458	0.0153846153846
5279	0.0151515151515
34166	0.0151515151515
41708	0.0151515151515
4510	0.0149253731343
41114	0.0147058823529
51196	0.0147058823529
41773	0.0140845070423
10607	0.013698630137
21715	0.013698630137
26715	0.013698630137
123	0.012987012987
51114	0.0128205128205
11050	0.0125
41213	0.0125
52576	0.0123456790123
14656	0.0120481927711
30185	0.0117647058824
34168	0.0117647058824
156	0.0114942528736
31891	0.0113636363636
12484	0.0112359550562
23514	0.0111111111111
23990	0.0111111111111
28486	0.0111111111111
1975	0.0108695652174
29583	0.0104166666667
17764	0.0103092783505
47633	0.0103092783505
36105	0.0102040816327
30949	0.010101010101
29790	0.01
26741	0.00990099009901
31011	0.00970873786408
40030	0.00970873786408
51345	0.00970873786408
3481	0.00961538461538
32411	0.00943396226415
33510	0.00943396226415
41045	0.00943396226415
10045	0.00934579439252
6394	0.00917431192661
10789	0.00917431192661
18563	0.00917431192661
26674	0.00917431192661
888	0.00909090909091
18641	0.00909090909091
51039	0.00892857142857
1062	0.00888888888889
83	0.00884955752212
2071	0.00884955752212
22877	0.00884955752212
33830	0.00884955752212
41411	0.00884955752212
2090	0.00877192982456
9471	0.00862068965517
41055	0.00862068965517
11087	0.00813008130081
51709	0.00806451612903
39323	0.008
16194	0.00793650793651
41890	0.00793650793651
6222	0.00787401574803
40344	0.00787401574803
41198	0.00787401574803
4977	0.00763358778626
42750	0.00763358778626
40351	0.00751879699248
11519	0.00724637681159
34109	0.00714285714286
41596	0.00714285714286
51071	0.00709219858156
10844	0.00675675675676
38800	0.00653594771242
30762	0.00641025641026
3214	0.00617283950617
14206	0.00617283950617
9488	0.00613496932515
1170	0.0059880239521
51213	0.00591715976331
775	0.00588235294118
5116	0.00588235294118
33692	0.00588235294118
52065	0.00588235294118
37776	0.00584795321637
6573	0.00578034682081
51151	0.00578034682081
18183	0.00574712643678
25047	0.00574712643678
50913	0.00568181818182
51038	0.00564971751412
54	0.00552486187845
41157	0.00552486187845
39358	0.00546448087432
32418	0.00529100529101
41047	0.00526315789474
3198	0.00523560209424
2595	0.00518134715026
27471	0.00518134715026
37689	0.00518134715026
11782	0.00510204081633
27529	0.00510204081633
11165	0.00490196078431
38795	0.00480769230769
53069	0.0047619047619
13095	0.00473933649289
18172	0.00469483568075
2722	0.0046511627907
10727	0.0046511627907
52258	0.0046511627907
2848	0.00460829493088
41091	0.00456621004566
50937	0.00456621004566
40318	0.00454545454545
14749	0.0045045045045
2785	0.00446428571429
4057	0.00444444444444
4390	0.00438596491228
41270	0.00438596491228
41499	0.00434782608696
27404	0.0042735042735
45139	0.00425531914894
44117	0.00416666666667
2811	0.00393700787402
17939	0.00390625
31877	0.00390625
51178	0.00390625
29992	0.00389105058366
18556	0.00387596899225
38232	0.00383141762452
29394	0.00378787878788
3312	0.00378071833648
5599	0.00374531835206
862	0.0036231884058
1020	0.0036231884058
19090	0.00355871886121
18278	0.00353356890459
41154	0.00343642611684
35958	0.003367003367
6360	0.00335570469799
41093	0.00334448160535
41067	0.00332225913621
51156	0.003300330033
41403	0.00328947368421
41243	0.0032154340836
32453	0.00313479623824
17987	0.00307692307692
41000	0.00306748466258
41165	0.00305810397554
34683	0.0030487804878
41034	0.00293255131965
29453	0.00292397660819
41048	0.0028901734104
9252	0.00286532951289
34830	0.0028328611898
879	0.00280898876404
50933	0.00276243093923
37993	0.0027397260274
867	0.00265957446809
10987	0.00261780104712
3689	0.00260416666667
51019	0.00250626566416
31536	0.00245098039216
5553	0.00239808153477
12388	0.00239234449761
7300	0.00238663484487
497	0.00233644859813
29861	0.00227790432802
1399	0.00226244343891
4137	0.00219298245614
3419	0.00218340611354
12423	0.00217864923747
41058	0.00217391304348
41003	0.00215982721382
29309	0.00212314225053
36394	0.00212314225053
27865	0.00210970464135
4937	0.002079002079
17711	0.00204918032787
41355	0.00204918032787
34858	0.00198412698413
21797	0.00197238658777
9647	0.00196850393701
17586	0.00195694716243
41985	0.00192307692308
3733	0.00191754554171
1048	0.00191387559809
40999	0.00189753320683
32862	0.00189035916824
13935	0.00185873605948
27489	0.00185185185185
11201	0.0018281535649
40980	0.00180505415162
1931	0.00179533213645
37737	0.0017825311943
51212	0.00176991150442
29863	0.00175746924429
9538	0.00172413793103
11655	0.00172413793103
38925	0.0017094017094
16209	0.0016393442623
32188	0.00162601626016
17355	0.00162337662338
1064	0.00158982511924
6304	0.00155520995334
20542	0.00152671755725
2186	0.00145560407569
50863	0.00144717800289
37392	0.0014409221902
5237	0.00142653352354
5432	0.0013986013986
20506	0.00136054421769
3133	0.00134228187919
14352	0.00133511348465
5112	0.00133422281521
35345	0.00132802124834
1422	0.00132450331126
2381	0.00132450331126
2733	0.00132450331126
3720	0.00132100396301
1680	0.00130039011704
41031	0.00125944584383
1119	0.00125786163522
9642	0.00125628140704
5420	0.00125156445557
18584	0.00123609394314
4711	0.00122249388753
29277	0.00120336943442
18307	0.00118906064209
27890	0.00118203309693
13111	0.00117924528302
14750	0.00117508813161
28405	0.0011641443539
34224	0.00111607142857
4654	0.001100110011
2898	0.00109769484083
18311	0.00108577633008
7340	0.00107296137339
1902	0.00103412616339
11	0.001
4563	0.000934579439252
2333	0.000917431192661
4916	0.000912408759124
40962	0.000902527075812
2840	0.000888888888889
76	0.000836820083682
22743	0.000822368421053
6812	0.000821692686935
40965	0.000818330605565
868	0.000772200772201
2745	0.00070821529745
22383	0.000696864111498
8709	0.000671591672263
2290	0.000584112149533
38793	0.00058207217695
1503	0.000558971492454
38203	0.000550055005501
1497	0.000540832882639
4578	0.000538502961766
5231	0.000522466039707
5157	0.000508130081301
869	0.000488758553275
7312	0.000471920717319
26805	0.000446428571429
4518	0.000439753737907
35563	0.000410846343468
4655	0.000338524035206
6427	0.000294464075383
