24105	1.0
45650	1.0
58441	1.0
31729	0.5
47028	0.5
52683	0.5
54496	0.5
4597	0.333333333333
21145	0.333333333333
24216	0.333333333333
29069	0.333333333333
59761	0.25
4491	0.2
22548	0.2
34376	0.166666666667
39481	0.142857142857
45270	0.142857142857
39805	0.125
43043	0.125
12436	0.111111111111
48747	0.111111111111
49583	0.111111111111
51231	0.111111111111
60187	0.111111111111
5396	0.1
4328	0.0909090909091
45543	0.0909090909091
48653	0.0909090909091
2891	0.0833333333333
34074	0.0833333333333
47504	0.0833333333333
11989	0.0769230769231
19917	0.0769230769231
15280	0.0666666666667
43586	0.0625
52873	0.0625
31177	0.0588235294118
7162	0.0555555555556
17077	0.0555555555556
19087	0.0555555555556
586	0.0526315789474
37796	0.0526315789474
51125	0.0526315789474
44378	0.047619047619
6196	0.0434782608696
3523	0.0416666666667
30698	0.0416666666667
10398	0.04
733	0.0384615384615
1092	0.037037037037
8663	0.0357142857143
12993	0.0344827586207
20728	0.0344827586207
35710	0.0344827586207
2901	0.0333333333333
14330	0.0333333333333
29343	0.0333333333333
42627	0.0333333333333
52903	0.0333333333333
28330	0.0322580645161
2808	0.03125
25626	0.03125
27078	0.03125
31663	0.03125
45969	0.0294117647059
2772	0.0277777777778
43003	0.0277777777778
45890	0.025641025641
28828	0.025
44862	0.025
11743	0.0243902439024
48498	0.0243902439024
14019	0.0232558139535
29186	0.0222222222222
43835	0.0222222222222
50508	0.0222222222222
19463	0.0208333333333
53019	0.0208333333333
52573	0.0196078431373
52132	0.0192307692308
51419	0.0181818181818
52034	0.0178571428571
42014	0.0175438596491
51037	0.0175438596491
17278	0.0172413793103
27419	0.0172413793103
51319	0.0172413793103
16969	0.0169491525424
24104	0.0169491525424
28781	0.0169491525424
42259	0.0166666666667
42914	0.0166666666667
51641	0.0166666666667
52682	0.016393442623
52549	0.0161290322581
37163	0.015873015873
21870	0.0149253731343
50911	0.0149253731343
40961	0.0147058823529
41139	0.0144927536232
8142	0.0142857142857
30619	0.013698630137
1740	0.0133333333333
33855	0.0126582278481
4769	0.0125
38338	0.0117647058824
25092	0.0113636363636
40819	0.010989010989
11145	0.0105263157895
32074	0.0105263157895
41807	0.0103092783505
27859	0.0102040816327
39002	0.0102040816327
68	0.01
1272	0.01
7645	0.00980392156863
14275	0.00970873786408
41894	0.00970873786408
33552	0.00961538461538
40036	0.00961538461538
47292	0.00952380952381
47503	0.00952380952381
10789	0.00925925925926
28285	0.00900900900901
53001	0.00900900900901
2071	0.00892857142857
106	0.00877192982456
2094	0.00877192982456
2905	0.00869565217391
42302	0.00862068965517
27209	0.00854700854701
128	0.00826446280992
3426	0.00826446280992
41079	0.00819672131148
41489	0.00806451612903
52240	0.00769230769231
554	0.00751879699248
6781	0.00729927007299
35100	0.00699300699301
51784	0.00699300699301
6213	0.00684931506849
27125	0.00680272108844
38663	0.00662251655629
3297	0.00641025641026
3946	0.00636942675159
7751	0.00621118012422
25376	0.00584795321637
34471	0.00584795321637
38659	0.00581395348837
5367	0.00578034682081
4675	0.00561797752809
31307	0.00555555555556
29902	0.00549450549451
39358	0.00549450549451
22230	0.0054347826087
38787	0.00540540540541
41102	0.00540540540541
3781	0.00529100529101
4705	0.00507614213198
20529	0.00487804878049
34929	0.0048309178744
5918	0.00480769230769
51099	0.00473933649289
2848	0.00462962962963
29492	0.0045871559633
41140	0.00456621004566
30835	0.00420168067227
20875	0.00411522633745
31877	0.00392156862745
29992	0.00390625
38790	0.00389105058366
21801	0.003861003861
31138	0.003861003861
41106	0.0034965034965
42424	0.00343642611684
51027	0.00337837837838
1918	0.00334448160535
38987	0.00326797385621
16927	0.00322580645161
41032	0.00315457413249
34147	0.00298507462687
41132	0.00284090909091
30799	0.0028328611898
7442	0.0027397260274
4153	0.00273224043716
18515	0.00271002710027
23481	0.00265957446809
23688	0.00263852242744
23642	0.00262467191601
51019	0.00251256281407
22971	0.00242130750605
25586	0.00239808153477
7300	0.00239234449761
40289	0.00238095238095
1399	0.00226757369615
49394	0.0022271714922
4137	0.0021978021978
15228	0.00219298245614
41058	0.00217864923747
29309	0.00212765957447
3729	0.0020202020202
33841	0.00199203187251
17586	0.00196078431373
40971	0.00193423597679
8732	0.00188679245283
13935	0.00186219739292
33887	0.0018315018315
949	0.00178890876565
1743	0.00171232876712
7261	0.00168918918919
13339	0.0016077170418
17596	0.00154320987654
2613	0.0014598540146
40987	0.00142653352354
2381	0.00132625994695
5420	0.00125313283208
41090	0.00125313283208
4711	0.00122399020808
38191	0.00117924528302
4654	0.0011013215859
253	0.00109769484083
1902	0.00103519668737
11	0.001001001001
3733	0.000958772770853
34367	0.000923361034164
5809	0.00090991810737
40962	0.000903342366757
22744	0.000886524822695
5519	0.000871080139373
76	0.000837520938023
39136	0.000777000777001
26602	0.000766283524904
19601	0.000734753857458
2745	0.000708717221828
5432	0.000699300699301
22383	0.000697350069735
4396	0.000643500643501
13111	0.000589622641509
2290	0.000584453535944
38793	0.000582411182295
5157	0.000508388408744
893	0.000503271263211
4518	0.000439947206335
35563	0.000411015207563
6427	0.000294550810015
869	0.000244379276637
