7145	0.125
8331	0.125
8369	0.125
8806	0.125
13726	0.125
17227	0.125
19730	0.125
20819	0.125
22032	0.125
24464	0.125
28257	0.125
29342	0.125
29487	0.125
30005	0.125
30243	0.125
33646	0.125
33949	0.125
37520	0.125
40908	0.125
43965	0.125
46877	0.125
54183	0.125
54697	0.125
56082	0.125
56409	0.125
58518	0.125
4349	0.111111111111
6323	0.111111111111
6839	0.111111111111
12745	0.111111111111
13189	0.111111111111
14379	0.111111111111
19337	0.111111111111
20257	0.111111111111
22385	0.111111111111
26328	0.111111111111
36023	0.111111111111
39645	0.111111111111
43406	0.111111111111
49080	0.111111111111
50119	0.111111111111
50245	0.111111111111
51517	0.111111111111
51841	0.111111111111
56748	0.111111111111
56971	0.111111111111
61117	0.111111111111
3707	0.1
3987	0.1
6919	0.1
8959	0.1
11745	0.1
13716	0.1
15142	0.1
19744	0.1
21488	0.1
28002	0.1
32535	0.1
33462	0.1
33617	0.1
37657	0.1
38467	0.1
45192	0.1
50809	0.1
56866	0.1
4555	0.0909090909091
10513	0.0909090909091
13175	0.0909090909091
21661	0.0909090909091
22066	0.0909090909091
22865	0.0909090909091
24754	0.0909090909091
35964	0.0909090909091
42223	0.0909090909091
42324	0.0909090909091
45865	0.0909090909091
47364	0.0909090909091
53848	0.0909090909091
9082	0.0833333333333
14358	0.0833333333333
16466	0.0833333333333
18667	0.0833333333333
20259	0.0833333333333
24745	0.0833333333333
24876	0.0833333333333
26188	0.0833333333333
29195	0.0833333333333
31287	0.0833333333333
38039	0.0833333333333
39357	0.0833333333333
39922	0.0833333333333
45187	0.0833333333333
47950	0.0833333333333
48947	0.0833333333333
56732	0.0833333333333
59594	0.0833333333333
52696	0.08
233	0.0769230769231
2843	0.0769230769231
4735	0.0769230769231
9963	0.0769230769231
14636	0.0769230769231
34081	0.0769230769231
36447	0.0769230769231
41300	0.0769230769231
42583	0.0769230769231
49086	0.0769230769231
49135	0.0769230769231
53056	0.0769230769231
54296	0.0769230769231
59350	0.0769230769231
61205	0.0769230769231
41710	0.0740740740741
3401	0.0714285714286
5217	0.0714285714286
5463	0.0714285714286
8556	0.0714285714286
11062	0.0714285714286
14594	0.0714285714286
22437	0.0714285714286
25580	0.0714285714286
33308	0.0714285714286
34069	0.0714285714286
37823	0.0714285714286
38491	0.0714285714286
41559	0.0714285714286
42129	0.0714285714286
43400	0.0714285714286
51627	0.0714285714286
52083	0.0714285714286
52481	0.0714285714286
57840	0.0714285714286
58394	0.0714285714286
59565	0.0714285714286
44424	0.0689655172414
11425	0.0666666666667
17652	0.0666666666667
33726	0.0666666666667
51035	0.0666666666667
58626	0.0666666666667
58664	0.0666666666667
385	0.0625
4157	0.0625
6118	0.0625
7416	0.0625
12783	0.0625
19024	0.0625
23387	0.0625
31337	0.0625
31590	0.0625
37401	0.0625
38061	0.0625
41493	0.0625
43311	0.0625
51798	0.0625
60016	0.0625
6112	0.0588235294118
11518	0.0588235294118
12545	0.0588235294118
13659	0.0588235294118
17324	0.0588235294118
20197	0.0588235294118
20502	0.0588235294118
21722	0.0588235294118
23670	0.0588235294118
27000	0.0588235294118
33427	0.0588235294118
36707	0.0588235294118
43183	0.0588235294118
56482	0.0588235294118
60636	0.0588235294118
4345	0.0555555555556
5162	0.0555555555556
8791	0.0555555555556
11351	0.0555555555556
12085	0.0555555555556
18792	0.0555555555556
37549	0.0555555555556
39205	0.0555555555556
39530	0.0555555555556
43558	0.0555555555556
44081	0.0555555555556
50597	0.0555555555556
52456	0.0555555555556
2412	0.0526315789474
13197	0.0526315789474
13744	0.0526315789474
15926	0.0526315789474
20462	0.0526315789474
24123	0.0526315789474
40594	0.0526315789474
42244	0.0526315789474
44954	0.0526315789474
52130	0.0526315789474
52740	0.0526315789474
53190	0.0526315789474
14734	0.05
20884	0.05
24877	0.05
41115	0.05
41209	0.05
42988	0.05
43319	0.05
43334	0.05
43579	0.05
51990	0.05
10337	0.047619047619
11498	0.047619047619
21502	0.047619047619
28131	0.047619047619
32309	0.047619047619
34533	0.047619047619
38190	0.047619047619
40633	0.047619047619
47025	0.047619047619
59783	0.047619047619
4212	0.0454545454545
5138	0.0454545454545
6478	0.0454545454545
7307	0.0454545454545
16513	0.0454545454545
25706	0.0454545454545
30202	0.0454545454545
41927	0.0454545454545
42944	0.0454545454545
50324	0.0454545454545
56616	0.0454545454545
4700	0.0434782608696
10232	0.0434782608696
10935	0.0434782608696
12557	0.0434782608696
13471	0.0434782608696
15863	0.0434782608696
25607	0.0434782608696
41660	0.0434782608696
45643	0.0434782608696
47104	0.0434782608696
11897	0.0416666666667
13204	0.0416666666667
15610	0.0416666666667
17958	0.0416666666667
23053	0.0416666666667
26123	0.0416666666667
33318	0.0416666666667
38685	0.0416666666667
40045	0.0416666666667
43107	0.0416666666667
44638	0.0416666666667
46228	0.0416666666667
47659	0.0416666666667
47767	0.0416666666667
22586	0.04
25777	0.04
35016	0.04
35783	0.04
43142	0.04
43653	0.04
51436	0.04
55172	0.04
61009	0.04
61245	0.04
984	0.0384615384615
1157	0.0384615384615
11218	0.0384615384615
12894	0.0384615384615
14647	0.0384615384615
38731	0.0384615384615
41344	0.0384615384615
43192	0.0384615384615
49346	0.0384615384615
53179	0.0384615384615
4961	0.037037037037
14451	0.037037037037
20924	0.037037037037
22620	0.037037037037
29279	0.037037037037
30451	0.037037037037
31963	0.037037037037
34467	0.037037037037
38024	0.037037037037
41837	0.037037037037
45183	0.037037037037
56078	0.037037037037
7029	0.0357142857143
8635	0.0357142857143
10583	0.0357142857143
14455	0.0357142857143
15266	0.0357142857143
18758	0.0357142857143
33661	0.0357142857143
33938	0.0357142857143
35186	0.0357142857143
42648	0.0357142857143
3883	0.0344827586207
4080	0.0344827586207
5159	0.0344827586207
8542	0.0344827586207
28532	0.0344827586207
33722	0.0344827586207
35537	0.0344827586207
50520	0.0344827586207
51129	0.0344827586207
51453	0.0344827586207
51473	0.0344827586207
51656	0.0344827586207
52237	0.0344827586207
52643	0.0344827586207
11204	0.0333333333333
12755	0.0333333333333
25947	0.0333333333333
35235	0.0333333333333
40640	0.0333333333333
52317	0.0333333333333
15458	0.0322580645161
27862	0.0322580645161
32125	0.0322580645161
36559	0.0322580645161
37770	0.0322580645161
42113	0.0322580645161
43518	0.0322580645161
50598	0.0322580645161
59864	0.0322580645161
450	0.03125
18603	0.03125
23724	0.03125
34252	0.03125
38458	0.03125
39744	0.03125
42112	0.03125
42399	0.03125
47043	0.03125
51551	0.03125
51966	0.03125
2646	0.0307692307692
23071	0.030303030303
41669	0.030303030303
52690	0.030303030303
52800	0.030303030303
56879	0.030303030303
49889	0.0298507462687
33	0.0294117647059
1092	0.0294117647059
28461	0.0294117647059
36259	0.0294117647059
70	0.0285714285714
8663	0.0285714285714
28077	0.0285714285714
30287	0.0285714285714
35160	0.0285714285714
59966	0.0285714285714
10918	0.0277777777778
28348	0.0277777777778
45390	0.0277777777778
59981	0.0277777777778
60252	0.0277777777778
3384	0.027027027027
22659	0.027027027027
42088	0.027027027027
42731	0.027027027027
50951	0.027027027027
51066	0.027027027027
52136	0.027027027027
2353	0.0267857142857
523	0.0263157894737
8034	0.0263157894737
29835	0.0263157894737
35180	0.0263157894737
41743	0.0263157894737
42074	0.0263157894737
51762	0.0263157894737
59933	0.0263157894737
41196	0.025641025641
41336	0.025641025641
41581	0.025641025641
45675	0.025641025641
60601	0.025641025641
36743	0.025
39201	0.025
42414	0.0246913580247
19792	0.0245901639344
880	0.0243902439024
1171	0.0243902439024
5803	0.0243902439024
43637	0.0243902439024
45072	0.0243902439024
47547	0.0243902439024
51751	0.0243902439024
51967	0.0243902439024
2278	0.0238095238095
4305	0.0238095238095
11306	0.0238095238095
11824	0.0238095238095
13771	0.0238095238095
43031	0.0238095238095
43222	0.0238095238095
53297	0.0238095238095
3743	0.0232558139535
8774	0.0232558139535
9670	0.0232558139535
13128	0.0232558139535
13254	0.0232558139535
20641	0.0232558139535
29384	0.0232558139535
33927	0.0232558139535
43717	0.0232558139535
52465	0.0232558139535
60352	0.0232558139535
1895	0.0227272727273
15218	0.0227272727273
19698	0.0227272727273
20522	0.0227272727273
25525	0.0227272727273
29785	0.0227272727273
37952	0.0227272727273
39220	0.0227272727273
41951	0.0227272727273
42012	0.0227272727273
51391	0.0227272727273
51468	0.0227272727273
51620	0.0227272727273
5880	0.0222222222222
8873	0.0222222222222
19595	0.0222222222222
22589	0.0222222222222
41653	0.0222222222222
41763	0.0222222222222
42350	0.0222222222222
42692	0.0222222222222
52089	0.021978021978
5165	0.0217391304348
18679	0.0217391304348
19321	0.0217391304348
22013	0.0217391304348
28191	0.0217391304348
29212	0.0217391304348
41431	0.0217391304348
48224	0.0217391304348
48682	0.0217391304348
50585	0.0217391304348
52762	0.0217391304348
2716	0.0212765957447
7911	0.0212765957447
22982	0.0212765957447
39438	0.0212765957447
42741	0.0212765957447
46658	0.0212765957447
48358	0.0212765957447
41331	0.0211267605634
52092	0.0210526315789
5881	0.0208333333333
12819	0.0208333333333
31169	0.0208333333333
33716	0.0208333333333
43679	0.0208333333333
44034	0.0208333333333
58913	0.0208333333333
7540	0.0204081632653
8211	0.0204081632653
19139	0.0204081632653
21656	0.0204081632653
53348	0.0204081632653
6369	0.020202020202
42483	0.020202020202
8611	0.02
13622	0.02
17064	0.02
18002	0.02
40869	0.02
52235	0.02
53239	0.02
5055	0.0196078431373
22896	0.0196078431373
27872	0.0196078431373
31105	0.0196078431373
51429	0.0194174757282
15514	0.0192307692308
21806	0.0192307692308
32405	0.0192307692308
35926	0.0192307692308
36379	0.0192307692308
51474	0.0192307692308
12849	0.0188679245283
19835	0.0188679245283
24862	0.0188679245283
38564	0.0188679245283
39458	0.0188679245283
40630	0.0188679245283
41914	0.0188679245283
43723	0.0188679245283
51775	0.0188679245283
982	0.0185185185185
3934	0.0185185185185
32631	0.0185185185185
41275	0.0185185185185
42200	0.0185185185185
43034	0.0185185185185
7466	0.0181818181818
22513	0.0181818181818
35316	0.0181818181818
38826	0.0181818181818
19962	0.0178571428571
28074	0.0178571428571
33772	0.0178571428571
34792	0.0178571428571
52080	0.0178571428571
6221	0.0175438596491
13403	0.0175438596491
53173	0.0175438596491
2137	0.0172413793103
3040	0.0172413793103
20165	0.0172413793103
41584	0.0172413793103
42714	0.0172413793103
45715	0.0172413793103
51497	0.0172413793103
8372	0.0169491525424
14002	0.0169491525424
21310	0.0169491525424
35198	0.0169491525424
46148	0.0169491525424
47064	0.0169491525424
52131	0.0169491525424
52931	0.0169491525424
59648	0.0169491525424
15730	0.0166666666667
16902	0.0166666666667
35413	0.0166666666667
43543	0.0166666666667
46039	0.0166666666667
53	0.016393442623
1098	0.016393442623
7073	0.016393442623
41075	0.016393442623
52017	0.016393442623
26437	0.0162601626016
5679	0.0161290322581
20418	0.0161290322581
22554	0.0161290322581
13963	0.015873015873
19816	0.015873015873
24058	0.015873015873
30679	0.015873015873
44525	0.015873015873
52034	0.015873015873
6382	0.015625
27070	0.015625
31327	0.015625
39194	0.015625
41848	0.015625
42014	0.015625
51811	0.015503875969
7180	0.0153846153846
11350	0.0153846153846
16364	0.0153846153846
34985	0.0153846153846
37117	0.0153846153846
2618	0.0151515151515
18130	0.0151515151515
26940	0.0151515151515
38713	0.0151515151515
42675	0.0151515151515
1508	0.0149253731343
5145	0.0149253731343
7084	0.0149253731343
19208	0.0149253731343
21913	0.0149253731343
42883	0.0149253731343
52555	0.0149253731343
53029	0.0149253731343
59681	0.0149253731343
59792	0.0149253731343
6415	0.0147058823529
8259	0.0147058823529
28709	0.0147058823529
52170	0.0147058823529
42556	0.0144927536232
47273	0.0144927536232
59646	0.0144927536232
2276	0.0142857142857
3534	0.0142857142857
14459	0.0142857142857
34103	0.0142857142857
37163	0.0142857142857
51746	0.0142857142857
52476	0.0142857142857
17318	0.0141843971631
16920	0.0140845070423
18145	0.0140845070423
29756	0.0140845070423
30069	0.0140845070423
35480	0.0140845070423
51683	0.0140845070423
5279	0.0138888888889
16919	0.0138888888889
18838	0.0138888888889
27550	0.0138888888889
28982	0.0138888888889
42111	0.0138888888889
45354	0.0138888888889
13040	0.0137931034483
17483	0.0137931034483
34522	0.0135135135135
3876	0.0133333333333
23605	0.0133333333333
39722	0.0133333333333
51623	0.0133333333333
7161	0.0132450331126
4227	0.0131578947368
6339	0.0131578947368
17303	0.0131578947368
42932	0.0131578947368
43522	0.0131578947368
47918	0.0131578947368
51940	0.0131578947368
283	0.012987012987
10328	0.012987012987
21298	0.012987012987
26567	0.012987012987
56496	0.012987012987
41940	0.0129032258065
1553	0.0128205128205
6693	0.0128205128205
35701	0.0128205128205
12481	0.0126582278481
26218	0.0126582278481
26715	0.0126582278481
42642	0.0126582278481
30619	0.0125
35516	0.0125
50871	0.0125
51043	0.0125
23415	0.0124223602484
10103	0.0123456790123
16028	0.0123456790123
29067	0.0123456790123
45033	0.0123456790123
22805	0.0122699386503
1528	0.0121951219512
6679	0.0121951219512
35699	0.0121951219512
36054	0.0121951219512
42040	0.0121951219512
43276	0.0121951219512
218	0.0120481927711
7280	0.0120481927711
25295	0.0120481927711
47637	0.012
2288	0.0119047619048
28793	0.0119047619048
34486	0.0119047619048
51193	0.0119047619048
2067	0.0117647058824
3542	0.0117647058824
10463	0.0117647058824
13999	0.0117647058824
51792	0.0117647058824
6440	0.0116279069767
13394	0.0116279069767
17723	0.0116279069767
25221	0.0116279069767
51092	0.0116279069767
52817	0.0116279069767
52991	0.0116279069767
4769	0.0114942528736
6353	0.0114942528736
41525	0.0114942528736
52576	0.0114942528736
34897	0.0114613180516
2245	0.0113636363636
11300	0.0113636363636
32700	0.0113636363636
33990	0.0113636363636
41177	0.0113636363636
50924	0.0113636363636
8229	0.0112359550562
18223	0.0112359550562
40641	0.0112359550562
41649	0.0112359550562
52416	0.0112359550562
59133	0.0112359550562
1755	0.0111111111111
8901	0.0111111111111
34104	0.0111111111111
41269	0.0111111111111
51234	0.0111111111111
5599	0.0110701107011
22426	0.010989010989
41228	0.010989010989
48910	0.010989010989
52560	0.010989010989
17767	0.0108695652174
34715	0.0108695652174
27033	0.010752688172
33564	0.010752688172
33751	0.0106382978723
36686	0.0106382978723
52283	0.0106382978723
53194	0.0106382978723
2216	0.010582010582
896	0.0105263157895
1323	0.0105263157895
3294	0.0105263157895
9288	0.0105263157895
11866	0.0105263157895
37670	0.0105263157895
41618	0.0105263157895
42931	0.0105263157895
51563	0.0105263157895
27580	0.0104166666667
31494	0.0104166666667
51228	0.0104166666667
41010	0.0103626943005
5455	0.0103092783505
25169	0.0103092783505
41082	0.0103092783505
42463	0.0103092783505
42514	0.0103092783505
6375	0.0102040816327
11760	0.0102040816327
42555	0.0102040816327
41206	0.010101010101
50506	0.010101010101
53039	0.010101010101
55841	0.010101010101
1821	0.01
4998	0.01
11748	0.01
17886	0.01
41426	0.01
43219	0.01
51573	0.01
52350	0.01
41799	0.00990099009901
52062	0.00990099009901
59879	0.00990099009901
14233	0.00980392156863
25918	0.00980392156863
32626	0.00980392156863
24971	0.00970873786408
35551	0.00970873786408
41084	0.00970873786408
42053	0.00970873786408
41521	0.00966183574879
16231	0.00961538461538
41715	0.00961538461538
397	0.00952380952381
39002	0.00952380952381
43325	0.00952380952381
71	0.00943396226415
18643	0.00943396226415
41236	0.00943396226415
44035	0.00943396226415
50936	0.00943396226415
51011	0.00943396226415
29444	0.0093896713615
5603	0.00934579439252
11230	0.00934579439252
26741	0.00934579439252
41943	0.00934579439252
13095	0.00925925925926
41023	0.00925925925926
51099	0.00921658986175
511	0.00917431192661
40030	0.00917431192661
13933	0.00913242009132
20111	0.00909090909091
31309	0.00909090909091
43088	0.00909090909091
49408	0.00909090909091
33552	0.00900900900901
17299	0.00892857142857
47503	0.00892857142857
50937	0.00892857142857
22579	0.00890207715134
41140	0.00888888888889
2367	0.00884955752212
13829	0.00884955752212
14646	0.00884955752212
36494	0.00884955752212
37947	0.00884955752212
1328	0.00877192982456
6904	0.00877192982456
10803	0.00877192982456
25240	0.00877192982456
35245	0.00877192982456
41329	0.00873362445415
6218	0.00869565217391
37599	0.00869565217391
51765	0.00869565217391
888	0.00862068965517
2927	0.00862068965517
15720	0.00862068965517
20647	0.00862068965517
37169	0.00862068965517
6657	0.00854700854701
14686	0.00854700854701
21696	0.00854700854701
52188	0.00854700854701
392	0.00847457627119
33577	0.00847457627119
41354	0.00847457627119
42262	0.00847457627119
22877	0.00840336134454
41411	0.00840336134454
1028	0.00833333333333
17554	0.00833333333333
41682	0.00833333333333
106	0.00826446280992
1273	0.00826446280992
3826	0.00826446280992
34145	0.00826446280992
52331	0.00826446280992
53377	0.00819672131148
14502	0.00813008130081
39771	0.00813008130081
41279	0.00813008130081
22479	0.00806451612903
38330	0.00806451612903
41443	0.00806451612903
41793	0.00806451612903
47050	0.00806451612903
3865	0.008
41819	0.008
51496	0.008
15825	0.00793650793651
23532	0.00793650793651
26173	0.00793650793651
31312	0.00793650793651
51118	0.00793650793651
15207	0.00787401574803
2144	0.0078125
24688	0.0078125
26508	0.00778210116732
11095	0.0077519379845
4582	0.00763358778626
25440	0.00763358778626
38790	0.00760456273764
41208	0.00760456273764
13058	0.00757575757576
30585	0.00757575757576
36418	0.00757575757576
41890	0.00757575757576
51225	0.00757575757576
12393	0.00751879699248
41468	0.00751879699248
2789	0.00746268656716
51568	0.00746268656716
7062	0.00743494423792
172	0.00740740740741
26486	0.00740740740741
42312	0.00740740740741
51393	0.00735294117647
41467	0.00731707317073
1752	0.00729927007299
4977	0.00729927007299
41065	0.00729927007299
41705	0.00729927007299
22654	0.00719424460432
3747	0.00714285714286
34254	0.00714285714286
3698	0.00709219858156
27642	0.00709219858156
38671	0.00704225352113
53040	0.00704225352113
632	0.00699300699301
17928	0.00699300699301
3445	0.00696864111498
6781	0.00694444444444
2401	0.00689655172414
23244	0.00689655172414
38194	0.00689655172414
42912	0.00689655172414
44847	0.00689655172414
4418	0.00680272108844
12432	0.00680272108844
10096	0.00675675675676
23299	0.00671140939597
13036	0.00666666666667
41672	0.00666666666667
51784	0.00666666666667
17637	0.00662251655629
24457	0.00662251655629
19034	0.00657894736842
1918	0.00655737704918
10089	0.00653594771242
35019	0.00653594771242
35199	0.00653594771242
34676	0.00649350649351
12501	0.00645161290323
40989	0.00645161290323
41059	0.00645161290323
41224	0.00645161290323
3533	0.00641025641026
41250	0.00641025641026
51680	0.00641025641026
4508	0.00636942675159
50870	0.00636942675159
30020	0.00634920634921
1364	0.00632911392405
33780	0.00632911392405
38663	0.00632911392405
9642	0.0062656641604
2574	0.00625
2825	0.00625
8210	0.00625
2934	0.00621118012422
13064	0.00621118012422
15714	0.00621118012422
33621	0.00621118012422
7411	0.00617283950617
22838	0.00617283950617
40482	0.00617283950617
51029	0.00617283950617
59506	0.00617283950617
1537	0.00613496932515
3297	0.00613496932515
7344	0.00613496932515
10157	0.00613496932515
11128	0.00613496932515
41391	0.00609756097561
50987	0.00609756097561
2588	0.00606060606061
5774	0.00606060606061
22018	0.00606060606061
41593	0.00606060606061
259	0.00602409638554
40964	0.00597014925373
41609	0.00597014925373
3943	0.00595238095238
3369	0.00591715976331
9488	0.00591715976331
39360	0.00591715976331
4485	0.00589970501475
2660	0.00588235294118
9586	0.00588235294118
33862	0.00584795321637
6417	0.00581395348837
27723	0.00581395348837
28712	0.00581395348837
51121	0.00581395348837
16935	0.00578034682081
28700	0.00578034682081
52383	0.00578034682081
21906	0.00574712643678
41544	0.00574712643678
16516	0.00571428571429
24970	0.00571428571429
40976	0.00571428571429
50957	0.00571428571429
41048	0.00569800569801
30901	0.00568181818182
4479	0.00564971751412
10792	0.00564971751412
37776	0.00564971751412
50855	0.00564971751412
51211	0.00564971751412
37238	0.00561797752809
41404	0.00558659217877
9251	0.00557103064067
5367	0.00555555555556
7460	0.00555555555556
11359	0.00554016620499
6772	0.00552486187845
32042	0.00552486187845
29971	0.00550964187328
12188	0.00549450549451
33879	0.00549450549451
48489	0.00549450549451
39343	0.00546448087432
44456	0.00546448087432
51038	0.00546448087432
50933	0.00544959128065
2865	0.0054347826087
27949	0.00540540540541
40980	0.00537634408602
1931	0.00534759358289
31307	0.00534759358289
41157	0.00534759358289
41227	0.00534759358289
37737	0.00530973451327
9292	0.00529100529101
12017	0.00529100529101
21507	0.00529100529101
29902	0.00529100529101
51212	0.00527240773286
22524	0.00523560209424
41452	0.00523560209424
11664	0.00522193211488
17066	0.00520833333333
38787	0.00520833333333
41102	0.00520833333333
11314	0.00518134715026
30874	0.00518134715026
10987	0.00516795865633
4439	0.00515463917526
11655	0.00513698630137
29705	0.00512820512821
18972	0.00510204081633
41047	0.00510204081633
44978	0.00510204081633
1743	0.00509337860781
26195	0.00505050505051
90	0.00502512562814
59604	0.005
11294	0.0049504950495
11782	0.0049504950495
15306	0.0049504950495
1380	0.00492610837438
3515	0.00492610837438
10166	0.00492610837438
12182	0.00492610837438
41942	0.00492610837438
42328	0.00492610837438
4695	0.00490196078431
4705	0.00490196078431
41092	0.00490196078431
28610	0.00487804878049
18456	0.00486223662885
1489	0.00485436893204
14716	0.00485436893204
27579	0.00485436893204
31536	0.00484261501211
41027	0.00480769230769
27051	0.00478468899522
28812	0.00478468899522
22971	0.00477326968974
11165	0.0047619047619
41037	0.00473933649289
7300	0.00471698113208
17611	0.00471698113208
27890	0.00471142520612
25431	0.00467289719626
34929	0.00467289719626
38795	0.00467289719626
4563	0.00466417910448
31830	0.00461893764434
2722	0.00452488687783
52258	0.00452488687783
12756	0.00446428571429
5000	0.00444938820912
26934	0.00444444444444
31879	0.00440528634361
40988	0.00438596491228
41016	0.00436681222707
2785	0.00434782608696
14604	0.00434782608696
19201	0.00434782608696
29055	0.00434782608696
4057	0.004329004329
3419	0.00431965442765
4876	0.00431034482759
4900	0.00431034482759
6372	0.00431034482759
24126	0.00431034482759
28043	0.00431034482759
41044	0.00431034482759
26584	0.00430416068867
1144	0.0042735042735
22717	0.0042735042735
34356	0.0042735042735
34519	0.0042735042735
41270	0.0042735042735
5237	0.00425531914894
23742	0.00425531914894
30805	0.00425531914894
39483	0.00425531914894
37104	0.00423728813559
41041	0.00423728813559
41499	0.00423728813559
9200	0.0042328042328
36394	0.00420168067227
37762	0.00420168067227
49392	0.00420168067227
3531	0.0041928721174
27865	0.00417536534447
9188	0.00416666666667
30849	0.00416666666667
41054	0.00416666666667
36392	0.00414078674948
39027	0.00411522633745
39549	0.00411522633745
52332	0.00409836065574
10287	0.00408163265306
30835	0.00408163265306
5593	0.0040733197556
4339	0.00406504065041
2344	0.00405268490375
5768	0.0040404040404
40968	0.00403225806452
40970	0.00401606425703
17147	0.004
20875	0.004
23667	0.004
27358	0.004
35847	0.004
41194	0.004
5112	0.00399733510993
28051	0.00398724082935
37427	0.00398406374502
4005	0.00396825396825
35345	0.00396301188904
2733	0.00395256916996
33841	0.00393700787402
5673	0.00392927308448
34858	0.00392927308448
36398	0.00391772771792
16956	0.00390625
21797	0.00390625
13318	0.00389105058366
41188	0.00387596899225
34751	0.00386847195358
50944	0.00384615384615
26416	0.00383141762452
41001	0.00383141762452
40971	0.0038240917782
51178	0.00381679389313
28821	0.00380952380952
44184	0.00380228136882
28673	0.00378787878788
1117	0.00377358490566
19288	0.00377358490566
29372	0.00377358490566
2313	0.00375939849624
30269	0.00375939849624
31138	0.00375939849624
41326	0.00375939849624
50995	0.00374531835206
41090	0.00373599003736
11504	0.0037037037037
3933	0.0036866359447
35136	0.00367647058824
19601	0.00366568914956
4916	0.00363967242948
21745	0.00362976406534
1676	0.0036231884058
4335	0.00361010830325
18414	0.00361010830325
27094	0.00361010830325
5460	0.00355871886121
949	0.00353982300885
31400	0.00353356890459
38191	0.00351699882767
3022	0.0034965034965
28407	0.0034965034965
29724	0.0034965034965
5432	0.00348918353105
13955	0.00348432055749
19090	0.00348432055749
41074	0.00348432055749
30980	0.00347222222222
40969	0.00347222222222
2448	0.00344827586207
25444	0.00344827586207
41106	0.00341296928328
7214	0.00340136054422
23011	0.00340136054422
1928	0.003367003367
42424	0.00335570469799
3273	0.00335195530726
14115	0.00333333333333
34548	0.00332225913621
14253	0.003300330033
51027	0.003300330033
26863	0.00328407224959
22743	0.00328137817884
684	0.00327868852459
41093	0.00327868852459
52225	0.00327868852459
23999	0.00326797385621
19598	0.00326583932071
11481	0.00325732899023
4121	0.00324675324675
12610	0.0032414910859
32188	0.00322580645161
17355	0.00322061191626
7299	0.00320512820513
35237	0.00320512820513
27809	0.00319488817891
38987	0.00319488817891
1984	0.00314960629921
12467	0.003125
17008	0.003125
38262	0.003125
41015	0.00310559006211
1902	0.00308959835221
41032	0.00308641975309
32453	0.00307692307692
5157	0.00304723209751
41156	0.00303951367781
20542	0.0030303030303
40972	0.0030303030303
14140	0.00301204819277
41000	0.00301204819277
29686	0.00299401197605
34683	0.00299401197605
3535	0.00298507462687
3239	0.00297619047619
28047	0.00296735905045
29591	0.00294985250737
7349	0.00294117647059
1700	0.00290697674419
4764	0.00290697674419
11307	0.00290697674419
2613	0.00289435600579
41034	0.0028818443804
47611	0.00287356321839
41068	0.00286806883365
3788	0.00285714285714
50939	0.00285714285714
33850	0.002849002849
4644	0.0028328611898
7312	0.00283018867925
742	0.00281690140845
3553	0.00279329608939
1503	0.00279173646008
7317	0.00278551532033
34830	0.00278551532033
41132	0.00278551532033
22383	0.00278164116829
5622	0.00277777777778
30799	0.00277777777778
23265	0.00277008310249
38932	0.00277008310249
879	0.00276243093923
51989	0.00276243093923
6689	0.00275482093664
41097	0.00275482093664
28830	0.00274725274725
38203	0.00274725274725
7419	0.0027397260274
41374	0.0027397260274
921	0.00273224043716
40962	0.00269784172662
37993	0.00269541778976
7442	0.00268817204301
9135	0.00268817204301
16420	0.00268817204301
4153	0.00268096514745
38794	0.0026714158504
18515	0.00265957446809
2840	0.00265721877768
36999	0.0026525198939
4518	0.00263736263736
1422	0.00263157894737
2381	0.00263157894737
867	0.00261780104712
35514	0.00261096605744
23688	0.00259067357513
12969	0.00258397932817
9538	0.00257510729614
5204	0.002574002574
42156	0.0025706940874
18777	0.00255536626917
23174	0.0025
31440	0.0025
932	0.00249376558603
39709	0.00249376558603
5420	0.00248756218905
7100	0.00244498777506
2515	0.00243309002433
20173	0.0024154589372
18960	0.00240963855422
39447	0.00239520958084
5553	0.00236406619385
4846	0.00236034618411
12388	0.00235849056604
13111	0.00235294117647
7518	0.00234192037471
4951	0.00233644859813
39136	0.00232198142415
11675	0.00230946882217
497	0.00230414746544
562	0.00230414746544
18613	0.002284843869
29861	0.00224719101124
45223	0.00221238938053
2007	0.00220750551876
631	0.00219298245614
2898	0.00218340611354
37961	0.00217391304348
5693	0.0021645021645
15228	0.00215982721382
35703	0.00215053763441
41058	0.00214592274678
50105	0.00214592274678
33762	0.00214132762313
41003	0.00213219616205
29309	0.0020964360587
5231	0.00208659363589
4937	0.00206611570248
25051	0.00206611570248
6427	0.00206124852768
35563	0.00205254515599
17938	0.00204918032787
2	0.00203458799593
893	0.00200904068307
41109	0.00200803212851
34169	0.00200400801603
11	0.00199004975124
869	0.0019550342131
3527	0.00193798449612
17586	0.00193423597679
34369	0.0019305019305
2463	0.00191754554171
3733	0.00190657769304
5503	0.00190476190476
11727	0.00188501413761
40999	0.00187617260788
51041	0.00185873605948
12998	0.00183823529412
13935	0.00183823529412
34367	0.00183654729109
22929	0.00183318056829
27489	0.0018315018315
2333	0.00182648401826
37426	0.00181818181818
11201	0.00180831826401
5218	0.0018018018018
4489	0.0017825311943
25098	0.0017793594306
2290	0.00174825174825
38793	0.00174216027875
29863	0.00173913043478
5519	0.00173310225303
38925	0.00169204737733
37111	0.00167785234899
7261	0.0016694490818
40965	0.00162999185004
7175	0.00162866449511
2326	0.00162601626016
16209	0.00162337662338
1497	0.00161899622234
20416	0.00161812297735
13339	0.00158982511924
900	0.0015600624025
25113	0.00154320987654
6304	0.00154083204931
23150	0.00154083204931
4430	0.00149031296572
9656	0.00145772594752
4708	0.0014450867052
50863	0.00143472022956
2037	0.0014164305949
40987	0.00141242937853
2745	0.00141143260409
33634	0.00139275766017
38492	0.00138696255201
3059	0.00136239782016
4655	0.00135272235374
20506	0.00134952766532
2419	0.00133868808568
26805	0.00133689839572
3133	0.00133155792277
3720	0.00131061598952
1680	0.00129032258065
4396	0.00128205128205
41031	0.00125
18584	0.00122699386503
4711	0.00121359223301
3365	0.00119474313023
18307	0.00118063754427
14750	0.00116686114352
34224	0.00110864745011
4654	0.00109289617486
18311	0.00107874865156
28742	0.00106723585912
7340	0.00106609808102
1048	0.000950570342205
5809	0.000904159132007
22744	0.000881057268722
25738	0.000871080139373
76	0.000832639467111
6812	0.000817661488144
8709	0.00066889632107
4578	0.000536768652711
