14918	0.5
21592	0.5
50244	0.5
7370	0.333333333333
33466	0.333333333333
45721	0.333333333333
60756	0.333333333333
31427	0.25
51733	0.25
58894	0.25
7308	0.2
9426	0.2
21980	0.2
43627	0.2
48017	0.2
1724	0.166666666667
53428	0.166666666667
55975	0.166666666667
11018	0.142857142857
42212	0.142857142857
402	0.125
2819	0.125
46771	0.125
48582	0.125
49601	0.125
50342	0.125
44512	0.111111111111
57381	0.1
19876	0.0909090909091
30840	0.0909090909091
38341	0.0909090909091
52650	0.0909090909091
55431	0.0909090909091
534	0.0833333333333
13897	0.0769230769231
22691	0.0769230769231
41107	0.0714285714286
42687	0.0714285714286
60620	0.0714285714286
2725	0.0666666666667
41035	0.0625
48914	0.0625
60424	0.0625
14746	0.0588235294118
48022	0.0588235294118
52669	0.0555555555556
26067	0.047619047619
20908	0.0454545454545
32893	0.0454545454545
49564	0.0454545454545
52474	0.0454545454545
56073	0.0454545454545
24089	0.0434782608696
43217	0.0434782608696
51883	0.0434782608696
19324	0.0416666666667
43349	0.0416666666667
1847	0.04
16858	0.04
42371	0.04
47944	0.0384615384615
52945	0.0384615384615
1049	0.0357142857143
6018	0.0357142857143
12604	0.0357142857143
23106	0.0357142857143
52192	0.0357142857143
6488	0.0333333333333
15717	0.0333333333333
42300	0.0333333333333
6308	0.0322580645161
41049	0.0322580645161
10952	0.030303030303
21903	0.030303030303
37055	0.030303030303
42008	0.030303030303
25006	0.0285714285714
52276	0.0285714285714
30484	0.0263157894737
41895	0.025
7281	0.0243902439024
35508	0.0243902439024
39137	0.0238095238095
44528	0.0238095238095
45004	0.0238095238095
51767	0.0238095238095
42412	0.0232558139535
4378	0.0227272727273
39658	0.0227272727273
44031	0.0227272727273
22896	0.0222222222222
26924	0.0222222222222
27113	0.0222222222222
10315	0.0217391304348
23395	0.0212765957447
44999	0.0212765957447
7722	0.0208333333333
101	0.02
29053	0.0188679245283
34077	0.0188679245283
43890	0.0188679245283
46148	0.0188679245283
1555	0.0185185185185
3979	0.0185185185185
46039	0.0185185185185
5535	0.0181818181818
17280	0.0181818181818
32803	0.0181818181818
51012	0.0181818181818
8965	0.0175438596491
23079	0.0175438596491
40923	0.0175438596491
28719	0.0172413793103
38072	0.0172413793103
33890	0.0169491525424
46050	0.0169491525424
5145	0.016393442623
17295	0.016393442623
31393	0.016393442623
41430	0.016393442623
42925	0.016393442623
50177	0.016393442623
186	0.015873015873
37774	0.015873015873
2387	0.015625
4728	0.015625
23230	0.015625
27864	0.0153846153846
38642	0.0153846153846
52190	0.0153846153846
14511	0.0149253731343
28456	0.0149253731343
3406	0.0147058823529
50890	0.0147058823529
51884	0.0147058823529
2321	0.0142857142857
12943	0.0142857142857
44136	0.0142857142857
54577	0.0142857142857
10328	0.0140845070423
30943	0.0140845070423
26313	0.013698630137
48475	0.0135135135135
52079	0.0135135135135
5698	0.0133333333333
4661	0.012987012987
11775	0.012987012987
10082	0.0128205128205
31220	0.0128205128205
6440	0.0125
11050	0.0125
25221	0.0125
33523	0.0123456790123
52564	0.0117647058824
41239	0.0114942528736
1323	0.0112359550562
28711	0.0104166666667
9722	0.0102040816327
23789	0.0102040816327
37060	0.0102040816327
51011	0.01
41303	0.00980392156863
34210	0.00961538461538
4604	0.00943396226415
10397	0.00934579439252
20647	0.00909090909091
44351	0.00900900900901
18276	0.00892857142857
15325	0.00884955752212
13098	0.00869565217391
27934	0.00862068965517
14502	0.00854700854701
5552	0.00847457627119
32246	0.00847457627119
3865	0.00840336134454
17986	0.00840336134454
41108	0.00840336134454
29543	0.00826446280992
35044	0.00806451612903
18130	0.00787401574803
172	0.0077519379845
4280	0.00769230769231
30828	0.00763358778626
40847	0.00757575757576
13119	0.00735294117647
2610	0.00729927007299
17928	0.00729927007299
2776	0.00719424460432
13040	0.00714285714286
43473	0.00714285714286
10248	0.00699300699301
17152	0.00699300699301
23299	0.00699300699301
18129	0.00689655172414
19314	0.00680272108844
35019	0.00680272108844
38758	0.00671140939597
43200	0.00666666666667
18283	0.00662251655629
7509	0.00653594771242
17461	0.00636942675159
25942	0.00636942675159
25487	0.00632911392405
32453	0.0062893081761
42954	0.0062893081761
50961	0.0062893081761
42450	0.00625
13120	0.00621118012422
52638	0.00606060606061
4479	0.00584795321637
8724	0.00584795321637
11300	0.00584795321637
25376	0.00581395348837
41546	0.00581395348837
41404	0.00578034682081
51151	0.00578034682081
44456	0.00564971751412
26158	0.00546448087432
20800	0.00537634408602
4439	0.00531914893617
21337	0.00531914893617
32738	0.00529100529101
9761	0.00520833333333
90	0.00518134715026
21458	0.00492610837438
41370	0.00490196078431
29444	0.00480769230769
34929	0.00480769230769
5918	0.00478468899522
1361	0.00473933649289
52697	0.00469483568075
37660	0.00467289719626
52258	0.0046511627907
33377	0.00460829493088
39209	0.00460829493088
41140	0.00454545454545
37052	0.00448430493274
2785	0.00446428571429
19201	0.00446428571429
15794	0.00444444444444
41270	0.00438596491228
52471	0.00438596491228
33762	0.00434782608696
31170	0.00425531914894
4339	0.00416666666667
41194	0.00409836065574
26508	0.00396825396825
38232	0.00383141762452
25405	0.00377358490566
29739	0.00377358490566
17771	0.00375939849624
13935	0.00372439478585
37426	0.0036832412523
4242	0.00367647058824
41364	0.00367647058824
22654	0.003663003663
6564	0.00363636363636
25937	0.00359712230216
25444	0.00352112676056
30625	0.00337837837838
6360	0.00335570469799
52225	0.00334448160535
7299	0.00326797385621
17355	0.00325203252033
26893	0.0031746031746
27535	0.00305810397554
34683	0.0030487804878
18701	0.00298507462687
10250	0.00297619047619
21906	0.00291545189504
3788	0.00290697674419
28830	0.00279329608939
36999	0.00269541778976
19547	0.00268817204301
12017	0.00268096514745
35514	0.0026525198939
31483	0.00259067357513
51133	0.00255754475703
51019	0.00250626566416
1380	0.00249376558603
31536	0.00245098039216
33678	0.00244498777506
25586	0.00239234449761
35045	0.00239234449761
11675	0.00234192037471
22251	0.00233644859813
689	0.00229357798165
28832	0.00228310502283
29861	0.00227790432802
1399	0.00226244343891
15228	0.00218818380744
41003	0.00215982721382
23782	0.00212314225053
3531	0.0021186440678
27865	0.00210970464135
41109	0.0020325203252
21797	0.00197238658777
30269	0.00189753320683
3312	0.00188679245283
11769	0.00187617260788
32612	0.00187617260788
12998	0.00185873605948
27489	0.00185185185185
21745	0.0018315018315
2312	0.00180505415162
13056	0.00179211469534
28407	0.00176366843034
13955	0.00175746924429
1743	0.0017094017094
35049	0.0016393442623
18456	0.00163132137031
32188	0.00162601626016
13339	0.0016051364366
1984	0.0015873015873
25113	0.00155763239875
23150	0.00155520995334
17596	0.00154083204931
9656	0.00147058823529
2613	0.00145772594752
37392	0.0014409221902
2037	0.00142857142857
5237	0.00142653352354
40987	0.0014245014245
3059	0.00137362637363
1422	0.00132450331126
3720	0.00132100396301
19598	0.00130890052356
1680	0.00130039011704
1119	0.00125786163522
18584	0.00123609394314
3365	0.00120336943442
29277	0.00120336943442
27890	0.00118203309693
2290	0.00116890707189
3273	0.00112233445567
4654	0.001100110011
28742	0.00107411385607
7340	0.00107296137339
9200	0.00106157112527
1902	0.00103412616339
893	0.00100654252642
39785	0.000999000999001
36398	0.00098231827112
3733	0.00095785440613
7312	0.000944287063267
2333	0.000917431192661
4916	0.000912408759124
40962	0.000902527075812
26805	0.00089325591782
5519	0.000870322019147
12969	0.000864304235091
76	0.000836820083682
22743	0.000822368421053
35563	0.000822030415125
6812	0.000821692686935
28051	0.000798722044728
18613	0.000763941940413
4430	0.00074794315632
8709	0.000671591672263
5112	0.000666666666667
1118	0.000645577792124
5204	0.000644745325596
6427	0.000589101620029
38793	0.00058207217695
1503	0.000558971492454
1497	0.000540832882639
4578	0.000538502961766
5231	0.000522466039707
5157	0.000508130081301
869	0.000488758553275
4655	0.000338524035206
