41590	0.157894736842
11552	0.0869565217391
33573	0.0869565217391
38316	0.08
41440	0.0769230769231
464	0.0740740740741
4204	0.0714285714286
48653	0.0714285714286
12266	0.0689655172414
40215	0.0689655172414
18331	0.0666666666667
20731	0.0666666666667
1958	0.0652173913043
39432	0.0645161290323
39622	0.0645161290323
26908	0.0625
1052	0.0606060606061
22660	0.0606060606061
13685	0.0588235294118
1108	0.0555555555556
17717	0.0555555555556
20362	0.0555555555556
41588	0.0555555555556
25394	0.0540540540541
5989	0.0526315789474
8769	0.0526315789474
14493	0.0526315789474
14939	0.0526315789474
15506	0.0526315789474
18758	0.0526315789474
19831	0.0526315789474
19866	0.0526315789474
20861	0.0526315789474
21044	0.0526315789474
21325	0.0526315789474
22975	0.0526315789474
23316	0.0526315789474
24313	0.0526315789474
25934	0.0526315789474
27092	0.0526315789474
29510	0.0526315789474
30519	0.0526315789474
30579	0.0526315789474
31017	0.0526315789474
31258	0.0526315789474
31819	0.0526315789474
33235	0.0526315789474
33725	0.0526315789474
34577	0.0526315789474
34582	0.0526315789474
34698	0.0526315789474
35725	0.0526315789474
36003	0.0526315789474
36474	0.0526315789474
36728	0.0526315789474
37165	0.0526315789474
39697	0.0526315789474
40060	0.0526315789474
40063	0.0526315789474
40268	0.0526315789474
44326	0.0526315789474
45385	0.0526315789474
54035	0.0526315789474
55706	0.0526315789474
55726	0.0526315789474
56930	0.0526315789474
57168	0.0526315789474
57715	0.0526315789474
58965	0.0526315789474
20834	0.0512820512821
7182	0.0508474576271
1870	0.05
3051	0.05
3757	0.05
3779	0.05
5224	0.05
5374	0.05
6956	0.05
9060	0.05
10018	0.05
11281	0.05
18653	0.05
18775	0.05
18854	0.05
21535	0.05
21938	0.05
22556	0.05
22576	0.05
23374	0.05
24330	0.05
26131	0.05
26620	0.05
29091	0.05
30086	0.05
30334	0.05
30959	0.05
31009	0.05
31130	0.05
31996	0.05
33258	0.05
35310	0.05
37240	0.05
37819	0.05
38542	0.05
39476	0.05
43465	0.05
44470	0.05
48174	0.05
49846	0.05
50133	0.05
50272	0.05
51278	0.05
54482	0.05
54993	0.05
55549	0.05
56459	0.05
58514	0.05
32210	0.0491803278689
51325	0.0487804878049
59605	0.0487804878049
66	0.047619047619
1221	0.047619047619
5822	0.047619047619
6574	0.047619047619
7771	0.047619047619
8945	0.047619047619
9025	0.047619047619
9230	0.047619047619
9236	0.047619047619
9522	0.047619047619
10509	0.047619047619
10733	0.047619047619
11213	0.047619047619
13824	0.047619047619
15496	0.047619047619
16490	0.047619047619
17643	0.047619047619
20153	0.047619047619
20349	0.047619047619
20444	0.047619047619
20493	0.047619047619
21841	0.047619047619
23921	0.047619047619
24080	0.047619047619
29711	0.047619047619
29919	0.047619047619
30958	0.047619047619
32605	0.047619047619
34587	0.047619047619
36417	0.047619047619
37340	0.047619047619
39740	0.047619047619
41702	0.047619047619
42338	0.047619047619
42385	0.047619047619
43071	0.047619047619
43120	0.047619047619
46813	0.047619047619
48103	0.047619047619
49539	0.047619047619
49712	0.047619047619
50756	0.047619047619
51081	0.047619047619
52572	0.047619047619
54264	0.047619047619
54596	0.047619047619
56826	0.047619047619
57484	0.047619047619
58903	0.047619047619
41492	0.046511627907
44257	0.046511627907
49285	0.046511627907
1839	0.0454545454545
4421	0.0454545454545
8626	0.0454545454545
10495	0.0454545454545
10669	0.0454545454545
13675	0.0454545454545
15635	0.0454545454545
18693	0.0454545454545
18975	0.0454545454545
18978	0.0454545454545
19297	0.0454545454545
19419	0.0454545454545
25925	0.0454545454545
28124	0.0454545454545
29305	0.0454545454545
31527	0.0454545454545
34426	0.0454545454545
37500	0.0454545454545
38358	0.0454545454545
38691	0.0454545454545
39292	0.0454545454545
40027	0.0454545454545
41141	0.0454545454545
42430	0.0454545454545
42852	0.0454545454545
44213	0.0454545454545
45162	0.0454545454545
46041	0.0454545454545
48660	0.0454545454545
49031	0.0454545454545
49723	0.0454545454545
52550	0.0454545454545
54040	0.0454545454545
54144	0.0454545454545
58331	0.0454545454545
59946	0.0454545454545
61287	0.0454545454545
61521	0.0454545454545
4158	0.044776119403
38600	0.0444444444444
40994	0.0444444444444
1882	0.0434782608696
4372	0.0434782608696
7318	0.0434782608696
9000	0.0434782608696
11163	0.0434782608696
11267	0.0434782608696
11849	0.0434782608696
13410	0.0434782608696
14358	0.0434782608696
14523	0.0434782608696
19582	0.0434782608696
21889	0.0434782608696
22930	0.0434782608696
23033	0.0434782608696
24847	0.0434782608696
28728	0.0434782608696
32739	0.0434782608696
34622	0.0434782608696
34693	0.0434782608696
35643	0.0434782608696
37019	0.0434782608696
37638	0.0434782608696
41780	0.0434782608696
43081	0.0434782608696
43248	0.0434782608696
47296	0.0434782608696
47646	0.0434782608696
48291	0.0434782608696
52000	0.0434782608696
52228	0.0434782608696
55689	0.0434782608696
12609	0.0425531914894
22659	0.0425531914894
29691	0.0425531914894
35167	0.0425531914894
5872	0.0416666666667
7090	0.0416666666667
7538	0.0416666666667
9269	0.0416666666667
12094	0.0416666666667
12370	0.0416666666667
12874	0.0416666666667
14576	0.0416666666667
14636	0.0416666666667
15849	0.0416666666667
18190	0.0416666666667
19296	0.0416666666667
20393	0.0416666666667
25962	0.0416666666667
27892	0.0416666666667
29063	0.0416666666667
33528	0.0416666666667
34089	0.0416666666667
34648	0.0416666666667
35948	0.0416666666667
37293	0.0416666666667
38081	0.0416666666667
39961	0.0416666666667
40431	0.0416666666667
41238	0.0416666666667
42131	0.0416666666667
42355	0.0416666666667
44338	0.0416666666667
45530	0.0416666666667
47077	0.0416666666667
49086	0.0416666666667
49487	0.0416666666667
49591	0.0416666666667
49895	0.0416666666667
53082	0.0416666666667
57098	0.0416666666667
58911	0.0416666666667
60624	0.0416666666667
11673	0.0408163265306
11874	0.0408163265306
58620	0.0408163265306
60149	0.0408163265306
41349	0.0405405405405
56	0.04
1527	0.04
1792	0.04
5836	0.04
9655	0.04
10720	0.04
11470	0.04
11633	0.04
11983	0.04
14293	0.04
14770	0.04
16090	0.04
17103	0.04
17580	0.04
18113	0.04
18639	0.04
19894	0.04
26065	0.04
30416	0.04
31471	0.04
31964	0.04
37804	0.04
37917	0.04
41813	0.04
41840	0.04
42178	0.04
42809	0.04
45270	0.04
48317	0.04
49973	0.04
50364	0.04
51077	0.04
51950	0.04
59993	0.04
60445	0.04
60777	0.04
21242	0.0392156862745
31107	0.0392156862745
36483	0.0392156862745
413	0.0384615384615
4301	0.0384615384615
4308	0.0384615384615
6984	0.0384615384615
7019	0.0384615384615
8905	0.0384615384615
11166	0.0384615384615
14050	0.0384615384615
15271	0.0384615384615
17362	0.0384615384615
18507	0.0384615384615
22457	0.0384615384615
26248	0.0384615384615
28682	0.0384615384615
29428	0.0384615384615
30189	0.0384615384615
40892	0.0384615384615
42669	0.0384615384615
43024	0.0384615384615
45174	0.0384615384615
48199	0.0384615384615
51265	0.0384615384615
57596	0.0384615384615
58767	0.0384615384615
60119	0.0384615384615
60493	0.0384615384615
14390	0.0377358490566
19534	0.0377358490566
27864	0.0375
829	0.037037037037
3259	0.037037037037
7154	0.037037037037
7784	0.037037037037
8446	0.037037037037
8955	0.037037037037
14295	0.037037037037
14819	0.037037037037
14876	0.037037037037
16134	0.037037037037
16925	0.037037037037
17203	0.037037037037
17204	0.037037037037
18312	0.037037037037
19413	0.037037037037
20427	0.037037037037
21611	0.037037037037
25824	0.037037037037
27817	0.037037037037
27894	0.037037037037
29127	0.037037037037
29209	0.037037037037
31323	0.037037037037
35138	0.037037037037
35306	0.037037037037
35972	0.037037037037
36964	0.037037037037
39638	0.037037037037
42214	0.037037037037
42484	0.037037037037
43029	0.037037037037
43191	0.037037037037
43682	0.037037037037
44220	0.037037037037
45901	0.037037037037
46457	0.037037037037
46608	0.037037037037
49583	0.037037037037
51513	0.037037037037
51993	0.037037037037
52139	0.037037037037
52273	0.037037037037
53177	0.037037037037
53232	0.037037037037
60369	0.037037037037
60530	0.037037037037
13147	0.0363636363636
183	0.0357142857143
668	0.0357142857143
2183	0.0357142857143
2697	0.0357142857143
2792	0.0357142857143
3283	0.0357142857143
3682	0.0357142857143
5838	0.0357142857143
7054	0.0357142857143
8517	0.0357142857143
8788	0.0357142857143
9507	0.0357142857143
10754	0.0357142857143
11518	0.0357142857143
13356	0.0357142857143
13450	0.0357142857143
14334	0.0357142857143
15124	0.0357142857143
16474	0.0357142857143
18454	0.0357142857143
19318	0.0357142857143
21573	0.0357142857143
22771	0.0357142857143
23775	0.0357142857143
23882	0.0357142857143
25080	0.0357142857143
27401	0.0357142857143
29892	0.0357142857143
30840	0.0357142857143
30960	0.0357142857143
33580	0.0357142857143
35203	0.0357142857143
35421	0.0357142857143
39485	0.0357142857143
41285	0.0357142857143
41422	0.0357142857143
41706	0.0357142857143
41732	0.0357142857143
41815	0.0357142857143
42275	0.0357142857143
42861	0.0357142857143
43140	0.0357142857143
44956	0.0357142857143
46745	0.0357142857143
48921	0.0357142857143
51476	0.0357142857143
52478	0.0357142857143
52489	0.0357142857143
53093	0.0357142857143
54303	0.0357142857143
54634	0.0357142857143
59580	0.0357142857143
22982	0.0350877192982
48358	0.0350877192982
789	0.0344827586207
994	0.0344827586207
2390	0.0344827586207
4304	0.0344827586207
5179	0.0344827586207
5264	0.0344827586207
5456	0.0344827586207
7688	0.0344827586207
10117	0.0344827586207
14883	0.0344827586207
20098	0.0344827586207
20215	0.0344827586207
22085	0.0344827586207
25866	0.0344827586207
26821	0.0344827586207
32858	0.0344827586207
37026	0.0344827586207
37217	0.0344827586207
37936	0.0344827586207
39958	0.0344827586207
41189	0.0344827586207
43022	0.0344827586207
43457	0.0344827586207
44528	0.0344827586207
48893	0.0344827586207
51843	0.0344827586207
52210	0.0344827586207
52473	0.0344827586207
53791	0.0344827586207
57433	0.0344827586207
60645	0.0344827586207
35516	0.0337078651685
718	0.0333333333333
3301	0.0333333333333
9211	0.0333333333333
9741	0.0333333333333
9856	0.0333333333333
11302	0.0333333333333
14863	0.0333333333333
16238	0.0333333333333
20330	0.0333333333333
20462	0.0333333333333
20811	0.0333333333333
28022	0.0333333333333
29079	0.0333333333333
29163	0.0333333333333
31520	0.0333333333333
32166	0.0333333333333
32864	0.0333333333333
34098	0.0333333333333
35187	0.0333333333333
42124	0.0333333333333
42666	0.0333333333333
43223	0.0333333333333
43535	0.0333333333333
43546	0.0333333333333
43910	0.0333333333333
46049	0.0333333333333
47199	0.0333333333333
50438	0.0333333333333
50947	0.0333333333333
53198	0.0333333333333
59337	0.0333333333333
59501	0.0333333333333
60028	0.0333333333333
14505	0.032967032967
24109	0.0327868852459
39884	0.0327868852459
51519	0.0327868852459
1037	0.0322580645161
3318	0.0322580645161
4801	0.0322580645161
5339	0.0322580645161
6943	0.0322580645161
7506	0.0322580645161
8131	0.0322580645161
9563	0.0322580645161
11978	0.0322580645161
12301	0.0322580645161
12435	0.0322580645161
13786	0.0322580645161
15050	0.0322580645161
15374	0.0322580645161
16070	0.0322580645161
17281	0.0322580645161
20008	0.0322580645161
21684	0.0322580645161
22836	0.0322580645161
24752	0.0322580645161
27428	0.0322580645161
28083	0.0322580645161
30289	0.0322580645161
30717	0.0322580645161
32134	0.0322580645161
33591	0.0322580645161
37833	0.0322580645161
38365	0.0322580645161
41562	0.0322580645161
42276	0.0322580645161
42301	0.0322580645161
42687	0.0322580645161
43319	0.0322580645161
43563	0.0322580645161
45119	0.0322580645161
48784	0.0322580645161
50643	0.0322580645161
50767	0.0322580645161
15515	0.031746031746
27236	0.031746031746
52623	0.031746031746
843	0.03125
982	0.03125
3039	0.03125
5030	0.03125
5348	0.03125
7110	0.03125
7324	0.03125
9286	0.03125
9671	0.03125
10158	0.03125
10393	0.03125
11777	0.03125
12294	0.03125
12378	0.03125
12769	0.03125
13861	0.03125
15219	0.03125
15793	0.03125
18791	0.03125
20868	0.03125
35527	0.03125
37539	0.03125
38939	0.03125
40566	0.03125
42342	0.03125
43260	0.03125
48120	0.03125
51609	0.03125
53323	0.03125
58885	0.03125
4195	0.0307692307692
8226	0.0307692307692
17601	0.0307692307692
41055	0.0307692307692
59527	0.0307692307692
976	0.030303030303
3038	0.030303030303
4077	0.030303030303
4698	0.030303030303
4984	0.030303030303
5485	0.030303030303
5758	0.030303030303
8227	0.030303030303
9198	0.030303030303
9669	0.030303030303
12801	0.030303030303
17352	0.030303030303
19464	0.030303030303
20568	0.030303030303
20622	0.030303030303
21674	0.030303030303
23097	0.030303030303
25733	0.030303030303
29308	0.030303030303
37480	0.030303030303
39063	0.030303030303
40663	0.030303030303
43877	0.030303030303
44029	0.030303030303
44106	0.030303030303
46844	0.030303030303
51898	0.030303030303
52013	0.030303030303
52543	0.030303030303
52562	0.030303030303
59560	0.030303030303
60571	0.030303030303
3328	0.0298507462687
45117	0.0298507462687
30762	0.0295857988166
17	0.0294117647059
213	0.0294117647059
2203	0.0294117647059
3475	0.0294117647059
5260	0.0294117647059
5646	0.0294117647059
6780	0.0294117647059
7815	0.0294117647059
11742	0.0294117647059
12430	0.0294117647059
12512	0.0294117647059
13630	0.0294117647059
14746	0.0294117647059
17662	0.0294117647059
17935	0.0294117647059
18121	0.0294117647059
20645	0.0294117647059
21275	0.0294117647059
22078	0.0294117647059
22252	0.0294117647059
29554	0.0294117647059
30919	0.0294117647059
32611	0.0294117647059
36723	0.0294117647059
41239	0.0294117647059
43944	0.0294117647059
45124	0.0294117647059
45641	0.0294117647059
52223	0.0294117647059
21321	0.0292682926829
22396	0.0291262135922
36635	0.0289855072464
39926	0.0289855072464
53164	0.0289855072464
3396	0.0285714285714
4759	0.0285714285714
8400	0.0285714285714
8948	0.0285714285714
8963	0.0285714285714
10375	0.0285714285714
13624	0.0285714285714
15850	0.0285714285714
16353	0.0285714285714
17545	0.0285714285714
17576	0.0285714285714
17710	0.0285714285714
23053	0.0285714285714
24193	0.0285714285714
24897	0.0285714285714
26123	0.0285714285714
27839	0.0285714285714
28935	0.0285714285714
29706	0.0285714285714
30283	0.0285714285714
32136	0.0285714285714
34514	0.0285714285714
36161	0.0285714285714
39161	0.0285714285714
41365	0.0285714285714
42316	0.0285714285714
43189	0.0285714285714
43547	0.0285714285714
43789	0.0285714285714
43927	0.0285714285714
47886	0.0285714285714
50590	0.0285714285714
52243	0.0285714285714
52275	0.0285714285714
57733	0.0285714285714
60453	0.0285714285714
61072	0.0285714285714
43337	0.0283018867925
14518	0.0281690140845
41351	0.0281690140845
2411	0.027972027972
1664	0.0277777777778
6728	0.0277777777778
10489	0.0277777777778
15533	0.0277777777778
17293	0.0277777777778
22586	0.0277777777778
23107	0.0277777777778
23617	0.0277777777778
27542	0.0277777777778
30675	0.0277777777778
30886	0.0277777777778
32306	0.0277777777778
32841	0.0277777777778
35407	0.0277777777778
35574	0.0277777777778
38200	0.0277777777778
41771	0.0277777777778
42975	0.0277777777778
43005	0.0277777777778
46721	0.0277777777778
47265	0.0277777777778
51269	0.0277777777778
51436	0.0277777777778
52207	0.0277777777778
52783	0.0277777777778
53405	0.0277777777778
55172	0.0277777777778
60326	0.0277777777778
61231	0.0277777777778
4347	0.0275862068966
19597	0.027397260274
41257	0.0272727272727
1157	0.027027027027
1258	0.027027027027
3240	0.027027027027
4228	0.027027027027
5363	0.027027027027
6629	0.027027027027
6802	0.027027027027
11015	0.027027027027
11068	0.027027027027
11392	0.027027027027
12894	0.027027027027
18299	0.027027027027
18765	0.027027027027
19182	0.027027027027
20433	0.027027027027
30143	0.027027027027
32958	0.027027027027
36399	0.027027027027
37154	0.027027027027
41020	0.027027027027
42719	0.027027027027
44172	0.027027027027
44339	0.027027027027
49284	0.027027027027
50609	0.027027027027
54708	0.027027027027
58146	0.027027027027
59871	0.027027027027
61032	0.027027027027
41146	0.0265486725664
4917	0.0263157894737
5133	0.0263157894737
5252	0.0263157894737
5437	0.0263157894737
11180	0.0263157894737
15104	0.0263157894737
18063	0.0263157894737
18079	0.0263157894737
18202	0.0263157894737
20477	0.0263157894737
20690	0.0263157894737
22128	0.0263157894737
23984	0.0263157894737
27629	0.0263157894737
30198	0.0263157894737
31963	0.0263157894737
34529	0.0263157894737
34976	0.0263157894737
37514	0.0263157894737
38417	0.0263157894737
42878	0.0263157894737
46033	0.0263157894737
47420	0.0263157894737
48731	0.0263157894737
51535	0.0263157894737
51970	0.0263157894737
52292	0.0263157894737
60147	0.0263157894737
25700	0.025974025974
41916	0.025974025974
762	0.025641025641
1570	0.025641025641
1714	0.025641025641
2678	0.025641025641
3368	0.025641025641
4009	0.025641025641
4503	0.025641025641
7029	0.025641025641
7339	0.025641025641
8406	0.025641025641
10601	0.025641025641
12822	0.025641025641
15266	0.025641025641
16638	0.025641025641
18162	0.025641025641
23496	0.025641025641
25143	0.025641025641
26669	0.025641025641
27385	0.025641025641
30876	0.025641025641
31139	0.025641025641
32753	0.025641025641
33463	0.025641025641
33661	0.025641025641
35259	0.025641025641
35940	0.025641025641
37605	0.025641025641
37789	0.025641025641
38124	0.025641025641
42039	0.025641025641
42508	0.025641025641
43700	0.025641025641
47911	0.025641025641
49256	0.025641025641
51063	0.025641025641
52526	0.025641025641
52530	0.025641025641
59985	0.025641025641
60137	0.025641025641
18967	0.0254777070064
41640	0.0254237288136
43872	0.0253164556962
51353	0.0253164556962
53004	0.0253164556962
43088	0.0252100840336
3450	0.025
3665	0.025
4080	0.025
5739	0.025
6747	0.025
7332	0.025
7678	0.025
10856	0.025
11142	0.025
29304	0.025
30705	0.025
34318	0.025
37706	0.025
39642	0.025
41124	0.025
41636	0.025
42098	0.025
42537	0.025
45061	0.025
45220	0.025
47075	0.025
51119	0.025
51593	0.025
51826	0.025
52643	0.025
52946	0.025
53411	0.025
41111	0.0247933884298
47292	0.0247933884298
3860	0.0246913580247
883	0.0243902439024
2945	0.0243902439024
5122	0.0243902439024
5214	0.0243902439024
12403	0.0243902439024
14054	0.0243902439024
15442	0.0243902439024
15788	0.0243902439024
19659	0.0243902439024
21451	0.0243902439024
23825	0.0243902439024
24592	0.0243902439024
30987	0.0243902439024
31435	0.0243902439024
41301	0.0243902439024
42258	0.0243902439024
42846	0.0243902439024
43102	0.0243902439024
44270	0.0243902439024
60167	0.0243902439024
41571	0.0240963855422
51847	0.0240963855422
4869	0.0238095238095
7163	0.0238095238095
8506	0.0238095238095
8964	0.0238095238095
9667	0.0238095238095
11150	0.0238095238095
13894	0.0238095238095
14132	0.0238095238095
22009	0.0238095238095
22791	0.0238095238095
23321	0.0238095238095
27256	0.0238095238095
27379	0.0238095238095
28651	0.0238095238095
31020	0.0238095238095
33356	0.0238095238095
34005	0.0238095238095
36701	0.0238095238095
38197	0.0238095238095
41459	0.0238095238095
42491	0.0238095238095
43327	0.0238095238095
43453	0.0238095238095
43611	0.0238095238095
49257	0.0238095238095
50598	0.0238095238095
51470	0.0238095238095
51481	0.0238095238095
52188	0.0238095238095
59943	0.0238095238095
60032	0.0238095238095
60164	0.0238095238095
41354	0.0236220472441
12194	0.0233918128655
51699	0.0233918128655
3839	0.0232558139535
7841	0.0232558139535
11009	0.0232558139535
11236	0.0232558139535
17303	0.0232558139535
17707	0.0232558139535
20541	0.0232558139535
25273	0.0232558139535
25395	0.0232558139535
27240	0.0232558139535
32688	0.0232558139535
32927	0.0232558139535
34660	0.0232558139535
36761	0.0232558139535
36926	0.0232558139535
37983	0.0232558139535
41764	0.0232558139535
42466	0.0232558139535
42896	0.0232558139535
43447	0.0232558139535
45453	0.0232558139535
50533	0.0232558139535
51343	0.0232558139535
52608	0.0232558139535
56967	0.0232558139535
42019	0.0230769230769
283	0.0229885057471
20629	0.0229885057471
22241	0.0229885057471
51978	0.0229885057471
493	0.0227272727273
546	0.0227272727273
1167	0.0227272727273
2338	0.0227272727273
3496	0.0227272727273
6773	0.0227272727273
8197	0.0227272727273
10837	0.0227272727273
11237	0.0227272727273
13321	0.0227272727273
15680	0.0227272727273
15721	0.0227272727273
17967	0.0227272727273
23287	0.0227272727273
25603	0.0227272727273
26133	0.0227272727273
27121	0.0227272727273
28676	0.0227272727273
31358	0.0227272727273
32289	0.0227272727273
32590	0.0227272727273
37792	0.0227272727273
41053	0.0227272727273
41279	0.0227272727273
41535	0.0227272727273
42302	0.0227272727273
43417	0.0227272727273
43588	0.0227272727273
43596	0.0227272727273
46690	0.0227272727273
52012	0.0227272727273
52856	0.0227272727273
55890	0.0227272727273
57807	0.0227272727273
58638	0.0227272727273
60108	0.0227272727273
41581	0.0224719101124
33	0.0222222222222
1049	0.0222222222222
1071	0.0222222222222
1820	0.0222222222222
4938	0.0222222222222
6095	0.0222222222222
6506	0.0222222222222
8659	0.0222222222222
13534	0.0222222222222
13961	0.0222222222222
30618	0.0222222222222
34101	0.0222222222222
36888	0.0222222222222
37478	0.0222222222222
41974	0.0222222222222
43786	0.0222222222222
52185	0.0222222222222
16028	0.021978021978
41088	0.021978021978
3589	0.0217391304348
4875	0.0217391304348
5412	0.0217391304348
8609	0.0217391304348
9142	0.0217391304348
9273	0.0217391304348
12573	0.0217391304348
14445	0.0217391304348
18481	0.0217391304348
18505	0.0217391304348
26012	0.0217391304348
28077	0.0217391304348
33652	0.0217391304348
34255	0.0217391304348
38003	0.0217391304348
42715	0.0217391304348
42995	0.0217391304348
43282	0.0217391304348
43287	0.0217391304348
43815	0.0217391304348
44369	0.0217391304348
44560	0.0217391304348
51435	0.0217391304348
51565	0.0217391304348
51716	0.0217391304348
60315	0.0217391304348
38287	0.0215053763441
41546	0.0215053763441
7451	0.0214285714286
41489	0.0214285714286
924	0.0212765957447
1666	0.0212765957447
4155	0.0212765957447
5367	0.0212765957447
12494	0.0212765957447
18183	0.0212765957447
18956	0.0212765957447
24585	0.0212765957447
27968	0.0212765957447
32024	0.0212765957447
37589	0.0212765957447
43115	0.0212765957447
43529	0.0212765957447
45156	0.0212765957447
51193	0.0212765957447
51291	0.0212765957447
52361	0.0212765957447
57521	0.0212765957447
2789	0.020979020979
2545	0.0208333333333
2759	0.0208333333333
5162	0.0208333333333
7789	0.0208333333333
8122	0.0208333333333
9663	0.0208333333333
11154	0.0208333333333
11925	0.0208333333333
12199	0.0208333333333
20229	0.0208333333333
24409	0.0208333333333
27090	0.0208333333333
27504	0.0208333333333
32814	0.0208333333333
33331	0.0208333333333
34879	0.0208333333333
37665	0.0208333333333
39013	0.0208333333333
39041	0.0208333333333
42088	0.0208333333333
42627	0.0208333333333
42989	0.0208333333333
47041	0.0208333333333
51098	0.0208333333333
52774	0.0208333333333
53269	0.0208333333333
59814	0.0208333333333
60281	0.0208333333333
51026	0.0206896551724
4733	0.020618556701
41197	0.020618556701
3022	0.0205479452055
112	0.0204081632653
403	0.0204081632653
523	0.0204081632653
1799	0.0204081632653
3998	0.0204081632653
6397	0.0204081632653
8034	0.0204081632653
11252	0.0204081632653
18298	0.0204081632653
22398	0.0204081632653
22765	0.0204081632653
23850	0.0204081632653
27687	0.0204081632653
34441	0.0204081632653
34794	0.0204081632653
38029	0.0204081632653
38315	0.0204081632653
40792	0.0204081632653
52734	0.0204081632653
58641	0.0204081632653
59817	0.0204081632653
60731	0.0204081632653
17570	0.020202020202
40936	0.020202020202
95	0.02
494	0.02
14270	0.02
15300	0.02
17640	0.02
18763	0.02
19602	0.02
21436	0.02
24155	0.02
25626	0.02
27168	0.02
42117	0.02
44145	0.02
51834	0.02
52291	0.02
52334	0.02
8159	0.019801980198
22426	0.019801980198
41085	0.019801980198
41038	0.0197368421053
134	0.0196078431373
885	0.0196078431373
1908	0.0196078431373
1972	0.0196078431373
2707	0.0196078431373
4761	0.0196078431373
6752	0.0196078431373
9920	0.0196078431373
16909	0.0196078431373
17053	0.0196078431373
21043	0.0196078431373
22000	0.0196078431373
22563	0.0196078431373
26837	0.0196078431373
33337	0.0196078431373
36581	0.0196078431373
41680	0.0196078431373
41698	0.0196078431373
46970	0.0196078431373
50483	0.0196078431373
52089	0.0196078431373
52160	0.0196078431373
27033	0.0194174757282
41934	0.0194174757282
13040	0.0193548387097
880	0.0192307692308
3216	0.0192307692308
8906	0.0192307692308
14335	0.0192307692308
15471	0.0192307692308
25297	0.0192307692308
28692	0.0192307692308
29562	0.0192307692308
30177	0.0192307692308
31007	0.0192307692308
36548	0.0192307692308
41317	0.0192307692308
41634	0.0192307692308
43265	0.0192307692308
44111	0.0192307692308
45969	0.0192307692308
46895	0.0192307692308
47861	0.0192307692308
50348	0.0192307692308
165	0.0188679245283
2243	0.0188679245283
2600	0.0188679245283
7325	0.0188679245283
9207	0.0188679245283
9528	0.0188679245283
11306	0.0188679245283
18530	0.0188679245283
18755	0.0188679245283
25885	0.0188679245283
30806	0.0188679245283
34503	0.0188679245283
35950	0.0188679245283
39179	0.0188679245283
41076	0.0188679245283
41230	0.0188679245283
41672	0.0188679245283
43222	0.0188679245283
51042	0.0188679245283
52421	0.0188679245283
53372	0.0188679245283
59627	0.0188679245283
7303	0.018691588785
15052	0.018691588785
41246	0.0186335403727
16927	0.0185758513932
1903	0.0185185185185
2196	0.0185185185185
4836	0.0185185185185
7251	0.0185185185185
8582	0.0185185185185
12928	0.0185185185185
16445	0.0185185185185
18992	0.0185185185185
20992	0.0185185185185
28542	0.0185185185185
31157	0.0185185185185
41283	0.0185185185185
41713	0.0185185185185
42866	0.0185185185185
50584	0.0185185185185
50912	0.0185185185185
52759	0.0185185185185
60456	0.0185185185185
12511	0.0184049079755
32784	0.0183486238532
47448	0.0183486238532
50506	0.0183486238532
55841	0.0183486238532
4276	0.0181818181818
4541	0.0181818181818
6369	0.0181818181818
11132	0.0181818181818
12753	0.0181818181818
15021	0.0181818181818
16774	0.0181818181818
17264	0.0181818181818
22625	0.0181818181818
28841	0.0181818181818
38649	0.0181818181818
41923	0.0181818181818
42568	0.0181818181818
43066	0.0181818181818
52930	0.0181818181818
42531	0.0179640718563
5918	0.0179372197309
1801	0.0178571428571
5880	0.0178571428571
14652	0.0178571428571
18958	0.0178571428571
20866	0.0178571428571
21703	0.0178571428571
35151	0.0178571428571
35808	0.0178571428571
41060	0.0178571428571
41311	0.0178571428571
42692	0.0178571428571
48996	0.0178571428571
51195	0.0178571428571
55722	0.0178571428571
1361	0.0177777777778
35360	0.0177514792899
2488	0.0175438596491
3411	0.0175438596491
3666	0.0175438596491
5165	0.0175438596491
13306	0.0175438596491
13373	0.0175438596491
14251	0.0175438596491
15127	0.0175438596491
16231	0.0175438596491
18679	0.0175438596491
21229	0.0175438596491
23474	0.0175438596491
28477	0.0175438596491
41715	0.0175438596491
43164	0.0175438596491
48212	0.0175438596491
51212	0.0174520069808
3297	0.0174418604651
27859	0.0173913043478
39002	0.0173913043478
3946	0.0173410404624
22401	0.0173410404624
10843	0.0172413793103
18703	0.0172413793103
23046	0.0172413793103
27255	0.0172413793103
31902	0.0172413793103
35338	0.0172413793103
38527	0.0172413793103
42349	0.0172413793103
43348	0.0172413793103
52260	0.0172413793103
52382	0.0172413793103
52491	0.0172413793103
41172	0.017094017094
53200	0.017094017094
41378	0.0170454545455
550	0.0169491525424
1103	0.0169491525424
1175	0.0169491525424
5330	0.0169491525424
9589	0.0169491525424
10050	0.0169491525424
10680	0.0169491525424
11743	0.0169491525424
13428	0.0169491525424
22362	0.0169491525424
38732	0.0169491525424
39137	0.0169491525424
41007	0.0169491525424
41136	0.0169491525424
42819	0.0169491525424
43943	0.0169491525424
45068	0.0169491525424
51767	0.0169491525424
51813	0.0169491525424
52367	0.0169491525424
52642	0.0169491525424
52837	0.0169491525424
10736	0.0168539325843
3120	0.0168067226891
963	0.0166666666667
4876	0.0166666666667
7540	0.0166666666667
7913	0.0166666666667
12889	0.0166666666667
13870	0.0166666666667
27587	0.0166666666667
33267	0.0166666666667
33273	0.0166666666667
41485	0.0166666666667
41868	0.0166666666667
44286	0.0166666666667
51217	0.0166666666667
51861	0.0166666666667
59816	0.0166666666667
1144	0.0165289256198
2925	0.016393442623
3507	0.016393442623
3824	0.016393442623
12873	0.016393442623
19696	0.016393442623
19773	0.016393442623
20205	0.016393442623
21912	0.016393442623
29743	0.016393442623
37542	0.016393442623
39226	0.016393442623
41811	0.016393442623
42013	0.016393442623
51449	0.016393442623
52112	0.016393442623
59872	0.016393442623
10045	0.0162601626016
26199	0.0162601626016
59611	0.0162601626016
1435	0.0161290322581
5144	0.0161290322581
5458	0.0161290322581
7430	0.0161290322581
10792	0.0161290322581
10961	0.0161290322581
18916	0.0161290322581
20245	0.0161290322581
27113	0.0161290322581
28436	0.0161290322581
31105	0.0161290322581
35747	0.0161290322581
36948	0.0161290322581
53216	0.0161290322581
55194	0.0161290322581
60266	0.0161290322581
1231	0.0160427807487
9104	0.016
59505	0.016
3846	0.015873015873
5354	0.015873015873
7460	0.015873015873
10729	0.015873015873
14684	0.015873015873
14714	0.015873015873
16420	0.015873015873
21806	0.015873015873
25834	0.015873015873
27548	0.015873015873
27684	0.015873015873
33155	0.015873015873
40657	0.015873015873
41528	0.015873015873
43663	0.015873015873
43835	0.015873015873
52879	0.015873015873
53122	0.015873015873
21696	0.0157480314961
30812	0.0157068062827
50913	0.0157068062827
1168	0.015625
1936	0.015625
2343	0.015625
2611	0.015625
12253	0.015625
12641	0.015625
12849	0.015625
16593	0.015625
17087	0.015625
18492	0.015625
18985	0.015625
20070	0.015625
23395	0.015625
25703	0.015625
26657	0.015625
32146	0.015625
32483	0.015625
38968	0.015625
39751	0.015625
41056	0.015625
42652	0.015625
43372	0.015625
49899	0.015625
53407	0.015625
40984	0.015444015444
4630	0.0153846153846
6832	0.0153846153846
18688	0.0153846153846
21347	0.0153846153846
25952	0.0153846153846
30820	0.0153846153846
32631	0.0153846153846
37380	0.0153846153846
42474	0.0153846153846
51060	0.0153846153846
52531	0.0153846153846
52864	0.0153846153846
106	0.0152671755725
7357	0.0152671755725
42977	0.0152671755725
1898	0.0151515151515
3050	0.0151515151515
4967	0.0151515151515
12394	0.0151515151515
13380	0.0151515151515
18437	0.0151515151515
18543	0.0151515151515
19463	0.0151515151515
21345	0.0151515151515
21396	0.0151515151515
21750	0.0151515151515
25810	0.0151515151515
29328	0.0151515151515
30018	0.0151515151515
32725	0.0151515151515
33926	0.0151515151515
42001	0.0151515151515
42360	0.0151515151515
48926	0.0151515151515
50881	0.0151515151515
52542	0.0151515151515
59759	0.0151515151515
2216	0.0150753768844
8246	0.015037593985
14698	0.015037593985
39771	0.015037593985
41188	0.015037593985
2264	0.0149253731343
18108	0.0149253731343
19792	0.0149253731343
22690	0.0149253731343
27517	0.0149253731343
30983	0.0149253731343
32689	0.0149253731343
34792	0.0149253731343
35030	0.0149253731343
36596	0.0149253731343
40139	0.0149253731343
51693	0.0149253731343
51844	0.0149253731343
52071	0.0149253731343
52222	0.0149253731343
52265	0.0149253731343
52556	0.0149253731343
52715	0.0149253731343
2171	0.0148148148148
3312	0.0148148148148
17790	0.0148148148148
41095	0.0147601476015
881	0.0147058823529
2093	0.0147058823529
11502	0.0147058823529
11766	0.0147058823529
12153	0.0147058823529
13403	0.0147058823529
15825	0.0147058823529
19761	0.0147058823529
25466	0.0147058823529
25570	0.0147058823529
26173	0.0147058823529
28735	0.0147058823529
32418	0.0147058823529
33166	0.0147058823529
33672	0.0147058823529
41461	0.0147058823529
42291	0.0147058823529
45859	0.0147058823529
53173	0.0147058823529
18972	0.0146341463415
4070	0.014598540146
27320	0.014598540146
128	0.0144927536232
492	0.0144927536232
1533	0.0144927536232
2033	0.0144927536232
2137	0.0144927536232
4341	0.0144927536232
5658	0.0144927536232
12731	0.0144927536232
16433	0.0144927536232
28755	0.0144927536232
29822	0.0144927536232
32659	0.0144927536232
47668	0.0144927536232
47787	0.0144927536232
51462	0.0144927536232
22579	0.014450867052
90	0.0144230769231
2595	0.0144230769231
11087	0.0143884892086
50952	0.0143884892086
14476	0.0142857142857
15608	0.0142857142857
19292	0.0142857142857
19996	0.0142857142857
29365	0.0142857142857
32931	0.0142857142857
34576	0.0142857142857
34670	0.0142857142857
35198	0.0142857142857
41150	0.0142857142857
43354	0.0142857142857
47064	0.0142857142857
49860	0.0142857142857
51164	0.0142857142857
52548	0.0142857142857
3515	0.0141509433962
289	0.0140845070423
398	0.0140845070423
1490	0.0140845070423
1676	0.0140845070423
3858	0.0140845070423
4635	0.0140845070423
4705	0.0140845070423
5884	0.0140845070423
7101	0.0140845070423
13058	0.0140845070423
15730	0.0140845070423
19799	0.0140845070423
28721	0.0140845070423
30930	0.0140845070423
35413	0.0140845070423
35971	0.0140845070423
41025	0.0140845070423
42643	0.0140845070423
43543	0.0140845070423
30793	0.013986013986
1098	0.0138888888889
2734	0.0138888888889
17275	0.0138888888889
17280	0.0138888888889
33930	0.0138888888889
35961	0.0138888888889
40689	0.0138888888889
41145	0.0138888888889
41298	0.0138888888889
41483	0.0138888888889
52392	0.0138888888889
52555	0.0137931034483
28812	0.0137614678899
41012	0.0137614678899
32832	0.0137457044674
1147	0.013698630137
1612	0.013698630137
3964	0.013698630137
4280	0.013698630137
5161	0.013698630137
5679	0.013698630137
16722	0.013698630137
30294	0.013698630137
30672	0.013698630137
38569	0.013698630137
38995	0.013698630137
40212	0.013698630137
42390	0.013698630137
1097	0.0135135135135
8965	0.0135135135135
12421	0.0135135135135
12838	0.0135135135135
16322	0.0135135135135
27910	0.0135135135135
40847	0.0135135135135
42790	0.0135135135135
43251	0.0135135135135
59578	0.0135135135135
28830	0.0134770889488
18278	0.013468013468
34929	0.0134529147982
39874	0.0134228187919
41287	0.0134228187919
17346	0.0133928571429
2401	0.0133779264214
830	0.0133333333333
4499	0.0133333333333
4804	0.0133333333333
14515	0.0133333333333
15638	0.0133333333333
21425	0.0133333333333
34254	0.0133333333333
34652	0.0133333333333
38072	0.0133333333333
41397	0.0133333333333
41633	0.0133333333333
42014	0.0133333333333
53048	0.0133333333333
54435	0.0133333333333
13067	0.0132450331126
36594	0.0132450331126
51099	0.0132158590308
2087	0.0131578947368
2937	0.0131578947368
4075	0.0131578947368
13119	0.0131578947368
29010	0.0131578947368
33890	0.0131578947368
34350	0.0131578947368
36193	0.0131578947368
38864	0.0131578947368
51319	0.0131578947368
12777	0.0130718954248
37747	0.0130718954248
2618	0.012987012987
3178	0.012987012987
11558	0.012987012987
14649	0.012987012987
21331	0.012987012987
29806	0.012987012987
30222	0.012987012987
35148	0.012987012987
36411	0.012987012987
42354	0.012987012987
42576	0.012987012987
44485	0.012987012987
50900	0.012987012987
52319	0.012987012987
52777	0.012987012987
1239	0.0129032258065
23244	0.0129032258065
27715	0.0129032258065
51027	0.0128617363344
20630	0.012853470437
2874	0.0128205128205
25472	0.0128205128205
29492	0.0128205128205
29746	0.0128205128205
42259	0.0128205128205
52857	0.0128205128205
53184	0.0128205128205
1918	0.0127388535032
12432	0.0127388535032
7462	0.0126582278481
8259	0.0126582278481
19572	0.0126582278481
23372	0.0126582278481
27874	0.0126582278481
30973	0.0126582278481
30976	0.0126582278481
35117	0.0126582278481
37225	0.0126582278481
41818	0.0126582278481
48246	0.0126582278481
52874	0.0126582278481
59906	0.0126582278481
5206	0.0125786163522
10248	0.0125786163522
34522	0.0125786163522
1386	0.0125
4147	0.0125
4561	0.0125
12280	0.0125
19521	0.0125
51049	0.0125
59646	0.0125
35728	0.01246105919
37115	0.0123966942149
37169	0.0123966942149
322	0.0123456790123
2276	0.0123456790123
4464	0.0123456790123
5715	0.0123456790123
25442	0.0123456790123
26059	0.0123456790123
33864	0.0123456790123
34103	0.0123456790123
36078	0.0123456790123
37163	0.0123456790123
37208	0.0123456790123
38899	0.0123456790123
49141	0.0123456790123
51117	0.0123456790123
59607	0.0123456790123
27527	0.0123076923077
4327	0.0122950819672
30805	0.0122950819672
19314	0.0122699386503
39709	0.0122549019608
859	0.0121951219512
10844	0.0121951219512
14181	0.0121951219512
16193	0.0121951219512
18773	0.0121951219512
27125	0.0121951219512
30694	0.0121951219512
35480	0.0121951219512
38099	0.0121951219512
41350	0.0121951219512
48899	0.0121951219512
52190	0.0121951219512
52458	0.0121951219512
384	0.0121212121212
3669	0.0120481927711
4374	0.0120481927711
6920	0.0120481927711
7614	0.0120481927711
11079	0.0120481927711
16919	0.0120481927711
27173	0.0120481927711
27550	0.0120481927711
28545	0.0120481927711
28982	0.0120481927711
37349	0.0120481927711
45354	0.0120481927711
51154	0.0120481927711
9205	0.0119047619048
26172	0.0119047619048
29095	0.0119047619048
38064	0.0119047619048
41241	0.0119047619048
53338	0.0119047619048
41156	0.0118694362018
33678	0.0118483412322
39548	0.0118343195266
451	0.0117647058824
3406	0.0117647058824
6494	0.0117647058824
14353	0.0117647058824
14757	0.0117647058824
20080	0.0117647058824
34621	0.0117647058824
41114	0.0117647058824
41313	0.0117647058824
41409	0.0117647058824
47995	0.0117647058824
50890	0.0117647058824
50911	0.0117647058824
50929	0.0117647058824
59558	0.0117647058824
7749	0.0116279069767
9032	0.0116279069767
9794	0.0116279069767
16838	0.0116279069767
22104	0.0116279069767
30191	0.0116279069767
40964	0.0116279069767
51937	0.0116279069767
21662	0.0115606936416
40289	0.0115207373272
3527	0.0114942528736
4502	0.0114942528736
12943	0.0114942528736
16723	0.0114942528736
18192	0.0114942528736
22026	0.0114942528736
29582	0.0114942528736
41100	0.0114942528736
41791	0.0114942528736
41856	0.0114942528736
44136	0.0114942528736
54577	0.0114942528736
6679	0.0114285714286
2316	0.0113636363636
4515	0.0113636363636
7346	0.0113636363636
8142	0.0113636363636
14343	0.0113636363636
15207	0.0113636363636
18596	0.0113636363636
21298	0.0113636363636
30943	0.0113636363636
42398	0.0113636363636
43813	0.0113636363636
49401	0.0113636363636
1390	0.0112994350282
4468	0.0112359550562
29366	0.0112359550562
29453	0.0112359550562
33709	0.0112359550562
35701	0.0112359550562
36710	0.0112359550562
51364	0.0112359550562
50957	0.0111420612813
30269	0.0111317254174
19897	0.0111111111111
30913	0.0111111111111
34897	0.0111111111111
41030	0.0111111111111
41272	0.0111111111111
42182	0.0111111111111
42811	0.0111111111111
51120	0.0111111111111
13660	0.0110497237569
44184	0.0110294117647
1146	0.010989010989
1399	0.010989010989
4334	0.010989010989
12831	0.010989010989
26600	0.010989010989
34531	0.010989010989
39262	0.010989010989
48475	0.010989010989
50642	0.010989010989
50871	0.010989010989
51121	0.010989010989
52079	0.010989010989
52442	0.010989010989
28700	0.0109289617486
38763	0.0109289617486
41326	0.0109090909091
34830	0.0108991825613
3480	0.0108695652174
4580	0.0108695652174
5622	0.0108695652174
5698	0.0108695652174
8129	0.0108695652174
10103	0.0108695652174
18673	0.0108695652174
22843	0.0108695652174
34095	0.0108695652174
35431	0.0108695652174
37224	0.0108695652174
50958	0.0108695652174
24970	0.0108108108108
40976	0.0108108108108
775	0.010752688172
8468	0.010752688172
18604	0.010752688172
21983	0.010752688172
23248	0.010752688172
42414	0.010752688172
53234	0.010752688172
41374	0.0107238605898
51158	0.0107142857143
3548	0.0106951871658
40887	0.0106951871658
123	0.0106382978723
218	0.0106382978723
5702	0.0106382978723
25295	0.0106382978723
3419	0.0106157112527
38822	0.0106100795756
18813	0.010582010582
41705	0.0105633802817
37993	0.0105540897098
1931	0.0105448154657
28621	0.0105263157895
31220	0.0105263157895
34208	0.0105263157895
36606	0.0105263157895
41621	0.0105263157895
42468	0.0105263157895
43834	0.0105263157895
18414	0.0104895104895
32042	0.0104712041885
1950	0.0104166666667
4398	0.0104166666667
10463	0.0104166666667
12188	0.0104166666667
18515	0.0104166666667
35594	0.0104166666667
36967	0.0104166666667
41608	0.0104166666667
41629	0.0104166666667
51242	0.0104166666667
52415	0.0104166666667
3747	0.0103448275862
5460	0.0103448275862
41368	0.0103448275862
819	0.0103092783505
862	0.0103092783505
1015	0.0103092783505
2865	0.0103092783505
11381	0.0103092783505
29816	0.0103092783505
34191	0.0103092783505
35698	0.0103092783505
40985	0.0103092783505
60068	0.0103092783505
25891	0.0102564102564
6542	0.0102040816327
18214	0.0102040816327
21375	0.0102040816327
41490	0.0102040816327
42825	0.0102040816327
52576	0.0102040816327
54	0.010152284264
41116	0.0101351351351
31868	0.0101265822785
160	0.010101010101
2245	0.010101010101
2410	0.010101010101
21379	0.010101010101
34649	0.010101010101
40104	0.010101010101
41019	0.010101010101
3991	0.010067114094
26158	0.0100502512563
29902	0.0100502512563
36686	0.0100502512563
25444	0.0100334448161
3273	0.01
7198	0.01
11262	0.01
12970	0.01
14656	0.01
23080	0.01
37752	0.01
40641	0.01
41201	0.01
41222	0.01
41649	0.01
2169	0.00995024875622
5768	0.00994035785288
37392	0.00992907801418
7214	0.00990099009901
24067	0.00990099009901
33544	0.00990099009901
34865	0.00990099009901
38787	0.00990099009901
41101	0.00990099009901
41481	0.00990099009901
41530	0.00990099009901
20818	0.00987654320988
51133	0.00987654320988
7974	0.00985221674877
44433	0.00985221674877
51146	0.00985221674877
1928	0.00980392156863
20752	0.00980392156863
37588	0.00980392156863
41083	0.00980392156863
41228	0.00980392156863
48662	0.00980392156863
49210	0.00980392156863
932	0.00977995110024
26863	0.00974025974026
377	0.00970873786408
876	0.00970873786408
913	0.00970873786408
3861	0.00970873786408
7956	0.00970873786408
17383	0.00970873786408
34637	0.00970873786408
34715	0.00970873786408
42249	0.00970873786408
49136	0.00970873786408
51892	0.00970873786408
60987	0.00970873786408
34548	0.00967741935484
3198	0.00966183574879
3488	0.00961538461538
3619	0.00961538461538
5637	0.00961538461538
18327	0.00961538461538
41086	0.00961538461538
41223	0.00961538461538
41913	0.00961538461538
46493	0.00961538461538
52645	0.00961538461538
18960	0.00958083832335
29854	0.00957592339261
37689	0.00956937799043
41093	0.00955414012739
3182	0.00952380952381
4174	0.00952380952381
22601	0.00952380952381
31891	0.00952380952381
33751	0.00952380952381
34369	0.00952380952381
44819	0.00952380952381
51590	0.00952380952381
1048	0.00948766603416
2089	0.00947867298578
12969	0.00945017182131
3294	0.00943396226415
9288	0.00943396226415
11866	0.00943396226415
15306	0.00943396226415
26760	0.00943396226415
42931	0.00943396226415
27525	0.00941176470588
4173	0.0093896713615
29287	0.0093896713615
41942	0.0093896713615
41985	0.0093808630394
118	0.009375
12121	0.009375
5023	0.00934579439252
10890	0.00934579439252
14832	0.00934579439252
15009	0.00934579439252
28486	0.00934579439252
41126	0.00934579439252
51228	0.00934579439252
51707	0.00934579439252
53342	0.00934579439252
41555	0.0093023255814
1489	0.00925925925926
4770	0.00925925925926
5728	0.00925925925926
9715	0.00925925925926
19922	0.00925925925926
25169	0.00925925925926
27579	0.00925925925926
43542	0.00925925925926
7300	0.00923787528868
41972	0.00923076923077
23388	0.00921658986175
17715	0.00920245398773
1975	0.00917431192661
3859	0.00917431192661
5712	0.00917431192661
6375	0.00917431192661
8397	0.00917431192661
9651	0.00917431192661
10492	0.00917431192661
21227	0.00917431192661
41366	0.00917431192661
45587	0.00917431192661
50884	0.00917431192661
17008	0.00911854103343
2544	0.00909090909091
43824	0.00909090909091
41015	0.00906344410876
33621	0.00903614457831
694	0.00900900900901
1753	0.00900900900901
1821	0.00900900900901
4998	0.00900900900901
11748	0.00900900900901
17611	0.00900900900901
41426	0.00900900900901
43219	0.00900900900901
51341	0.00900900900901
52350	0.00900900900901
7115	0.00892857142857
17389	0.00892857142857
19695	0.00892857142857
22231	0.00892857142857
26531	0.00892857142857
38795	0.00892857142857
39915	0.00892857142857
40869	0.00892857142857
59684	0.00892857142857
511	0.00887573964497
11145	0.00884955752212
18403	0.00884955752212
25918	0.00884955752212
26162	0.00884955752212
28141	0.00884955752212
32626	0.00884955752212
41160	0.00884955752212
53069	0.00884955752212
17764	0.00877192982456
35551	0.00877192982456
41084	0.00877192982456
42053	0.00877192982456
29686	0.00874635568513
2145	0.00869565217391
3239	0.00869565217391
17690	0.00869565217391
22031	0.00869565217391
23789	0.00869565217391
29852	0.00869565217391
41807	0.00869565217391
43828	0.00869565217391
51429	0.00869565217391
1628	0.0086741016109
4764	0.00863309352518
397	0.00862068965517
6634	0.00862068965517
11250	0.00862068965517
27649	0.00862068965517
37156	0.00862068965517
41002	0.00862068965517
50553	0.00862068965517
52536	0.00862068965517
57862	0.00862068965517
40988	0.00860215053763
40411	0.00858369098712
10250	0.00854700854701
12343	0.00854700854701
16846	0.00854700854701
29790	0.00854700854701
34373	0.00854700854701
41236	0.00854700854701
50936	0.00854700854701
51011	0.00854700854701
21523	0.00851063829787
41091	0.00851063829787
5603	0.00847457627119
26741	0.00847457627119
31895	0.00847457627119
41704	0.00847457627119
35703	0.00845665961945
14360	0.0084388185654
12503	0.00840336134454
19126	0.00840336134454
21719	0.00840336134454
41023	0.00840336134454
41338	0.00840336134454
52368	0.00840336134454
3788	0.008356545961
50939	0.008356545961
5204	0.00835475578406
2127	0.00833333333333
11871	0.00833333333333
19201	0.00833333333333
39210	0.00833333333333
47430	0.00833333333333
31882	0.00829875518672
47774	0.00828729281768
8729	0.00826446280992
17068	0.00826446280992
18973	0.00826446280992
35951	0.00826446280992
41179	0.00826446280992
41225	0.00826446280992
41894	0.00826446280992
42973	0.00826446280992
49408	0.00826446280992
52056	0.00826446280992
38492	0.00825309491059
34367	0.00823421774931
38206	0.0082304526749
937	0.00819672131148
4390	0.00819672131148
26310	0.00819672131148
27925	0.00819672131148
29855	0.00819672131148
34356	0.00819672131148
38818	0.00819672131148
41270	0.00819672131148
52471	0.00819672131148
3553	0.00817438692098
210	0.00816326530612
41353	0.00816326530612
3316	0.00813008130081
5311	0.00813008130081
42753	0.00813008130081
47503	0.00813008130081
38932	0.00810810810811
1497	0.00809935205184
28633	0.0080971659919
6689	0.00806451612903
10397	0.00806451612903
11239	0.00806451612903
18205	0.00806451612903
37762	0.00806451612903
41328	0.00806451612903
43787	0.00806451612903
47675	0.00806451612903
15373	0.00804289544236
30471	0.00804289544236
7312	0.00801886792453
1328	0.008
5804	0.008
6904	0.008
9188	0.008
12167	0.008
24803	0.008
35245	0.008
41016	0.00797101449275
31170	0.00796812749004
41355	0.00796812749004
50845	0.00796812749004
6218	0.00793650793651
6394	0.00793650793651
21915	0.00793650793651
39383	0.00793650793651
18607	0.00790513833992
25930	0.00790513833992
34145	0.00790513833992
2927	0.00787401574803
7442	0.00787401574803
15720	0.00787401574803
25305	0.00787401574803
38701	0.00787401574803
40394	0.00787401574803
35809	0.00785340314136
3729	0.0078431372549
28155	0.0078431372549
1422	0.00782268578879
1096	0.0078125
41392	0.0078125
392	0.0077519379845
4006	0.0077519379845
6803	0.0077519379845
17015	0.0077519379845
21377	0.0077519379845
28285	0.0077519379845
29990	0.0077519379845
33577	0.0077519379845
33680	0.0077519379845
42262	0.0077519379845
48902	0.0077519379845
53001	0.0077519379845
12017	0.00773195876289
1921	0.00772200772201
900	0.00771604938272
83	0.00769230769231
7420	0.00769230769231
15325	0.00769230769231
22351	0.00769230769231
23667	0.00769230769231
27358	0.00769230769231
30324	0.00769230769231
34155	0.00769230769231
41194	0.00769230769231
41411	0.00769230769231
41425	0.00769230769231
41642	0.00769230769231
870	0.00765306122449
23481	0.00765306122449
35514	0.00765306122449
5432	0.0076495132128
26711	0.00763358778626
26602	0.0076103500761
253	0.00758396533044
1273	0.00757575757576
7427	0.00757575757576
22319	0.00757575757576
33481	0.00757575757576
51988	0.00757575757576
34920	0.00754716981132
42156	0.00753768844221
4658	0.00751879699248
29567	0.00751879699248
51313	0.00751879699248
51666	0.00751879699248
53377	0.00751879699248
41253	0.00749063670412
995	0.00746268656716
14502	0.00746268656716
26508	0.00746268656716
34199	0.00746268656716
42308	0.00746268656716
9642	0.00742574257426
2811	0.00740740740741
22408	0.00740740740741
38330	0.00740740740741
41099	0.00740740740741
50944	0.00740740740741
41090	0.00739827373613
13216	0.00738007380074
26416	0.00738007380074
32862	0.0073664825046
3865	0.00735294117647
8709	0.00735294117647
11297	0.00735294117647
21657	0.00735294117647
31877	0.00735294117647
34143	0.00735294117647
41819	0.00735294117647
51496	0.00735294117647
2152	0.00732600732601
29909	0.00732600732601
51041	0.00732600732601
1169	0.00729927007299
3492	0.00729927007299
10112	0.00729927007299
38790	0.00729927007299
43376	0.00729927007299
1117	0.00727272727273
10251	0.00727272727273
19288	0.00727272727273
5618	0.00724637681159
14277	0.00724637681159
28294	0.00724637681159
30691	0.00724637681159
37577	0.00724637681159
51019	0.00724637681159
51054	0.00724637681159
60331	0.00724637681159
4711	0.00722891566265
27489	0.0072202166065
50864	0.0072202166065
5809	0.00720720720721
2144	0.00719424460432
21550	0.00719424460432
32457	0.00719424460432
35021	0.00719424460432
41063	0.00719424460432
49749	0.00719424460432
41092	0.00717703349282
19598	0.00716145833333
2186	0.00714285714286
2515	0.00714285714286
5575	0.00714285714286
11095	0.00714285714286
11504	0.00714285714286
21745	0.00714285714286
50863	0.00710227272727
22621	0.00709219858156
27087	0.00709219858156
30917	0.00709219858156
37775	0.00709219858156
49403	0.00709219858156
51709	0.00709219858156
41071	0.00705882352941
4846	0.00705329153605
2840	0.00704845814978
2312	0.00704225352113
3139	0.00704225352113
4582	0.00704225352113
13633	0.00704225352113
16340	0.00704225352113
17605	0.00704225352113
30794	0.00704225352113
41027	0.00704225352113
42270	0.00704225352113
51274	0.00704225352113
18307	0.00703399765533
22744	0.00702370500439
2037	0.0070126227209
12830	0.00699300699301
25414	0.00699300699301
30585	0.00699300699301
36418	0.00699300699301
41890	0.00699300699301
51225	0.00699300699301
755	0.00694444444444
6222	0.00694444444444
11798	0.00694444444444
39324	0.00694444444444
41468	0.00694444444444
12388	0.00692840646651
39785	0.00691699604743
2070	0.00689655172414
6928	0.00689655172414
7413	0.00689655172414
17904	0.00689655172414
28750	0.00689655172414
35039	0.00689655172414
43178	0.00689655172414
30980	0.00688073394495
6564	0.00687285223368
4951	0.00686498855835
41074	0.00686106346484
1020	0.00684931506849
4035	0.00684931506849
18836	0.00684931506849
26486	0.00684931506849
27063	0.00684931506849
30635	0.00684931506849
51266	0.00684931506849
38293	0.00682593856655
9245	0.00680272108844
32651	0.00680272108844
11746	0.00677966101695
18777	0.00677966101695
53040	0.00677966101695
562	0.00677200902935
22251	0.00677200902935
1752	0.00675675675676
4977	0.00675675675676
28709	0.00675675675676
51415	0.00675675675676
42609	0.00673400673401
19965	0.00671140939597
23337	0.00671140939597
40969	0.00671140939597
41181	0.00671140939597
3499	0.00669642857143
51006	0.0066889632107
1503	0.0066852367688
2448	0.00666666666667
15114	0.00666666666667
27288	0.00666666666667
37201	0.00666666666667
40351	0.00666666666667
2419	0.00663129973475
21772	0.00662251655629
28055	0.00662251655629
36897	0.00662251655629
7261	0.00658978583196
5157	0.00658895083629
3698	0.00657894736842
9178	0.00657894736842
23011	0.00657894736842
38203	0.00657894736842
35563	0.00656814449918
19601	0.00656455142232
17318	0.00653594771242
29145	0.00653594771242
4654	0.00651465798046
45223	0.00650759219089
40995	0.00650195058518
5012	0.00649350649351
27952	0.00649350649351
41042	0.00647249190939
631	0.00645161290323
1990	0.00645161290323
5164	0.00645161290323
12585	0.00645161290323
26098	0.00645161290323
41331	0.00645161290323
3280	0.00643776824034
18311	0.0064308681672
1118	0.00642260757868
2326	0.00642054574639
7444	0.00641025641026
16379	0.00641025641026
35049	0.00641025641026
41073	0.00641025641026
51676	0.00641025641026
57861	0.00641025641026
3933	0.0064043915828
35958	0.00638977635783
5693	0.00636942675159
16784	0.00636942675159
17483	0.00636942675159
22684	0.00636942675159
35047	0.00636942675159
43473	0.00636942675159
7340	0.00635593220339
17355	0.00634920634921
874	0.00632911392405
23999	0.00632911392405
51071	0.00632911392405
5100	0.00630914826498
41039	0.00630914826498
27809	0.00629921259843
41003	0.00627615062762
19599	0.0062630480167
21311	0.00625
52525	0.00625
26805	0.00623885918004
30899	0.00623441396509
22383	0.00623268698061
1064	0.00622083981337
1984	0.00621118012422
7299	0.00621118012422
27128	0.00621118012422
36364	0.00621118012422
51784	0.00621118012422
38987	0.0061919504644
40979	0.0061919504644
16368	0.00617283950617
17637	0.00617283950617
17979	0.00617283950617
36394	0.00617283950617
3554	0.00613496932515
19034	0.00613496932515
42335	0.00613496932515
50868	0.00613496932515
1364	0.00611620795107
41243	0.00611620795107
4135	0.00609756097561
10089	0.00609756097561
35199	0.00609756097561
18584	0.00608272506083
27906	0.00607902735562
18613	0.00606520090978
12467	0.00606060606061
26893	0.00604229607251
5519	0.00603448275862
712	0.00602409638554
4739	0.00602409638554
13212	0.00602409638554
20335	0.00602409638554
38758	0.00602409638554
40989	0.00602409638554
41059	0.00602409638554
41224	0.00602409638554
5593	0.0059880239521
24373	0.0059880239521
24606	0.0059880239521
18361	0.00597014925373
2403	0.00595238095238
4508	0.00595238095238
18283	0.00595238095238
21989	0.00595238095238
33405	0.00595238095238
4430	0.00593912397921
5120	0.00593471810089
38959	0.00593471810089
40942	0.00591715976331
59661	0.00591715976331
13111	0.0058651026393
17987	0.0058651026393
8210	0.00584795321637
34967	0.00584795321637
41000	0.00584795321637
137	0.00581395348837
2934	0.00581395348837
4743	0.00581395348837
13064	0.00581395348837
15714	0.00581395348837
18340	0.00581395348837
51159	0.00581395348837
29845	0.00579710144928
38793	0.00579374275782
14750	0.00578703703704
107	0.00578034682081
5673	0.00578034682081
7411	0.00578034682081
15381	0.00578034682081
18815	0.00578034682081
23415	0.00578034682081
41609	0.00578034682081
48572	0.00578034682081
59506	0.00578034682081
3943	0.00576368876081
28047	0.00576368876081
1537	0.00574712643678
10157	0.00574712643678
11128	0.00574712643678
17915	0.00574712643678
37409	0.00574712643678
51145	0.00574712643678
51155	0.00574712643678
51838	0.00574712643678
29591	0.00573065902579
18835	0.00571428571429
22805	0.00571428571429
6812	0.0057003257329
34751	0.00569259962049
41068	0.00569259962049
10852	0.00568181818182
22018	0.00568181818182
42954	0.00568181818182
50961	0.00568181818182
40965	0.00567721005677
26584	0.00565770862801
11307	0.00564971751412
42450	0.00564971751412
11000	0.00561797752809
13120	0.00561797752809
17948	0.00561797752809
26890	0.00561797752809
41062	0.00561797752809
48076	0.00561797752809
5237	0.00559440559441
3214	0.00558659217877
5230	0.00558659217877
7751	0.00558659217877
12149	0.00558659217877
14206	0.00558659217877
25078	0.00558659217877
26579	0.00558659217877
29024	0.00558659217877
40992	0.00558659217877
955	0.00555555555556
3369	0.00555555555556
9488	0.00555555555556
20527	0.00555555555556
26085	0.00555555555556
31850	0.00555555555556
33727	0.00555555555556
39360	0.00555555555556
28051	0.0055423594616
33850	0.00554016620499
2660	0.00552486187845
20675	0.00552486187845
23001	0.00552486187845
32087	0.00552486187845
44599	0.00552486187845
893	0.00551378446115
25324	0.00550964187328
33634	0.00550964187328
5000	0.00550055005501
34224	0.00550055005501
22070	0.00549450549451
33862	0.00549450549451
52638	0.00549450549451
11769	0.00547445255474
32612	0.00547445255474
2007	0.0054704595186
6417	0.00546448087432
27651	0.00546448087432
28712	0.00546448087432
216	0.0054347826087
1170	0.0054347826087
1456	0.0054347826087
19338	0.0054347826087
52383	0.0054347826087
921	0.00542495479204
41132	0.00542005420054
25732	0.00540540540541
41544	0.00540540540541
879	0.00537634408602
11359	0.00537634408602
30466	0.00537634408602
30802	0.00537634408602
51197	0.00537634408602
51213	0.00537634408602
29971	0.00534759358289
33692	0.00534759358289
52065	0.00534759358289
52494	0.00534759358289
11201	0.00533807829181
41050	0.00533333333333
5218	0.00531914893617
8724	0.00531914893617
11300	0.00531914893617
51211	0.00531914893617
16917	0.0053050397878
38794	0.0053050397878
6427	0.00530035335689
25376	0.00529100529101
37238	0.00529100529101
41013	0.00529100529101
6573	0.00526315789474
8229	0.00526315789474
17277	0.00526315789474
18374	0.00526315789474
21323	0.00526315789474
27949	0.00524934383202
14352	0.00524246395806
452	0.00523560209424
9135	0.00523560209424
13056	0.00523560209424
4153	0.00522193211488
949	0.00521739130435
24173	0.00520833333333
39265	0.00520833333333
5231	0.00520291363163
2733	0.00520156046814
1438	0.00518134715026
29218	0.00518134715026
33879	0.00518134715026
48489	0.00518134715026
16273	0.00515463917526
19547	0.00515463917526
34073	0.00515463917526
44456	0.00515463917526
24889	0.00512820512821
1680	0.00510855683269
867	0.00510204081633
1902	0.00510204081633
10266	0.00507614213198
41129	0.00507614213198
51112	0.00507614213198
26599	0.00505050505051
31307	0.00505050505051
41157	0.00505050505051
41227	0.00505050505051
11655	0.00504201680672
2344	0.00501504513541
41010	0.00501253132832
1743	0.005
3250	0.005
3689	0.005
21507	0.005
896	0.0049504950495
22230	0.0049504950495
22572	0.0049504950495
37194	0.0049504950495
41031	0.0049504950495
41452	0.0049504950495
17066	0.00492610837438
20800	0.00492610837438
41102	0.00492610837438
30874	0.00490196078431
33656	0.00490196078431
3288	0.00487804878049
4439	0.00487804878049
21337	0.00487804878049
29360	0.00487804878049
14253	0.00487012987013
29705	0.00485436893204
36398	0.00484966052376
3781	0.0048309178744
51697	0.0048309178744
4578	0.0048231511254
4518	0.00482244629548
10281	0.00481927710843
1853	0.00480769230769
2084	0.00478468899522
20416	0.00478468899522
18456	0.00477707006369
1113	0.00477326968974
7100	0.00477326968974
5419	0.0047619047619
27471	0.0047619047619
7533	0.00473933649289
59604	0.00473933649289
3365	0.00473372781065
3733	0.00473036896878
31536	0.00471698113208
52029	0.00471698113208
13339	0.00470219435737
11294	0.00469483568075
11782	0.00469483568075
27529	0.00469483568075
10166	0.00467289719626
4706	0.0046511627907
41171	0.0046511627907
38191	0.00463499420626
39366	0.00462962962963
38584	0.00461538461538
14716	0.00460829493088
25586	0.00460829493088
35045	0.00460829493088
868	0.00459066564652
29399	0.0045871559633
34525	0.00456621004566
34999	0.00456621004566
6304	0.00455927051672
23150	0.00455927051672
21458	0.00454545454545
27051	0.00454545454545
5643	0.00452488687783
11165	0.00452488687783
32490	0.00452488687783
41370	0.00452488687783
4916	0.00450856627592
497	0.0045045045045
31830	0.0045045045045
41037	0.0045045045045
14369	0.00448430493274
20529	0.00448430493274
27535	0.0044776119403
4396	0.00446998722861
21845	0.00446428571429
40962	0.00446030330062
3827	0.00442477876106
11230	0.00442477876106
28832	0.00440528634361
869	0.00439775225996
4655	0.00439337614059
13095	0.00438596491228
32823	0.00436681222707
20075	0.00435729847495
2787	0.00434782608696
18172	0.00434782608696
52697	0.00434782608696
25413	0.004329004329
37660	0.004329004329
42374	0.004329004329
9656	0.00431654676259
50875	0.00431034482759
4523	0.00429184549356
49394	0.00429184549356
41332	0.00428265524625
2613	0.00427960057061
1632	0.00425531914894
35400	0.00425531914894
37961	0.00425531914894
26934	0.00423728813559
40978	0.00423728813559
50937	0.00423728813559
28742	0.0042328042328
29780	0.0042194092827
40318	0.0042194092827
41134	0.0042194092827
11169	0.00421052631579
41044	0.00421052631579
6816	0.00420168067227
32811	0.00420168067227
38493	0.00420168067227
41058	0.00420168067227
50105	0.00420168067227
33762	0.0041928721174
13960	0.00418410041841
14749	0.00418410041841
41329	0.00414937759336
76	0.00413907284768
31440	0.00413564929694
4057	0.00413223140496
1062	0.00411522633745
4900	0.00411522633745
28043	0.00411522633745
44281	0.00411522633745
23782	0.0041067761807
22717	0.00408163265306
27927	0.00408163265306
34519	0.00408163265306
22743	0.00406834825061
20779	0.00406504065041
2290	0.0040626813697
25051	0.00404858299595
37104	0.00404858299595
41041	0.00404858299595
41499	0.00404858299595
3059	0.00403768506057
51173	0.00403225806452
39549	0.00402414486922
17938	0.00401606425703
49392	0.00401606425703
20506	0.004
9138	0.00398406374502
41054	0.00398406374502
5112	0.00396825396825
17711	0.00396825396825
17952	0.00396825396825
45139	0.00396825396825
50327	0.00395256916996
52332	0.00392156862745
10287	0.00390625
30835	0.00390625
35345	0.00390625
41164	0.00390625
41018	0.00390117035111
4339	0.00389105058366
44117	0.00389105058366
3720	0.00388601036269
512	0.003861003861
40968	0.003861003861
40970	0.00384615384615
39136	0.00384319754035
20875	0.00383141762452
35847	0.00383141762452
44951	0.00383141762452
9647	0.00381679389313
33895	0.00381679389313
2463	0.00380228136882
4005	0.00380228136882
47637	0.00380228136882
17586	0.00379506641366
31312	0.00378787878788
16956	0.00374531835206
40971	0.00374531835206
41347	0.00374531835206
11727	0.00373831775701
2110	0.00373134328358
28821	0.00373134328358
1119	0.0037037037037
51178	0.003663003663
8732	0.0036563071298
29992	0.0036496350365
39852	0.0036496350365
18556	0.00363636363636
22929	0.00363636363636
28673	0.00363636363636
2333	0.0036231884058
29372	0.0036231884058
40334	0.0036231884058
12998	0.00361010830325
21801	0.00361010830325
33142	0.00361010830325
3116	0.00359712230216
38232	0.00359712230216
50995	0.00359712230216
37426	0.00357142857143
4399	0.00355871886121
7062	0.00355871886121
33887	0.00355239786856
25405	0.00354609929078
28443	0.00354609929078
29277	0.00354609929078
2745	0.00350877192982
24017	0.00350877192982
40980	0.00350877192982
25098	0.0034965034965
41065	0.0034965034965
13952	0.00348432055749
27890	0.00348432055749
27094	0.00347222222222
4242	0.00346020761246
27171	0.00343642611684
41417	0.00343642611684
28405	0.00343249427918
28407	0.00343053173242
52018	0.00342465753425
29863	0.0034188034188
38807	0.00341296928328
31400	0.00340136054422
25937	0.00338983050847
39585	0.00338983050847
28286	0.00337837837838
29724	0.003367003367
19090	0.00335570469799
3445	0.00334448160535
50879	0.00334448160535
38925	0.00332778702163
42912	0.00331125827815
6954	0.00328947368421
41106	0.00328947368421
6444	0.00326797385621
41154	0.00324675324675
2898	0.00323974082073
18699	0.00323624595469
42424	0.00323624595469
14115	0.0032154340836
7175	0.00320512820513
8681	0.00319488817891
16209	0.00319488817891
30625	0.00319488817891
24958	0.0031847133758
41307	0.0031847133758
2409	0.003125
22643	0.003125
41403	0.00311526479751
35237	0.0030959752322
4937	0.00306748466258
25113	0.00303951367781
5616	0.0030303030303
17596	0.00300751879699
1135	0.00299401197605
41032	0.00298507462687
20542	0.00298062593145
1655	0.00297619047619
4868	0.00296735905045
11	0.00295566502463
40972	0.00293255131965
14140	0.00291545189504
41434	0.00291545189504
259	0.00290697674419
39546	0.00290697674419
41029	0.00290697674419
34683	0.00289855072464
3535	0.0028901734104
3260	0.00285714285714
2142	0.00284090909091
18701	0.00284090909091
34147	0.0028328611898
5503	0.00283018867925
23786	0.00282485875706
1700	0.00281690140845
18301	0.00281690140845
25554	0.00279329608939
41034	0.00279329608939
40987	0.00278551532033
21906	0.00277777777778
4563	0.00276497695853
41048	0.00275482093664
4644	0.00274725274725
742	0.00273224043716
9252	0.00273224043716
50855	0.00273224043716
7317	0.0027027027027
9251	0.00269541778976
30799	0.00269541778976
51989	0.00268096514745
41097	0.00267379679144
50933	0.00263852242744
2381	0.00259403372244
14207	0.00258397932817
36999	0.00257731958763
9538	0.00255102040816
23688	0.00251889168766
10987	0.00250626566416
31483	0.00248138957816
5420	0.00245398773006
24684	0.00242718446602
1380	0.00239234449761
39447	0.00236406619385
20173	0.00235294117647
22971	0.00232018561485
7518	0.00228310502283
11675	0.00225225225225
29861	0.00219298245614
23666	0.00218340611354
21545	0.00214592274678
4137	0.00211416490486
15228	0.00210970464135
12423	0.00210084033613
9200	0.00208768267223
29309	0.00204918032787
3531	0.00204498977505
27865	0.0020366598778
36392	0.0020202020202
41109	0.00196463654224
34169	0.00196078431373
33841	0.00192307692308
34858	0.00191938579655
21797	0.00190839694656
9826	0.00185185185185
40999	0.00183823529412
13935	0.0018018018018
17566	0.00175746924429
41583	0.00175131348511
4489	0.00174825174825
37737	0.00173010380623
25738	0.00172711571675
12610	0.00158982511924
32188	0.00158227848101
992	0.00149700598802
7419	0.00134770889488
