15666	0.125
21151	0.125
25961	0.125
30961	0.125
36335	0.125
37283	0.125
43061	0.125
43397	0.125
45213	0.125
48176	0.125
54254	0.125
59003	0.125
52526	0.115384615385
8705	0.111111111111
15341	0.111111111111
20425	0.111111111111
21384	0.111111111111
22497	0.111111111111
24558	0.111111111111
29341	0.111111111111
35364	0.111111111111
46829	0.111111111111
48153	0.111111111111
48230	0.111111111111
53299	0.111111111111
55462	0.111111111111
56902	0.111111111111
4665	0.1
5879	0.1
6707	0.1
9978	0.1
19277	0.1
23895	0.1
24200	0.1
26239	0.1
29711	0.1
30109	0.1
31263	0.1
33736	0.1
38791	0.1
42622	0.1
47712	0.1
47981	0.1
50525	0.1
52510	0.1
55452	0.1
6432	0.0909090909091
8402	0.0909090909091
9401	0.0909090909091
12644	0.0909090909091
24489	0.0909090909091
24751	0.0909090909091
30610	0.0909090909091
31389	0.0909090909091
31499	0.0909090909091
34220	0.0909090909091
36813	0.0909090909091
42293	0.0909090909091
48990	0.0909090909091
55137	0.0909090909091
58137	0.0909090909091
60025	0.0909090909091
3844	0.0833333333333
5423	0.0833333333333
7958	0.0833333333333
8318	0.0833333333333
12307	0.0833333333333
30226	0.0833333333333
30740	0.0833333333333
31468	0.0833333333333
32971	0.0833333333333
42682	0.0833333333333
46317	0.0833333333333
47409	0.0833333333333
48530	0.0833333333333
8252	0.0769230769231
11233	0.0769230769231
11432	0.0769230769231
14262	0.0769230769231
16037	0.0769230769231
16485	0.0769230769231
21998	0.0769230769231
25341	0.0769230769231
32090	0.0769230769231
32791	0.0769230769231
39691	0.0769230769231
41862	0.0769230769231
43384	0.0769230769231
45095	0.0769230769231
48472	0.0769230769231
52659	0.0769230769231
55889	0.0769230769231
57358	0.0769230769231
57687	0.0769230769231
5913	0.0714285714286
11149	0.0714285714286
13466	0.0714285714286
13975	0.0714285714286
17608	0.0714285714286
17892	0.0714285714286
20635	0.0714285714286
23276	0.0714285714286
25580	0.0714285714286
35844	0.0714285714286
36668	0.0714285714286
45092	0.0714285714286
46045	0.0714285714286
47829	0.0714285714286
53385	0.0714285714286
53508	0.0714285714286
4308	0.0666666666667
6226	0.0666666666667
11240	0.0666666666667
13074	0.0666666666667
23039	0.0666666666667
23985	0.0666666666667
24665	0.0666666666667
25721	0.0666666666667
40284	0.0666666666667
41611	0.0666666666667
46928	0.0666666666667
50170	0.0666666666667
51400	0.0666666666667
52634	0.0666666666667
11813	0.0625
24872	0.0625
25824	0.0625
28679	0.0625
32914	0.0625
33863	0.0625
36964	0.0625
41977	0.0625
46927	0.0625
48669	0.0625
51362	0.0625
53169	0.0625
205	0.0588235294118
795	0.0588235294118
15776	0.0588235294118
18454	0.0588235294118
40595	0.0588235294118
41384	0.0588235294118
41732	0.0588235294118
47751	0.0588235294118
52203	0.0588235294118
53674	0.0588235294118
4321	0.0555555555556
17376	0.0555555555556
21735	0.0555555555556
34159	0.0555555555556
35894	0.0555555555556
40551	0.0555555555556
42356	0.0555555555556
60915	0.0555555555556
2181	0.0526315789474
16826	0.0526315789474
18620	0.0526315789474
24247	0.0526315789474
24663	0.0526315789474
27304	0.0526315789474
27733	0.0526315789474
29216	0.0526315789474
41876	0.0526315789474
49840	0.0526315789474
59822	0.0526315789474
27044	0.05
30815	0.05
42536	0.05
43207	0.05
44843	0.05
46183	0.05
46901	0.05
47732	0.05
60508	0.05
6845	0.047619047619
9173	0.047619047619
28172	0.047619047619
31132	0.047619047619
36910	0.047619047619
27581	0.0454545454545
32088	0.0454545454545
32737	0.0454545454545
33154	0.0454545454545
43701	0.0454545454545
53509	0.0454545454545
6205	0.0434782608696
7764	0.0434782608696
24354	0.0434782608696
33114	0.0434782608696
34352	0.0434782608696
42710	0.0434782608696
52122	0.0434782608696
56695	0.0434782608696
3630	0.0416666666667
5469	0.0416666666667
7545	0.0416666666667
7963	0.0416666666667
8400	0.0416666666667
15610	0.0416666666667
16370	0.0416666666667
18678	0.0416666666667
19702	0.0416666666667
24059	0.0416666666667
29706	0.0416666666667
35952	0.0416666666667
39719	0.0416666666667
40826	0.0416666666667
52243	0.0416666666667
60650	0.0416666666667
39658	0.0408163265306
7162	0.04
11011	0.04
14271	0.04
18186	0.04
22670	0.04
25101	0.04
26061	0.04
26804	0.04
29330	0.04
32994	0.04
40121	0.04
44467	0.04
51273	0.04
55172	0.04
1258	0.0384615384615
10384	0.0384615384615
14521	0.0384615384615
16835	0.0384615384615
25716	0.0384615384615
26606	0.0384615384615
33874	0.0384615384615
34375	0.0384615384615
38817	0.0384615384615
41005	0.0384615384615
43582	0.0384615384615
42405	0.0377358490566
171	0.037037037037
3924	0.037037037037
14696	0.037037037037
15834	0.037037037037
16862	0.037037037037
41755	0.037037037037
47420	0.037037037037
52073	0.037037037037
59592	0.037037037037
453	0.0357142857143
3461	0.0357142857143
23849	0.0357142857143
32944	0.0357142857143
39121	0.0357142857143
41688	0.0357142857143
42947	0.0357142857143
49986	0.0357142857143
51695	0.0357142857143
56814	0.0357142857143
1885	0.0344827586207
3568	0.0344827586207
8790	0.0344827586207
10170	0.0344827586207
20253	0.0344827586207
30462	0.0344827586207
43245	0.0344827586207
45777	0.0344827586207
47290	0.0344827586207
49644	0.0344827586207
51942	0.0344827586207
26947	0.0333333333333
31733	0.0333333333333
31931	0.0333333333333
46113	0.0333333333333
1286	0.0322580645161
16232	0.0322580645161
18713	0.0322580645161
22521	0.0322580645161
38654	0.0322580645161
41094	0.0322580645161
43030	0.0322580645161
46728	0.0322580645161
47603	0.0322580645161
49729	0.0322580645161
1181	0.03125
19333	0.03125
20710	0.03125
34124	0.03125
37983	0.03125
54960	0.03125
3516	0.030303030303
13110	0.030303030303
14509	0.030303030303
20657	0.030303030303
26005	0.030303030303
31544	0.030303030303
33901	0.030303030303
37033	0.030303030303
40530	0.030303030303
48614	0.030303030303
49285	0.030303030303
52125	0.030303030303
60446	0.030303030303
39034	0.0298507462687
13534	0.0294117647059
18771	0.0294117647059
31703	0.0294117647059
33937	0.0294117647059
41974	0.0294117647059
42210	0.0294117647059
48494	0.0294117647059
51764	0.0294117647059
2416	0.0285714285714
5412	0.0285714285714
18354	0.0285714285714
19628	0.0285714285714
24964	0.0285714285714
41447	0.0285714285714
48162	0.0285714285714
51230	0.0285714285714
1666	0.0277777777778
3220	0.0277777777778
4250	0.0277777777778
5773	0.0277777777778
21271	0.0277777777778
36387	0.0277777777778
38088	0.0277777777778
42730	0.0277777777778
45237	0.0277777777778
51333	0.0277777777778
52361	0.0277777777778
252	0.027027027027
1569	0.027027027027
6308	0.027027027027
21284	0.027027027027
32735	0.027027027027
53941	0.027027027027
55861	0.027027027027
60220	0.027027027027
3172	0.0263157894737
7437	0.0263157894737
8061	0.0263157894737
13073	0.0263157894737
18399	0.0263157894737
35194	0.0263157894737
41199	0.0263157894737
41587	0.0263157894737
2808	0.025641025641
11503	0.025641025641
27168	0.025641025641
31663	0.025641025641
31907	0.025641025641
36674	0.025641025641
37473	0.025641025641
41196	0.025641025641
41357	0.025641025641
42008	0.025641025641
42891	0.025641025641
51834	0.025641025641
59233	0.025641025641
61098	0.025641025641
134	0.025
7731	0.025
13922	0.025
14347	0.025
21043	0.025
22205	0.025
35967	0.025
42567	0.025
5563	0.0243902439024
8906	0.0243902439024
11386	0.0243902439024
14214	0.0243902439024
17639	0.0243902439024
19683	0.0243902439024
41317	0.0243902439024
47547	0.0243902439024
50348	0.0243902439024
51130	0.0243902439024
51751	0.0243902439024
51881	0.0243902439024
6788	0.0238095238095
13947	0.0238095238095
18292	0.0238095238095
23124	0.0238095238095
24605	0.0238095238095
32584	0.0238095238095
38880	0.0238095238095
41163	0.0238095238095
52523	0.0238095238095
52541	0.0238095238095
52661	0.0238095238095
53372	0.0238095238095
1256	0.0232558139535
4919	0.0232558139535
6368	0.0232558139535
15192	0.0232558139535
18992	0.0232558139535
29384	0.0232558139535
31676	0.0232558139535
32503	0.0232558139535
51749	0.0232558139535
4276	0.0227272727273
17264	0.0227272727273
20747	0.0227272727273
30782	0.0227272727273
41652	0.0227272727273
43066	0.0227272727273
51391	0.0227272727273
53158	0.0227272727273
53232	0.0227272727273
4221	0.0222222222222
19595	0.0222222222222
27273	0.0222222222222
32589	0.0222222222222
51647	0.0222222222222
13306	0.0217391304348
27516	0.0217391304348
31035	0.0217391304348
49413	0.0217391304348
51694	0.0217391304348
59798	0.0217391304348
645	0.0212765957447
4712	0.0212765957447
20085	0.0212765957447
23046	0.0212765957447
28828	0.0212765957447
36096	0.0212765957447
41455	0.0212765957447
47445	0.0212765957447
50252	0.0212765957447
1103	0.0208333333333
5330	0.0208333333333
29291	0.0208333333333
39341	0.0208333333333
43603	0.0208333333333
44978	0.020725388601
963	0.0204081632653
25439	0.0204081632653
26596	0.0204081632653
30119	0.0204081632653
31478	0.0204081632653
35152	0.0204081632653
41485	0.0204081632653
44500	0.0204081632653
46121	0.0204081632653
51891	0.0204081632653
53348	0.0204081632653
14439	0.02
19696	0.02
19773	0.02
33921	0.02
269	0.0196078431373
779	0.0196078431373
7417	0.0196078431373
25012	0.0196078431373
25050	0.0196078431373
34735	0.0196078431373
60266	0.0196078431373
1927	0.0192307692308
9685	0.0192307692308
26904	0.0192307692308
36489	0.0192307692308
38523	0.0192307692308
42196	0.0192307692308
50508	0.0192307692308
51983	0.0192307692308
53396	0.0192307692308
1168	0.0188679245283
5113	0.0188679245283
29515	0.0188679245283
39458	0.0188679245283
45701	0.0188679245283
53206	0.0188679245283
4745	0.018691588785
41136	0.018691588785
4630	0.0185185185185
42454	0.0185185185185
9923	0.0181818181818
13380	0.0181818181818
16501	0.0181818181818
23530	0.0181818181818
41281	0.0181818181818
41321	0.0181818181818
44120	0.0181818181818
59527	0.0181818181818
24487	0.0178571428571
27522	0.0178571428571
33527	0.0178571428571
42309	0.0178571428571
51673	0.0178571428571
51693	0.0178571428571
60297	0.0178571428571
6218	0.0175438596491
14354	0.0175438596491
19761	0.0175438596491
26724	0.0175438596491
28735	0.0175438596491
29928	0.0175438596491
50907	0.0175438596491
1533	0.0172413793103
22573	0.0172413793103
29554	0.0172413793103
41184	0.0172413793103
41392	0.0172413793103
60092	0.0172413793103
2071	0.0169491525424
11511	0.0169491525424
29053	0.0169491525424
34077	0.0169491525424
19111	0.0166666666667
22234	0.0166666666667
33481	0.0166666666667
52928	0.0166666666667
2415	0.016393442623
32803	0.016393442623
45143	0.016393442623
1742	0.0161290322581
5679	0.0161290322581
51745	0.0161290322581
1342	0.015625
6382	0.015625
25806	0.015625
51875	0.015625
60215	0.015625
20345	0.0153846153846
25440	0.0153846153846
27419	0.0153846153846
29010	0.0153846153846
36037	0.0153846153846
2282	0.0151515151515
3178	0.0151515151515
3581	0.0151515151515
16969	0.0151515151515
26777	0.0151515151515
42675	0.0151515151515
1000	0.0149253731343
21582	0.0149253731343
41210	0.0149253731343
53029	0.0149253731343
1714	0.0147058823529
2690	0.0147058823529
35940	0.0147058823529
1386	0.0144927536232
4766	0.0144927536232
7526	0.0144927536232
11119	0.0144927536232
12280	0.0144927536232
18295	0.0144927536232
35057	0.0144927536232
39874	0.0144927536232
44323	0.0144927536232
34254	0.0143884892086
23230	0.0142857142857
35541	0.0142857142857
53136	0.0142857142857
2355	0.0140845070423
4047	0.0140845070423
17346	0.0140845070423
18773	0.0140845070423
26175	0.0140845070423
34115	0.0140845070423
41754	0.0140845070423
44335	0.0140845070423
48899	0.0140845070423
37349	0.0138888888889
44270	0.0138888888889
51087	0.0138888888889
52227	0.0138888888889
17483	0.0137931034483
1487	0.013698630137
4760	0.013698630137
7884	0.013698630137
30866	0.013698630137
46558	0.013698630137
8894	0.0135135135135
26295	0.0135135135135
26762	0.0135135135135
41689	0.0135135135135
49024	0.0135135135135
7749	0.0133333333333
9032	0.0133333333333
9794	0.0133333333333
50992	0.0133333333333
21575	0.0131578947368
41856	0.0131578947368
54577	0.0131578947368
283	0.012987012987
22241	0.012987012987
26567	0.012987012987
34659	0.012987012987
41147	0.012987012987
52613	0.012987012987
21204	0.0129032258065
38861	0.0129032258065
43200	0.0129032258065
1618	0.0128205128205
26566	0.0127388535032
10607	0.0126582278481
29603	0.0126582278481
41272	0.0126582278481
42811	0.0126582278481
12800	0.0125
41142	0.0125
48475	0.0125
5656	0.0123456790123
19506	0.0123456790123
22843	0.0123456790123
37224	0.0123456790123
48237	0.0123456790123
41024	0.0121951219512
42040	0.0121951219512
4661	0.0120481927711
2288	0.0119047619048
7734	0.0119047619048
28793	0.0119047619048
41621	0.0119047619048
41608	0.0117647058824
42339	0.0117647058824
52952	0.0117647058824
819	0.0116279069767
4452	0.0114942528736
26874	0.0114942528736
42825	0.0114942528736
53065	0.0114942528736
8724	0.0113636363636
8189	0.0112359550562
12970	0.0112359550562
13006	0.0112359550562
32058	0.0112359550562
38659	0.0112359550562
1755	0.0111111111111
18661	0.0111111111111
17922	0.010989010989
39286	0.010989010989
41228	0.010989010989
48662	0.010989010989
5574	0.0108695652174
38338	0.0108695652174
45381	0.0108695652174
26592	0.010752688172
31299	0.010752688172
38585	0.010752688172
50980	0.010752688172
3182	0.0106382978723
31692	0.0106382978723
33751	0.0106382978723
42363	0.0105263157895
41102	0.0104712041885
309	0.0104166666667
27580	0.0104166666667
29707	0.0104166666667
35486	0.0104166666667
51079	0.0104166666667
12856	0.0103092783505
19922	0.0103092783505
32738	0.0103092783505
41167	0.0103092783505
42463	0.0103092783505
43337	0.0103092783505
6305	0.0102040816327
11784	0.0102040816327
41078	0.0102040816327
18699	0.0101351351351
4929	0.010101010101
28396	0.010101010101
7533	0.0100502512563
15083	0.0100502512563
4156	0.01
34933	0.01
41426	0.01
43219	0.01
52350	0.01
26760	0.00995024875622
7513	0.00990099009901
12182	0.00990099009901
22195	0.00990099009901
22231	0.00990099009901
59879	0.00990099009901
25918	0.00980392156863
26162	0.00980392156863
41084	0.00970873786408
50250	0.00970873786408
51152	0.00970873786408
1309	0.00966183574879
3859	0.00966183574879
4611	0.00961538461538
9722	0.00961538461538
36105	0.00961538461538
41807	0.00961538461538
41972	0.00955414012739
11250	0.00952380952381
41002	0.00952380952381
6330	0.00943396226415
17946	0.00943396226415
41182	0.00943396226415
52428	0.00943396226415
3986	0.00934579439252
41172	0.00934579439252
41704	0.00934579439252
40982	0.00931677018634
13428	0.00925925925926
41519	0.00925925925926
26868	0.00917431192661
51345	0.00917431192661
3481	0.00909090909091
31309	0.00909090909091
49408	0.00909090909091
52056	0.00909090909091
18134	0.00900900900901
26310	0.00900900900901
38818	0.00900900900901
3507	0.00892857142857
11383	0.00892857142857
6816	0.00884955752212
39140	0.00884955752212
47675	0.00884955752212
51632	0.00884955752212
59611	0.00884955752212
1328	0.00877192982456
10803	0.00877192982456
30925	0.00877192982456
61083	0.00877192982456
19201	0.00873362445415
9104	0.00869565217391
37599	0.00869565217391
59505	0.00869565217391
1062	0.00865800865801
40394	0.00862068965517
2215	0.00854700854701
44351	0.00854700854701
52188	0.00854700854701
37104	0.00851063829787
9252	0.00849858356941
29990	0.00847457627119
42262	0.00847457627119
48902	0.00847457627119
53001	0.00847457627119
22877	0.00840336134454
27404	0.00836820083682
1362	0.00833333333333
26711	0.00833333333333
31170	0.00833333333333
3826	0.00826446280992
2905	0.00819672131148
6352	0.00813008130081
42308	0.00813008130081
4136	0.00806451612903
5552	0.00806451612903
13149	0.00806451612903
19792	0.00806451612903
21742	0.00806451612903
27358	0.00803212851406
10047	0.00793650793651
25570	0.00793650793651
31312	0.00793650793651
32809	0.00793650793651
51281	0.00793650793651
761	0.00787401574803
5618	0.00787401574803
14277	0.00787401574803
27048	0.00787401574803
27409	0.00787401574803
35920	0.00787401574803
41347	0.0078431372549
2104	0.0078125
3426	0.0078125
49749	0.0078125
11087	0.0077519379845
53134	0.0077519379845
10162	0.00769230769231
14476	0.00769230769231
22621	0.00769230769231
51811	0.00769230769231
38080	0.00766283524904
2152	0.00763358778626
11004	0.00763358778626
13633	0.00763358778626
29818	0.00763358778626
41398	0.00763358778626
28673	0.00760456273764
5884	0.00757575757576
16831	0.00757575757576
41890	0.00757575757576
41198	0.00751879699248
17904	0.00746268656716
51568	0.00746268656716
2411	0.00740740740741
18836	0.00740740740741
28443	0.00740740740741
32651	0.00735294117647
4625	0.00729927007299
28709	0.00729927007299
38907	0.00729927007299
41705	0.00729927007299
42750	0.00729927007299
4335	0.00724637681159
19965	0.00724637681159
40847	0.00724637681159
15114	0.00719424460432
38657	0.00719424460432
41287	0.00719424460432
4513	0.00709219858156
17318	0.00704225352113
21558	0.00704225352113
34350	0.00704225352113
10010	0.00699300699301
17928	0.00699300699301
497	0.00694444444444
1039	0.00694444444444
5164	0.00694444444444
12585	0.00694444444444
13121	0.00694444444444
25444	0.00692041522491
14122	0.00689655172414
22830	0.00689655172414
23244	0.00689655172414
51676	0.00689655172414
51821	0.00689655172414
6444	0.00680272108844
14833	0.00680272108844
33922	0.00671140939597
51575	0.00671140939597
42145	0.00666666666667
51784	0.00666666666667
5512	0.00664451827243
18129	0.00662251655629
4464	0.00657894736842
7161	0.00657894736842
36078	0.00657894736842
10089	0.00653594771242
19687	0.00653594771242
35199	0.00653594771242
41039	0.00653594771242
41098	0.00653594771242
4137	0.00652173913043
20335	0.00645161290323
19599	0.00641025641026
2403	0.00636942675159
16912	0.00636942675159
27527	0.00632911392405
38663	0.00632911392405
42531	0.00632911392405
41060	0.0062893081761
27865	0.00627615062762
26893	0.00625
41015	0.00623052959502
4743	0.00621118012422
13064	0.00621118012422
18340	0.00621118012422
1655	0.00617283950617
4868	0.00615384615385
3598	0.00613496932515
12194	0.00613496932515
25384	0.00613496932515
50652	0.00613496932515
51145	0.00613496932515
4711	0.00609756097561
22401	0.00609756097561
51025	0.00609756097561
2588	0.00606060606061
6679	0.00606060606061
41434	0.00604229607251
14343	0.00602409638554
41029	0.00602409638554
41165	0.00602409638554
9720	0.0059880239521
13120	0.0059880239521
26890	0.0059880239521
41062	0.0059880239521
41378	0.0059880239521
48076	0.0059880239521
3239	0.00597014925373
5230	0.00595238095238
36710	0.00595238095238
33727	0.00591715976331
9586	0.00588235294118
19897	0.00588235294118
23001	0.00588235294118
35162	0.00588235294118
49336	0.00588235294118
51120	0.00588235294118
21797	0.00587084148728
22070	0.00584795321637
52638	0.00584795321637
28712	0.00581395348837
1456	0.00578034682081
38763	0.00578034682081
52383	0.00578034682081
3788	0.00573065902579
24970	0.00571428571429
50957	0.00571428571429
33692	0.00568181818182
50760	0.00568181818182
52065	0.00568181818182
52494	0.00568181818182
41177	0.00564971751412
1231	0.00561797752809
37238	0.00561797752809
41546	0.00561797752809
3553	0.00560224089636
7317	0.00558659217877
17277	0.00558659217877
5622	0.00557103064067
452	0.00555555555556
18112	0.00555555555556
25047	0.00555555555556
38932	0.00555555555556
879	0.00554016620499
15373	0.00550964187328
11749	0.00549450549451
16273	0.00546448087432
34073	0.00546448087432
41610	0.00546448087432
24889	0.0054347826087
30982	0.00540540540541
3204	0.00537634408602
10266	0.00537634408602
51112	0.00537634408602
54	0.00534759358289
26599	0.00534759358289
41227	0.00534759358289
26235	0.00531914893617
37737	0.00530973451327
16076	0.00529100529101
21507	0.00529100529101
39358	0.00529100529101
31868	0.00518134715026
33656	0.00518134715026
41070	0.00518134715026
4439	0.00515463917526
35581	0.00515463917526
29705	0.00512820512821
2084	0.00505050505051
9761	0.00505050505051
37689	0.00502512562814
9642	0.00500625782228
17306	0.00497512437811
52029	0.00497512437811
11294	0.0049504950495
11782	0.0049504950495
4695	0.00490196078431
5056	0.00487804878049
14716	0.00485436893204
27579	0.00485436893204
23388	0.0048309178744
29399	0.0048309178744
1739	0.00480769230769
27525	0.00480769230769
34999	0.00480769230769
41027	0.00480769230769
41366	0.00480769230769
27051	0.00478468899522
28812	0.00478468899522
32490	0.0047619047619
41370	0.0047619047619
25586	0.00472813238771
17611	0.00471698113208
7518	0.00469483568075
25431	0.00467289719626
34929	0.00467289719626
11230	0.0046511627907
6304	0.00463678516229
562	0.00461893764434
2787	0.00456621004566
40981	0.00456621004566
27535	0.00455235204856
25413	0.00454545454545
42374	0.00454545454545
52258	0.00452488687783
2848	0.00448430493274
1399	0.00447427293065
27255	0.00446428571429
35400	0.00446428571429
21523	0.00444444444444
26934	0.00444444444444
40977	0.00444444444444
50937	0.00444444444444
18759	0.00440528634361
21545	0.00440528634361
31879	0.00440528634361
32811	0.00440528634361
9656	0.00438596491228
37961	0.00435729847495
14604	0.00434782608696
29055	0.00434782608696
41329	0.00434782608696
2186	0.00434153400868
4057	0.004329004329
15794	0.004329004329
31882	0.004329004329
12969	0.00431406384814
6372	0.00431034482759
17068	0.00431034482759
33495	0.00431034482759
37169	0.00429184549356
4390	0.0042735042735
34356	0.0042735042735
34519	0.0042735042735
20779	0.00425531914894
41499	0.00423728813559
28633	0.0042194092827
49392	0.00420168067227
3531	0.0041928721174
38492	0.00417246175243
30849	0.00416666666667
4937	0.00414078674948
25051	0.00414078674948
39383	0.00413223140496
28155	0.00408163265306
30835	0.00408163265306
41164	0.00408163265306
5593	0.0040733197556
44117	0.00406504065041
512	0.00403225806452
30445	0.00403225806452
41109	0.00402414486922
17147	0.004
20875	0.004
35847	0.004
11	0.00398803589232
33895	0.00398406374502
4005	0.00396825396825
35345	0.00396301188904
2381	0.00395256916996
34920	0.00392156862745
1680	0.00388098318241
17586	0.00387596899225
31877	0.00381679389313
28821	0.00380952380952
29909	0.00380228136882
29992	0.00380228136882
44184	0.00380228136882
19288	0.00377358490566
30269	0.00375939849624
31138	0.00375939849624
41031	0.00375939849624
41326	0.00375939849624
32862	0.00374531835206
50995	0.00374531835206
2757	0.00373134328358
35021	0.00373134328358
11769	0.00371747211896
11504	0.0037037037037
25405	0.00369003690037
51158	0.00369003690037
17771	0.00367647058824
19601	0.00366568914956
3139	0.0036496350365
17605	0.0036496350365
24017	0.0036496350365
4916	0.00363967242948
4242	0.00359712230216
25098	0.00356506238859
3747	0.00355871886121
41368	0.00355871886121
13056	0.00355239786856
11381	0.00354609929078
28286	0.00350877192982
28407	0.0034965034965
5432	0.00348918353105
41074	0.00348432055749
11655	0.0034188034188
6954	0.00341296928328
23011	0.00340136054422
1743	0.00338983050847
41154	0.003367003367
42424	0.00335570469799
31440	0.00333611342786
34637	0.00333333333333
34548	0.00332225913621
30625	0.00331125827815
7312	0.00330344502124
684	0.00327868852459
41093	0.00327868852459
23999	0.00326797385621
5100	0.00325732899023
11481	0.00325732899023
16209	0.00325203252033
37225	0.00324675324675
20416	0.0032414910859
2409	0.00323624595469
51156	0.00323624595469
41403	0.00322580645161
1118	0.00322372662798
17355	0.00322061191626
12121	0.0032154340836
27128	0.00320512820513
28051	0.00318725099602
1364	0.00315457413249
16927	0.00315457413249
41243	0.00315457413249
5616	0.00313479623824
900	0.003125
17008	0.003125
38262	0.003125
25113	0.00309119010819
868	0.00308166409861
18361	0.00307692307692
18613	0.0030487804878
511	0.00303951367781
20542	0.0030303030303
5774	0.00302114803625
41000	0.00301204819277
259	0.003003003003
39546	0.003003003003
29686	0.00299401197605
34683	0.00299401197605
3535	0.00298507462687
11232	0.00298507462687
29845	0.00298507462687
41609	0.00297619047619
3260	0.00294985250737
22579	0.00294985250737
29591	0.00294985250737
36398	0.00293542074364
18701	0.00293255131965
37198	0.00293255131965
2290	0.00291715285881
23786	0.00291545189504
4708	0.00289435600579
35563	0.00287592440427
50939	0.00285714285714
33850	0.002849002849
34897	0.00284090909091
5237	0.0028328611898
11727	0.00283018867925
50855	0.00281690140845
4563	0.00279329608939
34830	0.00278551532033
41132	0.00278551532033
23265	0.00277008310249
51989	0.00276243093923
6689	0.00275482093664
22929	0.00275229357798
29971	0.00274725274725
7419	0.0027397260274
41374	0.0027397260274
50933	0.00271739130435
1497	0.00270124257158
27949	0.00269541778976
4578	0.00268961807423
7442	0.00268817204301
16420	0.00268817204301
35809	0.00268096514745
5112	0.00266134397871
1438	0.00265957446809
14207	0.00265957446809
18515	0.00265957446809
29218	0.00265957446809
12017	0.00263852242744
20630	0.00261780104712
23481	0.00261096605744
35514	0.00261096605744
23642	0.00257731958763
41010	0.0025706940874
3689	0.0025641025641
18777	0.00255536626917
31483	0.00255102040816
5157	0.00253807106599
51096	0.00251889168766
51133	0.00251889168766
15636	0.00250626566416
1119	0.0025
51019	0.00246913580247
22743	0.00245901639344
18584	0.002457002457
7100	0.00244498777506
41467	0.00242718446602
20173	0.0024154589372
3365	0.00239234449761
4173	0.00239234449761
22971	0.00238095238095
12388	0.00235849056604
35045	0.00235849056604
27890	0.00235017626322
38191	0.00234192037471
11675	0.00230946882217
689	0.00226244343891
3827	0.00226244343891
29861	0.00224719101124
5000	0.00221975582686
34224	0.00221975582686
2007	0.00220750551876
631	0.00219298245614
4654	0.00218818380744
40988	0.00218818380744
41016	0.00217864923747
15228	0.00215982721382
3419	0.00215517241379
41058	0.00214592274678
7340	0.00213447171825
2745	0.0021186440678
23782	0.0020964360587
36394	0.0020964360587
36392	0.00206611570248
6427	0.00206124852768
1902	0.00205761316872
17938	0.00204918032787
2	0.00203458799593
17711	0.00202429149798
41355	0.00202429149798
5768	0.00201612903226
3729	0.00199203187251
39785	0.00198807157058
5673	0.00196078431373
19598	0.00195694716243
869	0.0019550342131
3527	0.00193798449612
34751	0.0019305019305
5204	0.00192926045016
4396	0.00192431045542
41068	0.00191021967526
41985	0.00190114068441
40999	0.00187617260788
3312	0.00186567164179
51041	0.00185873605948
12998	0.00183823529412
34367	0.00183654729109
35136	0.00183486238532
2333	0.00182648401826
921	0.00181983621474
37426	0.00181818181818
5809	0.00180995475113
40962	0.00179694519317
17566	0.00179211469534
2312	0.00178571428571
41583	0.00178571428571
4489	0.0017825311943
1931	0.00177619893428
949	0.0017667844523
22744	0.00176366843034
4518	0.00175669740887
51212	0.00175131348511
25738	0.00174367916303
13955	0.00173913043478
29863	0.00173913043478
5519	0.00173310225303
4655	0.00169147496617
1503	0.00167317345231
76	0.00166666666667
6812	0.00163666121113
40965	0.00162999185004
7175	0.00162866449511
35049	0.00162337662338
12610	0.00161812297735
32188	0.00161030595813
27809	0.00159489633174
13339	0.00158982511924
5231	0.00156412930136
39136	0.0015467904099
5643	0.00152905198777
26602	0.00152555301297
992	0.00152207001522
4430	0.00149031296572
2613	0.0014450867052
26584	0.00143061516452
2037	0.0014164305949
40987	0.00141242937853
33634	0.00139275766017
22383	0.00138888888889
29854	0.00137741046832
2419	0.00133868808568
8709	0.00133868808568
26805	0.00133689839572
41018	0.00131578947368
1422	0.00131406044678
40995	0.00131233595801
30899	0.00125786163522
1628	0.00124688279302
5420	0.00124223602484
41090	0.00124223602484
18960	0.00120336943442
29277	0.00119474313023
14750	0.00116686114352
38793	0.00116076610563
30980	0.00115473441109
253	0.00108932461874
18311	0.00107874865156
2344	0.0010101010101
3733	0.000952380952381
5503	0.000951474785918
1048	0.000950570342205
3933	0.000919117647059
38794	0.000888888888889
2840	0.000884173297966
4846	0.000785545954438
13111	0.000587199060482
38203	0.000548245614035
893	0.000501504513541
