3337	0.5
5006	0.5
41997	0.5
49012	0.5
54103	0.5
12851	0.333333333333
17235	0.333333333333
20771	0.333333333333
23581	0.333333333333
54961	0.333333333333
58452	0.333333333333
60173	0.333333333333
25648	0.25
37095	0.25
42772	0.25
46671	0.25
49886	0.25
60045	0.25
15332	0.2
28184	0.2
44934	0.2
49869	0.2
9668	0.166666666667
20270	0.166666666667
24712	0.166666666667
187	0.142857142857
7920	0.142857142857
28934	0.142857142857
29037	0.142857142857
29334	0.142857142857
42143	0.142857142857
55110	0.142857142857
5155	0.125
18305	0.125
31165	0.125
41259	0.125
55836	0.125
906	0.111111111111
3144	0.111111111111
7142	0.111111111111
24504	0.111111111111
26688	0.111111111111
42788	0.111111111111
44289	0.111111111111
51017	0.111111111111
59010	0.111111111111
5922	0.1
36337	0.1
38534	0.1
45702	0.1
33191	0.0909090909091
53107	0.0909090909091
53352	0.0909090909091
2390	0.0833333333333
19509	0.0833333333333
44081	0.0833333333333
8758	0.0769230769231
31960	0.0769230769231
34937	0.0769230769231
43546	0.0769230769231
4282	0.0714285714286
4694	0.0714285714286
16564	0.0714285714286
39931	0.0714285714286
50289	0.0714285714286
5030	0.0666666666667
51609	0.0666666666667
52655	0.0666666666667
5138	0.0625
6478	0.0625
31027	0.0625
38624	0.0625
39063	0.0625
51510	0.0625
18306	0.0588235294118
24354	0.0588235294118
41767	0.0588235294118
47585	0.0588235294118
10184	0.0555555555556
18683	0.0555555555556
26640	0.0555555555556
41234	0.0555555555556
1493	0.0526315789474
8448	0.0526315789474
10426	0.0526315789474
18186	0.0526315789474
26549	0.05
38731	0.05
41557	0.05
51789	0.05
16836	0.047619047619
20016	0.047619047619
98	0.0454545454545
2988	0.0454545454545
35186	0.0454545454545
51161	0.0454545454545
17992	0.0434782608696
18345	0.0434782608696
14135	0.0416666666667
26947	0.0416666666667
27280	0.0416666666667
21709	0.04
1181	0.0384615384615
2548	0.0384615384615
4322	0.0384615384615
21341	0.0384615384615
31822	0.0384615384615
36926	0.0384615384615
51536	0.037037037037
11858	0.0357142857143
12581	0.0357142857143
17361	0.0344827586207
43287	0.0344827586207
16297	0.0333333333333
31854	0.0333333333333
52469	0.0333333333333
5225	0.0322580645161
12199	0.0322580645161
18441	0.0322580645161
32679	0.0322580645161
51591	0.0322580645161
55861	0.0322580645161
18562	0.03125
35180	0.03125
60432	0.03125
5624	0.030303030303
27078	0.030303030303
37055	0.030303030303
19661	0.0294117647059
45481	0.0294117647059
11135	0.0285714285714
4200	0.027027027027
19840	0.027027027027
33927	0.027027027027
41135	0.027027027027
2656	0.0263157894737
461	0.025641025641
4425	0.025641025641
778	0.025
12608	0.025
20085	0.0243902439024
31866	0.0243902439024
5330	0.0238095238095
18304	0.0238095238095
32493	0.0238095238095
36847	0.0232558139535
51299	0.0232558139535
17331	0.0227272727273
39658	0.0227272727273
51258	0.0227272727273
3398	0.0222222222222
5458	0.0222222222222
27113	0.0222222222222
51526	0.0222222222222
32720	0.0217391304348
12849	0.0212765957447
18495	0.0212765957447
21248	0.0212765957447
43723	0.0212765957447
2361	0.0204081632653
35387	0.0204081632653
28074	0.02
34792	0.02
50146	0.02
51805	0.02
52265	0.02
42942	0.0196078431373
12355	0.0192307692308
36676	0.0192307692308
36145	0.0188679245283
41381	0.0188679245283
52548	0.0188679245283
1490	0.0185185185185
4635	0.0185185185185
37845	0.0185185185185
41616	0.0185185185185
42377	0.0185185185185
52906	0.0185185185185
2748	0.0181818181818
5484	0.0181818181818
34672	0.0181818181818
51745	0.0178571428571
42191	0.0175438596491
52239	0.0175438596491
4804	0.0172413793103
28719	0.0172413793103
17278	0.0169491525424
16969	0.0166666666667
26777	0.0166666666667
21582	0.016393442623
21913	0.016393442623
35940	0.0161290322581
840	0.015625
19469	0.015625
1922	0.0153846153846
8089	0.0153846153846
30069	0.0153846153846
34788	0.0153846153846
1487	0.0149253731343
4510	0.0149253731343
15197	0.0149253731343
41143	0.0149253731343
42029	0.0149253731343
1877	0.0147058823529
50929	0.0147058823529
50992	0.0144927536232
38530	0.0142857142857
41433	0.0142857142857
11223	0.0140845070423
59507	0.0138888888889
26218	0.013698630137
26715	0.013698630137
30913	0.013698630137
43920	0.013698630137
16145	0.0135135135135
41343	0.0135135135135
50871	0.0135135135135
37686	0.0133333333333
36606	0.0128205128205
3385	0.0126582278481
3542	0.0126582278481
42810	0.0125
18214	0.0123456790123
23619	0.0123456790123
18974	0.0121951219512
9502	0.0119047619048
22426	0.0117647058824
34168	0.0117647058824
37588	0.0117647058824
32711	0.0113636363636
33751	0.0113636363636
51901	0.0112359550562
23514	0.0111111111111
36366	0.0111111111111
51707	0.0111111111111
14839	0.010989010989
42799	0.0108695652174
2681	0.010752688172
11774	0.0106382978723
29583	0.0104166666667
48978	0.0104166666667
20669	0.0103092783505
4695	0.010152284264
52536	0.010101010101
14716	0.0100502512563
1272	0.00990099009901
5113	0.00990099009901
53200	0.00990099009901
10054	0.00980392156863
31720	0.00980392156863
41338	0.00980392156863
41519	0.00980392156863
52056	0.00961538461538
51099	0.00947867298578
42753	0.00943396226415
59611	0.00934579439252
5804	0.00925925925926
6404	0.00909090909091
21696	0.00900900900901
41056	0.00892857142857
48902	0.00892857142857
7420	0.00884955752212
15325	0.00884955752212
41411	0.00884955752212
26711	0.00877192982456
7427	0.00869565217391
33481	0.00869565217391
14502	0.00854700854701
13149	0.00847457627119
22408	0.00847457627119
26173	0.00833333333333
128	0.00819672131148
5634	0.00813008130081
53134	0.00813008130081
30793	0.00787401574803
39324	0.00787401574803
40344	0.00787401574803
51568	0.0078125
26486	0.0077519379845
4704	0.00769230769231
27288	0.00751879699248
39874	0.00751879699248
15638	0.00746268656716
13067	0.00740740740741
13119	0.00735294117647
14013	0.00735294117647
51246	0.00735294117647
27952	0.00729927007299
5164	0.00724637681159
51676	0.00719424460432
57861	0.00719424460432
18967	0.00699300699301
24457	0.00689655172414
42335	0.00684931506849
13212	0.00671140939597
41059	0.00671140939597
41093	0.00671140939597
50883	0.00662251655629
28737	0.00657894736842
52738	0.00649350649351
2934	0.00645161290323
7411	0.00641025641026
17461	0.00636942675159
1655	0.0062893081761
36710	0.00617283950617
31850	0.00613496932515
20675	0.00609756097561
33692	0.00588235294118
41968	0.00581395348837
42378	0.00578034682081
452	0.00574712643678
18661	0.00571428571429
48489	0.00568181818182
50980	0.00552486187845
39358	0.00546448087432
17066	0.00537634408602
33656	0.00534759358289
3781	0.00526315789474
7956	0.00526315789474
44978	0.00526315789474
41010	0.00523560209424
37689	0.00518134715026
15083	0.00515463917526
17306	0.00512820512821
15306	0.00510204081633
10166	0.00507614213198
20802	0.00502512562814
41366	0.0049504950495
41370	0.00490196078431
5918	0.00478468899522
2787	0.00469483568075
40411	0.00460829493088
27255	0.0045871559633
35400	0.0045871559633
41091	0.00456621004566
32811	0.00452488687783
19201	0.00446428571429
41329	0.00446428571429
4057	0.00444444444444
33495	0.00442477876106
51724	0.00442477876106
1144	0.00438596491228
41164	0.00418410041841
4339	0.00416666666667
2110	0.00398406374502
3527	0.00392927308448
31877	0.00390625
2152	0.00389105058366
18556	0.00387596899225
40334	0.003861003861
31138	0.00384615384615
41326	0.00384615384615
3116	0.00383141762452
7062	0.00378787878788
29394	0.00378787878788
24017	0.00373134328358
862	0.0036231884058
1020	0.0036231884058
32832	0.00361010830325
16449	0.00358422939068
21558	0.00358422939068
40969	0.00354609929078
23011	0.00347222222222
41154	0.00343642611684
30625	0.00337837837838
24958	0.003367003367
41307	0.003367003367
23999	0.00333333333333
41067	0.00332225913621
50901	0.00331125827815
41403	0.00328947368421
7299	0.00326797385621
40979	0.00325732899023
41972	0.00322580645161
16927	0.0032154340836
41243	0.0032154340836
5616	0.00319488817891
5774	0.00307692307692
41000	0.00306748466258
41165	0.00305810397554
34683	0.0030487804878
41609	0.0030303030303
29591	0.003003003003
34147	0.00297619047619
11307	0.00295857988166
41034	0.00293255131965
29453	0.00292397660819
41048	0.0028901734104
3553	0.00284090909091
5622	0.00282485875706
23265	0.00281690140845
38932	0.00281690140845
11359	0.00280898876404
15373	0.00279329608939
30471	0.00279329608939
41374	0.00278551532033
16917	0.00277008310249
14207	0.0027027027027
23688	0.00263157894737
10987	0.00261780104712
42156	0.00261096605744
20818	0.00255754475703
15636	0.00254452926209
932	0.00253164556962
51019	0.00250626566416
7100	0.00248138957816
22971	0.0024154589372
8397	0.00236966824645
497	0.00233644859813
562	0.00233644859813
22251	0.00233644859813
29861	0.00227790432802
1399	0.00226244343891
631	0.00222222222222
40988	0.00221729490022
253	0.00219538968167
15228	0.00218818380744
35703	0.00217864923747
41044	0.00217864923747
23782	0.00212314225053
29309	0.00212314225053
36392	0.00209205020921
5768	0.00204081632653
33841	0.00198807157058
34369	0.001953125
9826	0.0019120458891
3312	0.00188679245283
51041	0.00187969924812
11201	0.0018281535649
33887	0.0018281535649
1931	0.00179533213645
2840	0.0017793594306
13955	0.00175746924429
41116	0.00172413793103
38925	0.0017094017094
26863	0.00165562913907
7175	0.00164473684211
16209	0.0016393442623
32188	0.00162601626016
27809	0.00161030595813
900	0.00157480314961
25113	0.00155763239875
23150	0.00155520995334
868	0.0015455950541
5643	0.00154320987654
1135	0.00153374233129
4430	0.00149700598802
4764	0.00146412884334
26584	0.001443001443
2037	0.00142857142857
5237	0.00142653352354
2745	0.00141743444366
33634	0.00140449438202
38492	0.0013986013986
29854	0.00138888888889
20506	0.00136054421769
8709	0.00134408602151
3133	0.00134228187919
1422	0.00132450331126
2381	0.00132450331126
40995	0.00132275132275
3720	0.00132100396301
19598	0.00130890052356
18584	0.00123609394314
4711	0.00122249388753
39447	0.00120481927711
29277	0.00120336943442
38191	0.00117785630153
14750	0.00117508813161
2290	0.00116890707189
38793	0.00116482236459
1503	0.00111856823266
34224	0.00111607142857
4654	0.001100110011
2898	0.00109769484083
18311	0.00108577633008
1497	0.00108225108225
28742	0.00107411385607
9200	0.00106157112527
4937	0.00103842159917
1902	0.00103412616339
2	0.00102249488753
2463	0.000963391136802
41068	0.000959692898273
5503	0.000956937799043
7312	0.000944287063267
4563	0.000934579439252
5809	0.000909090909091
40962	0.000902527075812
38794	0.000893655049151
22744	0.00088573959256
25738	0.000875656742557
12969	0.000864304235091
18777	0.000854700854701
76	0.000836820083682
22743	0.000822368421053
35563	0.000822030415125
40965	0.000818330605565
28051	0.000798722044728
39136	0.000776397515528
26602	0.000765696784074
18613	0.000763941940413
19601	0.000734214390602
5432	0.000698812019567
22383	0.000696864111498
4655	0.000677277345073
5204	0.000644745325596
13111	0.000589275191514
6427	0.000589101620029
38203	0.000550055005501
4578	0.000538502961766
5157	0.000508130081301
893	0.000503018108652
869	0.000488758553275
4518	0.000439753737907
