37930	0.0821917808219
38063	0.0697674418605
38880	0.0666666666667
41733	0.0625
24472	0.0588235294118
20229	0.056338028169
47283	0.0555555555556
3754	0.051724137931
40875	0.0512820512821
10426	0.05
21407	0.047619047619
17195	0.0461538461538
10328	0.0454545454545
20710	0.044776119403
39480	0.0444444444444
13379	0.0441176470588
14004	0.0441176470588
36221	0.0441176470588
22252	0.0434782608696
5412	0.0428571428571
10270	0.0425531914894
19110	0.0425531914894
29463	0.0425531914894
59981	0.0422535211268
18416	0.0416666666667
51066	0.0416666666667
51685	0.0416666666667
52680	0.0416666666667
60156	0.0416666666667
15377	0.0405405405405
20716	0.0405405405405
4104	0.040404040404
51681	0.04
59173	0.04
51641	0.039603960396
51566	0.0394736842105
5644	0.0392156862745
14332	0.0392156862745
46531	0.0392156862745
50969	0.0392156862745
27519	0.038961038961
45283	0.038961038961
8088	0.0384615384615
19514	0.0384615384615
22716	0.0384615384615
52280	0.0384615384615
13015	0.0377358490566
28982	0.0377358490566
42275	0.0377358490566
33785	0.0375939849624
48701	0.037037037037
52778	0.037037037037
53069	0.0367346938776
41096	0.0366972477064
26164	0.0363636363636
35935	0.0363636363636
37440	0.0363636363636
42797	0.0363636363636
44085	0.0363636363636
44578	0.0363636363636
53281	0.0363636363636
60105	0.0363636363636
60327	0.0363636363636
37409	0.0360824742268
41236	0.0359712230216
11827	0.0357142857143
14274	0.0357142857143
4378	0.0352941176471
33921	0.0352941176471
12378	0.0350877192982
20531	0.0350877192982
58301	0.0350877192982
18973	0.034965034965
779	0.0348837209302
43202	0.0348837209302
33552	0.0347222222222
25499	0.0344827586207
28156	0.0344827586207
29308	0.0344827586207
45596	0.0344827586207
47140	0.0344827586207
52215	0.0344827586207
59714	0.0344827586207
27952	0.0342857142857
12253	0.0340909090909
39458	0.0340909090909
45701	0.0340909090909
6259	0.0337078651685
8229	0.0333333333333
18185	0.0333333333333
29706	0.0333333333333
38587	0.0333333333333
39523	0.0333333333333
51488	0.0333333333333
57733	0.0333333333333
17293	0.0327868852459
29623	0.0327868852459
34105	0.0327868852459
42291	0.0326086956522
23373	0.0325581395349
5188	0.0322580645161
31149	0.0322580645161
32103	0.0322580645161
48885	0.0322580645161
50854	0.0322580645161
50881	0.0322580645161
61032	0.0322580645161
13933	0.032
2062	0.031914893617
15608	0.031914893617
2461	0.031746031746
22128	0.031746031746
36218	0.031746031746
37341	0.031746031746
41290	0.031746031746
2578	0.03125
4509	0.03125
8198	0.03125
10583	0.03125
16488	0.03125
29033	0.03125
32844	0.03125
33858	0.03125
35220	0.03125
38124	0.03125
42400	0.03125
49986	0.03125
51110	0.03125
51414	0.03125
59985	0.03125
30672	0.0309278350515
23237	0.0307692307692
34793	0.0307692307692
42855	0.0307692307692
43245	0.0307692307692
47075	0.0307692307692
49965	0.0307692307692
29533	0.030534351145
15121	0.030303030303
19191	0.030303030303
30957	0.030303030303
38721	0.030303030303
44462	0.030303030303
50240	0.030303030303
61081	0.030303030303
60032	0.0298507462687
30222	0.029702970297
670	0.0294117647059
5180	0.0294117647059
15015	0.0294117647059
34660	0.0294117647059
37190	0.0294117647059
22654	0.0292207792208
52841	0.0291262135922
12386	0.0289855072464
25786	0.0289855072464
31115	0.0289855072464
32289	0.0289855072464
41700	0.0289855072464
47324	0.0289855072464
51971	0.0289855072464
39965	0.0288461538462
59646	0.0288461538462
3126	0.0285714285714
20748	0.0285714285714
21664	0.0285714285714
24385	0.0285714285714
36348	0.0285714285714
38471	0.0285714285714
38577	0.0285714285714
40645	0.0285714285714
47598	0.0285714285714
452	0.0283018867925
39782	0.0283018867925
13121	0.0282485875706
6124	0.0281690140845
12573	0.0281690140845
38600	0.0281690140845
40248	0.0281690140845
43287	0.0281690140845
50964	0.0281690140845
39404	0.027972027972
3742	0.0277777777778
9205	0.0277777777778
3786	0.027397260274
9331	0.027397260274
11154	0.027397260274
31374	0.027397260274
40996	0.027397260274
59814	0.027397260274
40986	0.0273224043716
22873	0.0272727272727
2933	0.027027027027
10803	0.027027027027
15802	0.027027027027
18562	0.027027027027
24888	0.027027027027
24957	0.027027027027
25096	0.027027027027
35180	0.027027027027
41433	0.027027027027
41735	0.027027027027
41743	0.027027027027
42649	0.027027027027
44233	0.027027027027
50337	0.027027027027
52259	0.027027027027
38748	0.0267857142857
50949	0.0267857142857
22130	0.0266666666667
41421	0.0266666666667
50335	0.0265486725664
7712	0.0263157894737
52842	0.0263157894737
12800	0.0260869565217
41142	0.0260869565217
51043	0.0260869565217
9604	0.025974025974
18834	0.025974025974
19683	0.025974025974
20536	0.025974025974
4580	0.0258620689655
51159	0.0257731958763
107	0.025641025641
849	0.025641025641
22121	0.025641025641
24358	0.025641025641
41230	0.025641025641
41795	0.025641025641
42040	0.025641025641
51327	0.025641025641
51905	0.025641025641
52953	0.025641025641
7251	0.0253164556962
8582	0.0253164556962
13103	0.0253164556962
21742	0.0253164556962
22690	0.0253164556962
31991	0.0253164556962
32600	0.0253164556962
42207	0.0253164556962
10047	0.025
24316	0.025
42572	0.025
51000	0.025
53232	0.025
29024	0.0248756218905
14277	0.0248447204969
6440	0.0247933884298
27537	0.0247933884298
2104	0.0246913580247
29477	0.0246913580247
35151	0.0246913580247
37381	0.0246913580247
51495	0.0246913580247
18214	0.0245901639344
33523	0.0245901639344
41197	0.0245901639344
50984	0.0245901639344
50952	0.0245398773006
34920	0.0244755244755
13306	0.0243902439024
14251	0.0243902439024
22621	0.0243902439024
27516	0.0243902439024
31035	0.0243902439024
38273	0.0243902439024
53093	0.0243902439024
41253	0.0243055555556
13633	0.0242424242424
26275	0.0240963855422
32710	0.0240963855422
16516	0.0240384615385
23642	0.0240384615385
42704	0.024
7413	0.0238095238095
11384	0.0238095238095
39137	0.0238095238095
42374	0.0238095238095
42401	0.0238095238095
48189	0.0238095238095
41204	0.0236966824645
17596	0.0236336779911
377	0.0236220472441
7913	0.0235294117647
10613	0.0235294117647
13870	0.0235294117647
32213	0.0235294117647
41471	0.0235294117647
41868	0.0235294117647
44588	0.0235294117647
27033	0.0234375
2247	0.0232558139535
8657	0.0232558139535
22601	0.0232558139535
28438	0.0232558139535
51590	0.0232558139535
53239	0.0232558139535
37302	0.0230769230769
3427	0.0229885057471
7430	0.0229885057471
14515	0.0229885057471
20363	0.0229885057471
28436	0.0229885057471
33782	0.0229885057471
33826	0.0229885057471
38688	0.0229885057471
42657	0.0229885057471
61245	0.0229885057471
309	0.0229007633588
41065	0.0228758169935
13935	0.0228471001757
1	0.0227272727273
15514	0.0227272727273
38523	0.0227272727273
42514	0.0227272727273
43026	0.0227272727273
43835	0.0227272727273
52879	0.0227272727273
55963	0.0227272727273
9651	0.0225563909774
11378	0.0225563909774
23643	0.0225563909774
40819	0.0225563909774
5164	0.0224719101124
5704	0.0224719101124
17087	0.0224719101124
37795	0.0224719101124
44152	0.0224719101124
50506	0.0223880597015
22230	0.0223214285714
483	0.0222222222222
702	0.0222222222222
1673	0.0222222222222
1809	0.0222222222222
2956	0.0222222222222
3400	0.0222222222222
4963	0.0222222222222
5392	0.0222222222222
5980	0.0222222222222
7722	0.0222222222222
8863	0.0222222222222
10134	0.0222222222222
11462	0.0222222222222
11889	0.0222222222222
12135	0.0222222222222
12179	0.0222222222222
13299	0.0222222222222
13761	0.0222222222222
14256	0.0222222222222
14437	0.0222222222222
15036	0.0222222222222
15895	0.0222222222222
18688	0.0222222222222
18970	0.0222222222222
19145	0.0222222222222
20116	0.0222222222222
21692	0.0222222222222
21905	0.0222222222222
24612	0.0222222222222
27134	0.0222222222222
27739	0.0222222222222
27795	0.0222222222222
28938	0.0222222222222
30052	0.0222222222222
31426	0.0222222222222
32385	0.0222222222222
32413	0.0222222222222
33625	0.0222222222222
33913	0.0222222222222
33975	0.0222222222222
34378	0.0222222222222
35214	0.0222222222222
35975	0.0222222222222
36406	0.0222222222222
36660	0.0222222222222
38895	0.0222222222222
39222	0.0222222222222
39415	0.0222222222222
39935	0.0222222222222
39970	0.0222222222222
41275	0.0222222222222
41596	0.0222222222222
41992	0.0222222222222
42754	0.0222222222222
44080	0.0222222222222
45195	0.0222222222222
45631	0.0222222222222
45938	0.0222222222222
45939	0.0222222222222
46222	0.0222222222222
46460	0.0222222222222
47874	0.0222222222222
48415	0.0222222222222
48453	0.0222222222222
48645	0.0222222222222
50307	0.0222222222222
50599	0.0222222222222
50762	0.0222222222222
51330	0.0222222222222
51605	0.0222222222222
51815	0.0222222222222
51912	0.0222222222222
52723	0.0222222222222
53826	0.0222222222222
54514	0.0222222222222
54954	0.0222222222222
56066	0.0222222222222
56182	0.0222222222222
56223	0.0222222222222
56382	0.0222222222222
56682	0.0222222222222
58538	0.0222222222222
59359	0.0222222222222
60125	0.0222222222222
60462	0.0222222222222
61116	0.0222222222222
61268	0.0222222222222
29724	0.0220820189274
41799	0.0220588235294
41935	0.0220588235294
7466	0.021978021978
21396	0.021978021978
24810	0.021978021978
42001	0.021978021978
50845	0.021978021978
40541	0.0218340611354
25930	0.0218181818182
101	0.0217391304348
111	0.0217391304348
817	0.0217391304348
997	0.0217391304348
3767	0.0217391304348
4498	0.0217391304348
4511	0.0217391304348
4641	0.0217391304348
5611	0.0217391304348
7880	0.0217391304348
9802	0.0217391304348
10413	0.0217391304348
10730	0.0217391304348
10772	0.0217391304348
11476	0.0217391304348
11879	0.0217391304348
13876	0.0217391304348
15224	0.0217391304348
15683	0.0217391304348
17701	0.0217391304348
17727	0.0217391304348
18201	0.0217391304348
19033	0.0217391304348
19164	0.0217391304348
19494	0.0217391304348
19850	0.0217391304348
19962	0.0217391304348
20129	0.0217391304348
22283	0.0217391304348
23556	0.0217391304348
23623	0.0217391304348
23902	0.0217391304348
25056	0.0217391304348
25461	0.0217391304348
27468	0.0217391304348
29293	0.0217391304348
30125	0.0217391304348
30571	0.0217391304348
31792	0.0217391304348
34133	0.0217391304348
34253	0.0217391304348
35014	0.0217391304348
35239	0.0217391304348
35551	0.0217391304348
36527	0.0217391304348
36596	0.0217391304348
36919	0.0217391304348
37196	0.0217391304348
37291	0.0217391304348
37824	0.0217391304348
38028	0.0217391304348
38058	0.0217391304348
38548	0.0217391304348
40452	0.0217391304348
40680	0.0217391304348
40872	0.0217391304348
42650	0.0217391304348
44392	0.0217391304348
44820	0.0217391304348
44914	0.0217391304348
45455	0.0217391304348
46239	0.0217391304348
46400	0.0217391304348
47124	0.0217391304348
48416	0.0217391304348
50661	0.0217391304348
51152	0.0217391304348
51471	0.0217391304348
51738	0.0217391304348
51885	0.0217391304348
52521	0.0217391304348
52556	0.0217391304348
52674	0.0217391304348
53556	0.0217391304348
55286	0.0217391304348
55408	0.0217391304348
55471	0.0217391304348
56903	0.0217391304348
57405	0.0217391304348
57671	0.0217391304348
57791	0.0217391304348
57849	0.0217391304348
58765	0.0217391304348
59324	0.0217391304348
59414	0.0217391304348
59905	0.0217391304348
60318	0.0217391304348
60524	0.0217391304348
31868	0.0216346153846
17979	0.0216216216216
4339	0.0215827338129
22031	0.0215827338129
37198	0.0215633423181
41246	0.0215053763441
42942	0.0215053763441
45891	0.0215053763441
52180	0.0215053763441
71	0.0212765957447
1228	0.0212765957447
1459	0.0212765957447
1833	0.0212765957447
2147	0.0212765957447
4020	0.0212765957447
4668	0.0212765957447
5658	0.0212765957447
6067	0.0212765957447
6367	0.0212765957447
6989	0.0212765957447
8168	0.0212765957447
9183	0.0212765957447
9199	0.0212765957447
9253	0.0212765957447
10177	0.0212765957447
10921	0.0212765957447
11021	0.0212765957447
11028	0.0212765957447
11151	0.0212765957447
11161	0.0212765957447
11528	0.0212765957447
11782	0.0212765957447
12355	0.0212765957447
13824	0.0212765957447
14108	0.0212765957447
15120	0.0212765957447
17479	0.0212765957447
18927	0.0212765957447
19031	0.0212765957447
19104	0.0212765957447
20153	0.0212765957447
21213	0.0212765957447
22739	0.0212765957447
23038	0.0212765957447
23234	0.0212765957447
23371	0.0212765957447
24200	0.0212765957447
24216	0.0212765957447
25991	0.0212765957447
26342	0.0212765957447
28015	0.0212765957447
28201	0.0212765957447
28665	0.0212765957447
29337	0.0212765957447
29550	0.0212765957447
29642	0.0212765957447
29934	0.0212765957447
29966	0.0212765957447
30489	0.0212765957447
30638	0.0212765957447
31306	0.0212765957447
31758	0.0212765957447
32998	0.0212765957447
34370	0.0212765957447
35007	0.0212765957447
35134	0.0212765957447
35631	0.0212765957447
35919	0.0212765957447
36001	0.0212765957447
36359	0.0212765957447
36362	0.0212765957447
37357	0.0212765957447
37900	0.0212765957447
38597	0.0212765957447
40557	0.0212765957447
42195	0.0212765957447
42941	0.0212765957447
43155	0.0212765957447
43531	0.0212765957447
44359	0.0212765957447
45442	0.0212765957447
46177	0.0212765957447
46354	0.0212765957447
47806	0.0212765957447
48081	0.0212765957447
49321	0.0212765957447
49651	0.0212765957447
50336	0.0212765957447
50867	0.0212765957447
51853	0.0212765957447
53066	0.0212765957447
54757	0.0212765957447
56934	0.0212765957447
57924	0.0212765957447
58844	0.0212765957447
59413	0.0212765957447
59551	0.0212765957447
60152	0.0212765957447
31895	0.0211267605634
28290	0.0210970464135
38794	0.0210711150132
3258	0.0210526315789
3533	0.0210526315789
8372	0.0210526315789
34576	0.0210526315789
35722	0.0210526315789
51453	0.0210526315789
21719	0.020979020979
28298	0.020979020979
41258	0.0209580838323
51027	0.0209580838323
16912	0.020942408377
18283	0.020942408377
21989	0.020942408377
2877	0.0208333333333
5170	0.0208333333333
6280	0.0208333333333
6645	0.0208333333333
7645	0.0208333333333
8060	0.0208333333333
9498	0.0208333333333
9894	0.0208333333333
10065	0.0208333333333
11704	0.0208333333333
11709	0.0208333333333
11871	0.0208333333333
12384	0.0208333333333
13004	0.0208333333333
13402	0.0208333333333
15900	0.0208333333333
16319	0.0208333333333
18236	0.0208333333333
18615	0.0208333333333
21276	0.0208333333333
22604	0.0208333333333
24711	0.0208333333333
25019	0.0208333333333
26550	0.0208333333333
26566	0.0208333333333
26901	0.0208333333333
27167	0.0208333333333
27479	0.0208333333333
28637	0.0208333333333
28961	0.0208333333333
29784	0.0208333333333
30652	0.0208333333333
30909	0.0208333333333
33052	0.0208333333333
33225	0.0208333333333
35145	0.0208333333333
35953	0.0208333333333
36903	0.0208333333333
37569	0.0208333333333
39223	0.0208333333333
39888	0.0208333333333
40122	0.0208333333333
40166	0.0208333333333
40950	0.0208333333333
41006	0.0208333333333
41984	0.0208333333333
42223	0.0208333333333
42281	0.0208333333333
42945	0.0208333333333
42958	0.0208333333333
43147	0.0208333333333
43516	0.0208333333333
44273	0.0208333333333
44447	0.0208333333333
44524	0.0208333333333
46627	0.0208333333333
48377	0.0208333333333
49517	0.0208333333333
51614	0.0208333333333
51648	0.0208333333333
51871	0.0208333333333
52124	0.0208333333333
53656	0.0208333333333
54224	0.0208333333333
54890	0.0208333333333
55883	0.0208333333333
56080	0.0208333333333
57605	0.0208333333333
58214	0.0208333333333
58481	0.0208333333333
58796	0.0208333333333
59296	0.0208333333333
59609	0.0208333333333
59630	0.0208333333333
59810	0.0208333333333
59829	0.0208333333333
60346	0.0208333333333
60529	0.0208333333333
60583	0.0208333333333
60681	0.0208333333333
61193	0.0208333333333
11481	0.0207100591716
8729	0.0206896551724
14275	0.0206896551724
41894	0.0206896551724
52056	0.0206896551724
37225	0.0206489675516
26060	0.020618556701
61099	0.020618556701
11165	0.0205761316872
27925	0.0205479452055
37961	0.0204918032787
13216	0.0204778156997
720	0.0204081632653
1193	0.0204081632653
2856	0.0204081632653
3993	0.0204081632653
4981	0.0204081632653
5502	0.0204081632653
5889	0.0204081632653
6713	0.0204081632653
7643	0.0204081632653
8687	0.0204081632653
9000	0.0204081632653
10090	0.0204081632653
10118	0.0204081632653
11311	0.0204081632653
14523	0.0204081632653
15672	0.0204081632653
16249	0.0204081632653
17641	0.0204081632653
17790	0.0204081632653
19691	0.0204081632653
21154	0.0204081632653
23065	0.0204081632653
23240	0.0204081632653
23744	0.0204081632653
24196	0.0204081632653
26264	0.0204081632653
27004	0.0204081632653
28111	0.0204081632653
28139	0.0204081632653
29248	0.0204081632653
30054	0.0204081632653
30555	0.0204081632653
30837	0.0204081632653
30940	0.0204081632653
31377	0.0204081632653
31678	0.0204081632653
32066	0.0204081632653
33597	0.0204081632653
39922	0.0204081632653
40576	0.0204081632653
40871	0.0204081632653
41111	0.0204081632653
41900	0.0204081632653
41994	0.0204081632653
42066	0.0204081632653
42233	0.0204081632653
42682	0.0204081632653
42777	0.0204081632653
42832	0.0204081632653
43038	0.0204081632653
43123	0.0204081632653
43273	0.0204081632653
43825	0.0204081632653
44346	0.0204081632653
44377	0.0204081632653
46086	0.0204081632653
46195	0.0204081632653
47292	0.0204081632653
47327	0.0204081632653
47937	0.0204081632653
48465	0.0204081632653
49606	0.0204081632653
49964	0.0204081632653
50114	0.0204081632653
50505	0.0204081632653
51419	0.0204081632653
51865	0.0204081632653
51984	0.0204081632653
52658	0.0204081632653
53043	0.0204081632653
53223	0.0204081632653
53562	0.0204081632653
55067	0.0204081632653
58288	0.0204081632653
58715	0.0204081632653
59634	0.0204081632653
60104	0.0204081632653
12194	0.0203045685279
18556	0.0202702702703
33678	0.0202702702703
39140	0.0202702702703
3946	0.020202020202
52034	0.020202020202
34369	0.0201834862385
21801	0.0201342281879
2362	0.02
3106	0.02
3837	0.02
4115	0.02
4499	0.02
5291	0.02
6441	0.02
9386	0.02
10633	0.02
11996	0.02
12049	0.02
12086	0.02
13145	0.02
13884	0.02
15742	0.02
15830	0.02
16432	0.02
17313	0.02
18178	0.02
18731	0.02
18827	0.02
18940	0.02
19565	0.02
19842	0.02
22033	0.02
22244	0.02
22528	0.02
24391	0.02
26537	0.02
27924	0.02
27970	0.02
28094	0.02
28408	0.02
31586	0.02
32660	0.02
32777	0.02
33090	0.02
34624	0.02
34648	0.02
36022	0.02
36691	0.02
39691	0.02
39867	0.02
40570	0.02
41692	0.02
41737	0.02
41859	0.02
42131	0.02
42449	0.02
42834	0.02
43256	0.02
43386	0.02
43496	0.02
45853	0.02
46338	0.02
47054	0.02
48070	0.02
48281	0.02
48587	0.02
48876	0.02
49472	0.02
49984	0.02
50420	0.02
50605	0.02
51185	0.02
51467	0.02
51954	0.02
53159	0.02
55373	0.02
56480	0.02
56590	0.02
57892	0.02
59227	0.02
59485	0.02
59799	0.02
60312	0.02
60519	0.02
4481	0.019801980198
5219	0.019801980198
11350	0.019801980198
29010	0.019801980198
34985	0.019801980198
42399	0.019801980198
51220	0.019801980198
52345	0.019801980198
399	0.0196078431373
1232	0.0196078431373
1513	0.0196078431373
3854	0.0196078431373
3905	0.0196078431373
4749	0.0196078431373
6358	0.0196078431373
7761	0.0196078431373
9186	0.0196078431373
9742	0.0196078431373
10897	0.0196078431373
11500	0.0196078431373
12033	0.0196078431373
12297	0.0196078431373
13397	0.0196078431373
14252	0.0196078431373
14522	0.0196078431373
14884	0.0196078431373
17187	0.0196078431373
17551	0.0196078431373
20671	0.0196078431373
21279	0.0196078431373
22421	0.0196078431373
23062	0.0196078431373
23304	0.0196078431373
23363	0.0196078431373
25415	0.0196078431373
26099	0.0196078431373
26325	0.0196078431373
27038	0.0196078431373
28607	0.0196078431373
28785	0.0196078431373
29806	0.0196078431373
29839	0.0196078431373
31129	0.0196078431373
34423	0.0196078431373
34511	0.0196078431373
35222	0.0196078431373
35837	0.0196078431373
37042	0.0196078431373
38613	0.0196078431373
39349	0.0196078431373
41318	0.0196078431373
41919	0.0196078431373
41922	0.0196078431373
42034	0.0196078431373
42185	0.0196078431373
42392	0.0196078431373
42490	0.0196078431373
43072	0.0196078431373
43077	0.0196078431373
43509	0.0196078431373
43806	0.0196078431373
46235	0.0196078431373
46272	0.0196078431373
47039	0.0196078431373
47871	0.0196078431373
48126	0.0196078431373
48317	0.0196078431373
51992	0.0196078431373
52616	0.0196078431373
52777	0.0196078431373
52844	0.0196078431373
53001	0.0196078431373
53139	0.0196078431373
53186	0.0196078431373
54297	0.0196078431373
56196	0.0196078431373
56805	0.0196078431373
57108	0.0196078431373
57740	0.0196078431373
58631	0.0196078431373
59993	0.0196078431373
60401	0.0196078431373
60615	0.0196078431373
61094	0.0196078431373
36392	0.01953125
34667	0.019512195122
52638	0.019512195122
34155	0.0194805194805
41425	0.0194805194805
2852	0.0194174757282
21582	0.0194174757282
36395	0.0194174757282
42883	0.0194174757282
14352	0.0192802056555
678	0.0192307692308
1714	0.0192307692308
3529	0.0192307692308
4782	0.0192307692308
4920	0.0192307692308
6054	0.0192307692308
6334	0.0192307692308
6400	0.0192307692308
6415	0.0192307692308
7357	0.0192307692308
8128	0.0192307692308
8727	0.0192307692308
10172	0.0192307692308
11240	0.0192307692308
11425	0.0192307692308
13863	0.0192307692308
14709	0.0192307692308
15136	0.0192307692308
18228	0.0192307692308
19945	0.0192307692308
21104	0.0192307692308
21683	0.0192307692308
22344	0.0192307692308
23432	0.0192307692308
23760	0.0192307692308
24955	0.0192307692308
26248	0.0192307692308
27031	0.0192307692308
27546	0.0192307692308
28647	0.0192307692308
29300	0.0192307692308
30171	0.0192307692308
30209	0.0192307692308
30614	0.0192307692308
32034	0.0192307692308
32373	0.0192307692308
32481	0.0192307692308
32973	0.0192307692308
33253	0.0192307692308
36689	0.0192307692308
37618	0.0192307692308
37755	0.0192307692308
38078	0.0192307692308
39253	0.0192307692308
40246	0.0192307692308
40667	0.0192307692308
40917	0.0192307692308
41088	0.0192307692308
42529	0.0192307692308
42586	0.0192307692308
44593	0.0192307692308
47105	0.0192307692308
48125	0.0192307692308
49425	0.0192307692308
50908	0.0192307692308
52370	0.0192307692308
52874	0.0192307692308
53328	0.0192307692308
54237	0.0192307692308
56047	0.0192307692308
58626	0.0192307692308
59577	0.0192307692308
59906	0.0192307692308
60112	0.0192307692308
60119	0.0192307692308
61001	0.0192307692308
30802	0.0191387559809
40976	0.0191387559809
2632	0.0190476190476
15917	0.0190476190476
42556	0.0190476190476
51049	0.0190476190476
52494	0.0190476190476
28810	0.0190217391304
3548	0.0189573459716
153	0.0188679245283
1548	0.0188679245283
6265	0.0188679245283
6702	0.0188679245283
9028	0.0188679245283
11860	0.0188679245283
12588	0.0188679245283
15833	0.0188679245283
16241	0.0188679245283
16285	0.0188679245283
16302	0.0188679245283
16925	0.0188679245283
17010	0.0188679245283
18766	0.0188679245283
19107	0.0188679245283
19413	0.0188679245283
20449	0.0188679245283
21758	0.0188679245283
25184	0.0188679245283
25868	0.0188679245283
27183	0.0188679245283
27894	0.0188679245283
27955	0.0188679245283
29003	0.0188679245283
29193	0.0188679245283
30598	0.0188679245283
30677	0.0188679245283
32350	0.0188679245283
32939	0.0188679245283
34471	0.0188679245283
37238	0.0188679245283
37771	0.0188679245283
38903	0.0188679245283
39857	0.0188679245283
41099	0.0188679245283
41112	0.0188679245283
41582	0.0188679245283
42608	0.0188679245283
43293	0.0188679245283
44220	0.0188679245283
47259	0.0188679245283
47349	0.0188679245283
49159	0.0188679245283
51105	0.0188679245283
51280	0.0188679245283
51638	0.0188679245283
52330	0.0188679245283
52827	0.0188679245283
52946	0.0188679245283
53037	0.0188679245283
53233	0.0188679245283
53254	0.0188679245283
53415	0.0188679245283
53442	0.0188679245283
54316	0.0188679245283
56195	0.0188679245283
57324	0.0188679245283
57523	0.0188679245283
58759	0.0188679245283
59767	0.0188679245283
60187	0.0188679245283
60397	0.0188679245283
17566	0.0188034188034
38659	0.018779342723
2355	0.018691588785
16920	0.018691588785
27864	0.018691588785
30069	0.018691588785
30694	0.018691588785
51509	0.018691588785
51683	0.018691588785
51852	0.018691588785
1700	0.0186666666667
464	0.0185185185185
1029	0.0185185185185
1372	0.0185185185185
2655	0.0185185185185
3787	0.0185185185185
3842	0.0185185185185
4219	0.0185185185185
4971	0.0185185185185
5128	0.0185185185185
7038	0.0185185185185
7527	0.0185185185185
8015	0.0185185185185
9270	0.0185185185185
10516	0.0185185185185
10697	0.0185185185185
12433	0.0185185185185
12642	0.0185185185185
14915	0.0185185185185
16386	0.0185185185185
16641	0.0185185185185
16919	0.0185185185185
18371	0.0185185185185
19649	0.0185185185185
19688	0.0185185185185
19743	0.0185185185185
22785	0.0185185185185
23012	0.0185185185185
23610	0.0185185185185
23722	0.0185185185185
25080	0.0185185185185
25089	0.0185185185185
27550	0.0185185185185
29112	0.0185185185185
30594	0.0185185185185
30883	0.0185185185185
31927	0.0185185185185
32768	0.0185185185185
35421	0.0185185185185
36725	0.0185185185185
38596	0.0185185185185
38746	0.0185185185185
39631	0.0185185185185
41363	0.0185185185185
41897	0.0185185185185
41987	0.0185185185185
42111	0.0185185185185
43361	0.0185185185185
43428	0.0185185185185
45235	0.0185185185185
45966	0.0185185185185
46437	0.0185185185185
46745	0.0185185185185
46747	0.0185185185185
46770	0.0185185185185
48089	0.0185185185185
49215	0.0185185185185
51154	0.0185185185185
51837	0.0185185185185
53107	0.0185185185185
54249	0.0185185185185
56706	0.0185185185185
59496	0.0185185185185
59853	0.0185185185185
60565	0.0185185185185
26659	0.0183486238532
30834	0.0183486238532
30866	0.0183486238532
38307	0.0183486238532
41122	0.0183486238532
9188	0.018315018315
15228	0.0182926829268
41079	0.0182926829268
4675	0.0182648401826
47628	0.0182481751825
451	0.0181818181818
3937	0.0181818181818
4473	0.0181818181818
6494	0.0181818181818
8413	0.0181818181818
8615	0.0181818181818
10035	0.0181818181818
10162	0.0181818181818
10266	0.0181818181818
11222	0.0181818181818
20483	0.0181818181818
20820	0.0181818181818
21870	0.0181818181818
22085	0.0181818181818
23370	0.0181818181818
23608	0.0181818181818
23991	0.0181818181818
24331	0.0181818181818
25361	0.0181818181818
25386	0.0181818181818
25866	0.0181818181818
26478	0.0181818181818
28459	0.0181818181818
29824	0.0181818181818
30281	0.0181818181818
32282	0.0181818181818
33619	0.0181818181818
35679	0.0181818181818
35894	0.0181818181818
37026	0.0181818181818
37641	0.0181818181818
38505	0.0181818181818
39198	0.0181818181818
39613	0.0181818181818
40380	0.0181818181818
42447	0.0181818181818
42563	0.0181818181818
42746	0.0181818181818
43558	0.0181818181818
43785	0.0181818181818
43901	0.0181818181818
45897	0.0181818181818
51196	0.0181818181818
51457	0.0181818181818
51796	0.0181818181818
51879	0.0181818181818
52167	0.0181818181818
52191	0.0181818181818
52731	0.0181818181818
52767	0.0181818181818
52806	0.0181818181818
53296	0.0181818181818
54914	0.0181818181818
57813	0.0181818181818
59710	0.0181818181818
34145	0.018115942029
31307	0.0180995475113
11004	0.0180722891566
34637	0.0180722891566
36037	0.0180722891566
13092	0.018018018018
13634	0.018018018018
51615	0.018018018018
51623	0.018018018018
51937	0.018018018018
50863	0.0180055401662
13058	0.0179640718563
744	0.0178571428571
3211	0.0178571428571
4874	0.0178571428571
5983	0.0178571428571
9741	0.0178571428571
10128	0.0178571428571
10904	0.0178571428571
11060	0.0178571428571
11069	0.0178571428571
11485	0.0178571428571
12530	0.0178571428571
14927	0.0178571428571
15632	0.0178571428571
15692	0.0178571428571
19607	0.0178571428571
22081	0.0178571428571
23265	0.0178571428571
24247	0.0178571428571
24446	0.0178571428571
25283	0.0178571428571
26782	0.0178571428571
27190	0.0178571428571
28799	0.0178571428571
29016	0.0178571428571
29857	0.0178571428571
31412	0.0178571428571
31495	0.0178571428571
32166	0.0178571428571
32283	0.0178571428571
32752	0.0178571428571
32762	0.0178571428571
34742	0.0178571428571
35382	0.0178571428571
36241	0.0178571428571
38179	0.0178571428571
39234	0.0178571428571
40542	0.0178571428571
40983	0.0178571428571
41100	0.0178571428571
41161	0.0178571428571
41468	0.0178571428571
41677	0.0178571428571
41798	0.0178571428571
42695	0.0178571428571
43619	0.0178571428571
43771	0.0178571428571
43860	0.0178571428571
46673	0.0178571428571
50754	0.0178571428571
51412	0.0178571428571
51552	0.0178571428571
51802	0.0178571428571
52457	0.0178571428571
52561	0.0178571428571
56683	0.0178571428571
59803	0.0178571428571
60199	0.0178571428571
61093	0.0178571428571
61282	0.0178571428571
29309	0.0177865612648
1918	0.0177514792899
2070	0.0177514792899
15373	0.0177215189873
30471	0.0177215189873
8142	0.0176991150442
21298	0.0176991150442
26567	0.0176991150442
34190	0.0176991150442
41775	0.0176991150442
46731	0.0176991150442
52072	0.0176991150442
27358	0.017667844523
4035	0.0176470588235
18836	0.0176470588235
13317	0.0176211453744
2409	0.0175953079179
26	0.0175438596491
211	0.0175438596491
2109	0.0175438596491
5343	0.0175438596491
7302	0.0175438596491
8112	0.0175438596491
9350	0.0175438596491
15050	0.0175438596491
18875	0.0175438596491
19424	0.0175438596491
20192	0.0175438596491
20384	0.0175438596491
20884	0.0175438596491
21480	0.0175438596491
21637	0.0175438596491
24611	0.0175438596491
24687	0.0175438596491
26138	0.0175438596491
27428	0.0175438596491
28460	0.0175438596491
30219	0.0175438596491
30847	0.0175438596491
32102	0.0175438596491
33556	0.0175438596491
33709	0.0175438596491
35153	0.0175438596491
37570	0.0175438596491
37833	0.0175438596491
38867	0.0175438596491
41628	0.0175438596491
42536	0.0175438596491
43319	0.0175438596491
43676	0.0175438596491
45116	0.0175438596491
45119	0.0175438596491
46215	0.0175438596491
46218	0.0175438596491
48482	0.0175438596491
50976	0.0175438596491
51026	0.0175438596491
51123	0.0175438596491
51447	0.0175438596491
51577	0.0175438596491
52855	0.0175438596491
52954	0.0175438596491
55740	0.0175438596491
57491	0.0175438596491
59507	0.0175438596491
59944	0.0175438596491
60549	0.0175438596491
29705	0.0174672489083
35237	0.0174418604651
12481	0.0173913043478
42811	0.0173913043478
15207	0.0173611111111
27910	0.0173410404624
16956	0.0173010380623
202	0.0172413793103
300	0.0172413793103
2569	0.0172413793103
6782	0.0172413793103
9506	0.0172413793103
9688	0.0172413793103
11107	0.0172413793103
15122	0.0172413793103
16139	0.0172413793103
16145	0.0172413793103
16953	0.0172413793103
17421	0.0172413793103
17565	0.0172413793103
18660	0.0172413793103
19830	0.0172413793103
20168	0.0172413793103
20573	0.0172413793103
20871	0.0172413793103
21990	0.0172413793103
24864	0.0172413793103
28599	0.0172413793103
28983	0.0172413793103
29552	0.0172413793103
32478	0.0172413793103
32657	0.0172413793103
33250	0.0172413793103
34739	0.0172413793103
35381	0.0172413793103
36257	0.0172413793103
37059	0.0172413793103
37806	0.0172413793103
40181	0.0172413793103
40351	0.0172413793103
41624	0.0172413793103
41995	0.0172413793103
42247	0.0172413793103
42873	0.0172413793103
43260	0.0172413793103
43378	0.0172413793103
47025	0.0172413793103
47093	0.0172413793103
47148	0.0172413793103
47787	0.0172413793103
49859	0.0172413793103
51002	0.0172413793103
51520	0.0172413793103
51529	0.0172413793103
52033	0.0172413793103
52404	0.0172413793103
52497	0.0172413793103
53225	0.0172413793103
54233	0.0172413793103
59086	0.0172413793103
59299	0.0172413793103
60404	0.0172413793103
18515	0.017199017199
37686	0.017094017094
50958	0.017094017094
3499	0.0170575692964
1476	0.0169491525424
4212	0.0169491525424
5060	0.0169491525424
5270	0.0169491525424
5758	0.0169491525424
6396	0.0169491525424
6468	0.0169491525424
9142	0.0169491525424
9209	0.0169491525424
10306	0.0169491525424
12686	0.0169491525424
15361	0.0169491525424
16233	0.0169491525424
17705	0.0169491525424
18082	0.0169491525424
19630	0.0169491525424
20730	0.0169491525424
23120	0.0169491525424
23169	0.0169491525424
23992	0.0169491525424
24492	0.0169491525424
24560	0.0169491525424
27198	0.0169491525424
27529	0.0169491525424
28028	0.0169491525424
29367	0.0169491525424
32229	0.0169491525424
33255	0.0169491525424
34481	0.0169491525424
35028	0.0169491525424
36827	0.0169491525424
37681	0.0169491525424
37933	0.0169491525424
38676	0.0169491525424
40629	0.0169491525424
40702	0.0169491525424
41024	0.0169491525424
41333	0.0169491525424
41395	0.0169491525424
41635	0.0169491525424
41678	0.0169491525424
41824	0.0169491525424
41884	0.0169491525424
42321	0.0169491525424
42997	0.0169491525424
43275	0.0169491525424
44029	0.0169491525424
45648	0.0169491525424
46423	0.0169491525424
48305	0.0169491525424
48976	0.0169491525424
49422	0.0169491525424
52562	0.0169491525424
52936	0.0169491525424
59546	0.0169491525424
59927	0.0169491525424
59956	0.0169491525424
60424	0.0169491525424
60571	0.0169491525424
61013	0.0169491525424
1931	0.0169204737733
632	0.0168539325843
4661	0.0168067226891
4705	0.0168067226891
9609	0.0168067226891
38287	0.0168067226891
23688	0.0167865707434
4868	0.0167597765363
12585	0.0167597765363
1399	0.0167364016736
28610	0.0167364016736
41326	0.0167224080268
1788	0.0166666666667
2053	0.0166666666667
5340	0.0166666666667
5646	0.0166666666667
7303	0.0166666666667
7886	0.0166666666667
8235	0.0166666666667
10935	0.0166666666667
11484	0.0166666666667
12430	0.0166666666667
14411	0.0166666666667
15014	0.0166666666667
15686	0.0166666666667
16108	0.0166666666667
18423	0.0166666666667
19650	0.0166666666667
22233	0.0166666666667
22534	0.0166666666667
22660	0.0166666666667
23244	0.0166666666667
25392	0.0166666666667
26156	0.0166666666667
26318	0.0166666666667
26572	0.0166666666667
27082	0.0166666666667
27462	0.0166666666667
28246	0.0166666666667
29593	0.0166666666667
29595	0.0166666666667
32065	0.0166666666667
33797	0.0166666666667
34186	0.0166666666667
36131	0.0166666666667
36519	0.0166666666667
39084	0.0166666666667
41473	0.0166666666667
41621	0.0166666666667
42269	0.0166666666667
43455	0.0166666666667
44234	0.0166666666667
45775	0.0166666666667
46972	0.0166666666667
48145	0.0166666666667
50311	0.0166666666667
51873	0.0166666666667
52326	0.0166666666667
52496	0.0166666666667
52609	0.0166666666667
52721	0.0166666666667
52913	0.0166666666667
53289	0.0166666666667
60513	0.0166666666667
61217	0.0166666666667
35021	0.0166112956811
29399	0.0165975103734
45223	0.0165975103734
35047	0.0165745856354
1739	0.0165289256198
3947	0.0165289256198
13999	0.0165289256198
41778	0.0165289256198
42339	0.0165289256198
52802	0.0164835164835
29739	0.0164473684211
259	0.0164383561644
41165	0.0164383561644
1244	0.016393442623
2088	0.016393442623
7739	0.016393442623
8736	0.016393442623
11249	0.016393442623
11410	0.016393442623
13146	0.016393442623
14962	0.016393442623
17127	0.016393442623
17394	0.016393442623
18767	0.016393442623
19434	0.016393442623
19460	0.016393442623
20839	0.016393442623
21902	0.016393442623
24059	0.016393442623
24193	0.016393442623
24368	0.016393442623
26575	0.016393442623
27813	0.016393442623
32142	0.016393442623
32170	0.016393442623
33636	0.016393442623
34439	0.016393442623
38868	0.016393442623
38958	0.016393442623
39161	0.016393442623
39374	0.016393442623
40003	0.016393442623
41277	0.016393442623
41293	0.016393442623
41470	0.016393442623
41783	0.016393442623
42272	0.016393442623
42659	0.016393442623
43281	0.016393442623
43312	0.016393442623
43599	0.016393442623
43756	0.016393442623
46401	0.016393442623
47233	0.016393442623
49279	0.016393442623
50590	0.016393442623
51279	0.016393442623
52996	0.016393442623
53437	0.016393442623
59667	0.016393442623
60986	0.016393442623
61042	0.016393442623
61072	0.016393442623
618	0.0163043478261
23440	0.0163043478261
4137	0.0162601626016
4769	0.0162601626016
26874	0.0162601626016
52576	0.0162601626016
53065	0.0162601626016
23174	0.0162412993039
40893	0.0162162162162
41552	0.0162162162162
41044	0.0161616161616
109	0.0161290322581
466	0.0161290322581
4335	0.0161290322581
7162	0.0161290322581
8519	0.0161290322581
9826	0.0161290322581
10861	0.0161290322581
12115	0.0161290322581
15204	0.0161290322581
15533	0.0161290322581
18231	0.0161290322581
19443	0.0161290322581
21379	0.0161290322581
21701	0.0161290322581
22891	0.0161290322581
23692	0.0161290322581
27094	0.0161290322581
29285	0.0161290322581
31112	0.0161290322581
33351	0.0161290322581
34200	0.0161290322581
34415	0.0161290322581
34623	0.0161290322581
34649	0.0161290322581
35016	0.0161290322581
35574	0.0161290322581
35783	0.0161290322581
36208	0.0161290322581
37006	0.0161290322581
37754	0.0161290322581
38795	0.0161290322581
41703	0.0161290322581
44467	0.0161290322581
48568	0.0161290322581
50393	0.0161290322581
51269	0.0161290322581
51273	0.0161290322581
52134	0.0161290322581
52164	0.0161290322581
53251	0.0161290322581
59878	0.0161290322581
59911	0.0161290322581
60563	0.0161290322581
59133	0.016
27171	0.0159744408946
2898	0.0159574468085
19314	0.0159574468085
139	0.015873015873
862	0.015873015873
2484	0.015873015873
2830	0.015873015873
3373	0.015873015873
3881	0.015873015873
4279	0.015873015873
9691	0.015873015873
10028	0.015873015873
10483	0.015873015873
11814	0.015873015873
12864	0.015873015873
13353	0.015873015873
14599	0.015873015873
15622	0.015873015873
15823	0.015873015873
17104	0.015873015873
21529	0.015873015873
22425	0.015873015873
22546	0.015873015873
24156	0.015873015873
25015	0.015873015873
26549	0.015873015873
26941	0.015873015873
27019	0.015873015873
27294	0.015873015873
27377	0.015873015873
29082	0.015873015873
31014	0.015873015873
31459	0.015873015873
32805	0.015873015873
33207	0.015873015873
34104	0.015873015873
34665	0.015873015873
35036	0.015873015873
37796	0.015873015873
37883	0.015873015873
37938	0.015873015873
38807	0.015873015873
38817	0.015873015873
41211	0.015873015873
41588	0.015873015873
41937	0.015873015873
42599	0.015873015873
43037	0.015873015873
43116	0.015873015873
44339	0.015873015873
45032	0.015873015873
46727	0.015873015873
48532	0.015873015873
48630	0.015873015873
49284	0.015873015873
50402	0.015873015873
51839	0.015873015873
51899	0.015873015873
52704	0.015873015873
53444	0.015873015873
59520	0.015873015873
60354	0.015873015873
41045	0.0158102766798
384	0.0157894736842
712	0.0157894736842
41224	0.0157894736842
21906	0.0157480314961
37588	0.0157480314961
38861	0.0157068062827
52258	0.0156862745098
1393	0.015625
2124	0.015625
3861	0.015625
4071	0.015625
4917	0.015625
5133	0.015625
5252	0.015625
6548	0.015625
6921	0.015625
6932	0.015625
7407	0.015625
8744	0.015625
10435	0.015625
12574	0.015625
13091	0.015625
14451	0.015625
14492	0.015625
14696	0.015625
16693	0.015625
16862	0.015625
18202	0.015625
21880	0.015625
22924	0.015625
23984	0.015625
24580	0.015625
24682	0.015625
27043	0.015625
27525	0.015625
28075	0.015625
29061	0.015625
29258	0.015625
29534	0.015625
31176	0.015625
31858	0.015625
33645	0.015625
34851	0.015625
35497	0.015625
37678	0.015625
38559	0.015625
39864	0.015625
41466	0.015625
41476	0.015625
41755	0.015625
41986	0.015625
42186	0.015625
42218	0.015625
42524	0.015625
42775	0.015625
43604	0.015625
45460	0.015625
45644	0.015625
46611	0.015625
49262	0.015625
50873	0.015625
51963	0.015625
52073	0.015625
52522	0.015625
52728	0.015625
52737	0.015625
53390	0.015625
55202	0.015625
59470	0.015625
59561	0.015625
59603	0.015625
61230	0.015625
25324	0.0155844155844
2848	0.0155642023346
39209	0.0155642023346
23222	0.0155440414508
31299	0.015503875969
33564	0.015503875969
34443	0.015503875969
38585	0.015503875969
41086	0.015503875969
50855	0.015503875969
51044	0.015503875969
52645	0.015503875969
7509	0.0154639175258
27651	0.0154639175258
41060	0.0154639175258
835	0.0153846153846
2825	0.0153846153846
4009	0.0153846153846
4633	0.0153846153846
5183	0.0153846153846
8210	0.0153846153846
9208	0.0153846153846
9594	0.0153846153846
15733	0.0153846153846
18595	0.0153846153846
18926	0.0153846153846
21666	0.0153846153846
27045	0.0153846153846
30101	0.0153846153846
31675	0.0153846153846
32667	0.0153846153846
32711	0.0153846153846
32893	0.0153846153846
33661	0.0153846153846
33999	0.0153846153846
34796	0.0153846153846
38890	0.0153846153846
39059	0.0153846153846
39195	0.0153846153846
40137	0.0153846153846
40318	0.0153846153846
41412	0.0153846153846
42346	0.0153846153846
42508	0.0153846153846
42540	0.0153846153846
43259	0.0153846153846
45513	0.0153846153846
47473	0.0153846153846
48853	0.0153846153846
49256	0.0153846153846
51084	0.0153846153846
51664	0.0153846153846
51945	0.0153846153846
56073	0.0153846153846
59518	0.0153846153846
60095	0.0153846153846
60137	0.0153846153846
60515	0.0153846153846
4743	0.015306122449
17625	0.015306122449
7518	0.0152838427948
6601	0.0152671755725
37670	0.0152671755725
41200	0.0152671755725
49448	0.0152671755725
51563	0.0152671755725
13642	0.0152284263959
23415	0.0152284263959
30789	0.0152284263959
2404	0.0151515151515
4144	0.0151515151515
4449	0.0151515151515
4710	0.0151515151515
4738	0.0151515151515
5076	0.0151515151515
5098	0.0151515151515
5159	0.0151515151515
5739	0.0151515151515
7334	0.0151515151515
8542	0.0151515151515
9427	0.0151515151515
11785	0.0151515151515
14832	0.0151515151515
18930	0.0151515151515
19081	0.0151515151515
20253	0.0151515151515
20834	0.0151515151515
21232	0.0151515151515
21867	0.0151515151515
22698	0.0151515151515
22985	0.0151515151515
23990	0.0151515151515
25165	0.0151515151515
25384	0.0151515151515
25710	0.0151515151515
28532	0.0151515151515
29055	0.0151515151515
29062	0.0151515151515
29304	0.0151515151515
30705	0.0151515151515
30806	0.0151515151515
35486	0.0151515151515
36366	0.0151515151515
36809	0.0151515151515
37706	0.0151515151515
37740	0.0151515151515
37913	0.0151515151515
39642	0.0151515151515
42927	0.0151515151515
43631	0.0151515151515
43689	0.0151515151515
45140	0.0151515151515
45777	0.0151515151515
46117	0.0151515151515
46489	0.0151515151515
50649	0.0151515151515
51129	0.0151515151515
51473	0.0151515151515
51883	0.0151515151515
52237	0.0151515151515
53419	0.0151515151515
55031	0.0151515151515
59876	0.0151515151515
61246	0.0151515151515
949	0.0151260504202
41050	0.0151133501259
18699	0.0151057401813
5809	0.0150842945874
22026	0.0150753768844
41391	0.0150753768844
3575	0.015037593985
15052	0.015037593985
25027	0.015037593985
44281	0.015037593985
42954	0.015
37169	0.0149812734082
41444	0.0149812734082
1239	0.0149253731343
1756	0.0149253731343
5214	0.0149253731343
5625	0.0149253731343
6305	0.0149253731343
6375	0.0149253731343
6449	0.0149253731343
6552	0.0149253731343
8681	0.0149253731343
11204	0.0149253731343
12755	0.0149253731343
13455	0.0149253731343
19544	0.0149253731343
21323	0.0149253731343
21451	0.0149253731343
22333	0.0149253731343
32155	0.0149253731343
34297	0.0149253731343
37069	0.0149253731343
41696	0.0149253731343
42258	0.0149253731343
42555	0.0149253731343
42575	0.0149253731343
42840	0.0149253731343
43231	0.0149253731343
47304	0.0149253731343
47500	0.0149253731343
47575	0.0149253731343
49060	0.0149253731343
49406	0.0149253731343
49415	0.0149253731343
52344	0.0149253731343
59581	0.0149253731343
60547	0.0149253731343
41307	0.014880952381
39483	0.0148698884758
1390	0.0148514851485
7442	0.0148514851485
33841	0.0148423005566
9636	0.0148148148148
37104	0.0148148148148
43824	0.0148148148148
5230	0.0147783251232
12149	0.0147783251232
24522	0.0147783251232
1013	0.0147058823529
1286	0.0147058823529
1753	0.0147058823529
2942	0.0147058823529
3523	0.0147058823529
6179	0.0147058823529
6369	0.0147058823529
8268	0.0147058823529
9667	0.0147058823529
10722	0.0147058823529
15348	0.0147058823529
16858	0.0147058823529
18713	0.0147058823529
20438	0.0147058823529
21265	0.0147058823529
22294	0.0147058823529
23196	0.0147058823529
23262	0.0147058823529
24069	0.0147058823529
24336	0.0147058823529
25432	0.0147058823529
27862	0.0147058823529
28088	0.0147058823529
31028	0.0147058823529
31850	0.0147058823529
32125	0.0147058823529
38704	0.0147058823529
41133	0.0147058823529
41420	0.0147058823529
42113	0.0147058823529
42483	0.0147058823529
42491	0.0147058823529
42679	0.0147058823529
48158	0.0147058823529
48769	0.0147058823529
49257	0.0147058823529
49268	0.0147058823529
49392	0.0147058823529
50536	0.0147058823529
50938	0.0147058823529
51183	0.0147058823529
51379	0.0147058823529
51573	0.0147058823529
52546	0.0147058823529
52984	0.0147058823529
59838	0.0147058823529
5643	0.0146627565982
23666	0.0146443514644
2660	0.0146341463415
9586	0.0146341463415
23285	0.0146341463415
41116	0.0146341463415
30849	0.014598540146
52062	0.014598540146
41403	0.0145772594752
13660	0.0145631067961
2277	0.0144927536232
3077	0.0144927536232
5526	0.0144927536232
7841	0.0144927536232
8742	0.0144927536232
9337	0.0144927536232
9979	0.0144927536232
10595	0.0144927536232
11145	0.0144927536232
11185	0.0144927536232
11630	0.0144927536232
15026	0.0144927536232
16328	0.0144927536232
18632	0.0144927536232
23724	0.0144927536232
25073	0.0144927536232
25395	0.0144927536232
25441	0.0144927536232
27240	0.0144927536232
27514	0.0144927536232
28242	0.0144927536232
30525	0.0144927536232
30978	0.0144927536232
32074	0.0144927536232
33902	0.0144927536232
34668	0.0144927536232
36107	0.0144927536232
37810	0.0144927536232
38678	0.0144927536232
39744	0.0144927536232
41193	0.0144927536232
41539	0.0144927536232
42320	0.0144927536232
42433	0.0144927536232
43084	0.0144927536232
43252	0.0144927536232
44190	0.0144927536232
44310	0.0144927536232
51045	0.0144927536232
51617	0.0144927536232
51966	0.0144927536232
52009	0.0144927536232
52709	0.0144927536232
52916	0.0144927536232
54960	0.0144927536232
56967	0.0144927536232
59784	0.0144927536232
39027	0.014440433213
868	0.0143939393939
29596	0.0143884892086
32684	0.0143884892086
50250	0.0143884892086
25732	0.0143540669856
41544	0.0143540669856
40988	0.0143442622951
10287	0.0143369175627
30	0.0142857142857
72	0.0142857142857
733	0.0142857142857
2291	0.0142857142857
4440	0.0142857142857
7157	0.0142857142857
10987	0.0142857142857
12401	0.0142857142857
12953	0.0142857142857
14739	0.0142857142857
15680	0.0142857142857
16231	0.0142857142857
17679	0.0142857142857
17998	0.0142857142857
19662	0.0142857142857
24647	0.0142857142857
24970	0.0142857142857
26133	0.0142857142857
28334	0.0142857142857
30466	0.0142857142857
34861	0.0142857142857
35052	0.0142857142857
37060	0.0142857142857
40530	0.0142857142857
41305	0.0142857142857
41316	0.0142857142857
41373	0.0142857142857
41807	0.0142857142857
43127	0.0142857142857
46690	0.0142857142857
46783	0.0142857142857
49082	0.0142857142857
50954	0.0142857142857
51531	0.0142857142857
51585	0.0142857142857
51708	0.0142857142857
52461	0.0142857142857
52690	0.0142857142857
52712	0.0142857142857
52809	0.0142857142857
60130	0.0142857142857
60525	0.0142857142857
5116	0.0142180094787
23121	0.0142180094787
8839	0.0141843971631
40968	0.0141843971631
8724	0.0141509433962
31483	0.0141509433962
12423	0.0141129032258
330	0.0140845070423
785	0.0140845070423
1049	0.0140845070423
1060	0.0140845070423
1818	0.0140845070423
3638	0.0140845070423
4647	0.0140845070423
6018	0.0140845070423
7525	0.0140845070423
8659	0.0140845070423
10891	0.0140845070423
12117	0.0140845070423
12343	0.0140845070423
13173	0.0140845070423
13961	0.0140845070423
19803	0.0140845070423
20875	0.0140845070423
23106	0.0140845070423
24509	0.0140845070423
25156	0.0140845070423
26094	0.0140845070423
27452	0.0140845070423
29790	0.0140845070423
29998	0.0140845070423
31703	0.0140845070423
33817	0.0140845070423
34101	0.0140845070423
35376	0.0140845070423
36750	0.0140845070423
39934	0.0140845070423
41058	0.0140845070423
41383	0.0140845070423
42210	0.0140845070423
42640	0.0140845070423
48650	0.0140845070423
51033	0.0140845070423
51186	0.0140845070423
51188	0.0140845070423
51487	0.0140845070423
52044	0.0140845070423
52382	0.0140845070423
52503	0.0140845070423
53250	0.0140845070423
53380	0.0140845070423
61218	0.0140845070423
33895	0.0140350877193
5000	0.0140237324703
18813	0.0140186915888
1272	0.013986013986
26741	0.013986013986
41704	0.013986013986
41943	0.013986013986
47637	0.013986013986
53200	0.013986013986
32453	0.0139664804469
12610	0.0139103554869
268	0.0138888888889
1411	0.0138888888889
2293	0.0138888888889
3589	0.0138888888889
8609	0.0138888888889
11012	0.0138888888889
11569	0.0138888888889
18336	0.0138888888889
18505	0.0138888888889
19126	0.0138888888889
21557	0.0138888888889
27743	0.0138888888889
27918	0.0138888888889
30287	0.0138888888889
32439	0.0138888888889
32775	0.0138888888889
34151	0.0138888888889
36249	0.0138888888889
39335	0.0138888888889
40406	0.0138888888889
41303	0.0138888888889
41322	0.0138888888889
41519	0.0138888888889
42280	0.0138888888889
42597	0.0138888888889
43815	0.0138888888889
44538	0.0138888888889
46776	0.0138888888889
52580	0.0138888888889
52726	0.0138888888889
53298	0.0138888888889
56072	0.0138888888889
59236	0.0138888888889
61147	0.0138888888889
39709	0.013856812933
33879	0.0138248847926
4044	0.0137931034483
26868	0.0137931034483
50330	0.0137931034483
40972	0.0137741046832
16273	0.0137614678899
41610	0.0137614678899
51038	0.0137614678899
51019	0.0137299771167
39915	0.0137221269297
1120	0.013698630137
1375	0.013698630137
1666	0.013698630137
3481	0.013698630137
4506	0.013698630137
7740	0.013698630137
11258	0.013698630137
12494	0.013698630137
15198	0.013698630137
15717	0.013698630137
15982	0.013698630137
16297	0.013698630137
17069	0.013698630137
18331	0.013698630137
18956	0.013698630137
24585	0.013698630137
24889	0.013698630137
26855	0.013698630137
28717	0.013698630137
29732	0.013698630137
31309	0.013698630137
31854	0.013698630137
33971	0.013698630137
34210	0.013698630137
34622	0.013698630137
35166	0.013698630137
38291	0.013698630137
42188	0.013698630137
42345	0.013698630137
43698	0.013698630137
45237	0.013698630137
50110	0.013698630137
50173	0.013698630137
50343	0.013698630137
51058	0.013698630137
51835	0.013698630137
52109	0.013698630137
52361	0.013698630137
52557	0.013698630137
52868	0.013698630137
54298	0.013698630137
56812	0.013698630137
60338	0.013698630137
25891	0.0136363636364
937	0.0136054421769
5221	0.0136054421769
41127	0.0136054421769
44776	0.0136054421769
11232	0.0135869565217
29845	0.0135869565217
40987	0.0135869565217
4733	0.0135746606335
51112	0.0135746606335
41001	0.0135593220339
40964	0.0135501355014
54	0.0135135135135
1958	0.0135135135135
3507	0.0135135135135
5162	0.0135135135135
6383	0.0135135135135
6599	0.0135135135135
10427	0.0135135135135
10471	0.0135135135135
11126	0.0135135135135
11235	0.0135135135135
13295	0.0135135135135
14642	0.0135135135135
17591	0.0135135135135
17939	0.0135135135135
20205	0.0135135135135
20575	0.0135135135135
21690	0.0135135135135
25436	0.0135135135135
27090	0.0135135135135
27268	0.0135135135135
31010	0.0135135135135
32814	0.0135135135135
33582	0.0135135135135
34463	0.0135135135135
35973	0.0135135135135
37110	0.0135135135135
39013	0.0135135135135
40297	0.0135135135135
41282	0.0135135135135
41454	0.0135135135135
41534	0.0135135135135
42088	0.0135135135135
42149	0.0135135135135
42636	0.0135135135135
42731	0.0135135135135
43242	0.0135135135135
48253	0.0135135135135
51098	0.0135135135135
51323	0.0135135135135
51523	0.0135135135135
51591	0.0135135135135
52377	0.0135135135135
52774	0.0135135135135
53269	0.0135135135135
53443	0.0135135135135
18613	0.0134831460674
2152	0.013468013468
28405	0.013468013468
39852	0.013468013468
31536	0.0134529147982
11239	0.0134228187919
13829	0.0134228187919
29564	0.0134228187919
59611	0.0134228187919
4485	0.0134048257373
9292	0.0133928571429
39358	0.0133928571429
5593	0.0133843212237
5204	0.0133418043202
457	0.0133333333333
523	0.0133333333333
3565	0.0133333333333
6904	0.0133333333333
7437	0.0133333333333
8034	0.0133333333333
9906	0.0133333333333
10250	0.0133333333333
18298	0.0133333333333
19444	0.0133333333333
21933	0.0133333333333
23629	0.0133333333333
27541	0.0133333333333
30133	0.0133333333333
35103	0.0133333333333
35245	0.0133333333333
36060	0.0133333333333
41497	0.0133333333333
41587	0.0133333333333
42095	0.0133333333333
42273	0.0133333333333
50985	0.0133333333333
51390	0.0133333333333
51549	0.0133333333333
52734	0.0133333333333
58641	0.0133333333333
59587	0.0133333333333
59691	0.0133333333333
59817	0.0133333333333
61148	0.0133333333333
50864	0.0132890365449
6304	0.0132743362832
22572	0.0132743362832
1628	0.0132689987937
9104	0.0132450331126
18563	0.0132450331126
37599	0.0132450331126
51232	0.0132450331126
5420	0.0132211538462
8709	0.0132187706543
34169	0.0132075471698
5553	0.0131868131868
7419	0.0131752305665
948	0.0131578947368
1241	0.0131578947368
2878	0.0131578947368
2927	0.0131578947368
4399	0.0131578947368
4488	0.0131578947368
6105	0.0131578947368
11504	0.0131578947368
13061	0.0131578947368
13605	0.0131578947368
14270	0.0131578947368
15300	0.0131578947368
15720	0.0131578947368
20653	0.0131578947368
24155	0.0131578947368
25305	0.0131578947368
25554	0.0131578947368
26643	0.0131578947368
27078	0.0131578947368
29654	0.0131578947368
30874	0.0131578947368
30923	0.0131578947368
31308	0.0131578947368
32184	0.0131578947368
34207	0.0131578947368
36674	0.0131578947368
36726	0.0131578947368
37184	0.0131578947368
38701	0.0131578947368
39422	0.0131578947368
41196	0.0131578947368
42085	0.0131578947368
42516	0.0131578947368
44176	0.0131578947368
45878	0.0131578947368
45900	0.0131578947368
51001	0.0131578947368
51383	0.0131578947368
51768	0.0131578947368
53242	0.0131578947368
57790	0.0131578947368
61098	0.0131578947368
3729	0.0131332082552
3059	0.0131233595801
25078	0.0131233595801
47611	0.0131233595801
992	0.0131195335277
29360	0.0131004366812
11778	0.0130718954248
14686	0.0130718954248
44486	0.0130718954248
3788	0.0130548302872
50939	0.0130548302872
5599	0.0130293159609
56	0.012987012987
134	0.012987012987
387	0.012987012987
4761	0.012987012987
6752	0.012987012987
7731	0.012987012987
8621	0.012987012987
13086	0.012987012987
14347	0.012987012987
16720	0.012987012987
17073	0.012987012987
22000	0.012987012987
22563	0.012987012987
33577	0.012987012987
36581	0.012987012987
36743	0.012987012987
40054	0.012987012987
40677	0.012987012987
41056	0.012987012987
41961	0.012987012987
45481	0.012987012987
48977	0.012987012987
50483	0.012987012987
51567	0.012987012987
52160	0.012987012987
52699	0.012987012987
53110	0.012987012987
61215	0.012987012987
47774	0.0129533678756
5673	0.0129390018484
1853	0.0129310344828
11489	0.0129032258065
13952	0.0129032258065
15325	0.0129032258065
18199	0.0129032258065
51030	0.0129032258065
51340	0.0129032258065
53361	0.0129032258065
742	0.0128865979381
497	0.0128755364807
2084	0.0128755364807
9761	0.0128755364807
22251	0.0128755364807
31830	0.0128755364807
2150	0.0128205128205
2744	0.0128205128205
3216	0.0128205128205
4242	0.0128205128205
5419	0.0128205128205
5563	0.0128205128205
6363	0.0128205128205
7310	0.0128205128205
8906	0.0128205128205
9824	0.0128205128205
10488	0.0128205128205
10653	0.0128205128205
10694	0.0128205128205
11386	0.0128205128205
11770	0.0128205128205
14407	0.0128205128205
15206	0.0128205128205
16171	0.0128205128205
20439	0.0128205128205
21242	0.0128205128205
21412	0.0128205128205
21790	0.0128205128205
26590	0.0128205128205
26713	0.0128205128205
28825	0.0128205128205
30680	0.0128205128205
39400	0.0128205128205
41615	0.0128205128205
41679	0.0128205128205
42431	0.0128205128205
43103	0.0128205128205
43805	0.0128205128205
44375	0.0128205128205
45072	0.0128205128205
45619	0.0128205128205
46895	0.0128205128205
50287	0.0128205128205
50482	0.0128205128205
51456	0.0128205128205
51657	0.0128205128205
59618	0.0128205128205
59659	0.0128205128205
59882	0.0128205128205
60421	0.0128205128205
25453	0.0127551020408
7427	0.0127388535032
15288	0.0127388535032
19111	0.0127388535032
22319	0.0127388535032
42019	0.0127388535032
5519	0.0127334465195
9251	0.0127226463104
7261	0.0127186009539
2089	0.0127118644068
38932	0.0126903553299
2733	0.0126742712294
35563	0.0126685737638
165	0.0126582278481
1020	0.0126582278481
2202	0.0126582278481
4765	0.0126582278481
8251	0.0126582278481
11186	0.0126582278481
11824	0.0126582278481
13947	0.0126582278481
24605	0.0126582278481
26502	0.0126582278481
26760	0.0126582278481
30131	0.0126582278481
31041	0.0126582278481
35577	0.0126582278481
39179	0.0126582278481
41163	0.0126582278481
43222	0.0126582278481
43484	0.0126582278481
45105	0.0126582278481
50849	0.0126582278481
51042	0.0126582278481
51224	0.0126582278481
51248	0.0126582278481
51666	0.0126582278481
51979	0.0126582278481
53372	0.0126582278481
56215	0.0126582278481
60272	0.0126582278481
38293	0.01261829653
3515	0.0126050420168
21978	0.0126050420168
29287	0.0126050420168
9656	0.0125874125874
1167	0.0125786163522
39771	0.0125786163522
42308	0.0125786163522
41374	0.0125628140704
16449	0.012539184953
167	0.0125
1903	0.0125
2196	0.0125
5552	0.0125
7715	0.0125
9130	0.0125
10967	0.0125
12325	0.0125
13254	0.0125
14390	0.0125
15192	0.0125
19534	0.0125
19792	0.0125
19840	0.0125
21353	0.0125
22922	0.0125
24437	0.0125
27209	0.0125
28379	0.0125
28976	0.0125
30792	0.0125
32246	0.0125
32550	0.0125
35420	0.0125
39366	0.0125
39550	0.0125
40633	0.0125
41247	0.0125
44425	0.0125
45776	0.0125
50912	0.0125
52465	0.0125
2613	0.0124826629681
7340	0.0124481327801
38822	0.0124378109453
2171	0.0124223602484
7175	0.0124223602484
34143	0.0124223602484
40969	0.0124223602484
41108	0.0124223602484
41819	0.0124223602484
50879	0.0124223602484
18278	0.0123839009288
1169	0.0123456790123
2211	0.0123456790123
2656	0.0123456790123
3859	0.0123456790123
4276	0.0123456790123
4527	0.0123456790123
12753	0.0123456790123
12776	0.0123456790123
15021	0.0123456790123
16192	0.0123456790123
17264	0.0123456790123
17602	0.0123456790123
17692	0.0123456790123
18291	0.0123456790123
21835	0.0123456790123
22625	0.0123456790123
23090	0.0123456790123
25444	0.0123456790123
26652	0.0123456790123
28437	0.0123456790123
28559	0.0123456790123
30782	0.0123456790123
30967	0.0123456790123
35972	0.0123456790123
37735	0.0123456790123
37985	0.0123456790123
41289	0.0123456790123
41827	0.0123456790123
42012	0.0123456790123
42211	0.0123456790123
42484	0.0123456790123
43461	0.0123456790123
43463	0.0123456790123
46515	0.0123456790123
51281	0.0123456790123
51391	0.0123456790123
51468	0.0123456790123
52273	0.0123456790123
52930	0.0123456790123
53000	0.0123456790123
8732	0.012323943662
3793	0.0122699386503
29543	0.0122699386503
35920	0.0122699386503
60331	0.0122699386503
41106	0.0122324159021
14207	0.0122249388753
29218	0.0122249388753
2153	0.0121951219512
2480	0.0121951219512
4221	0.0121951219512
8873	0.0121951219512
9822	0.0121951219512
10468	0.0121951219512
10750	0.0121951219512
12057	0.0121951219512
16397	0.0121951219512
19404	0.0121951219512
21550	0.0121951219512
24031	0.0121951219512
27500	0.0121951219512
28323	0.0121951219512
28536	0.0121951219512
32589	0.0121951219512
34348	0.0121951219512
38051	0.0121951219512
41192	0.0121951219512
42854	0.0121951219512
45163	0.0121951219512
45884	0.0121951219512
46674	0.0121951219512
49749	0.0121951219512
51370	0.0121951219512
52736	0.0121951219512
55722	0.0121951219512
59701	0.0121951219512
6444	0.0121580547112
778	0.0120481927711
867	0.0120481927711
3749	0.0120481927711
4702	0.0120481927711
5498	0.0120481927711
9447	0.0120481927711
13271	0.0120481927711
18679	0.0120481927711
19321	0.0120481927711
20465	0.0120481927711
20789	0.0120481927711
22876	0.0120481927711
22949	0.0120481927711
25431	0.0120481927711
28477	0.0120481927711
28627	0.0120481927711
29212	0.0120481927711
29444	0.0120481927711
31516	0.0120481927711
34929	0.0120481927711
41372	0.0120481927711
42044	0.0120481927711
42087	0.0120481927711
42424	0.0120481927711
43794	0.0120481927711
46441	0.0120481927711
46469	0.0120481927711
47638	0.0120481927711
49403	0.0120481927711
49413	0.0120481927711
51709	0.0120481927711
53102	0.0120481927711
33762	0.0120240480962
870	0.0120192307692
35514	0.0120192307692
4582	0.0119760479042
7451	0.0119760479042
11727	0.0119595216191
893	0.0119521912351
34548	0.0119402985075
645	0.0119047619048
1237	0.0119047619048
1361	0.0119047619048
1369	0.0119047619048
3093	0.0119047619048
3189	0.0119047619048
3273	0.0119047619048
4712	0.0119047619048
7281	0.0119047619048
7415	0.0119047619048
7444	0.0119047619048
14672	0.0119047619048
16228	0.0119047619048
22831	0.0119047619048
29379	0.0119047619048
30585	0.0119047619048
35508	0.0119047619048
41110	0.0119047619048
41479	0.0119047619048
42197	0.0119047619048
43348	0.0119047619048
44333	0.0119047619048
44862	0.0119047619048
45636	0.0119047619048
49431	0.0119047619048
52743	0.0119047619048
52963	0.0119047619048
5231	0.0118863049096
41583	0.0118443316413
6360	0.0118343195266
17315	0.0118343195266
32318	0.0118343195266
39324	0.0118343195266
41198	0.0118343195266
684	0.0117994100295
23782	0.0117878192534
1175	0.0117647058824
4015	0.0117647058824
5881	0.0117647058824
6928	0.0117647058824
7095	0.0117647058824
7470	0.0117647058824
9589	0.0117647058824
10050	0.0117647058824
11743	0.0117647058824
16944	0.0117647058824
18304	0.0117647058824
20098	0.0117647058824
22362	0.0117647058824
23531	0.0117647058824
23999	0.0117647058824
24980	0.0117647058824
26191	0.0117647058824
32406	0.0117647058824
35039	0.0117647058824
35860	0.0117647058824
37001	0.0117647058824
39341	0.0117647058824
40370	0.0117647058824
42332	0.0117647058824
42701	0.0117647058824
43679	0.0117647058824
44528	0.0117647058824
45068	0.0117647058824
48181	0.0117647058824
48498	0.0117647058824
48981	0.0117647058824
51454	0.0117647058824
51767	0.0117647058824
51813	0.0117647058824
52176	0.0117647058824
52642	0.0117647058824
56368	0.0117647058824
5100	0.0117302052786
2722	0.01171875
10727	0.01171875
27063	0.0116959064327
30635	0.0116959064327
4523	0.011673151751
21331	0.011673151751
253	0.0116402116402
1135	0.0116279069767
4280	0.0116279069767
5390	0.0116279069767
10928	0.0116279069767
14276	0.0116279069767
15596	0.0116279069767
15963	0.0116279069767
22663	0.0116279069767
24691	0.0116279069767
25439	0.0116279069767
29608	0.0116279069767
30778	0.0116279069767
31478	0.0116279069767
32651	0.0116279069767
33004	0.0116279069767
33273	0.0116279069767
34192	0.0116279069767
36356	0.0116279069767
41149	0.0116279069767
41442	0.0116279069767
44500	0.0116279069767
47630	0.0116279069767
51133	0.0116279069767
51217	0.0116279069767
51891	0.0116279069767
52472	0.0116279069767
53348	0.0116279069767
55884	0.0116279069767
12121	0.0115942028986
15636	0.0115740740741
39447	0.0115740740741
1752	0.0115606936416
4977	0.0115606936416
28709	0.0115606936416
38907	0.0115606936416
50963	0.0115606936416
51415	0.0115606936416
52240	0.0115606936416
17938	0.0115384615385
21523	0.0115384615385
35728	0.0115273775216
38987	0.0115273775216
40979	0.0115273775216
890	0.0114942528736
1111	0.0114942528736
3114	0.0114942528736
3867	0.0114942528736
5120	0.0114942528736
5649	0.0114942528736
6136	0.0114942528736
17331	0.0114942528736
17462	0.0114942528736
18506	0.0114942528736
18522	0.0114942528736
19965	0.0114942528736
21912	0.0114942528736
23648	0.0114942528736
25140	0.0114942528736
27226	0.0114942528736
29431	0.0114942528736
32889	0.0114942528736
33840	0.0114942528736
36941	0.0114942528736
41140	0.0114942528736
41255	0.0114942528736
42013	0.0114942528736
44031	0.0114942528736
51339	0.0114942528736
52112	0.0114942528736
53174	0.0114942528736
59872	0.0114942528736
32811	0.0114503816794
41274	0.0114503816794
2028	0.0114285714286
9646	0.0114285714286
39874	0.0114285714286
41287	0.0114285714286
41018	0.0114068441065
17715	0.011396011396
27527	0.011396011396
1422	0.0113924050633
39136	0.0113895216401
644	0.0113636363636
2829	0.0113636363636
3398	0.0113636363636
5055	0.0113636363636
5144	0.0113636363636
6075	0.0113636363636
9653	0.0113636363636
9749	0.0113636363636
11123	0.0113636363636
17007	0.0113636363636
17098	0.0113636363636
22896	0.0113636363636
24109	0.0113636363636
25050	0.0113636363636
25475	0.0113636363636
26650	0.0113636363636
26924	0.0113636363636
31105	0.0113636363636
34254	0.0113636363636
34735	0.0113636363636
37591	0.0113636363636
41205	0.0113636363636
41866	0.0113636363636
42368	0.0113636363636
50527	0.0113636363636
51297	0.0113636363636
51519	0.0113636363636
52156	0.0113636363636
52297	0.0113636363636
53214	0.0113636363636
2127	0.011320754717
27642	0.0112994350282
38262	0.0112994350282
51254	0.0112994350282
21648	0.0112781954887
31882	0.0112781954887
26893	0.0112676056338
2515	0.0112612612613
38925	0.0112540192926
1690	0.0112359550562
2284	0.0112359550562
4876	0.0112359550562
8218	0.0112359550562
10315	0.0112359550562
10729	0.0112359550562
13119	0.0112359550562
14022	0.0112359550562
14189	0.0112359550562
14663	0.0112359550562
14714	0.0112359550562
16943	0.0112359550562
21806	0.0112359550562
27684	0.0112359550562
28043	0.0112359550562
34350	0.0112359550562
34694	0.0112359550562
38671	0.0112359550562
41033	0.0112359550562
41467	0.0112359550562
41625	0.0112359550562
41883	0.0112359550562
42099	0.0112359550562
43663	0.0112359550562
47294	0.0112359550562
47431	0.0112359550562
51201	0.0112359550562
51246	0.0112359550562
51724	0.0112359550562
51983	0.0112359550562
7312	0.0112201963534
2463	0.011214953271
1680	0.0111940298507
30980	0.0111856823266
10010	0.0111731843575
12777	0.0111731843575
4578	0.011170212766
37111	0.0111642743222
4390	0.0111524163569
27927	0.0111524163569
41270	0.0111524163569
210	0.0111111111111
5267	0.0111111111111
5395	0.0111111111111
5597	0.0111111111111
9598	0.0111111111111
11519	0.0111111111111
12641	0.0111111111111
15515	0.0111111111111
16593	0.0111111111111
16958	0.0111111111111
20070	0.0111111111111
21281	0.0111111111111
23395	0.0111111111111
23742	0.0111111111111
24862	0.0111111111111
25115	0.0111111111111
25703	0.0111111111111
26657	0.0111111111111
26660	0.0111111111111
27236	0.0111111111111
29515	0.0111111111111
33781	0.0111111111111
34901	0.0111111111111
37989	0.0111111111111
38968	0.0111111111111
40177	0.0111111111111
41027	0.0111111111111
43277	0.0111111111111
43723	0.0111111111111
49899	0.0111111111111
51086	0.0111111111111
52336	0.0111111111111
52904	0.0111111111111
53407	0.0111111111111
60086	0.0111111111111
4173	0.0110864745011
14122	0.0110497237569
41066	0.0110497237569
41073	0.0110497237569
44847	0.0110497237569
51676	0.0110497237569
13111	0.0110336817654
695	0.010989010989
6832	0.010989010989
7468	0.010989010989
9647	0.010989010989
13383	0.010989010989
16784	0.010989010989
22247	0.010989010989
29332	0.010989010989
33051	0.010989010989
36934	0.010989010989
37380	0.010989010989
37762	0.010989010989
46654	0.010989010989
50893	0.010989010989
51003	0.010989010989
51179	0.010989010989
51965	0.010989010989
52864	0.010989010989
56118	0.010989010989
60001	0.010989010989
17987	0.0109589041096
25586	0.0109409190372
874	0.0109289617486
14833	0.0109289617486
17586	0.0109289617486
27404	0.0109090909091
1898	0.0108695652174
4490	0.0108695652174
6505	0.0108695652174
6517	0.0108695652174
12394	0.0108695652174
15589	0.0108695652174
16501	0.0108695652174
18437	0.0108695652174
18543	0.0108695652174
22513	0.0108695652174
30922	0.0108695652174
32725	0.0108695652174
33614	0.0108695652174
42713	0.0108695652174
44120	0.0108695652174
46722	0.0108695652174
59759	0.0108695652174
3535	0.0108401084011
9642	0.0108303249097
5206	0.0108108108108
10248	0.0108108108108
17152	0.0108108108108
23299	0.0108108108108
24429	0.0108108108108
33922	0.0108108108108
41609	0.0108108108108
18607	0.0107913669065
40971	0.0107913669065
1118	0.0107868020305
19601	0.0107836089145
363	0.010752688172
1685	0.010752688172
5865	0.010752688172
7293	0.010752688172
13063	0.010752688172
14695	0.010752688172
14710	0.010752688172
18108	0.010752688172
24487	0.010752688172
24740	0.010752688172
27517	0.010752688172
32689	0.010752688172
33527	0.010752688172
34785	0.010752688172
34792	0.010752688172
35030	0.010752688172
38452	0.010752688172
40139	0.010752688172
41672	0.010752688172
42959	0.010752688172
43616	0.010752688172
50146	0.010752688172
51805	0.010752688172
51880	0.010752688172
52080	0.010752688172
11675	0.0107296137339
29591	0.0107238605898
41164	0.0107142857143
2007	0.0106951871658
18129	0.0106951871658
32935	0.0106951871658
49398	0.0106951871658
11	0.0106485963214
5715	0.0106382978723
6221	0.0106382978723
7161	0.0106382978723
16963	0.0106382978723
22741	0.0106382978723
23750	0.0106382978723
25383	0.0106382978723
25466	0.0106382978723
28797	0.0106382978723
29928	0.0106382978723
30007	0.0106382978723
32917	0.0106382978723
32988	0.0106382978723
36078	0.0106382978723
36390	0.0106382978723
41251	0.0106382978723
43585	0.0106382978723
50204	0.0106382978723
50868	0.0106382978723
51050	0.0106382978723
51117	0.0106382978723
53173	0.0106382978723
23786	0.0106100795756
13339	0.0106060606061
4654	0.0106044538706
76	0.010603588907
4135	0.010582010582
6213	0.010582010582
18301	0.010582010582
29854	0.010582010582
213	0.0105263157895
689	0.0105263157895
4405	0.0105263157895
11556	0.0105263157895
15233	0.0105263157895
17699	0.0105263157895
23667	0.0105263157895
28452	0.0105263157895
28500	0.0105263157895
40356	0.0105263157895
40962	0.0105263157895
41184	0.0105263157895
41194	0.0105263157895
41908	0.0105263157895
42096	0.0105263157895
42396	0.0105263157895
42714	0.0105263157895
51462	0.0105263157895
51464	0.0105263157895
52488	0.0105263157895
52573	0.0105263157895
37427	0.0104895104895
5112	0.0104712041885
20335	0.0104712041885
40989	0.0104712041885
36398	0.0104662226451
18960	0.0104651162791
29861	0.010460251046
846	0.0104166666667
1199	0.0104166666667
5513	0.0104166666667
12998	0.0104166666667
14002	0.0104166666667
17691	0.0104166666667
21310	0.0104166666667
29617	0.0104166666667
29778	0.0104166666667
30751	0.0104166666667
34670	0.0104166666667
35198	0.0104166666667
36635	0.0104166666667
39926	0.0104166666667
41381	0.0104166666667
41717	0.0104166666667
48998	0.0104166666667
51925	0.0104166666667
52128	0.0104166666667
52131	0.0104166666667
52931	0.0104166666667
59648	0.0104166666667
3365	0.0103926096998
20075	0.0103734439834
2403	0.0103626943005
41048	0.0103626943005
4644	0.0103359173127
22744	0.0103359173127
1490	0.0103092783505
7330	0.0103092783505
15357	0.0103092783505
16305	0.0103092783505
17956	0.0103092783505
23284	0.0103092783505
23712	0.0103092783505
25113	0.0103092783505
28721	0.0103092783505
33780	0.0103092783505
34658	0.0103092783505
34824	0.0103092783505
35262	0.0103092783505
35413	0.0103092783505
35971	0.0103092783505
37845	0.0103092783505
41334	0.0103092783505
41616	0.0103092783505
41762	0.0103092783505
42531	0.0103092783505
42626	0.0103092783505
42643	0.0103092783505
45793	0.0103092783505
50056	0.0103092783505
52928	0.0103092783505
6427	0.0102790014684
33887	0.0102564102564
631	0.0102249488753
25738	0.0102214650767
2574	0.0102040816327
2748	0.0102040816327
3553	0.0102040816327
4409	0.0102040816327
5677	0.0102040816327
8279	0.0102040816327
11550	0.0102040816327
13099	0.0102040816327
17275	0.0102040816327
17280	0.0102040816327
17668	0.0102040816327
17735	0.0102040816327
32432	0.0102040816327
32803	0.0102040816327
33930	0.0102040816327
38332	0.0102040816327
40689	0.0102040816327
41075	0.0102040816327
41483	0.0102040816327
43017	0.0102040816327
43179	0.0102040816327
51012	0.0102040816327
51157	0.0102040816327
51498	0.0102040816327
52064	0.0102040816327
52738	0.0102040816327
59536	0.0102040816327
38191	0.0101809954751
7317	0.0101781170483
26805	0.0101724900487
2934	0.010152284264
5622	0.010152284264
13064	0.010152284264
27535	0.0101156069364
2381	0.0101137800253
1612	0.010101010101
5679	0.010101010101
8739	0.010101010101
11359	0.010101010101
15381	0.010101010101
19416	0.010101010101
20418	0.010101010101
22554	0.010101010101
33301	0.010101010101
34691	0.010101010101
34998	0.010101010101
38569	0.010101010101
38995	0.010101010101
41169	0.010101010101
42618	0.010101010101
43298	0.010101010101
51029	0.010101010101
51178	0.010101010101
52296	0.010101010101
59547	0.010101010101
29992	0.010067114094
7344	0.0100502512563
10157	0.0100502512563
11128	0.0100502512563
21662	0.0100502512563
51145	0.0100502512563
51838	0.0100502512563
35703	0.0100401606426
287	0.01
2354	0.01
7197	0.01
12421	0.01
12838	0.01
12860	0.01
14126	0.01
18387	0.01
18835	0.01
28745	0.01
30679	0.01
34121	0.01
38682	0.01
39320	0.01
40923	0.01
42790	0.01
44525	0.01
51401	0.01
52239	0.01
41016	0.00997861724875
2313	0.00996677740864
30691	0.00996677740864
31138	0.00996677740864
33142	0.00996677740864
6679	0.00995024875622
14862	0.00995024875622
50933	0.00995024875622
51168	0.00995024875622
3116	0.00993377483444
28407	0.0099173553719
830	0.00990099009901
3761	0.00990099009901
14343	0.00990099009901
22050	0.00990099009901
26765	0.00990099009901
27070	0.00990099009901
28719	0.00990099009901
31327	0.00990099009901
34241	0.00990099009901
39194	0.00990099009901
39342	0.00990099009901
41397	0.00990099009901
42014	0.00990099009901
42460	0.00990099009901
44602	0.00990099009901
51037	0.00990099009901
52581	0.00990099009901
53048	0.00990099009901
54435	0.00990099009901
13955	0.00988467874794
29863	0.00988467874794
2	0.0098814229249
16420	0.00985221674877
26890	0.00985221674877
48076	0.00985221674877
22929	0.00983020554066
35809	0.00982800982801
2937	0.00980392156863
4075	0.00980392156863
7180	0.00980392156863
17278	0.00980392156863
23211	0.00980392156863
25405	0.00980392156863
28443	0.00980392156863
37592	0.00980392156863
38864	0.00980392156863
40992	0.00980392156863
41349	0.00980392156863
41438	0.00980392156863
41527	0.00980392156863
51158	0.00980392156863
51712	0.00980392156863
37775	0.00977198697068
869	0.00976324139614
51394	0.00975609756098
38793	0.00974212034384
2618	0.00970873786408
2745	0.00970873786408
3139	0.00970873786408
10110	0.00970873786408
11558	0.00970873786408
14649	0.00970873786408
16969	0.00970873786408
20675	0.00970873786408
23001	0.00970873786408
24017	0.00970873786408
24104	0.00970873786408
26233	0.00970873786408
26777	0.00970873786408
29530	0.00970873786408
30794	0.00970873786408
32087	0.00970873786408
34950	0.00970873786408
36411	0.00970873786408
42354	0.00970873786408
42576	0.00970873786408
42675	0.00970873786408
44485	0.00970873786408
4708	0.00968188105118
22070	0.00966183574879
33862	0.00966183574879
19598	0.00962772785623
2874	0.00961538461538
5145	0.00961538461538
7084	0.00961538461538
7295	0.00961538461538
7449	0.00961538461538
8466	0.00961538461538
11430	0.00961538461538
11559	0.00961538461538
18414	0.00961538461538
18503	0.00961538461538
20315	0.00961538461538
20630	0.00961538461538
22743	0.00961538461538
23944	0.00961538461538
28712	0.00961538461538
28734	0.00961538461538
29746	0.00961538461538
32974	0.00961538461538
36120	0.00961538461538
41430	0.00961538461538
41916	0.00961538461538
42925	0.00961538461538
53029	0.00961538461538
53184	0.00961538461538
59792	0.00961538461538
41364	0.00958466453674
5432	0.00958247775496
1456	0.00956937799043
19338	0.00956937799043
52383	0.00956937799043
947	0.00952380952381
18698	0.00952380952381
19572	0.00952380952381
23275	0.00952380952381
27874	0.00952380952381
30973	0.00952380952381
30976	0.00952380952381
41040	0.00952380952381
41620	0.00952380952381
42103	0.00952380952381
48246	0.00952380952381
50934	0.00952380952381
51336	0.00952380952381
51655	0.00952380952381
51820	0.00952380952381
52170	0.00952380952381
52255	0.00952380952381
2840	0.00949913644214
2037	0.00949796472185
3747	0.00949367088608
5460	0.00949367088608
17711	0.00948766603416
4396	0.0094696969697
42156	0.00945626477541
775	0.00943396226415
2644	0.00943396226415
14823	0.00943396226415
23248	0.00943396226415
29804	0.00943396226415
30085	0.00943396226415
31400	0.00943396226415
32832	0.00943396226415
37778	0.00943396226415
38661	0.00943396226415
42056	0.00943396226415
42389	0.00943396226415
43872	0.00943396226415
50935	0.00943396226415
50994	0.00943396226415
51506	0.00943396226415
51589	0.00943396226415
52549	0.00943396226415
25937	0.00940438871473
39585	0.00940438871473
10792	0.0093896713615
37776	0.0093896713615
11746	0.009375
1231	0.00934579439252
2276	0.00934579439252
2387	0.00934579439252
3022	0.00934579439252
3534	0.00934579439252
3684	0.00934579439252
16357	0.00934579439252
17442	0.00934579439252
19469	0.00934579439252
20481	0.00934579439252
22864	0.00934579439252
30195	0.00934579439252
33864	0.00934579439252
34276	0.00934579439252
41968	0.00934579439252
51102	0.00934579439252
52476	0.00934579439252
52629	0.00934579439252
53136	0.00934579439252
59607	0.00934579439252
61411	0.00934579439252
19090	0.00931677018634
17277	0.0093023255814
18374	0.0093023255814
42378	0.0093023255814
41068	0.0092936802974
3445	0.00928792569659
859	0.00925925925926
1048	0.00925925925926
3991	0.00925925925926
5367	0.00925925925926
5528	0.00925925925926
14181	0.00925925925926
16209	0.00925925925926
18183	0.00925925925926
22332	0.00925925925926
25047	0.00925925925926
27731	0.00925925925926
34115	0.00925925925926
35480	0.00925925925926
38642	0.00925925925926
41754	0.00925925925926
43016	0.00925925925926
43195	0.00925925925926
52043	0.00925925925926
2448	0.00923076923077
6772	0.00921658986175
18456	0.00921658986175
24173	0.00921658986175
9538	0.00921273031826
34858	0.00920810313076
42912	0.00920245398773
11079	0.00917431192661
12188	0.00917431192661
17355	0.00917431192661
18366	0.00917431192661
30812	0.00917431192661
33720	0.00917431192661
42813	0.00917431192661
44270	0.00917431192661
45200	0.00917431192661
52227	0.00917431192661
60334	0.00917431192661
6954	0.00914634146341
4518	0.00914235959948
32483	0.00913242009132
34073	0.00913242009132
44456	0.00913242009132
18307	0.00912200684151
652	0.00909090909091
3253	0.00909090909091
3843	0.00909090909091
4510	0.00909090909091
9924	0.00909090909091
14511	0.00909090909091
14527	0.00909090909091
24833	0.00909090909091
27052	0.00909090909091
28456	0.00909090909091
29095	0.00909090909091
38547	0.00909090909091
41428	0.00909090909091
41712	0.00909090909091
42029	0.00909090909091
51847	0.00909090909091
53282	0.00909090909091
4655	0.00908784920902
1380	0.00907029478458
20506	0.00906735751295
29145	0.00906344410876
4563	0.00905797101449
30938	0.00904977375566
5157	0.00902708124373
14750	0.00901916572717
4937	0.00901803607214
3204	0.00900900900901
5754	0.00900900900901
20080	0.00900900900901
22881	0.00900900900901
33704	0.00900900900901
35630	0.00900900900901
36409	0.00900900900901
39336	0.00900900900901
40208	0.00900900900901
40569	0.00900900900901
41114	0.00900900900901
41313	0.00900900900901
41380	0.00900900900901
43327	0.00900900900901
45459	0.00900900900901
47995	0.00900900900901
49465	0.00900900900901
50911	0.00900900900901
51422	0.00900900900901
51470	0.00900900900901
52231	0.00900900900901
2419	0.00899742930591
1064	0.00899550224888
41227	0.00896860986547
50980	0.00896860986547
34367	0.00894454382826
3876	0.00892857142857
12475	0.00892857142857
17095	0.00892857142857
23605	0.00892857142857
29005	0.00892857142857
41175	0.00892857142857
43338	0.00892857142857
50494	0.00892857142857
52981	0.00892857142857
5512	0.00890207715134
16076	0.00888888888889
21507	0.00888888888889
29902	0.00888888888889
36686	0.00888888888889
35958	0.00887573964497
22383	0.00886766712142
921	0.00886524822695
2216	0.00884955752212
2321	0.00884955752212
4502	0.00884955752212
6339	0.00884955752212
7311	0.00884955752212
16073	0.00884955752212
17027	0.00884955752212
18192	0.00884955752212
19465	0.00884955752212
24698	0.00884955752212
29582	0.00884955752212
38530	0.00884955752212
41856	0.00884955752212
42932	0.00884955752212
44136	0.00884955752212
47918	0.00884955752212
50291	0.00884955752212
51343	0.00884955752212
52102	0.00884955752212
59617	0.00884955752212
40995	0.00882723833544
3720	0.0088161209068
2169	0.00881057268722
22524	0.00881057268722
41452	0.00881057268722
32862	0.00880281690141
6812	0.0088
1365	0.00877192982456
3866	0.00877192982456
4515	0.00877192982456
7346	0.00877192982456
11223	0.00877192982456
12597	0.00877192982456
30943	0.00877192982456
31634	0.00877192982456
33934	0.00877192982456
34659	0.00877192982456
39213	0.00877192982456
41098	0.00877192982456
41102	0.00877192982456
41147	0.00877192982456
41530	0.00877192982456
42398	0.00877192982456
43813	0.00877192982456
56496	0.00877192982456
4430	0.00876552227904
35045	0.00873362445415
730	0.00869565217391
1553	0.00869565217391
1618	0.00869565217391
4439	0.00869565217391
6693	0.00869565217391
21337	0.00869565217391
21795	0.00869565217391
35275	0.00869565217391
35701	0.00869565217391
43269	0.00869565217391
50959	0.00869565217391
39785	0.00868725868726
40289	0.00867678958785
4951	0.00865800865801
32418	0.00865800865801
27489	0.00863557858377
10607	0.00862068965517
21715	0.00862068965517
26715	0.00862068965517
27387	0.00862068965517
29603	0.00862068965517
37046	0.00862068965517
40202	0.00862068965517
40477	0.00862068965517
41030	0.00862068965517
41047	0.00862068965517
41581	0.00862068965517
42182	0.00862068965517
43920	0.00862068965517
51055	0.00862068965517
51290	0.00862068965517
57798	0.00862068965517
34224	0.00858369098712
492	0.00854700854701
1146	0.00854700854701
24717	0.00854700854701
26195	0.00854700854701
28369	0.00854700854701
30020	0.00854700854701
30619	0.00854700854701
41972	0.00854700854701
43391	0.00854700854701
52079	0.00854700854701
11201	0.00853242320819
1497	0.0085242408098
1364	0.00852272727273
16927	0.00852272727273
2595	0.00851063829787
5218	0.00850340136054
763	0.00847457627119
2720	0.00847457627119
3480	0.00847457627119
5656	0.00847457627119
7533	0.00847457627119
10103	0.00847457627119
17556	0.00847457627119
18673	0.00847457627119
19506	0.00847457627119
22843	0.00847457627119
35431	0.00847457627119
41880	0.00847457627119
12467	0.00845070422535
17008	0.00845070422535
9625	0.0084388185654
1528	0.00840336134454
1740	0.00840336134454
7301	0.00840336134454
7341	0.00840336134454
7654	0.00840336134454
9601	0.00840336134454
14505	0.00840336134454
15306	0.00840336134454
18604	0.00840336134454
21727	0.00840336134454
21983	0.00840336134454
22113	0.00840336134454
25400	0.00840336134454
53234	0.00840336134454
13056	0.00837520938023
12182	0.00836820083682
28832	0.00836820083682
41308	0.00836820083682
42328	0.00836820083682
40982	0.008356545961
123	0.00833333333333
218	0.00833333333333
7280	0.00833333333333
11775	0.00833333333333
18317	0.00833333333333
18361	0.00833333333333
25295	0.00833333333333
29933	0.00833333333333
34619	0.00833333333333
37737	0.00833333333333
41171	0.00833333333333
51967	0.00833333333333
53342	0.00833333333333
4764	0.00832177531207
18777	0.00830564784053
5056	0.00829875518672
1068	0.00826446280992
2288	0.00826446280992
4814	0.00826446280992
10082	0.00826446280992
16447	0.00826446280992
31220	0.00826446280992
34486	0.00826446280992
42344	0.00826446280992
43150	0.00826446280992
50979	0.00826446280992
51193	0.00826446280992
511	0.00824175824176
41156	0.00824175824176
2067	0.00819672131148
3542	0.00819672131148
4398	0.00819672131148
5774	0.00819672131148
8890	0.00819672131148
9588	0.00819672131148
10388	0.00819672131148
32778	0.00819672131148
34525	0.00819672131148
35968	0.00819672131148
37392	0.00819672131148
41366	0.00819672131148
41521	0.00819672131148
41608	0.00819672131148
41711	0.00819672131148
51242	0.00819672131148
51792	0.00819672131148
51795	0.00819672131148
52415	0.00819672131148
21545	0.0081799591002
21458	0.00816326530612
27051	0.00816326530612
11553	0.00813008130081
13385	0.00813008130081
25221	0.00813008130081
32490	0.00813008130081
33599	0.00813008130081
41370	0.00813008130081
41833	0.00813008130081
52615	0.00813008130081
52817	0.00813008130081
60068	0.00813008130081
38203	0.0081212777477
5237	0.00811907983762
48572	0.00808625336927
3943	0.00806451612903
4452	0.00806451612903
5693	0.00806451612903
6353	0.00806451612903
10343	0.00806451612903
17611	0.00806451612903
20529	0.00806451612903
21375	0.00806451612903
23619	0.00806451612903
29277	0.00806451612903
41525	0.00806451612903
46620	0.00806451612903
49335	0.00806451612903
51341	0.00806451612903
53060	0.00806451612903
22579	0.00802139037433
11169	0.00801603206413
112	0.008
1638	0.008
7349	0.008
10013	0.008
18974	0.008
31298	0.008
33990	0.008
39473	0.008
41019	0.008
41113	0.008
41340	0.008
2142	0.00797872340426
1902	0.00797607178465
5918	0.00796812749004
11230	0.00796812749004
38492	0.00796812749004
4916	0.0079575596817
34147	0.0079575596817
7124	0.00793650793651
8189	0.00793650793651
13006	0.00793650793651
14656	0.00793650793651
18223	0.00793650793651
36894	0.00793650793651
37752	0.00793650793651
40936	0.00793650793651
41201	0.00793650793651
41271	0.00793650793651
41382	0.00793650793651
41385	0.00793650793651
43575	0.00793650793651
48221	0.00793650793651
52416	0.00793650793651
27890	0.0079275198188
8767	0.00787401574803
8901	0.00787401574803
10973	0.00787401574803
41481	0.00787401574803
51234	0.00787401574803
41034	0.00785340314136
2344	0.0078431372549
2787	0.0078431372549
29453	0.00783289817232
3531	0.0078125
15188	0.0078125
18234	0.0078125
20752	0.0078125
22426	0.0078125
34168	0.0078125
41083	0.0078125
41653	0.0078125
52560	0.0078125
50851	0.00778210116732
50875	0.00778210116732
51721	0.00778210116732
876	0.0077519379845
5574	0.0077519379845
5697	0.0077519379845
6748	0.0077519379845
17383	0.0077519379845
34715	0.0077519379845
34897	0.0077519379845
51892	0.0077519379845
52089	0.0077519379845
52362	0.0077519379845
52741	0.0077519379845
60987	0.0077519379845
156	0.00769230769231
3488	0.00769230769231
3619	0.00769230769231
4752	0.00769230769231
5637	0.00769230769231
12756	0.00769230769231
14303	0.00769230769231
16802	0.00769230769231
18378	0.00769230769231
35400	0.00769230769231
41934	0.00769230769231
46493	0.00769230769231
52016	0.00769230769231
20416	0.00768049155146
39549	0.00767754318618
41091	0.00766283524904
50937	0.00766283524904
32188	0.00764525993884
4174	0.00763358778626
17110	0.00763358778626
28749	0.00763358778626
29780	0.00763358778626
31692	0.00763358778626
53194	0.00763358778626
18759	0.00760456273764
30799	0.00759493670886
1323	0.00757575757576
6632	0.00757575757576
12484	0.00757575757576
14749	0.00757575757576
25092	0.00757575757576
41618	0.00757575757576
42363	0.00757575757576
42931	0.00757575757576
50943	0.00757575757576
51901	0.00757575757576
879	0.00755667506297
51989	0.00755667506297
12969	0.00755033557047
37052	0.00754716981132
41097	0.00753768844221
4943	0.00751879699248
5023	0.00751879699248
15009	0.00751879699248
19201	0.00751879699248
29707	0.00751879699248
29971	0.00751879699248
31494	0.00751879699248
41329	0.00751879699248
51707	0.00751879699248
52092	0.00751879699248
59627	0.00751879699248
15794	0.00749063670412
1984	0.00747384155456
1062	0.00746268656716
4900	0.00746268656716
5455	0.00746268656716
12552	0.00746268656716
12856	0.00746268656716
14839	0.00746268656716
20010	0.00746268656716
24126	0.00746268656716
41082	0.00746268656716
41655	0.00746268656716
43542	0.00746268656716
37115	0.00743494423792
38584	0.00741839762611
1975	0.00740740740741
3733	0.00740740740741
4836	0.00740740740741
5712	0.00740740740741
10492	0.00740740740741
11760	0.00740740740741
21227	0.00740740740741
28805	0.00740740740741
29356	0.00740740740741
42799	0.00740740740741
45587	0.00740740740741
37993	0.00738916256158
9135	0.00737100737101
1132	0.00735294117647
2544	0.00735294117647
2681	0.00735294117647
4153	0.00735294117647
4929	0.00735294117647
14381	0.00735294117647
23831	0.00735294117647
28396	0.00735294117647
41041	0.00735294117647
41206	0.00735294117647
41499	0.00735294117647
47265	0.00735294117647
47448	0.00735294117647
50886	0.00735294117647
53039	0.00735294117647
55841	0.00735294117647
59508	0.00735294117647
23150	0.00733137829912
1438	0.00729927007299
1821	0.00729927007299
4156	0.00729927007299
4541	0.00729927007299
4620	0.00729927007299
11397	0.00729927007299
11748	0.00729927007299
13891	0.00729927007299
17886	0.00729927007299
18205	0.00729927007299
21694	0.00729927007299
41137	0.00729927007299
52350	0.00729927007299
3527	0.00727272727273
9138	0.00724637681159
18002	0.00724637681159
19695	0.00724637681159
22231	0.00724637681159
33572	0.00724637681159
33775	0.00724637681159
40869	0.00724637681159
41054	0.00724637681159
59684	0.00724637681159
28742	0.00723140495868
17952	0.0072202166065
45139	0.0072202166065
41031	0.00721153846154
20542	0.00720461095101
1119	0.00720288115246
4512	0.00719424460432
6428	0.00719424460432
18958	0.00719424460432
24922	0.00719424460432
29583	0.00719424460432
39383	0.00719424460432
42194	0.00719424460432
47475	0.00719424460432
48978	0.00719424460432
50327	0.00719424460432
51359	0.00719424460432
23481	0.00717703349282
41090	0.00716845878136
11664	0.00715990453461
40965	0.00715990453461
3933	0.00715563506261
17764	0.00714285714286
20669	0.00714285714286
47633	0.00714285714286
28155	0.00711743772242
2333	0.00710479573712
2639	0.00709219858156
4611	0.00709219858156
9722	0.00709219858156
17690	0.00709219858156
20636	0.00709219858156
39288	0.00709219858156
41715	0.00709219858156
50923	0.00709219858156
18584	0.00708382526564
41010	0.00707547169811
3689	0.00705882352941
30269	0.00705467372134
512	0.00704225352113
2361	0.00704225352113
6634	0.00704225352113
6803	0.00704225352113
27649	0.00704225352113
27859	0.00704225352113
30445	0.00704225352113
37156	0.00704225352113
39002	0.00704225352113
39039	0.00704225352113
43325	0.00704225352113
50553	0.00704225352113
57862	0.00704225352113
1921	0.00701754385965
3312	0.00701754385965
40970	0.00701754385965
4711	0.00700934579439
10369	0.00699300699301
10646	0.00699300699301
26828	0.00699300699301
28051	0.00699300699301
41182	0.00699300699301
51041	0.00699300699301
32612	0.00698080279232
40984	0.00696864111498
3986	0.00694444444444
4005	0.00694444444444
5603	0.00694444444444
10340	0.00694444444444
13124	0.00694444444444
20818	0.00694444444444
22238	0.00694444444444
31312	0.00692041522491
4846	0.00691244239631
35136	0.00690846286701
4745	0.00689655172414
12503	0.00689655172414
13428	0.00689655172414
41023	0.00689655172414
41338	0.00689655172414
932	0.00688073394495
24684	0.00688073394495
6789	0.00684931506849
26403	0.00684931506849
41347	0.00684931506849
47430	0.00684931506849
51345	0.00684931506849
26584	0.0068306010929
2110	0.00682593856655
13318	0.00682593856655
10281	0.00681818181818
20111	0.00680272108844
25091	0.00680272108844
26279	0.00680272108844
26508	0.00680272108844
41225	0.00680272108844
41826	0.00680272108844
49408	0.00680272108844
15986	0.00675675675676
19313	0.00675675675676
38818	0.00675675675676
49689	0.00675675675676
2312	0.00673400673401
26416	0.00673400673401
3316	0.00671140939597
5311	0.00671140939597
17299	0.00671140939597
31877	0.00671140939597
32411	0.00671140939597
33510	0.00671140939597
34724	0.00671140939597
42753	0.00671140939597
47503	0.00671140939597
29909	0.0066889632107
2164	0.00666666666667
10045	0.00666666666667
25416	0.00666666666667
26199	0.00666666666667
28673	0.00666666666667
41208	0.00666666666667
45093	0.00666666666667
47675	0.00666666666667
33634	0.00665778961385
41071	0.00665188470067
1117	0.00664451827243
1328	0.00662251655629
5804	0.00662251655629
24803	0.00662251655629
25240	0.00662251655629
30925	0.00662251655629
31875	0.00662251655629
2757	0.00657894736842
6218	0.00657894736842
10789	0.00657894736842
17583	0.00657894736842
21915	0.00657894736842
36976	0.00657894736842
39602	0.00657894736842
59505	0.00657894736842
41074	0.00656814449918
5354	0.00653594771242
6404	0.00653594771242
7062	0.00653594771242
20647	0.00653594771242
22919	0.00653594771242
29394	0.00653594771242
34521	0.00653594771242
40394	0.00653594771242
7300	0.00652173913043
2215	0.00649350649351
6657	0.00649350649351
9753	0.00649350649351
20738	0.00649350649351
44351	0.00649350649351
50812	0.00649350649351
52188	0.00649350649351
5503	0.00646950092421
392	0.00645161290323
1324	0.00645161290323
4775	0.00645161290323
21377	0.00645161290323
29990	0.00645161290323
32146	0.00645161290323
33680	0.00645161290323
41284	0.00645161290323
41354	0.00645161290323
42262	0.00645161290323
46619	0.00645161290323
51039	0.00645161290323
41705	0.0064308681672
83	0.00641025641026
1676	0.00641025641026
5672	0.00641025641026
22351	0.00641025641026
22877	0.00641025641026
33830	0.00641025641026
41411	0.00641025641026
41642	0.00641025641026
7390	0.00638977635783
1028	0.00636942675159
1362	0.00636942675159
2090	0.00636942675159
9184	0.00636942675159
26711	0.00636942675159
34391	0.00636942675159
51689	0.00636942675159
53114	0.00636942675159
3826	0.00632911392405
22941	0.00632911392405
41417	0.00632911392405
42977	0.00632911392405
4658	0.0062893081761
11381	0.0062893081761
29567	0.0062893081761
41055	0.0062893081761
53377	0.0062893081761
8246	0.00625
14502	0.00625
41279	0.00625
42302	0.00625
21558	0.00623052959502
53040	0.00623052959502
2264	0.00621118012422
22408	0.00621118012422
22479	0.00621118012422
38330	0.00621118012422
41443	0.00621118012422
41693	0.00621118012422
41793	0.00621118012422
47050	0.00621118012422
42609	0.0061919504644
3865	0.00617283950617
9818	0.00617283950617
17986	0.00617283950617
21657	0.00617283950617
42545	0.00617283950617
50941	0.00617283950617
2326	0.00616332819723
51006	0.00615384615385
4121	0.00614439324117
1904	0.00613496932515
3492	0.00613496932515
10112	0.00613496932515
15825	0.00613496932515
26173	0.00613496932515
9200	0.00612244897959
2401	0.00611620795107
3280	0.00609756097561
4070	0.00609756097561
15782	0.00609756097561
27409	0.00609756097561
28294	0.00609756097561
128	0.00606060606061
24688	0.00606060606061
41063	0.00606060606061
56100	0.00606060606061
30899	0.006038647343
1503	0.00603732162459
2130	0.00602409638554
5575	0.00602409638554
11087	0.00602409638554
22798	0.00602409638554
51875	0.00602409638554
3419	0.0060120240481
1928	0.00600600600601
41154	0.00600600600601
14476	0.0059880239521
21734	0.0059880239521
30917	0.0059880239521
41152	0.0059880239521
50105	0.0059880239521
51811	0.0059880239521
57496	0.0059880239521
26602	0.00596125186289
14115	0.00595238095238
16340	0.00595238095238
25440	0.00595238095238
29818	0.00595238095238
32120	0.00595238095238
41003	0.00595238095238
42270	0.00595238095238
19599	0.00594059405941
900	0.00592592592593
12830	0.00591715976331
16194	0.00591715976331
16831	0.00591715976331
41890	0.00591715976331
24958	0.00589970501475
755	0.00588235294118
12393	0.00588235294118
18130	0.00588235294118
30793	0.00588235294118
31864	0.00588235294118
41093	0.0058651026393
52225	0.0058651026393
2789	0.00584795321637
43178	0.00584795321637
51568	0.00584795321637
172	0.00581395348837
2411	0.00581395348837
18997	0.00581395348837
42312	0.00581395348837
50901	0.00581395348837
52555	0.00581395348837
22643	0.00579710144928
25051	0.00578034682081
51393	0.00578034682081
118	0.00576368876081
4347	0.00574712643678
4625	0.00574712643678
2290	0.0057273768614
37800	0.00571428571429
41181	0.00571428571429
15114	0.00568181818182
27288	0.00568181818182
41011	0.00568181818182
31440	0.00567721005677
5768	0.00564971751412
15638	0.00564971751412
36897	0.00564971751412
4513	0.00561797752809
14459	0.00561797752809
3436	0.00558659217877
33621	0.00557103064067
5012	0.00555555555556
37747	0.00555555555556
39085	0.00555555555556
41032	0.00555555555556
41038	0.00555555555556
50903	0.00555555555556
1655	0.00554016620499
1039	0.00552486187845
1990	0.00552486187845
9920	0.00552486187845
41331	0.00552486187845
38959	0.00550964187328
2186	0.00550206327373
2776	0.00549450549451
9762	0.00549450549451
16379	0.00549450549451
22830	0.00549450549451
57861	0.00549450549451
17483	0.00546448087432
4418	0.0054347826087
5089	0.0054347826087
14140	0.0054347826087
41832	0.0054347826087
51071	0.0054347826087
34751	0.00542495479204
41029	0.00542005420054
10096	0.00540540540541
11172	0.00540540540541
29686	0.00540540540541
3239	0.00537634408602
11196	0.00537634408602
18967	0.00537634408602
21311	0.00537634408602
27899	0.00537634408602
34522	0.00537634408602
52525	0.00537634408602
13036	0.00534759358289
35100	0.00534759358289
37557	0.00534759358289
41985	0.00534759358289
42145	0.00534759358289
51784	0.00534759358289
3260	0.00533333333333
16368	0.00531914893617
17637	0.00531914893617
20591	0.00531914893617
24457	0.00531914893617
4464	0.00529100529101
15851	0.00529100529101
19034	0.00529100529101
26059	0.00529100529101
42335	0.00529100529101
40999	0.00528169014085
11307	0.00526315789474
19687	0.00526315789474
35199	0.00526315789474
12511	0.00523560209424
23628	0.00523560209424
27125	0.00523560209424
34676	0.00523560209424
11769	0.00522648083624
4413	0.00520833333333
12501	0.00520833333333
13212	0.00520833333333
41059	0.00520833333333
1389	0.00518134715026
21204	0.00518134715026
24606	0.00518134715026
41940	0.00518134715026
43200	0.00518134715026
51680	0.00518134715026
33850	0.00516795865633
50957	0.00516795865633
4508	0.00515463917526
50870	0.00515463917526
50883	0.00515463917526
37426	0.00512820512821
40942	0.00512820512821
9252	0.00511508951407
456	0.00510204081633
38800	0.00510204081633
3133	0.00509554140127
216	0.00507614213198
35360	0.00507614213198
137	0.00505050505051
18340	0.00505050505051
35345	0.00504413619168
40980	0.00504201680672
18815	0.00502512562814
22838	0.00502512562814
25098	0.00502512562814
30762	0.00502512562814
40482	0.00502512562814
3297	0.005
3598	0.005
10443	0.005
17461	0.005
17915	0.005
25942	0.005
50652	0.005
51155	0.005
51699	0.005
16723	0.00497512437811
22401	0.00497512437811
25332	0.00497512437811
50987	0.00497512437811
51025	0.00497512437811
10852	0.0049504950495
22018	0.0049504950495
29532	0.0049504950495
50961	0.0049504950495
51212	0.0049504950495
42450	0.00492610837438
9720	0.00490196078431
11000	0.00490196078431
27218	0.00490196078431
41062	0.00490196078431
41378	0.00490196078431
3214	0.00487804878049
7751	0.00487804878049
10736	0.00485436893204
14361	0.00485436893204
33727	0.00485436893204
39360	0.00485436893204
36999	0.00484261501211
19547	0.0048309178744
40625	0.0048309178744
49336	0.0048309178744
50897	0.0048309178744
51120	0.0048309178744
12017	0.00481927710843
40975	0.00480769230769
6417	0.00478468899522
27723	0.00478468899522
16935	0.0047619047619
28700	0.0047619047619
41129	0.0047619047619
41278	0.0047619047619
11776	0.00473933649289
51197	0.00471698113208
51213	0.00471698113208
30901	0.00469483568075
50760	0.00469483568075
14253	0.00467289719626
40887	0.00467289719626
41177	0.00467289719626
51211	0.00467289719626
7472	0.0046511627907
25376	0.0046511627907
26863	0.0046511627907
39510	0.0046511627907
41013	0.0046511627907
41404	0.00462962962963
51151	0.00462962962963
51096	0.00461893764434
7505	0.00460829493088
35049	0.00460829493088
32042	0.0045871559633
11749	0.00456621004566
36967	0.00456621004566
50913	0.00456621004566
39343	0.00454545454545
27809	0.00453172205438
2865	0.00452488687783
30982	0.0045045045045
1113	0.00449438202247
7100	0.00449438202247
41092	0.00449438202247
26599	0.00446428571429
41157	0.00446428571429
20173	0.00444444444444
26235	0.00444444444444
7198	0.00440528634361
23080	0.00440528634361
896	0.00438596491228
22971	0.00438596491228
37194	0.00438596491228
17066	0.00436681222707
38787	0.00436681222707
7974	0.00434782608696
11314	0.00434782608696
33656	0.00434782608696
41070	0.00434782608696
44433	0.00434782608696
41085	0.004329004329
8397	0.00431034482759
32738	0.00431034482759
3781	0.00429184549356
7956	0.00429184549356
18972	0.00429184549356
562	0.00425531914894
41223	0.00425531914894
90	0.00423728813559
15083	0.0042194092827
59604	0.0042194092827
17306	0.00420168067227
52029	0.00420168067227
10166	0.00416666666667
41942	0.00416666666667
4695	0.00414937759336
4706	0.00414937759336
50885	0.00414937759336
20802	0.00413223140496
1489	0.00411522633745
28812	0.00406504065041
41012	0.00406504065041
49394	0.00406504065041
41037	0.00403225806452
17946	0.004
17346	0.00396825396825
51099	0.00392156862745
18172	0.00390625
40981	0.00390625
52697	0.00390625
25413	0.00389105058366
29852	0.00389105058366
27865	0.00387596899225
33377	0.00384615384615
52055	0.00384615384615
26934	0.00381679389313
29492	0.00381679389313
40977	0.00381679389313
40978	0.00381679389313
41134	0.00380228136882
6816	0.00378787878788
14360	0.00378787878788
31879	0.00378787878788
13960	0.00377358490566
2785	0.00374531835206
14604	0.00374531835206
41109	0.00374531835206
4057	0.00373134328358
6372	0.00371747211896
17068	0.00371747211896
33495	0.00371747211896
1144	0.00369003690037
10920	0.00369003690037
22717	0.00369003690037
34356	0.00369003690037
34519	0.00369003690037
4327	0.00367647058824
20779	0.00367647058824
30805	0.00367647058824
41353	0.00367647058824
51173	0.0036496350365
21797	0.00364298724954
28821	0.00355871886121
30835	0.00354609929078
44117	0.00353356890459
17147	0.00348432055749
35847	0.00348432055749
44951	0.00348432055749
35178	0.00339558573854
34199	0.00338983050847
41188	0.00338983050847
50944	0.003367003367
38080	0.00334448160535
41095	0.00333333333333
44184	0.00333333333333
10251	0.00331125827815
19288	0.00331125827815
28128	0.00331125827815
40334	0.00331125827815
38232	0.00328947368421
50995	0.00328947368421
17771	0.00323624595469
11655	0.0032154340836
25414	0.00319488817891
1743	0.00318979266348
6564	0.00314465408805
41368	0.00314465408805
52018	0.00314465408805
28286	0.00310559006211
21772	0.00303951367781
28055	0.00303951367781
7214	0.00302114803625
23011	0.00302114803625
41042	0.00297619047619
41067	0.00290697674419
7299	0.00286532951289
27128	0.00286532951289
41126	0.00286532951289
41243	0.00282485875706
5616	0.00280898876404
41015	0.00278551532033
41000	0.00271002710027
41434	0.00271002710027
39546	0.0027027027027
2030	0.00267379679144
18701	0.0026455026455
41132	0.00252525252525
28830	0.00249376558603
16917	0.00247524752475
12388	0.00216919739696
3827	0.00208768267223
18311	0.00207684319834
41332	0.00202429149798
36394	0.00194552529183
41355	0.00188323917137
21745	0.00169779286927
4489	0.00167224080268
