36186	0.5
46547	0.5
46992	0.5
54370	0.333333333333
22349	0.25
59699	0.25
44859	0.166666666667
10031	0.125
59095	0.125
5602	0.111111111111
25675	0.1
32282	0.0909090909091
35891	0.0909090909091
45560	0.0909090909091
45734	0.0909090909091
60990	0.0769230769231
53654	0.0666666666667
25607	0.0625
18630	0.0588235294118
52244	0.0526315789474
58547	0.0526315789474
40158	0.05
27129	0.0434782608696
37647	0.0434782608696
8268	0.0416666666667
41094	0.0416666666667
11236	0.04
40651	0.04
11237	0.0384615384615
1778	0.037037037037
4647	0.037037037037
34101	0.037037037037
41586	0.037037037037
51874	0.037037037037
3852	0.0357142857143
41410	0.0357142857143
49719	0.0322580645161
52417	0.0322580645161
34207	0.03125
30231	0.030303030303
9052	0.0294117647059
26954	0.0285714285714
51224	0.0285714285714
18992	0.0277777777778
38051	0.0263157894737
48224	0.025641025641
42819	0.0243902439024
18495	0.0217391304348
50973	0.0212765957447
26724	0.02
41150	0.0192307692308
7073	0.0185185185185
45206	0.0175438596491
26777	0.0169491525424
34128	0.0169491525424
22332	0.015625
6920	0.0153846153846
19688	0.0153846153846
14757	0.0149253731343
41433	0.0144927536232
37073	0.0140845070423
51290	0.0138888888889
5352	0.0131578947368
52576	0.0125
17922	0.0119047619048
32509	0.0119047619048
5697	0.0117647058824
1323	0.0113636363636
43337	0.0111111111111
11378	0.010989010989
40819	0.010989010989
1753	0.010752688172
10369	0.010101010101
13124	0.01
41245	0.00961538461538
60005	0.00952380952381
24803	0.00934579439252
51765	0.00925925925926
2215	0.00909090909091
33481	0.00877192982456
995	0.00862068965517
8246	0.00862068965517
43376	0.00840336134454
43414	0.00806451612903
17315	0.00793650793651
41198	0.00793650793651
43178	0.00787401574803
38820	0.0078125
17301	0.00724637681159
16784	0.00719424460432
37557	0.00699300699301
42145	0.00699300699301
34676	0.00680272108844
1389	0.00671140939597
25384	0.00641025641026
5230	0.00621118012422
35144	0.00606060606061
1456	0.00602409638554
19338	0.00602409638554
2865	0.00564971751412
44978	0.00529100529101
9625	0.00515463917526
10727	0.00467289719626
23742	0.00438596491228
45139	0.0042735042735
4339	0.00418410041841
50944	0.00395256916996
40334	0.00387596899225
4399	0.00380228136882
11746	0.00359712230216
16449	0.00359712230216
29145	0.00346020761246
1928	0.00344827586207
35237	0.00327868852459
16927	0.00322580645161
5616	0.00320512820513
3260	0.00301204819277
25078	0.00293255131965
30799	0.0028328611898
28830	0.00280112044818
23481	0.00265957446809
51019	0.00251256281407
27525	0.00243902439024
5553	0.00240384615385
25586	0.00239808153477
7518	0.00238095238095
12423	0.00218340611354
35703	0.00218340611354
32862	0.00189393939394
3312	0.00189035916824
8732	0.00188679245283
25098	0.0018018018018
38925	0.00171232876712
37111	0.00169779286927
1984	0.00158982511924
25113	0.0015600624025
50863	0.00144927536232
35345	0.00132978723404
41018	0.00132802124834
41031	0.00126103404792
29277	0.00120481927711
253	0.00109769484083
2344	0.00101729399797
36398	0.000983284169125
11727	0.000947867298578
22929	0.000921658986175
5809	0.00090991810737
22744	0.000886524822695
12969	0.000865051903114
9538	0.000862068965517
31440	0.000836820083682
6812	0.000822368421053
868	0.000772797527048
18613	0.000764525993884
41016	0.000728862973761
1118	0.000645994832041
5157	0.000508388408744
893	0.000503271263211
7312	0.000472143531634
4518	0.000439947206335
35563	0.000411015207563
6427	0.000294550810015
869	0.000244379276637
