28090	0.5
40537	0.5
44388	0.5
50983	0.5
8813	0.333333333333
56242	0.333333333333
8830	0.25
29625	0.25
50766	0.25
58496	0.25
4073	0.2
12070	0.2
27615	0.2
32961	0.2
40348	0.2
30248	0.166666666667
43248	0.166666666667
9186	0.125
10376	0.125
29064	0.125
32966	0.125
37826	0.125
55429	0.125
60324	0.125
3886	0.111111111111
20528	0.111111111111
33953	0.111111111111
39805	0.111111111111
60921	0.111111111111
5101	0.1
8580	0.1
22329	0.1
40501	0.1
46103	0.1
47349	0.1
51781	0.1
51803	0.1
6638	0.0909090909091
20986	0.0833333333333
42668	0.0833333333333
23937	0.0769230769231
4802	0.0714285714286
20877	0.0714285714286
29787	0.0714285714286
41874	0.0714285714286
42276	0.0714285714286
9845	0.0666666666667
20372	0.0666666666667
21476	0.0666666666667
32511	0.0666666666667
50048	0.0666666666667
52861	0.0666666666667
19947	0.0625
20990	0.0625
41824	0.0625
12001	0.0588235294118
24886	0.0555555555556
28816	0.0555555555556
36942	0.0526315789474
37006	0.0526315789474
5079	0.05
41853	0.05
43339	0.05
50857	0.05
51085	0.05
12574	0.047619047619
17413	0.047619047619
51167	0.047619047619
61124	0.047619047619
5940	0.0454545454545
32680	0.0454545454545
36440	0.0454545454545
36948	0.0454545454545
41964	0.0454545454545
52448	0.0454545454545
19280	0.0434782608696
32749	0.0434782608696
51562	0.0434782608696
6196	0.0416666666667
16148	0.0416666666667
61081	0.0416666666667
32422	0.04
42672	0.04
41339	0.0384615384615
41764	0.0384615384615
56978	0.0384615384615
16129	0.037037037037
57831	0.037037037037
26412	0.0357142857143
51579	0.0357142857143
16458	0.0344827586207
43282	0.0344827586207
51435	0.0344827586207
16348	0.0333333333333
30746	0.0322580645161
41282	0.0322580645161
42636	0.0322580645161
39419	0.03125
20716	0.030303030303
35907	0.030303030303
48084	0.0294117647059
31007	0.0285714285714
31696	0.0285714285714
51958	0.0285714285714
28976	0.027027027027
37215	0.027027027027
50912	0.027027027027
28514	0.0263157894737
41386	0.0263157894737
47177	0.0263157894737
41359	0.025641025641
42692	0.025641025641
4702	0.025
46469	0.025
58837	0.025
59798	0.025
42317	0.0238095238095
56368	0.0238095238095
44031	0.0227272727273
20245	0.0222222222222
20501	0.0217391304348
38573	0.0217391304348
38725	0.0212765957447
43277	0.0212765957447
6259	0.0208333333333
41541	0.0208333333333
50894	0.0208333333333
6517	0.0204081632653
11672	0.0204081632653
42713	0.0204081632653
59759	0.0204081632653
363	0.02
52080	0.02
52715	0.02
41251	0.0196078431373
32659	0.0192307692308
5677	0.0181818181818
31340	0.0181818181818
39194	0.0172413793103
11350	0.0169491525424
16364	0.0169491525424
23273	0.0169491525424
52962	0.0169491525424
29806	0.0166666666667
36411	0.0166666666667
41716	0.0166666666667
7295	0.016393442623
41390	0.016393442623
40307	0.0161290322581
14823	0.015873015873
19469	0.015625
44335	0.0153846153846
48899	0.0153846153846
51087	0.0151515151515
41428	0.0149253731343
59731	0.0149253731343
2917	0.0147058823529
41409	0.0147058823529
41100	0.0142857142857
7346	0.0140845070423
50959	0.0138888888889
21715	0.013698630137
20089	0.0135135135135
34531	0.0135135135135
4867	0.0133333333333
5656	0.0133333333333
37224	0.0133333333333
25295	0.012987012987
51967	0.012987012987
35594	0.0126582278481
41711	0.0126582278481
41833	0.0125
52615	0.0125
6353	0.0123456790123
10343	0.0123456790123
41019	0.0121951219512
41481	0.0119047619048
39286	0.0117647058824
21583	0.0116279069767
51044	0.0114942528736
13927	0.0112359550562
41103	0.0111111111111
6305	0.0108695652174
10492	0.0108695652174
11760	0.0108695652174
2681	0.010752688172
14381	0.010752688172
32784	0.010752688172
53039	0.010752688172
11397	0.0106382978723
13313	0.0106382978723
6428	0.0104166666667
47475	0.0104166666667
51429	0.0102040816327
6634	0.010101010101
8839	0.010101010101
57862	0.010101010101
44035	0.01
8729	0.00961538461538
14275	0.00961538461538
25091	0.00961538461538
43088	0.00961538461538
49408	0.00961538461538
52056	0.00961538461538
47292	0.00943396226415
10397	0.00934579439252
36494	0.00934579439252
12167	0.00925925925926
9104	0.00917431192661
21377	0.00892857142857
7420	0.00884955752212
49397	0.00884955752212
106	0.00869565217391
13418	0.00862068965517
50881	0.00862068965517
5552	0.00847457627119
39478	0.00847457627119
41693	0.00847457627119
9818	0.00840336134454
27048	0.00826446280992
2850	0.00813008130081
12393	0.00787401574803
28750	0.0078125
9245	0.00769230769231
51393	0.00769230769231
20573	0.00751879699248
494	0.00740740740741
50915	0.00729927007299
6781	0.00724637681159
9762	0.00719424460432
10248	0.00699300699301
35100	0.00694444444444
27125	0.00675675675676
40989	0.00671140939597
50870	0.00662251655629
39548	0.00653594771242
137	0.00645161290323
42954	0.0062893081761
34241	0.00625
5230	0.00617283950617
26085	0.00613496932515
51394	0.00613496932515
44599	0.00609756097561
3260	0.00602409638554
6417	0.00602409638554
28712	0.00602409638554
24970	0.00591715976331
42378	0.00578034682081
18112	0.00574712643678
3842	0.00568181818182
25453	0.00568181818182
4675	0.00558659217877
30982	0.00558659217877
3204	0.00555555555556
26158	0.00546448087432
20800	0.00537634408602
11314	0.00534759358289
32418	0.00529100529101
41047	0.00526315789474
31483	0.00519480519481
21331	0.00462962962963
52055	0.00460829493088
26934	0.00456621004566
38493	0.00452488687783
2785	0.00446428571429
21648	0.00444444444444
31882	0.00444444444444
17068	0.00442477876106
41444	0.00440528634361
52471	0.00438596491228
12423	0.00436681222707
9138	0.0042735042735
47628	0.00425531914894
39027	0.0042194092827
30445	0.00413223140496
44951	0.00409836065574
40984	0.00408163265306
26508	0.00396825396825
41188	0.00396825396825
31877	0.00390625
28673	0.00387596899225
38232	0.00383141762452
50995	0.00383141762452
35021	0.00381679389313
29394	0.00378787878788
51158	0.00377358490566
17771	0.00375939849624
13935	0.00372439478585
13952	0.0037037037037
27171	0.0036496350365
17566	0.00362976406534
11381	0.0036231884058
7214	0.00347222222222
29145	0.00344827586207
1928	0.00343642611684
41154	0.00343642611684
6360	0.00335570469799
5100	0.00332225913621
41067	0.00332225913621
16209	0.00328407224959
35728	0.00325732899023
18361	0.00313479623824
4868	0.003125
39546	0.00305810397554
3239	0.0030303030303
10250	0.00297619047619
41034	0.00293255131965
33850	0.00289855072464
26584	0.0028901734104
4644	0.0028818443804
9252	0.00286532951289
5237	0.00285714285714
34830	0.0028328611898
5622	0.00282485875706
23265	0.00281690140845
879	0.00280898876404
11359	0.00280898876404
29971	0.00279329608939
41374	0.00278551532033
7442	0.00273224043716
1438	0.0027027027027
12017	0.00268096514745
20630	0.00265957446809
7100	0.00248138957816
41467	0.00246305418719
25586	0.00239234449761
7300	0.00238663484487
11675	0.00234192037471
29861	0.00227790432802
41332	0.00221729490022
4137	0.00219298245614
5693	0.00219298245614
9200	0.00212539851222
23782	0.00212314225053
17938	0.00207468879668
2344	0.00203458799593
21797	0.00197238658777
3527	0.00196078431373
17586	0.00195694716243
34751	0.001953125
40971	0.0019305019305
30269	0.00189753320683
8732	0.00188323917137
11769	0.00187617260788
41583	0.00180505415162
51212	0.00176991150442
28407	0.00176366843034
29863	0.00175746924429
41074	0.00175746924429
38925	0.0017094017094
37111	0.00169491525424
7261	0.00168634064081
35049	0.0016393442623
900	0.00157480314961
6304	0.00155520995334
23150	0.00155520995334
17596	0.00154083204931
20542	0.00152671755725
5120	0.00151515151515
9656	0.00147058823529
2613	0.00145772594752
37392	0.0014409221902
2037	0.00142857142857
40987	0.0014245014245
29854	0.00138888888889
3133	0.00134228187919
5112	0.00133422281521
41018	0.00132625994695
2733	0.00132450331126
19598	0.00130890052356
1680	0.00130039011704
41031	0.00125944584383
9642	0.00125628140704
18584	0.00123609394314
4711	0.00122249388753
39447	0.00120481927711
29277	0.00120336943442
27890	0.00118203309693
13111	0.00117924528302
28405	0.0011641443539
34224	0.00111607142857
4654	0.001100110011
2898	0.00109769484083
253	0.00109649122807
18311	0.00108577633008
5231	0.00104547830633
4937	0.00103842159917
2	0.00102249488753
2463	0.000963391136802
5503	0.000956937799043
4563	0.000934579439252
2333	0.000917431192661
38794	0.000893655049151
26805	0.00089325591782
2840	0.000888888888889
9538	0.000861326442722
18777	0.000854700854701
76	0.000836820083682
28051	0.000798722044728
26602	0.000765696784074
4430	0.00074794315632
19601	0.000734214390602
4655	0.000677277345073
1118	0.000645577792124
4396	0.00064308681672
6427	0.000589101620029
2290	0.000584112149533
38793	0.00058207217695
1503	0.000558971492454
38203	0.000550055005501
1497	0.000540832882639
5157	0.000508130081301
893	0.000503018108652
869	0.000488758553275
7312	0.000471920717319
4518	0.000439753737907
35563	0.000410846343468
