57561	1.0
2172	0.5
53097	0.5
57199	0.333333333333
43886	0.25
40308	0.2
11610	0.166666666667
31402	0.166666666667
34711	0.166666666667
51915	0.166666666667
41505	0.142857142857
46775	0.142857142857
34885	0.125
42387	0.111111111111
28686	0.0909090909091
30156	0.0909090909091
41861	0.0909090909091
51457	0.0909090909091
3301	0.0833333333333
24123	0.0833333333333
11827	0.0769230769231
52920	0.0714285714286
45766	0.0625
33676	0.0588235294118
1016	0.05
25844	0.047619047619
30876	0.047619047619
51016	0.047619047619
45060	0.0434782608696
59891	0.04
1049	0.037037037037
35723	0.0344827586207
32814	0.0333333333333
34211	0.0333333333333
52847	0.0333333333333
52259	0.0322580645161
50287	0.0294117647059
52998	0.0294117647059
31592	0.0285714285714
20641	0.0277777777778
35860	0.0243902439024
56324	0.0238095238095
3824	0.0232558139535
1690	0.0222222222222
45135	0.0222222222222
50508	0.0222222222222
50894	0.0212765957447
13854	0.0208333333333
43585	0.02
29365	0.0192307692308
34576	0.0192307692308
37953	0.0192307692308
45793	0.0188679245283
8279	0.0185185185185
3964	0.0181818181818
2282	0.0169491525424
53184	0.0166666666667
27594	0.016393442623
30085	0.0161290322581
15264	0.015873015873
34276	0.015873015873
4047	0.015625
51380	0.015625
4760	0.0151515151515
38064	0.0151515151515
51470	0.0149253731343
38748	0.0142857142857
41147	0.0142857142857
51290	0.0138888888889
16145	0.013698630137
1740	0.0133333333333
7341	0.0133333333333
9601	0.0133333333333
11775	0.0131578947368
28793	0.012987012987
2067	0.0128205128205
18231	0.0123456790123
11784	0.010989010989
14381	0.0108695652174
34933	0.010752688172
22231	0.0106382978723
37156	0.0102040816327
39002	0.0102040816327
27925	0.00961538461538
47675	0.00943396226415
43376	0.00840336134454
29818	0.00806451612903
1990	0.00729927007299
9762	0.00724637681159
57861	0.00724637681159
874	0.00714285714286
41832	0.00714285714286
10096	0.00709219858156
24429	0.00704225352113
4135	0.00684931506849
19687	0.00684931506849
4413	0.00675675675676
12194	0.00641025641026
17461	0.00641025641026
37409	0.00641025641026
16723	0.00636942675159
10736	0.00617283950617
7472	0.00584795321637
44456	0.00568181818182
39358	0.00549450549451
41070	0.00537634408602
3781	0.00529100529101
41047	0.00529100529101
27529	0.00512820512821
1361	0.0047619047619
51099	0.00473933649289
40981	0.00471698113208
52697	0.00471698113208
41146	0.00469483568075
14749	0.00452488687783
4876	0.00444444444444
45139	0.0042735042735
16956	0.00401606425703
2811	0.00395256916996
17790	0.00392156862745
38232	0.00384615384615
35021	0.00383141762452
52018	0.0036496350365
11746	0.00359712230216
28286	0.00359712230216
3991	0.00354609929078
34637	0.00341296928328
30625	0.00338983050847
51156	0.00331125827815
38987	0.00326797385621
33621	0.00316455696203
511	0.00310559006211
28810	0.0030303030303
7349	0.003003003003
1700	0.00296735905045
41034	0.00294117647059
30471	0.00280112044818
41050	0.00279329608939
16420	0.0027397260274
39709	0.00253807106599
1380	0.0025
7100	0.00248756218905
7300	0.00239234449761
11778	0.00238095238095
3827	0.00229885057471
20075	0.00226244343891
41044	0.00218340611354
33762	0.00217391304348
23782	0.00212765957447
34169	0.0020325203252
34751	0.00195694716243
27489	0.00185528756957
33887	0.0018315018315
39915	0.0018315018315
25098	0.0018018018018
51212	0.00177304964539
13955	0.00176056338028
25113	0.0015600624025
17596	0.00154320987654
20542	0.00152905198777
50863	0.00144927536232
5237	0.00142857142857
33634	0.0014064697609
29854	0.00139082058414
3059	0.00137551581843
41018	0.00132802124834
1422	0.00132625994695
2733	0.00132625994695
41031	0.00126103404792
4711	0.00122399020808
3273	0.00112359550562
5000	0.00111731843575
7340	0.00107411385607
39785	0.001
36398	0.000983284169125
5503	0.00095785440613
11727	0.000947867298578
3933	0.000925069380204
2333	0.000918273645546
76	0.000837520938023
6812	0.000822368421053
4846	0.000789889415482
26602	0.000766283524904
18613	0.000764525993884
2745	0.000708717221828
22383	0.000697350069735
13111	0.000589622641509
38793	0.000582411182295
38203	0.000550357732526
4578	0.000538793103448
5157	0.000508388408744
893	0.000503271263211
26805	0.00044662795891
4518	0.000439947206335
35563	0.000411015207563
4655	0.000338638672536
6427	0.000294550810015
869	0.000244379276637
