19425	0.333333333333
19786	0.333333333333
56104	0.333333333333
58998	0.333333333333
13962	0.25
11248	0.142857142857
29446	0.142857142857
41052	0.142857142857
6413	0.125
27335	0.125
30450	0.125
40546	0.1
53318	0.1
23806	0.0909090909091
59580	0.0909090909091
17574	0.0833333333333
26975	0.0833333333333
4902	0.0769230769231
19527	0.0714285714286
50643	0.0714285714286
6933	0.0625
32995	0.0588235294118
18683	0.0555555555556
20839	0.0555555555556
24897	0.0555555555556
33610	0.0555555555556
30817	0.0526315789474
51264	0.05
44424	0.0416666666667
29122	0.04
49268	0.04
56978	0.0384615384615
13379	0.037037037037
24052	0.037037037037
37589	0.0333333333333
12948	0.0285714285714
10316	0.027027027027
15192	0.027027027027
10468	0.025641025641
52772	0.025641025641
31516	0.025
10680	0.0238095238095
53197	0.0238095238095
41212	0.0217391304348
43026	0.0217391304348
5626	0.0208333333333
3050	0.0204081632653
3040	0.0192307692308
40557	0.0192307692308
42096	0.0192307692308
12860	0.0175438596491
23760	0.0161290322581
34115	0.0153846153846
21870	0.0147058823529
39336	0.0147058823529
17303	0.0142857142857
50642	0.0135135135135
18317	0.012987012987
7734	0.0128205128205
41201	0.0120481927711
52362	0.0116279069767
3194	0.0113636363636
11871	0.00970873786408
45093	0.00934579439252
51632	0.00934579439252
38493	0.00909090909091
41421	0.00909090909091
33680	0.00892857142857
51689	0.00877192982456
42019	0.00869565217391
51988	0.00869565217391
25810	0.00862068965517
19792	0.00847457627119
27048	0.00826446280992
5634	0.00813008130081
4582	0.008
13058	0.00793650793651
41468	0.00787401574803
17483	0.00714285714286
24429	0.00699300699301
53344	0.00694444444444
10844	0.00675675675676
41059	0.00671140939597
17915	0.00636942675159
22026	0.00632911392405
51394	0.00613496932515
51120	0.00609756097561
10792	0.00584795321637
30938	0.00558659217877
30874	0.00534759358289
51146	0.00534759358289
4439	0.00531914893617
40541	0.00526315789474
492	0.00520833333333
26760	0.00510204081633
41366	0.0049504950495
18172	0.00469483568075
37660	0.00467289719626
27255	0.0045871559633
51724	0.00442477876106
31877	0.00390625
5460	0.00363636363636
41032	0.00314465408805
41434	0.00306748466258
3535	0.00303951367781
25554	0.00293255131965
38932	0.00281690140845
38822	0.00275482093664
27949	0.0027397260274
41010	0.00261096605744
7300	0.00238663484487
11778	0.00237529691211
29861	0.00227790432802
1399	0.00226244343891
5693	0.00219298245614
19599	0.00215517241379
21797	0.00197238658777
40999	0.00189753320683
11201	0.0018281535649
25098	0.00179856115108
31440	0.00167364016736
16209	0.0016393442623
35049	0.0016393442623
23150	0.00155520995334
2186	0.00145560407569
14352	0.00133511348465
35345	0.00132802124834
4396	0.001287001287
41031	0.00125944584383
1628	0.00125628140704
38191	0.00117785630153
28405	0.0011641443539
30980	0.00116279069767
18311	0.00108577633008
9200	0.00106157112527
5503	0.000956937799043
19601	0.000734214390602
2745	0.00070821529745
5432	0.000698812019567
8709	0.000671591672263
5112	0.000666666666667
2290	0.000584112149533
1503	0.000558971492454
5157	0.000508130081301
869	0.000488758553275
7312	0.000471920717319
26805	0.000446428571429
