49256	0.0909090909091
3695	0.0833333333333
12465	0.0740740740741
22697	0.0689655172414
1831	0.0666666666667
4093	0.0666666666667
5545	0.0666666666667
7296	0.0666666666667
11600	0.0666666666667
13648	0.0666666666667
14091	0.0666666666667
15746	0.0666666666667
16936	0.0666666666667
21100	0.0666666666667
21455	0.0666666666667
25766	0.0666666666667
27326	0.0666666666667
27394	0.0666666666667
29448	0.0666666666667
31089	0.0666666666667
31618	0.0666666666667
35104	0.0666666666667
36484	0.0666666666667
37108	0.0666666666667
37121	0.0666666666667
41855	0.0666666666667
45559	0.0666666666667
46719	0.0666666666667
47974	0.0666666666667
48037	0.0666666666667
49711	0.0666666666667
53971	0.0666666666667
55079	0.0666666666667
56102	0.0666666666667
56180	0.0666666666667
56878	0.0666666666667
57269	0.0666666666667
57620	0.0666666666667
58167	0.0666666666667
58380	0.0666666666667
58550	0.0666666666667
58978	0.0666666666667
59378	0.0666666666667
2760	0.0625
3650	0.0625
4906	0.0625
8985	0.0625
15460	0.0625
15479	0.0625
15573	0.0625
17388	0.0625
17649	0.0625
18536	0.0625
19994	0.0625
20071	0.0625
20969	0.0625
21314	0.0625
27463	0.0625
27834	0.0625
28017	0.0625
30690	0.0625
34322	0.0625
44386	0.0625
45021	0.0625
46693	0.0625
47916	0.0625
50808	0.0625
53751	0.0625
53765	0.0625
56104	0.0625
57751	0.0625
2449	0.0588235294118
3706	0.0588235294118
7059	0.0588235294118
7769	0.0588235294118
8428	0.0588235294118
16041	0.0588235294118
17161	0.0588235294118
17664	0.0588235294118
18778	0.0588235294118
21847	0.0588235294118
23871	0.0588235294118
25888	0.0588235294118
26378	0.0588235294118
26854	0.0588235294118
29435	0.0588235294118
38131	0.0588235294118
42530	0.0588235294118
42872	0.0588235294118
43396	0.0588235294118
44651	0.0588235294118
44824	0.0588235294118
48103	0.0588235294118
52324	0.0588235294118
53376	0.0588235294118
54519	0.0588235294118
56675	0.0588235294118
58813	0.0588235294118
1597	0.0555555555556
3655	0.0555555555556
4197	0.0555555555556
11182	0.0555555555556
14102	0.0555555555556
15388	0.0555555555556
15484	0.0555555555556
17403	0.0555555555556
18446	0.0555555555556
19297	0.0555555555556
27929	0.0555555555556
28210	0.0555555555556
29224	0.0555555555556
32155	0.0555555555556
32156	0.0555555555556
35812	0.0555555555556
36680	0.0555555555556
36923	0.0555555555556
37746	0.0555555555556
39129	0.0555555555556
40565	0.0555555555556
43268	0.0555555555556
45010	0.0555555555556
45166	0.0555555555556
45396	0.0555555555556
45803	0.0555555555556
46173	0.0555555555556
46312	0.0555555555556
51134	0.0555555555556
51255	0.0555555555556
51659	0.0555555555556
54968	0.0555555555556
56129	0.0555555555556
58335	0.0555555555556
58350	0.0555555555556
60325	0.0555555555556
683	0.0526315789474
754	0.0526315789474
2126	0.0526315789474
3494	0.0526315789474
10391	0.0526315789474
10398	0.0526315789474
15713	0.0526315789474
16249	0.0526315789474
19218	0.0526315789474
21137	0.0526315789474
23744	0.0526315789474
24014	0.0526315789474
24695	0.0526315789474
25848	0.0526315789474
26167	0.0526315789474
29108	0.0526315789474
29727	0.0526315789474
29759	0.0526315789474
30343	0.0526315789474
31640	0.0526315789474
31951	0.0526315789474
33264	0.0526315789474
33765	0.0526315789474
34656	0.0526315789474
36380	0.0526315789474
40787	0.0526315789474
42707	0.0526315789474
43904	0.0526315789474
44918	0.0526315789474
46483	0.0526315789474
47210	0.0526315789474
48291	0.0526315789474
48861	0.0526315789474
49168	0.0526315789474
49562	0.0526315789474
50672	0.0526315789474
52369	0.0526315789474
54205	0.0526315789474
736	0.05
3491	0.05
4788	0.05
7207	0.05
7510	0.05
12331	0.05
12402	0.05
12883	0.05
16062	0.05
17332	0.05
18827	0.05
19389	0.05
19911	0.05
22260	0.05
23437	0.05
23720	0.05
25526	0.05
32470	0.05
32740	0.05
35805	0.05
39191	0.05
39221	0.05
42357	0.05
45211	0.05
46497	0.05
47054	0.05
51420	0.05
51458	0.05
55980	0.05
56590	0.05
58244	0.05
60970	0.05
7656	0.0487804878049
11569	0.0487804878049
2771	0.047619047619
3081	0.047619047619
4691	0.047619047619
6475	0.047619047619
8829	0.047619047619
10309	0.047619047619
14252	0.047619047619
14293	0.047619047619
21401	0.047619047619
24154	0.047619047619
24586	0.047619047619
26621	0.047619047619
26886	0.047619047619
29138	0.047619047619
30127	0.047619047619
33083	0.047619047619
33233	0.047619047619
33425	0.047619047619
33854	0.047619047619
35902	0.047619047619
37609	0.047619047619
38324	0.047619047619
38830	0.047619047619
40806	0.047619047619
42507	0.047619047619
42774	0.047619047619
43411	0.047619047619
46775	0.047619047619
46892	0.047619047619
47208	0.047619047619
47424	0.047619047619
56974	0.047619047619
2530	0.0454545454545
3424	0.0454545454545
4782	0.0454545454545
6007	0.0454545454545
8467	0.0454545454545
10172	0.0454545454545
12660	0.0454545454545
13239	0.0454545454545
19523	0.0454545454545
22344	0.0454545454545
24241	0.0454545454545
24665	0.0454545454545
26296	0.0454545454545
35221	0.0454545454545
36690	0.0454545454545
39253	0.0454545454545
43640	0.0454545454545
43646	0.0454545454545
47525	0.0454545454545
48671	0.0454545454545
49910	0.0454545454545
53479	0.0454545454545
59095	0.0454545454545
59686	0.0454545454545
581	0.0434782608696
704	0.0434782608696
10875	0.0434782608696
11040	0.0434782608696
11566	0.0434782608696
20454	0.0434782608696
24739	0.0434782608696
25868	0.0434782608696
28679	0.0434782608696
28846	0.0434782608696
29390	0.0434782608696
32949	0.0434782608696
33147	0.0434782608696
33863	0.0434782608696
41882	0.0434782608696
42938	0.0434782608696
43085	0.0434782608696
44981	0.0434782608696
46510	0.0434782608696
48205	0.0434782608696
48878	0.0434782608696
49681	0.0434782608696
52139	0.0434782608696
60445	0.0434782608696
60455	0.0434782608696
18521	0.0425531914894
51314	0.0425531914894
2712	0.0416666666667
3801	0.0416666666667
4472	0.0416666666667
5506	0.0416666666667
8490	0.0416666666667
8491	0.0416666666667
10261	0.0416666666667
10609	0.0416666666667
11575	0.0416666666667
11824	0.0416666666667
13985	0.0416666666667
15739	0.0416666666667
17665	0.0416666666667
18929	0.0416666666667
19318	0.0416666666667
24350	0.0416666666667
36491	0.0416666666667
38466	0.0416666666667
40725	0.0416666666667
41210	0.0416666666667
41384	0.0416666666667
41422	0.0416666666667
42285	0.0416666666667
43361	0.0416666666667
43426	0.0416666666667
44985	0.0416666666667
46747	0.0416666666667
58449	0.0416666666667
60017	0.0416666666667
60272	0.0416666666667
21353	0.0408163265306
36305	0.0408163265306
53277	0.0408163265306
42295	0.0405405405405
177	0.04
1134	0.04
2029	0.04
4204	0.04
4321	0.04
12447	0.04
12859	0.04
15218	0.04
17784	0.04
21294	0.04
21439	0.04
23524	0.04
28993	0.04
29323	0.04
30838	0.04
32553	0.04
36269	0.04
37554	0.04
38785	0.04
39530	0.04
42630	0.04
42968	0.04
43255	0.04
51389	0.04
57490	0.04
60269	0.04
41350	0.0394736842105
26773	0.0392156862745
59557	0.0392156862745
936	0.0384615384615
2872	0.0384615384615
3945	0.0384615384615
5468	0.0384615384615
11485	0.0384615384615
16852	0.0384615384615
20941	0.0384615384615
26164	0.0384615384615
29163	0.0384615384615
29259	0.0384615384615
31480	0.0384615384615
34937	0.0384615384615
35521	0.0384615384615
38033	0.0384615384615
40280	0.0384615384615
42167	0.0384615384615
43535	0.0384615384615
44440	0.0384615384615
44578	0.0384615384615
52096	0.0384615384615
52246	0.0384615384615
54128	0.0384615384615
60271	0.0384615384615
60467	0.0384615384615
36621	0.0377358490566
4894	0.037037037037
8112	0.037037037037
11098	0.037037037037
12072	0.037037037037
15374	0.037037037037
16278	0.037037037037
20697	0.037037037037
23064	0.037037037037
24728	0.037037037037
28315	0.037037037037
35463	0.037037037037
36250	0.037037037037
37920	0.037037037037
42209	0.037037037037
42882	0.037037037037
43450	0.037037037037
46130	0.037037037037
47017	0.037037037037
47339	0.037037037037
51124	0.037037037037
57855	0.037037037037
59638	0.037037037037
59793	0.037037037037
61266	0.037037037037
208	0.0357142857143
1657	0.0357142857143
1811	0.0357142857143
11865	0.0357142857143
13861	0.0357142857143
15219	0.0357142857143
17565	0.0357142857143
22750	0.0357142857143
23945	0.0357142857143
24864	0.0357142857143
28131	0.0357142857143
28172	0.0357142857143
33342	0.0357142857143
34760	0.0357142857143
42274	0.0357142857143
42784	0.0357142857143
43521	0.0357142857143
53038	0.0357142857143
58107	0.0357142857143
58834	0.0357142857143
31105	0.0350877192982
3644	0.0344827586207
4534	0.0344827586207
6396	0.0344827586207
10790	0.0344827586207
11221	0.0344827586207
15280	0.0344827586207
18273	0.0344827586207
22094	0.0344827586207
25706	0.0344827586207
27736	0.0344827586207
33016	0.0344827586207
33255	0.0344827586207
34449	0.0344827586207
35283	0.0344827586207
39063	0.0344827586207
40258	0.0344827586207
42986	0.0344827586207
44029	0.0344827586207
45648	0.0344827586207
46423	0.0344827586207
47361	0.0344827586207
49316	0.0344827586207
51996	0.0344827586207
218	0.0340909090909
1936	0.0338983050847
40630	0.0338983050847
45701	0.0338983050847
1192	0.0333333333333
7933	0.0333333333333
11243	0.0333333333333
14851	0.0333333333333
15014	0.0333333333333
15962	0.0333333333333
17623	0.0333333333333
18121	0.0333333333333
19779	0.0333333333333
20074	0.0333333333333
34352	0.0333333333333
35908	0.0333333333333
38769	0.0333333333333
40188	0.0333333333333
42900	0.0333333333333
43944	0.0333333333333
52171	0.0333333333333
52810	0.0333333333333
53103	0.0333333333333
4967	0.0327868852459
19463	0.0327868852459
23530	0.0327868852459
2206	0.0322580645161
2909	0.0322580645161
7545	0.0322580645161
9450	0.0322580645161
10184	0.0322580645161
11897	0.0322580645161
13624	0.0322580645161
14962	0.0322580645161
17394	0.0322580645161
18767	0.0322580645161
21902	0.0322580645161
29425	0.0322580645161
32170	0.0322580645161
41234	0.0322580645161
42221	0.0322580645161
51127	0.0322580645161
52996	0.0322580645161
55864	0.0322580645161
59843	0.0322580645161
981	0.03125
1763	0.03125
6728	0.03125
8039	0.03125
11840	0.03125
18490	0.03125
21012	0.03125
29623	0.03125
31208	0.03125
37754	0.03125
38039	0.03125
42373	0.03125
51073	0.03125
51917	0.03125
52134	0.03125
59796	0.03125
17691	0.0307692307692
26173	0.0307692307692
895	0.030303030303
4365	0.030303030303
6802	0.030303030303
7543	0.030303030303
9517	0.030303030303
10185	0.030303030303
20012	0.030303030303
27294	0.030303030303
32958	0.030303030303
34375	0.030303030303
35036	0.030303030303
37623	0.030303030303
41104	0.030303030303
42348	0.030303030303
42719	0.030303030303
48532	0.030303030303
50665	0.030303030303
51839	0.030303030303
52103	0.030303030303
52906	0.030303030303
42931	0.03
13451	0.0298507462687
28486	0.029702970297
28820	0.0296296296296
4071	0.0294117647059
4253	0.0294117647059
14492	0.0294117647059
15872	0.0294117647059
25348	0.0294117647059
25634	0.0294117647059
26067	0.0294117647059
37183	0.0294117647059
37764	0.0294117647059
42081	0.0294117647059
42218	0.0294117647059
51963	0.0294117647059
51982	0.0294117647059
52534	0.0294117647059
53510	0.0294117647059
61124	0.0294117647059
52239	0.0289855072464
47265	0.0288461538462
1449	0.0285714285714
2911	0.0285714285714
3368	0.0285714285714
3461	0.0285714285714
13528	0.0285714285714
15266	0.0285714285714
18162	0.0285714285714
21425	0.0285714285714
21528	0.0285714285714
28387	0.0285714285714
33048	0.0285714285714
37124	0.0285714285714
39121	0.0285714285714
39342	0.0285714285714
40137	0.0285714285714
40607	0.0285714285714
43239	0.0285714285714
43280	0.0285714285714
45875	0.0285714285714
51056	0.0285714285714
53053	0.0285714285714
54244	0.0285714285714
60556	0.0285714285714
46050	0.0281690140845
4080	0.0277777777778
11168	0.0277777777778
29907	0.0277777777778
37829	0.0277777777778
39642	0.0277777777778
41543	0.0277777777778
42702	0.0277777777778
42817	0.0277777777778
51831	0.0277777777778
52899	0.0277777777778
60506	0.0277777777778
11559	0.027397260274
18503	0.027397260274
41430	0.027397260274
883	0.027027027027
2317	0.027027027027
11204	0.027027027027
11488	0.027027027027
18954	0.027027027027
24577	0.027027027027
24592	0.027027027027
27129	0.027027027027
29403	0.027027027027
37647	0.027027027027
39260	0.027027027027
41820	0.027027027027
42575	0.027027027027
42846	0.027027027027
52401	0.027027027027
59906	0.027027027027
19521	0.0266666666667
295	0.0263157894737
850	0.0263157894737
13894	0.0263157894737
22227	0.0263157894737
23626	0.0263157894737
30651	0.0263157894737
31024	0.0263157894737
36416	0.0263157894737
38654	0.0263157894737
41335	0.0263157894737
42190	0.0263157894737
42672	0.0263157894737
42744	0.0263157894737
49257	0.0263157894737
51759	0.0263157894737
52546	0.0263157894737
59943	0.0263157894737
61010	0.0263157894737
450	0.025641025641
4322	0.025641025641
5608	0.025641025641
25395	0.025641025641
34505	0.025641025641
42660	0.025641025641
43447	0.025641025641
44190	0.025641025641
45130	0.025641025641
50651	0.025641025641
51669	0.025641025641
52945	0.025641025641
59784	0.025641025641
60140	0.025641025641
38547	0.0253164556962
41241	0.0253164556962
41571	0.0253164556962
626	0.025
733	0.025
1887	0.025
6773	0.025
7440	0.025
10837	0.025
12386	0.025
18338	0.025
19290	0.025
26005	0.025
28951	0.025
29325	0.025
37167	0.025
39232	0.025
41316	0.025
41669	0.025
41700	0.025
51536	0.025
52800	0.025
55890	0.025
60446	0.025
60554	0.025
6657	0.0245901639344
1071	0.0243902439024
1092	0.0243902439024
2287	0.0243902439024
6506	0.0243902439024
10531	0.0243902439024
12604	0.0243902439024
15648	0.0243902439024
16806	0.0243902439024
21664	0.0243902439024
34101	0.0243902439024
38471	0.0243902439024
40744	0.0243902439024
41512	0.0243902439024
41856	0.0243902439024
41955	0.0243902439024
41974	0.0243902439024
50940	0.0243902439024
51487	0.0243902439024
52887	0.0243902439024
53380	0.0243902439024
7420	0.0241935483871
53114	0.024
8609	0.0238095238095
18846	0.0238095238095
23843	0.0238095238095
24590	0.0238095238095
32775	0.0238095238095
41447	0.0238095238095
46776	0.0238095238095
51716	0.0238095238095
1375	0.0232558139535
3388	0.0232558139535
10918	0.0232558139535
20089	0.0232558139535
21742	0.0232558139535
22157	0.0232558139535
24348	0.0232558139535
30619	0.0232558139535
30684	0.0232558139535
36787	0.0232558139535
41921	0.0232558139535
45390	0.0232558139535
51058	0.0232558139535
51219	0.0232558139535
52469	0.0232558139535
52868	0.0232558139535
1304	0.0227272727273
2754	0.0227272727273
6599	0.0227272727273
7301	0.0227272727273
11925	0.0227272727273
12199	0.0227272727273
12609	0.0227272727273
21284	0.0227272727273
22498	0.0227272727273
27504	0.0227272727273
31801	0.0227272727273
32679	0.0227272727273
34832	0.0227272727273
35549	0.0227272727273
42030	0.0227272727273
49943	0.0227272727273
51066	0.0227272727273
52063	0.0227272727273
53443	0.0227272727273
40752	0.0224719101124
5634	0.0223880597015
457	0.0222222222222
16204	0.0222222222222
21386	0.0222222222222
24888	0.0222222222222
30133	0.0222222222222
31032	0.0222222222222
35103	0.0222222222222
35841	0.0222222222222
36060	0.0222222222222
40792	0.0222222222222
42095	0.0222222222222
43722	0.0222222222222
50337	0.0222222222222
1015	0.0217391304348
11346	0.0217391304348
11503	0.0217391304348
25221	0.0217391304348
26764	0.0217391304348
27168	0.0217391304348
31308	0.0217391304348
31954	0.0217391304348
44145	0.0217391304348
45675	0.0217391304348
48238	0.0217391304348
53242	0.0217391304348
59233	0.0217391304348
60068	0.0217391304348
41197	0.0215053763441
51038	0.0213903743316
112	0.0212765957447
160	0.0212765957447
8527	0.0212765957447
17053	0.0212765957447
19661	0.0212765957447
24936	0.0212765957447
36833	0.0212765957447
41187	0.0212765957447
41323	0.0212765957447
41550	0.0212765957447
41698	0.0212765957447
42326	0.0212765957447
49495	0.0212765957447
36894	0.0210526315789
6391	0.0208333333333
11135	0.0208333333333
16283	0.0208333333333
26779	0.0208333333333
31107	0.0208333333333
33305	0.0208333333333
42482	0.0208333333333
46895	0.0208333333333
49571	0.0208333333333
50287	0.0208333333333
51741	0.0208333333333
18234	0.020618556701
52564	0.020618556701
75	0.0204081632653
6748	0.0204081632653
18755	0.0204081632653
31592	0.0204081632653
33488	0.0204081632653
33886	0.0204081632653
34503	0.0204081632653
38880	0.0204081632653
41214	0.0204081632653
45125	0.0204081632653
45283	0.0204081632653
49597	0.0204081632653
51042	0.0204081632653
51224	0.0204081632653
53191	0.0204081632653
56215	0.0204081632653
57980	0.0204081632653
167	0.02
1094	0.02
3743	0.02
10316	0.02
10428	0.02
14390	0.02
17301	0.02
17982	0.02
19840	0.02
20992	0.02
27811	0.02
29384	0.02
31991	0.02
32503	0.02
39006	0.02
41247	0.02
51348	0.02
1505	0.0196078431373
3566	0.0196078431373
4527	0.0196078431373
26817	0.0196078431373
29785	0.0196078431373
36366	0.0196078431373
37985	0.0196078431373
42568	0.0196078431373
43461	0.0196078431373
50185	0.0196078431373
52930	0.0196078431373
53232	0.0196078431373
18967	0.0194805194805
25169	0.0194174757282
3223	0.0192307692308
4840	0.0192307692308
8759	0.0192307692308
9721	0.0192307692308
12057	0.0192307692308
16397	0.0192307692308
21349	0.0192307692308
21703	0.0192307692308
35155	0.0192307692308
39663	0.0192307692308
42527	0.0192307692308
42799	0.0192307692308
47225	0.0192307692308
48996	0.0192307692308
50991	0.0192307692308
52592	0.0192307692308
52736	0.0192307692308
36078	0.0191082802548
1821	0.0188679245283
13332	0.0188679245283
32020	0.0188679245283
41948	0.0188679245283
42044	0.0188679245283
42318	0.0188679245283
47638	0.0188679245283
48701	0.0188679245283
52762	0.0188679245283
60641	0.0188679245283
52062	0.018691588785
1237	0.0185185185185
3189	0.0185185185185
4712	0.0185185185185
10843	0.0185185185185
11145	0.0185185185185
18703	0.0185185185185
20492	0.0185185185185
28828	0.0185185185185
31902	0.0185185185185
38527	0.0185185185185
41123	0.0185185185185
41455	0.0185185185185
41872	0.0185185185185
42197	0.0185185185185
49304	0.0185185185185
52260	0.0185185185185
47633	0.0183486238532
5918	0.0182648401826
1103	0.0181818181818
12819	0.0181818181818
18304	0.0181818181818
33120	0.0181818181818
35130	0.0181818181818
36429	0.0181818181818
37897	0.0181818181818
38732	0.0181818181818
41807	0.0181818181818
42317	0.0181818181818
44034	0.0181818181818
44528	0.0181818181818
45004	0.0181818181818
48452	0.0181818181818
48981	0.0181818181818
52176	0.0181818181818
43325	0.018018018018
5390	0.0178571428571
6940	0.0178571428571
14276	0.0178571428571
22663	0.0178571428571
27587	0.0178571428571
32213	0.0178571428571
41553	0.0178571428571
51891	0.0178571428571
55884	0.0178571428571
51854	0.0176991150442
2925	0.0175438596491
3722	0.0175438596491
8611	0.0175438596491
8657	0.0175438596491
12873	0.0175438596491
17064	0.0175438596491
17462	0.0175438596491
33840	0.0175438596491
41338	0.0175438596491
5055	0.0172413793103
9749	0.0172413793103
22896	0.0172413793103
31479	0.0172413793103
33782	0.0172413793103
41205	0.0172413793103
51519	0.0172413793103
55194	0.0172413793103
35162	0.0171428571429
5311	0.0169491525424
9685	0.0169491525424
10315	0.0169491525424
32720	0.0169491525424
38523	0.0169491525424
39528	0.0169491525424
42075	0.0169491525424
42099	0.0169491525424
43238	0.0169491525424
51474	0.0169491525424
59790	0.0169491525424
1328	0.0166666666667
1356	0.0166666666667
2343	0.0166666666667
2353	0.0166666666667
11353	0.0166666666667
15515	0.0166666666667
18492	0.0166666666667
18985	0.0166666666667
21248	0.0166666666667
24862	0.0166666666667
26660	0.0166666666667
33781	0.0166666666667
37795	0.0166666666667
38564	0.0166666666667
39458	0.0166666666667
44152	0.0166666666667
61083	0.0166666666667
982	0.016393442623
3538	0.016393442623
5302	0.016393442623
6404	0.016393442623
24087	0.016393442623
35708	0.016393442623
36934	0.016393442623
37184	0.016393442623
40997	0.016393442623
43034	0.016393442623
43086	0.016393442623
46447	0.016393442623
52531	0.016393442623
19429	0.0162601626016
52188	0.0162601626016
1898	0.0161290322581
4195	0.0161290322581
6517	0.0161290322581
8226	0.0161290322581
16913	0.0161290322581
21345	0.0161290322581
32725	0.0161290322581
41858	0.0161290322581
48926	0.0161290322581
52567	0.0161290322581
83	0.016
49397	0.016
363	0.015873015873
11535	0.015873015873
14710	0.015873015873
32226	0.015873015873
33527	0.015873015873
34785	0.015873015873
39310	0.015873015873
43171	0.015873015873
43616	0.015873015873
106	0.0157480314961
33481	0.0157480314961
9471	0.015625
17932	0.015625
17969	0.015625
19761	0.015625
28797	0.015625
29928	0.015625
41656	0.015625
45859	0.015625
870	0.0155844155844
42302	0.015503875969
42308	0.015503875969
2137	0.0153846153846
7392	0.0153846153846
11556	0.0153846153846
17699	0.0153846153846
22252	0.0153846153846
26608	0.0153846153846
29554	0.0153846153846
38330	0.0153846153846
40557	0.0153846153846
41584	0.0153846153846
51462	0.0153846153846
1904	0.0151515151515
3492	0.0151515151515
21310	0.0151515151515
33113	0.0151515151515
34670	0.0151515151515
35198	0.0151515151515
43376	0.0151515151515
51282	0.0151515151515
51421	0.0151515151515
51453	0.0151515151515
52131	0.0151515151515
5618	0.015037593985
15782	0.015037593985
398	0.0149253731343
2104	0.0149253731343
2144	0.0149253731343
2444	0.0149253731343
4486	0.0149253731343
7101	0.0149253731343
15730	0.0149253731343
20376	0.0149253731343
26558	0.0149253731343
32457	0.0149253731343
34997	0.0149253731343
41117	0.0149253731343
52928	0.0149253731343
2578	0.0147058823529
8279	0.0147058823529
10162	0.0147058823529
17275	0.0147058823529
17280	0.0147058823529
32803	0.0147058823529
34672	0.0147058823529
37379	0.0147058823529
44787	0.0147058823529
52064	0.0147058823529
59604	0.0146341463415
25405	0.0145454545455
8739	0.0144927536232
16831	0.0144927536232
28111	0.0144927536232
29401	0.0144927536232
34691	0.0144927536232
51865	0.0144927536232
10166	0.0144230769231
6222	0.0143884892086
2354	0.0142857142857
35039	0.0142857142857
39320	0.0142857142857
27063	0.0141843971631
830	0.0140845070423
14105	0.0140845070423
28592	0.0140845070423
32651	0.0140845070423
41633	0.0140845070423
42460	0.0140845070423
52444	0.0140845070423
52666	0.0140845070423
52876	0.0140845070423
42750	0.013986013986
8397	0.0139534883721
41370	0.0139534883721
4481	0.0138888888889
5219	0.0138888888889
27226	0.0138888888889
29573	0.0138888888889
33890	0.0138888888889
34985	0.0138888888889
41438	0.0138888888889
41527	0.0138888888889
52962	0.0138888888889
41011	0.0137931034483
2282	0.013698630137
14649	0.013698630137
15638	0.013698630137
32770	0.013698630137
35148	0.013698630137
41579	0.013698630137
42892	0.013698630137
18	0.0135135135135
2874	0.0135135135135
7084	0.0135135135135
17295	0.0135135135135
18022	0.0135135135135
32974	0.0135135135135
36395	0.0135135135135
43630	0.0135135135135
50391	0.0135135135135
51246	0.0135135135135
52020	0.0135135135135
632	0.0134228187919
12777	0.0134228187919
27952	0.0134228187919
39085	0.0134228187919
1039	0.0133333333333
11519	0.0133333333333
19572	0.0133333333333
26098	0.0133333333333
30209	0.0133333333333
30976	0.0133333333333
31008	0.0133333333333
37660	0.0133333333333
51820	0.0133333333333
52682	0.0133333333333
52841	0.0133333333333
52863	0.0133333333333
14122	0.0132450331126
1386	0.0131578947368
4561	0.0131578947368
18295	0.0131578947368
29804	0.0131578947368
38272	0.0131578947368
42056	0.0131578947368
51292	0.0131578947368
51506	0.0131578947368
51605	0.0131578947368
59646	0.0131578947368
21523	0.0130434782609
24958	0.0130293159609
3534	0.012987012987
3684	0.012987012987
4728	0.012987012987
5124	0.012987012987
17442	0.012987012987
33864	0.012987012987
40645	0.012987012987
44993	0.012987012987
51102	0.012987012987
8089	0.0128205128205
29756	0.0128205128205
34115	0.0128205128205
34788	0.0128205128205
37225	0.0128205128205
37557	0.0128205128205
38642	0.0128205128205
39782	0.0128205128205
40893	0.0128205128205
52043	0.0128205128205
52190	0.0128205128205
52458	0.0128205128205
53344	0.0128205128205
23642	0.0127877237852
18129	0.0127388535032
4374	0.0126582278481
5715	0.0126582278481
7614	0.0126582278481
11079	0.0126582278481
23825	0.0126582278481
27173	0.0126582278481
32822	0.0126582278481
33964	0.0126582278481
34166	0.0126582278481
51154	0.0126582278481
52227	0.0126582278481
34356	0.0125523012552
652	0.0125
7884	0.0125
28042	0.0125
41143	0.0125
41428	0.0125
53282	0.0125
41041	0.0124481327801
2917	0.0123456790123
20080	0.0123456790123
41114	0.0123456790123
47995	0.0123456790123
49024	0.0123456790123
50929	0.0123456790123
51422	0.0123456790123
59558	0.0123456790123
50870	0.0122699386503
27404	0.0122448979592
767	0.0121951219512
7749	0.0121951219512
12475	0.0121951219512
23605	0.0121951219512
28415	0.0121951219512
40942	0.0121951219512
50494	0.0121951219512
52981	0.0121951219512
38800	0.0121212121212
6339	0.0120481927711
8210	0.0120481927711
17027	0.0120481927711
32762	0.0120481927711
32927	0.0120481927711
41100	0.0120481927711
41450	0.0120481927711
41791	0.0120481927711
42649	0.0120481927711
43522	0.0120481927711
44136	0.0120481927711
44233	0.0120481927711
51343	0.0120481927711
1365	0.0119047619048
26567	0.0119047619048
30762	0.0119047619048
34217	0.0119047619048
34659	0.0119047619048
39213	0.0119047619048
41147	0.0119047619048
43813	0.0119047619048
46731	0.0119047619048
50949	0.0119047619048
1618	0.0117647058824
4468	0.0117647058824
8197	0.0117647058824
22026	0.0117647058824
37792	0.0117647058824
42035	0.0117647058824
50335	0.0117647058824
10607	0.0116279069767
12481	0.0116279069767
21715	0.0116279069767
26218	0.0116279069767
26313	0.0116279069767
27387	0.0116279069767
30913	0.0116279069767
31313	0.0116279069767
34241	0.0116279069767
37046	0.0116279069767
41062	0.0115606936416
11307	0.0114942528736
16448	0.0114942528736
24717	0.0114942528736
26600	0.0114942528736
34531	0.0114942528736
35516	0.0114942528736
43391	0.0114942528736
51043	0.0114942528736
3369	0.0114285714286
14361	0.0114285714286
33727	0.0114285714286
3480	0.0113636363636
4580	0.0113636363636
4867	0.0113636363636
5698	0.0113636363636
8129	0.0113636363636
10103	0.0113636363636
20675	0.0113636363636
22843	0.0113636363636
1740	0.0112359550562
6417	0.0112359550562
14505	0.0112359550562
14573	0.0112359550562
18604	0.0112359550562
18756	0.0112359550562
19420	0.0112359550562
21727	0.0112359550562
21983	0.0112359550562
25400	0.0112359550562
36054	0.0112359550562
43276	0.0112359550562
53234	0.0112359550562
1456	0.0111731843575
1117	0.0111111111111
11888	0.0111111111111
28134	0.0111111111111
34619	0.0111111111111
38287	0.0111111111111
41191	0.0111111111111
48676	0.0111111111111
51655	0.0111111111111
51967	0.0111111111111
52197	0.0111111111111
16516	0.0110497237569
1788	0.010989010989
2288	0.010989010989
3754	0.010989010989
4814	0.010989010989
5371	0.010989010989
23121	0.010989010989
32130	0.010989010989
34208	0.010989010989
36606	0.010989010989
43150	0.010989010989
871	0.0108695652174
41332	0.0108695652174
41546	0.0108695652174
41778	0.0108695652174
50898	0.0108695652174
51792	0.0108695652174
6573	0.0108108108108
42378	0.0108108108108
452	0.010752688172
7460	0.010752688172
7505	0.010752688172
11553	0.010752688172
27537	0.010752688172
33143	0.010752688172
33599	0.010752688172
40985	0.010752688172
37993	0.0106666666667
4769	0.0106382978723
21375	0.0106382978723
33523	0.0106382978723
39651	0.0106382978723
48489	0.0106382978723
50913	0.0106382978723
50984	0.0106382978723
52576	0.0106382978723
1438	0.0105263157895
8519	0.0105263157895
18974	0.0105263157895
22398	0.0105263157895
31298	0.0105263157895
33990	0.0105263157895
37162	0.0105263157895
41113	0.0105263157895
3747	0.0104895104895
30938	0.0104712041885
11262	0.0104166666667
13006	0.0104166666667
14656	0.0104166666667
40936	0.0104166666667
52711	0.0104166666667
766	0.0103092783505
1755	0.0103092783505
10973	0.0103092783505
33544	0.0103092783505
51234	0.0103092783505
3250	0.0102564102564
18278	0.0102040816327
22589	0.0102040816327
23080	0.0102040816327
30185	0.0102040816327
32509	0.0102040816327
37588	0.0102040816327
39286	0.0102040816327
41083	0.0102040816327
48662	0.0102040816327
51006	0.0102040816327
53168	0.0102040816327
17938	0.010183299389
896	0.010152284264
22230	0.010152284264
22572	0.010152284264
37194	0.010152284264
4764	0.0101449275362
5574	0.010101010101
17767	0.010101010101
28055	0.010101010101
38338	0.010101010101
38787	0.010101010101
41530	0.010101010101
42249	0.010101010101
45381	0.010101010101
49136	0.010101010101
52089	0.010101010101
52741	0.010101010101
41070	0.0100502512563
1252	0.01
6444	0.01
14303	0.01
18378	0.01
31962	0.01
34443	0.01
41913	0.01
51346	0.01
51869	0.01
52016	0.01
52645	0.01
3182	0.00990099009901
12484	0.00980392156863
41223	0.00980392156863
42363	0.00980392156863
48608	0.00980392156863
50943	0.00980392156863
52357	0.00980392156863
2595	0.00975609756098
4943	0.00970873786408
23514	0.00970873786408
23990	0.00970873786408
30806	0.00970873786408
41103	0.00970873786408
49350	0.00970873786408
51337	0.00970873786408
1113	0.00968523002421
41093	0.00967741935484
9625	0.00966183574879
9715	0.00961538461538
12552	0.00961538461538
12856	0.00961538461538
14839	0.00961538461538
15306	0.00961538461538
25027	0.00961538461538
29533	0.00961538461538
41082	0.00961538461538
41167	0.00961538461538
1975	0.00952380952381
4705	0.00952380952381
4836	0.00952380952381
9651	0.00952380952381
28805	0.00952380952381
33639	0.00952380952381
41171	0.00952380952381
46277	0.00952380952381
50884	0.00952380952381
52891	0.00952380952381
118	0.00949367088608
20802	0.00947867298578
1132	0.00943396226415
7303	0.00943396226415
32784	0.00943396226415
45717	0.00943396226415
59508	0.00943396226415
29399	0.0093896713615
4620	0.00934579439252
11774	0.00934579439252
33785	0.00934579439252
34096	0.00934579439252
36275	0.00934579439252
41972	0.00934579439252
50938	0.00934579439252
52350	0.00934579439252
7115	0.00925925925926
22195	0.00925925925926
22231	0.00925925925926
32490	0.00925925925926
33572	0.00925925925926
12467	0.00923076923077
20529	0.00917431192661
25918	0.00917431192661
26162	0.00917431192661
41160	0.00917431192661
42194	0.00917431192661
47475	0.00917431192661
31830	0.00913242009132
20669	0.00909090909091
24971	0.00909090909091
35551	0.00909090909091
38795	0.00909090909091
41084	0.00909090909091
4868	0.00906344410876
11230	0.00904977375566
2145	0.00900900900901
2639	0.00900900900901
9722	0.00900900900901
22031	0.00900900900901
23789	0.00900900900901
39288	0.00900900900901
511	0.00898203592814
11250	0.00892857142857
14730	0.00892857142857
41002	0.00892857142857
52536	0.00892857142857
14140	0.00890207715134
23666	0.00886917960089
6330	0.00884955752212
12343	0.00884955752212
34683	0.00884955752212
41236	0.00884955752212
44035	0.00884955752212
52428	0.00884955752212
5113	0.00877192982456
10340	0.00877192982456
10054	0.00869565217391
12756	0.00869565217391
13428	0.00869565217391
27255	0.00869565217391
30880	0.00869565217391
31720	0.00869565217391
41023	0.00869565217391
52368	0.00869565217391
18701	0.00867052023121
37198	0.00867052023121
34147	0.00864553314121
4044	0.00862068965517
26868	0.00862068965517
29780	0.00862068965517
37961	0.00862068965517
39210	0.00862068965517
41140	0.00862068965517
41640	0.00862068965517
47430	0.00862068965517
50330	0.00862068965517
6816	0.00858369098712
8729	0.00854700854701
25091	0.00854700854701
26279	0.00854700854701
41826	0.00854700854701
59890	0.00854700854701
4711	0.00848484848485
18134	0.00847457627119
26310	0.00847457627119
29855	0.00847457627119
36537	0.00847457627119
38818	0.00847457627119
41127	0.00847457627119
44776	0.00847457627119
1062	0.00840336134454
4604	0.00840336134454
4876	0.00840336134454
14525	0.00840336134454
20205	0.00840336134454
34724	0.00840336134454
42753	0.00840336134454
44281	0.00840336134454
51724	0.00840336134454
60005	0.00840336134454
25324	0.00837988826816
37169	0.00836820083682
11239	0.00833333333333
13829	0.00833333333333
25416	0.00833333333333
52471	0.00833333333333
59611	0.00833333333333
210	0.00829875518672
4327	0.00829875518672
6904	0.00826446280992
30925	0.00826446280992
31875	0.00826446280992
10789	0.00819672131148
18205	0.00819672131148
26674	0.00819672131148
49392	0.00819672131148
20647	0.00813008130081
47628	0.0080971659919
1096	0.00806451612903
21696	0.00806451612903
41392	0.00806451612903
44351	0.00806451612903
44486	0.00806451612903
50812	0.00806451612903
18607	0.00803212851406
1232	0.008
18276	0.008
21377	0.008
28285	0.008
33577	0.008
33680	0.008
52332	0.008
41109	0.00796812749004
39785	0.00794438927507
4339	0.00793650793651
18199	0.00793650793651
22351	0.00793650793651
34155	0.00793650793651
41411	0.00793650793651
51030	0.00793650793651
53361	0.00793650793651
512	0.00787401574803
26711	0.00787401574803
41682	0.00787401574803
51689	0.00787401574803
3826	0.0078125
7357	0.0078125
20875	0.0078125
22319	0.0078125
42019	0.0078125
50969	0.0078125
52331	0.0078125
33895	0.00778210116732
25810	0.0077519379845
41055	0.0077519379845
50881	0.0077519379845
51666	0.0077519379845
1167	0.00769230769231
41279	0.00769230769231
23688	0.0076726342711
616	0.00763358778626
1087	0.00763358778626
10987	0.00763358778626
19792	0.00763358778626
22690	0.00763358778626
26437	0.00763358778626
28379	0.00763358778626
41793	0.00763358778626
47050	0.00763358778626
5643	0.0076103500761
11297	0.00757575757576
21657	0.00757575757576
34143	0.00757575757576
51496	0.00757575757576
28821	0.00754716981132
20542	0.00753012048193
100	0.00751879699248
23532	0.00751879699248
32809	0.00751879699248
53000	0.00751879699248
4070	0.00746268656716
27320	0.00746268656716
27409	0.00746268656716
51133	0.00746268656716
7340	0.00745473908413
29909	0.00743494423792
18556	0.00740740740741
38790	0.00740740740741
49749	0.00740740740741
40334	0.00738007380074
5575	0.00735294117647
30691	0.00735294117647
50952	0.00735294117647
3116	0.00732600732601
2757	0.00729927007299
22621	0.00729927007299
30917	0.00729927007299
43354	0.00729927007299
51709	0.00729927007299
4582	0.00724637681159
7451	0.00724637681159
11504	0.00724637681159
41398	0.00724637681159
13058	0.00719424460432
19799	0.00719424460432
41890	0.00719424460432
51225	0.00719424460432
2186	0.00718390804598
33887	0.00718132854578
35178	0.00718132854578
29277	0.00715137067938
755	0.00714285714286
3139	0.00714285714286
11060	0.00714285714286
11798	0.00714285714286
17315	0.00714285714286
24017	0.00714285714286
31864	0.00714285714286
32318	0.00714285714286
40344	0.00714285714286
41468	0.00714285714286
2789	0.00709219858156
7413	0.00709219858156
4335	0.00706713780919
18414	0.00706713780919
27094	0.00706713780919
4242	0.00704225352113
5237	0.00704225352113
26486	0.00704225352113
34607	0.00704225352113
42312	0.00704225352113
52555	0.00704225352113
4704	0.00699300699301
25586	0.00699300699301
35045	0.00699300699301
51393	0.00699300699301
7300	0.00697674418605
38793	0.00697674418605
862	0.00694444444444
1752	0.00694444444444
4347	0.00694444444444
7518	0.00694444444444
30828	0.00694444444444
38807	0.00694444444444
50963	0.00694444444444
52240	0.00694444444444
33634	0.00693481276006
23337	0.00689655172414
27910	0.00689655172414
37800	0.00689655172414
20573	0.00684931506849
39874	0.00684931506849
40351	0.00684931506849
2829	0.00680272108844
3445	0.00680272108844
36897	0.00680272108844
50879	0.00680272108844
494	0.00675675675676
4513	0.00675675675676
14459	0.00675675675676
27642	0.00675675675676
51254	0.00675675675676
13621	0.00671140939597
14013	0.00671140939597
38671	0.00671140939597
37747	0.00666666666667
41038	0.00666666666667
5503	0.00665399239544
1990	0.00662251655629
2007	0.00660066006601
41154	0.00660066006601
9762	0.00657894736842
18699	0.00657894736842
22534	0.00657894736842
22830	0.00657894736842
27715	0.00657894736842
41073	0.00657894736842
57861	0.00657894736842
893	0.00653594771242
14115	0.00653594771242
17483	0.00653594771242
41596	0.00653594771242
51179	0.00653594771242
3720	0.0065274151436
34548	0.00651465798046
874	0.00649350649351
1239	0.00649350649351
4418	0.00649350649351
5089	0.00649350649351
14833	0.00649350649351
41832	0.00649350649351
51027	0.00647249190939
4337	0.00645161290323
6360	0.00645161290323
4121	0.00644122383253
4137	0.00642398286938
618	0.00641025641026
1918	0.00641025641026
5206	0.00641025641026
17152	0.00641025641026
23440	0.00641025641026
51575	0.00641025641026
3419	0.00639658848614
41039	0.00638977635783
13063	0.00636942675159
41672	0.00636942675159
42145	0.00636942675159
16368	0.00632911392405
32895	0.00632911392405
32935	0.00632911392405
49398	0.00632911392405
5809	0.0063233965673
19599	0.00631578947368
3554	0.0062893081761
7161	0.0062893081761
7299	0.0062893081761
15851	0.0062893081761
27128	0.0062893081761
42335	0.0062893081761
40979	0.00626959247649
1984	0.00625
4135	0.00625
10089	0.00625
19314	0.00625
19687	0.00625
35019	0.00625
23782	0.00622406639004
36394	0.00622406639004
12511	0.00621118012422
27125	0.00621118012422
34676	0.00621118012422
1364	0.0061919504644
17715	0.0061919504644
27865	0.00618556701031
4937	0.00617919670443
13212	0.00617283950617
38758	0.00617283950617
41224	0.00617283950617
5616	0.00615384615385
1503	0.00613839285714
17008	0.00613496932515
24606	0.00613496932515
25051	0.00613496932515
36392	0.00613496932515
41940	0.00613496932515
23150	0.00612557427259
3486	0.00609756097561
18283	0.00609756097561
41015	0.00609756097561
33780	0.00606060606061
38663	0.00606060606061
42531	0.00606060606061
2344	0.00604838709677
1655	0.00604229607251
456	0.00602409638554
7509	0.00602409638554
8709	0.00602409638554
39548	0.00602409638554
18960	0.00599520383693
34967	0.0059880239521
52738	0.0059880239521
137	0.00595238095238
13064	0.00595238095238
34169	0.00595238095238
51159	0.00595238095238
13642	0.00591715976331
40482	0.00591715976331
51029	0.00591715976331
41029	0.00589970501475
3297	0.00588235294118
3598	0.00588235294118
4144	0.00588235294118
37409	0.00588235294118
50652	0.00588235294118
29845	0.0058651026393
3946	0.00584795321637
25487	0.00584795321637
27890	0.00584795321637
41609	0.00584795321637
50987	0.00584795321637
51025	0.00584795321637
3943	0.00583090379009
2588	0.00581395348837
10852	0.00581395348837
14862	0.00581395348837
22018	0.00581395348837
41593	0.00581395348837
42954	0.00581395348837
50961	0.00581395348837
51168	0.00581395348837
22579	0.00579710144928
4485	0.00578034682081
7349	0.00578034682081
14343	0.00578034682081
32594	0.00578034682081
28405	0.00576036866359
1390	0.00574712643678
9720	0.00574712643678
13120	0.00574712643678
41378	0.00574712643678
34751	0.0057361376673
3214	0.00571428571429
14206	0.00571428571429
23211	0.00571428571429
29024	0.00571428571429
41068	0.00571428571429
26584	0.00568990042674
20527	0.00568181818182
31850	0.00568181818182
37392	0.00568181818182
40971	0.00567107750473
41034	0.0056657223796
2660	0.00564971751412
25078	0.00564971751412
3788	0.00561797752809
13660	0.00561797752809
22070	0.00561797752809
33862	0.00561797752809
50939	0.00561797752809
33850	0.00560224089636
34897	0.00558659217877
41048	0.00558659217877
30269	0.00557620817844
47774	0.00557103064067
1170	0.00555555555556
3273	0.00555555555556
16935	0.00555555555556
52383	0.00555555555556
11776	0.00552486187845
34224	0.00552486187845
41544	0.00552486187845
216	0.00549450549451
4846	0.00549450549451
24970	0.00549450549451
30466	0.00549450549451
34367	0.00549450549451
7317	0.00547945205479
5622	0.00546448087432
30799	0.00546448087432
33692	0.00546448087432
50760	0.00546448087432
35136	0.00545454545455
27489	0.005444646098
7419	0.00544217687075
879	0.0054347826087
3548	0.0054347826087
4479	0.0054347826087
8724	0.0054347826087
10792	0.0054347826087
37776	0.0054347826087
40887	0.0054347826087
41177	0.0054347826087
51989	0.0054347826087
253	0.00542888165038
41097	0.00542005420054
1231	0.00540540540541
25376	0.00540540540541
28830	0.00540540540541
29971	0.00540540540541
37238	0.00540540540541
39510	0.00540540540541
41374	0.00539083557951
8229	0.00537634408602
18374	0.00537634408602
39915	0.00537634408602
41404	0.00537634408602
5367	0.00534759358289
18112	0.00534759358289
18183	0.00534759358289
50933	0.00534759358289
2419	0.00532623169108
38794	0.00532386867791
6772	0.00531914893617
39265	0.00531914893617
2312	0.00530973451327
27949	0.0053050397878
3842	0.00529100529101
9135	0.00529100529101
36967	0.00529100529101
24522	0.00526315789474
32483	0.00526315789474
41610	0.00526315789474
2865	0.00523560209424
2733	0.00522875816993
19598	0.00521172638436
4675	0.00520833333333
12017	0.00519480519481
4733	0.00518134715026
10266	0.00518134715026
51112	0.00518134715026
29863	0.0051724137931
41074	0.0051724137931
20630	0.00515463917526
31307	0.00515463917526
41157	0.00515463917526
41227	0.00515463917526
12969	0.00515021459227
5204	0.00513808606294
26235	0.00512820512821
41129	0.00512820512821
9292	0.00510204081633
21507	0.00510204081633
2216	0.00507614213198
40983	0.00507614213198
41010	0.00506329113924
42156	0.00506329113924
2169	0.00505050505051
22524	0.00505050505051
1743	0.00503355704698
38925	0.00503355704698
17066	0.00502512562814
31483	0.00502512562814
30899	0.00500625782228
11314	0.005
33656	0.005
51146	0.005
3288	0.00497512437811
1628	0.00496277915633
32418	0.0049504950495
41090	0.00494437577256
15636	0.00493827160494
7956	0.00492610837438
18972	0.00492610837438
40541	0.00492610837438
44978	0.00492610837438
932	0.004914004914
1853	0.00490196078431
492	0.00487804878049
2084	0.00487804878049
26195	0.00487804878049
26863	0.00487804878049
90	0.00485436893204
1497	0.00485436893204
5419	0.00485436893204
21321	0.00485436893204
27471	0.00485436893204
37689	0.00485436893204
7533	0.0048309178744
52029	0.00480769230769
2515	0.00479616306954
11782	0.00478468899522
41467	0.00478468899522
12182	0.0047619047619
20173	0.0047619047619
21978	0.0047619047619
29287	0.0047619047619
39447	0.0047619047619
27809	0.00474683544304
53342	0.00473933649289
41027	0.00472813238771
4173	0.00471698113208
18307	0.00470035252644
1489	0.00469483568075
22971	0.00469483568075
27579	0.00469483568075
23388	0.00467289719626
3859	0.0046511627907
12388	0.0046511627907
34999	0.0046511627907
41366	0.0046511627907
41521	0.0046511627907
5112	0.00464499004645
900	0.0046439628483
21458	0.00462962962963
41012	0.00462962962963
11778	0.00461893764434
40289	0.00461893764434
11165	0.00460829493088
25113	0.00459418070444
6304	0.0045871559633
17611	0.00456621004566
51341	0.00456621004566
18613	0.00455580865604
562	0.00454545454545
17946	0.00454545454545
921	0.00453309156845
4916	0.00452488687783
34929	0.00452488687783
17346	0.0045045045045
1118	0.00449871465296
53069	0.00448430493274
40962	0.00447627573859
689	0.00446428571429
1361	0.00446428571429
3827	0.00446428571429
13095	0.00446428571429
51099	0.00444444444444
29861	0.00443458980044
2787	0.00442477876106
41045	0.00442477876106
52697	0.00442477876106
13933	0.00440528634361
41146	0.00440528634361
2722	0.00438596491228
10727	0.00438596491228
50851	0.00438596491228
50875	0.00438596491228
52258	0.00438596491228
33377	0.00434782608696
39209	0.00434782608696
9656	0.00434153400868
21545	0.00433839479393
631	0.004329004329
1632	0.004329004329
35400	0.004329004329
40988	0.00431965442765
26934	0.00431034482759
29492	0.00431034482759
41091	0.00431034482759
50937	0.00431034482759
2613	0.00430416068867
4708	0.00430416068867
14360	0.0042735042735
18759	0.0042735042735
32811	0.0042735042735
38493	0.0042735042735
41274	0.0042735042735
15228	0.00426439232409
14749	0.00425531914894
35703	0.00424628450106
50105	0.00423728813559
14604	0.0042194092827
29055	0.0042194092827
4057	0.00420168067227
15794	0.00420168067227
21648	0.00420168067227
31882	0.00420168067227
4900	0.00418410041841
17068	0.00418410041841
24126	0.00418410041841
28043	0.00418410041841
33495	0.00418410041841
5432	0.00416956219597
37115	0.00416666666667
76	0.00415282392027
10920	0.00414937759336
31440	0.00414937759336
41270	0.00414937759336
23742	0.00413223140496
39483	0.00413223140496
37104	0.00411522633745
28633	0.00409836065574
51173	0.00409836065574
37762	0.00408163265306
9188	0.00404858299595
41054	0.00404858299595
17952	0.00403225806452
31170	0.00403225806452
45139	0.00403225806452
17711	0.004
11	0.0039603960396
50923	0.00395256916996
4518	0.00394910048267
14352	0.00394736842105
3729	0.00393700787402
6803	0.00392156862745
40968	0.00392156862745
2381	0.00391644908616
40995	0.00391134289439
17147	0.00389105058366
35847	0.00389105058366
41194	0.00389105058366
44951	0.00389105058366
33841	0.00388349514563
5673	0.00387596899225
37427	0.00387596899225
47637	0.003861003861
39136	0.00385505011565
21797	0.00385356454721
1680	0.00384615384615
31312	0.00384615384615
4396	0.00383877159309
38203	0.00383561643836
868	0.00383435582822
15207	0.00381679389313
34369	0.00381679389313
34920	0.00381679389313
16956	0.00380228136882
41347	0.00380228136882
3733	0.00379506641366
41188	0.00377358490566
41985	0.00375939849624
50944	0.00374531835206
13216	0.00373134328358
26416	0.00373134328358
41001	0.00373134328358
41031	0.00372670807453
9642	0.00371747211896
31877	0.00371747211896
38080	0.00371747211896
51178	0.00371747211896
29992	0.0037037037037
39852	0.0037037037037
3312	0.00369003690037
28673	0.00369003690037
41208	0.00369003690037
28128	0.00367647058824
29372	0.00367647058824
32612	0.00366972477064
869	0.00366568914956
2313	0.003663003663
3933	0.003663003663
33142	0.003663003663
38232	0.0036496350365
50864	0.0036496350365
50995	0.0036496350365
19601	0.0036469730124
2333	0.00363636363636
12998	0.00363636363636
13935	0.00363636363636
35021	0.00363636363636
4399	0.00361010830325
28443	0.00359712230216
29739	0.00359712230216
51158	0.00359712230216
17771	0.00358422939068
37775	0.00358422939068
26805	0.00356188780053
17605	0.00355871886121
30794	0.00355871886121
1676	0.00353356890459
13952	0.00353356890459
40980	0.00353356890459
6427	0.00353148911124
7390	0.00352112676056
25098	0.00352112676056
41061	0.00352112676056
2745	0.00351864883885
1931	0.00351493848858
13056	0.00350877192982
41364	0.00350877192982
949	0.0034965034965
22654	0.0034965034965
38191	0.00348837209302
27171	0.00348432055749
41417	0.00348432055749
5460	0.00347222222222
6564	0.00347222222222
41368	0.00347222222222
51212	0.00346620450607
1020	0.00346020761246
25937	0.00343642611684
11746	0.00342465753425
16449	0.00342465753425
53040	0.00342465753425
29724	0.00341296928328
19090	0.00340136054422
42609	0.00340136054422
4655	0.00338066260987
3991	0.00337837837838
11655	0.00337837837838
2401	0.00335570469799
42912	0.00335570469799
41106	0.00333333333333
7214	0.00332225913621
23011	0.00332225913621
7261	0.00330578512397
29145	0.003300330033
42424	0.00327868852459
41042	0.00326797385621
14253	0.00326264274062
4654	0.00326086956522
5512	0.00323624595469
30625	0.00323624595469
7175	0.00322580645161
2326	0.00322061191626
18311	0.00321888412017
35049	0.0032154340836
684	0.00320512820513
20416	0.00320512820513
52225	0.00320512820513
23999	0.00319488817891
32188	0.00318979266348
11481	0.0031847133758
17355	0.0031847133758
28051	0.00316957210777
13339	0.00314960629921
9200	0.00314795383001
12121	0.00314465408805
35237	0.00313479623824
41126	0.00313479623824
35728	0.003125
5231	0.00312174817898
1064	0.00312012480499
30020	0.0030959752322
38584	0.00309119010819
16927	0.00308641975309
27527	0.00308641975309
1902	0.00306748466258
38262	0.00305810397554
26893	0.0030487804878
26602	0.00303951367781
2	0.00303336703741
33621	0.0030303030303
17596	0.00302571860817
40982	0.00302114803625
992	0.00301659125189
27535	0.00299850074963
4430	0.00296956198961
17987	0.00295857988166
41000	0.00294985250737
41434	0.00294985250737
41165	0.00294117647059
3239	0.00291545189504
40964	0.00291545189504
28810	0.00290697674419
41016	0.00289226319595
3260	0.0028901734104
2142	0.00287356321839
10250	0.00286532951289
18301	0.002849002849
1048	0.00283822138127
7312	0.00282087447109
47611	0.00281690140845
21906	0.00280898876404
40987	0.00280112044818
22383	0.00276816608997
742	0.00276243093923
9252	0.00276243093923
50855	0.00276243093923
3553	0.0027397260274
22929	0.00273473108478
25453	0.00273224043716
9251	0.00272479564033
38932	0.00271739130435
11359	0.00271002710027
6689	0.0027027027027
15373	0.00269541778976
41050	0.00268817204301
4578	0.002679528403
20506	0.00267737617135
16917	0.00267379679144
3133	0.00264200792602
22744	0.00263157894737
35345	0.00261437908497
29218	0.00261096605744
41018	0.00261096605744
1422	0.0026075619296
36999	0.00260416666667
25738	0.00260190806592
19547	0.0025974025974
867	0.0025706940874
23481	0.0025641025641
9538	0.00255972696246
5157	0.00252908447142
20818	0.00247524752475
35563	0.002457002457
24684	0.00245098039216
22743	0.00244498777506
6812	0.00244299674267
40965	0.00243309002433
31536	0.00237529691211
3365	0.00237247924081
4951	0.00229885057471
11675	0.00227272727273
497	0.00226757369615
22251	0.00226757369615
3499	0.00224215246637
28832	0.00221729490022
1399	0.0021978021978
16447	0.00218818380744
2898	0.00216684723727
49394	0.00215982721382
3280	0.00215517241379
5693	0.00213219616205
28742	0.00212089077413
11169	0.0021186440678
12423	0.0021186440678
41044	0.0021186440678
41058	0.00211416490486
41003	0.00210084033613
29309	0.00206611570248
3531	0.0020618556701
39549	0.00202429149798
5593	0.00200400801603
5768	0.00198807157058
9647	0.00191938579655
17586	0.00190839694656
2463	0.00190476190476
11727	0.00187265917603
4563	0.00184842883549
32862	0.00184501845018
8732	0.00183823529412
11769	0.0018315018315
37426	0.00179533213645
11201	0.00178571428571
5218	0.0017793594306
17566	0.00176991150442
41583	0.00176366843034
4489	0.00176056338028
2840	0.00175901495163
28407	0.00172413793103
13955	0.00171821305842
18777	0.00169204737733
41116	0.00168634064081
37111	0.0016583747927
16209	0.0016051364366
12610	0.0016
18456	0.00159744408946
5120	0.00148588410104
50863	0.00142045454545
38492	0.00137362637363
29854	0.00136425648022
3059	0.00134952766532
1119	0.00123762376238
5420	0.0012315270936
18584	0.00121654501217
13111	0.00117027501463
2290	0.00116009280742
14750	0.00115740740741
5000	0.001100110011
36398	0.000969932104753
5519	0.000860585197935
