13645	0.153846153846
1695	0.111111111111
10191	0.111111111111
10555	0.111111111111
13072	0.111111111111
14471	0.111111111111
15912	0.111111111111
20950	0.111111111111
21236	0.111111111111
22097	0.111111111111
24645	0.111111111111
26204	0.111111111111
27182	0.111111111111
29260	0.111111111111
47724	0.111111111111
50395	0.111111111111
50669	0.111111111111
52883	0.111111111111
54967	0.111111111111
55492	0.111111111111
57679	0.111111111111
61291	0.111111111111
10455	0.1
16922	0.1
17042	0.1
32773	0.1
37431	0.1
40603	0.1
41659	0.1
41776	0.1
41823	0.1
46989	0.1
55258	0.1
1879	0.0952380952381
3065	0.0909090909091
4461	0.0909090909091
6660	0.0909090909091
15805	0.0909090909091
18321	0.0909090909091
18691	0.0909090909091
18728	0.0909090909091
20919	0.0909090909091
22760	0.0909090909091
26211	0.0909090909091
29346	0.0909090909091
39589	0.0909090909091
41276	0.0909090909091
43329	0.0909090909091
44824	0.0909090909091
48109	0.0909090909091
51083	0.0909090909091
51356	0.0909090909091
58191	0.0909090909091
61382	0.0909090909091
4373	0.0833333333333
9707	0.0833333333333
10538	0.0833333333333
12414	0.0833333333333
16576	0.0833333333333
18284	0.0833333333333
20898	0.0833333333333
20984	0.0833333333333
23132	0.0833333333333
33135	0.0833333333333
33499	0.0833333333333
44793	0.0833333333333
46545	0.0833333333333
47449	0.0833333333333
48262	0.0833333333333
49869	0.0833333333333
50896	0.0833333333333
52110	0.0833333333333
53302	0.0833333333333
54475	0.0833333333333
55819	0.0833333333333
56956	0.0833333333333
59829	0.0833333333333
801	0.0769230769231
10254	0.0769230769231
19582	0.0769230769231
21928	0.0769230769231
22363	0.0769230769231
23105	0.0769230769231
35002	0.0769230769231
37847	0.0769230769231
44377	0.0769230769231
45323	0.0769230769231
45346	0.0769230769231
48854	0.0769230769231
52755	0.0769230769231
55190	0.0769230769231
60192	0.0769230769231
318	0.0714285714286
17681	0.0714285714286
24328	0.0714285714286
25001	0.0714285714286
25789	0.0714285714286
31586	0.0714285714286
34711	0.0714285714286
38482	0.0714285714286
43292	0.0714285714286
44888	0.0714285714286
45918	0.0714285714286
46452	0.0714285714286
49076	0.0714285714286
52447	0.0714285714286
53071	0.0714285714286
59534	0.0714285714286
60305	0.0714285714286
51562	0.0689655172414
4653	0.0666666666667
5836	0.0666666666667
13879	0.0666666666667
18294	0.0666666666667
28526	0.0666666666667
29693	0.0666666666667
30206	0.0666666666667
41938	0.0666666666667
42025	0.0666666666667
46330	0.0666666666667
53602	0.0666666666667
58993	0.0666666666667
46728	0.0645161290323
16151	0.0625
16772	0.0625
21104	0.0625
31310	0.0625
35377	0.0625
36617	0.0625
41547	0.0625
42433	0.0625
42629	0.0625
52790	0.0625
60029	0.0625
5922	0.0588235294118
11902	0.0588235294118
25356	0.0588235294118
28659	0.0588235294118
32949	0.0588235294118
38061	0.0588235294118
41518	0.0588235294118
41834	0.0588235294118
47580	0.0588235294118
48669	0.0588235294118
48747	0.0588235294118
49583	0.0588235294118
51638	0.0588235294118
52360	0.0588235294118
4385	0.0555555555556
10359	0.0555555555556
16386	0.0555555555556
16461	0.0555555555556
16557	0.0555555555556
18050	0.0555555555556
20058	0.0555555555556
23451	0.0555555555556
26245	0.0555555555556
29112	0.0555555555556
32877	0.0555555555556
35098	0.0555555555556
35380	0.0555555555556
41363	0.0555555555556
46437	0.0555555555556
49778	0.0555555555556
50297	0.0555555555556
52117	0.0555555555556
60636	0.0555555555556
4618	0.0526315789474
28322	0.0526315789474
31916	0.0526315789474
34520	0.0526315789474
34966	0.0526315789474
39625	0.0526315789474
45746	0.0526315789474
48893	0.0526315789474
48909	0.0526315789474
51062	0.0526315789474
404	0.05
3090	0.05
4874	0.05
11554	0.05
13705	0.05
19174	0.05
20319	0.05
23144	0.05
29967	0.05
34401	0.05
42304	0.05
42776	0.05
44476	0.05
51204	0.05
52492	0.05
59920	0.05
12948	0.0487804878049
59957	0.0487804878049
4400	0.047619047619
4792	0.047619047619
12871	0.047619047619
17849	0.047619047619
30397	0.047619047619
33752	0.047619047619
34437	0.047619047619
38888	0.047619047619
42882	0.047619047619
47866	0.047619047619
50168	0.047619047619
51447	0.047619047619
202	0.0454545454545
12814	0.0454545454545
16774	0.0454545454545
18373	0.0454545454545
26302	0.0454545454545
27989	0.0454545454545
29093	0.0454545454545
30642	0.0454545454545
33719	0.0454545454545
39432	0.0454545454545
42274	0.0454545454545
44953	0.0454545454545
52454	0.0454545454545
52497	0.0454545454545
58885	0.0454545454545
3179	0.0434782608696
4077	0.0434782608696
7262	0.0434782608696
7532	0.0434782608696
18150	0.0434782608696
21674	0.0434782608696
24095	0.0434782608696
33078	0.0434782608696
34449	0.0434782608696
43797	0.0434782608696
48976	0.0434782608696
49422	0.0434782608696
53279	0.0434782608696
1192	0.0416666666667
19650	0.0416666666667
24354	0.0416666666667
24438	0.0416666666667
32831	0.0416666666667
34820	0.0416666666667
39607	0.0416666666667
40107	0.0416666666667
40803	0.0416666666667
41441	0.0416666666667
41718	0.0416666666667
42823	0.0416666666667
46601	0.0416666666667
50990	0.0416666666667
51361	0.0416666666667
52285	0.0416666666667
52686	0.0416666666667
59733	0.0416666666667
61074	0.0416666666667
1240	0.04
9534	0.04
13324	0.04
24886	0.04
25070	0.04
29716	0.04
30283	0.04
32142	0.04
42045	0.04
45142	0.04
56686	0.04
3796	0.0392156862745
7354	0.0384615384615
10370	0.0384615384615
14271	0.0384615384615
14676	0.0384615384615
15151	0.0384615384615
17634	0.0384615384615
17959	0.0384615384615
21701	0.0384615384615
22670	0.0384615384615
23107	0.0384615384615
46604	0.0384615384615
47884	0.0384615384615
50393	0.0384615384615
51201	0.0384615384615
2543	0.037037037037
5188	0.037037037037
6398	0.037037037037
27377	0.037037037037
28853	0.037037037037
32958	0.037037037037
33207	0.037037037037
35254	0.037037037037
37623	0.037037037037
38257	0.037037037037
41843	0.037037037037
50623	0.037037037037
50894	0.037037037037
51125	0.037037037037
52696	0.037037037037
52835	0.037037037037
54708	0.037037037037
58405	0.037037037037
59871	0.037037037037
817	0.0357142857143
1083	0.0357142857143
11180	0.0357142857143
31185	0.0357142857143
31200	0.0357142857143
32014	0.0357142857143
36684	0.0357142857143
39749	0.0357142857143
45460	0.0357142857143
52292	0.0357142857143
1608	0.0344827586207
1857	0.0344827586207
3366	0.0344827586207
4503	0.0344827586207
7294	0.0344827586207
21116	0.0344827586207
31987	0.0344827586207
33275	0.0344827586207
43422	0.0344827586207
45427	0.0344827586207
48853	0.0344827586207
49986	0.0344827586207
60515	0.0344827586207
8293	0.0333333333333
19118	0.0333333333333
19280	0.0333333333333
22567	0.0333333333333
23900	0.0333333333333
32204	0.0333333333333
39642	0.0333333333333
41124	0.0333333333333
43218	0.0333333333333
53116	0.0333333333333
61246	0.0333333333333
5625	0.0322580645161
6449	0.0322580645161
11279	0.0322580645161
15465	0.0322580645161
16148	0.0322580645161
17195	0.0322580645161
33259	0.0322580645161
43483	0.0322580645161
47561	0.0322580645161
50965	0.0322580645161
51022	0.0322580645161
52604	0.0322580645161
2676	0.03125
10722	0.03125
28088	0.03125
28719	0.03125
35437	0.03125
39194	0.03125
41665	0.03125
42550	0.03125
43675	0.03125
38864	0.0307692307692
25073	0.030303030303
28242	0.030303030303
30525	0.030303030303
32228	0.030303030303
33902	0.030303030303
43357	0.030303030303
47944	0.030303030303
51617	0.030303030303
60451	0.030303030303
961	0.0294117647059
1341	0.0294117647059
2467	0.0294117647059
12964	0.0294117647059
22937	0.0294117647059
23071	0.0294117647059
24647	0.0294117647059
37167	0.0294117647059
39232	0.0294117647059
44257	0.0294117647059
57807	0.0294117647059
60554	0.0294117647059
8839	0.0288461538462
845	0.0285714285714
6506	0.0285714285714
7660	0.0285714285714
13173	0.0285714285714
30552	0.0285714285714
33994	0.0285714285714
46882	0.0285714285714
52185	0.0285714285714
52192	0.0285714285714
4124	0.0277777777778
16394	0.0277777777778
30287	0.0277777777778
40248	0.0277777777778
40406	0.0277777777778
44369	0.0277777777778
52095	0.0277777777778
3220	0.027027027027
12494	0.027027027027
35710	0.027027027027
38291	0.027027027027
41962	0.027027027027
45390	0.027027027027
51219	0.027027027027
51835	0.027027027027
52557	0.027027027027
60009	0.027027027027
50992	0.0266666666667
1958	0.0263157894737
8122	0.0263157894737
9331	0.0263157894737
18441	0.0263157894737
20229	0.0263157894737
34832	0.0263157894737
39041	0.0263157894737
42700	0.0263157894737
50951	0.0263157894737
51323	0.0263157894737
52063	0.0263157894737
38748	0.025974025974
1799	0.025641025641
3431	0.025641025641
25893	0.025641025641
26539	0.025641025641
29416	0.025641025641
43732	0.025641025641
52624	0.025641025641
53991	0.025641025641
59707	0.025641025641
7433	0.025
10220	0.025
11503	0.025
26643	0.025
28165	0.025
51834	0.025
53253	0.025
60601	0.025
56	0.0243902439024
2707	0.0243902439024
16720	0.0243902439024
17440	0.0243902439024
3216	0.0238095238095
3754	0.0238095238095
7531	0.0238095238095
10488	0.0238095238095
11770	0.0238095238095
20261	0.0238095238095
26590	0.0238095238095
33305	0.0238095238095
42344	0.0238095238095
51566	0.0238095238095
51000	0.0235294117647
18292	0.0232558139535
26502	0.0232558139535
27519	0.0232558139535
28667	0.0232558139535
28708	0.0232558139535
31041	0.0232558139535
41795	0.0232558139535
41970	0.0232558139535
57980	0.0232558139535
60272	0.0232558139535
1903	0.0227272727273
2196	0.0227272727273
2772	0.0227272727273
3743	0.0227272727273
10013	0.0227272727273
27076	0.0227272727273
31298	0.0227272727273
31514	0.0227272727273
31995	0.0227272727273
41617	0.0227272727273
48973	0.0227272727273
50584	0.0227272727273
52759	0.0227272727273
2211	0.0222222222222
4476	0.0222222222222
12795	0.0222222222222
37952	0.0222222222222
50185	0.0222222222222
51468	0.0222222222222
51620	0.0222222222222
51993	0.0222222222222
52930	0.0222222222222
21703	0.0217391304348
34918	0.0217391304348
52089	0.0217391304348
15820	0.0212765957447
17139	0.0212765957447
32020	0.0212765957447
37673	0.0212765957447
41599	0.0212765957447
41658	0.0212765957447
42936	0.0212765957447
43794	0.0212765957447
46441	0.0212765957447
53093	0.0212765957447
22982	0.0208333333333
29317	0.0208333333333
35338	0.0208333333333
41379	0.0208333333333
60330	0.0208333333333
16784	0.0206896551724
12856	0.020618556701
15602	0.020618556701
6277	0.0204081632653
16944	0.0204081632653
23531	0.0204081632653
26286	0.0204081632653
35860	0.0204081632653
48181	0.0204081632653
52058	0.0204081632653
52367	0.0204081632653
53237	0.0204081632653
10613	0.02
10928	0.02
13870	0.02
15596	0.02
19139	0.02
26596	0.02
41851	0.02
47630	0.02
53348	0.02
61173	0.02
3114	0.0196078431373
6473	0.0196078431373
42013	0.0196078431373
52865	0.0196078431373
60006	0.0196078431373
1435	0.0192307692308
1850	0.0192307692308
2145	0.0192307692308
4457	0.0192307692308
10961	0.0192307692308
42132	0.0192307692308
43828	0.0192307692308
30949	0.0190476190476
11875	0.0188679245283
26904	0.0188679245283
32405	0.0188679245283
40657	0.0188679245283
41625	0.0188679245283
42196	0.0188679245283
45135	0.0188679245283
51474	0.0188679245283
1936	0.0185185185185
15515	0.0185185185185
15967	0.0185185185185
19835	0.0185185185185
20070	0.0185185185185
26657	0.0185185185185
38595	0.0185185185185
40630	0.0185185185185
41297	0.0185185185185
22247	0.0181818181818
36475	0.0181818181818
41179	0.0181818181818
42405	0.0181818181818
45202	0.0181818181818
41378	0.0180722891566
49689	0.018018018018
8226	0.0178571428571
13380	0.0178571428571
24610	0.0178571428571
27648	0.0178571428571
44120	0.0178571428571
51488	0.0178571428571
52567	0.0178571428571
53019	0.0178571428571
37947	0.0176991150442
5865	0.0175438596491
12832	0.0175438596491
35030	0.0175438596491
52413	0.0175438596491
52715	0.0175438596491
52845	0.0175438596491
6711	0.0172413793103
23750	0.0172413793103
25383	0.0172413793103
28797	0.0172413793103
30952	0.0172413793103
33672	0.0172413793103
40976	0.0172413793103
41461	0.0172413793103
41656	0.0172413793103
42848	0.0172413793103
51636	0.0172413793103
1228	0.0169491525424
5820	0.0169491525424
29680	0.0169491525424
36676	0.0169491525424
51497	0.0169491525424
60092	0.0169491525424
846	0.0166666666667
4216	0.0166666666667
5513	0.0166666666667
32042	0.0166666666667
34077	0.0166666666667
41381	0.0166666666667
53164	0.0166666666667
51988	0.0165289256198
2444	0.016393442623
2905	0.016393442623
3979	0.016393442623
23373	0.016393442623
23712	0.016393442623
27934	0.016393442623
34997	0.016393442623
41117	0.016393442623
41334	0.016393442623
45793	0.016393442623
46039	0.016393442623
2264	0.0161290322581
2578	0.0161290322581
38332	0.0161290322581
39239	0.0161290322581
41351	0.0161290322581
47136	0.0161290322581
51012	0.0161290322581
51692	0.0161290322581
23240	0.015873015873
34998	0.015873015873
38569	0.015873015873
42390	0.015873015873
51865	0.015873015873
52296	0.015873015873
1123	0.015625
28745	0.015625
40923	0.015625
41273	0.015625
42191	0.015625
5634	0.015503875969
830	0.0153846153846
14105	0.0153846153846
18213	0.0153846153846
52666	0.0153846153846
29818	0.0152671755725
4104	0.0151515151515
5219	0.0151515151515
13058	0.0151515151515
23273	0.0151515151515
24468	0.0151515151515
33890	0.0151515151515
51319	0.0151515151515
6222	0.015037593985
30793	0.015037593985
2646	0.0149253731343
11168	0.0149253731343
26777	0.0149253731343
34950	0.0149253731343
41318	0.0149253731343
50900	0.0149253731343
51825	0.0149253731343
1000	0.0147058823529
2852	0.0147058823529
2874	0.0147058823529
25472	0.0147058823529
41180	0.0147058823529
50391	0.0147058823529
53184	0.0147058823529
947	0.0144927536232
37800	0.0144927536232
41818	0.0144927536232
59906	0.0144927536232
2028	0.0143884892086
27288	0.0143884892086
39874	0.0143884892086
40351	0.0143884892086
2829	0.0142857142857
4147	0.0142857142857
4766	0.0142857142857
14515	0.0142857142857
14823	0.0142857142857
20996	0.0142857142857
25987	0.0142857142857
30085	0.0142857142857
42556	0.0142857142857
51292	0.0142857142857
51353	0.0142857142857
322	0.0140845070423
16302	0.0140845070423
16357	0.0140845070423
25431	0.0140845070423
33864	0.0140845070423
41244	0.0140845070423
52476	0.0140845070423
53136	0.0140845070423
27952	0.013986013986
4318	0.0138888888889
30694	0.0138888888889
34115	0.0138888888889
41350	0.0138888888889
51380	0.0138888888889
51852	0.0138888888889
41066	0.0137931034483
44847	0.0137931034483
3669	0.013698630137
18838	0.013698630137
51087	0.013698630137
4510	0.0135135135135
15197	0.0135135135135
24833	0.0135135135135
26659	0.0135135135135
28456	0.0135135135135
41712	0.0135135135135
46558	0.0135135135135
20080	0.0133333333333
22881	0.0133333333333
40569	0.0133333333333
59558	0.0133333333333
17637	0.0132450331126
32895	0.0132450331126
7749	0.0131578947368
13634	0.0131578947368
26059	0.0131578947368
29005	0.0131578947368
52196	0.0131578947368
19314	0.0130718954248
4227	0.012987012987
19465	0.012987012987
21575	0.012987012987
25273	0.012987012987
32762	0.012987012987
36736	0.012987012987
40843	0.012987012987
41100	0.012987012987
43522	0.012987012987
44233	0.012987012987
59617	0.012987012987
35237	0.0129032258065
3866	0.0128205128205
25117	0.0128205128205
41147	0.0128205128205
41353	0.0128205128205
21989	0.0127388535032
6693	0.0126582278481
24878	0.0126582278481
29366	0.0126582278481
37073	0.0126582278481
34967	0.0125
42811	0.0125
57798	0.0125
13064	0.0124223602484
28369	0.0123456790123
34225	0.0123456790123
34531	0.0123456790123
59506	0.0123456790123
11128	0.0122699386503
17461	0.0122699386503
25942	0.0122699386503
37409	0.0122699386503
50652	0.0122699386503
637	0.0121951219512
5698	0.0121951219512
22843	0.0121951219512
29067	0.0121951219512
29280	0.0121951219512
37224	0.0121951219512
7654	0.0120481927711
9601	0.0120481927711
24358	0.0120481927711
25400	0.0120481927711
35699	0.0120481927711
36054	0.0120481927711
41081	0.0120481927711
218	0.0119047619048
7280	0.0119047619048
18326	0.0119047619048
40752	0.0119047619048
41191	0.0119047619048
18701	0.0117994100295
4814	0.0117647058824
16204	0.0117647058824
17686	0.0117647058824
26572	0.0117647058824
28621	0.0117647058824
41533	0.0117647058824
43150	0.0117647058824
51250	0.0117647058824
3947	0.0116279069767
10388	0.0116279069767
13999	0.0116279069767
28712	0.0116279069767
35968	0.0116279069767
41608	0.0116279069767
41711	0.0116279069767
1015	0.0114942528736
4873	0.0114942528736
6440	0.0114942528736
7739	0.0114942528736
17723	0.0114942528736
41213	0.0114942528736
41544	0.0114942528736
50939	0.0114942528736
5116	0.0113636363636
26509	0.0113636363636
50984	0.0113636363636
52065	0.0113636363636
53060	0.0113636363636
8519	0.0112359550562
27687	0.0112359550562
34105	0.0112359550562
7124	0.0111111111111
7460	0.0111111111111
17570	0.0111111111111
25047	0.0111111111111
40936	0.0111111111111
41649	0.0111111111111
59133	0.0111111111111
8767	0.010989010989
41101	0.010989010989
42704	0.010989010989
44456	0.0109289617486
14406	0.0108695652174
15188	0.0108695652174
17922	0.0108695652174
22426	0.0108695652174
377	0.010752688172
5574	0.010752688172
52741	0.010752688172
5460	0.0107142857143
16802	0.0106382978723
18378	0.0106382978723
26592	0.0106382978723
46493	0.0106382978723
51044	0.0106382978723
51869	0.0106382978723
21558	0.0105633802817
3182	0.0105263157895
21666	0.0105263157895
33751	0.0105263157895
6632	0.0104166666667
13943	0.0104166666667
37670	0.0104166666667
42912	0.0103448275862
4943	0.0103092783505
21337	0.0103092783505
29707	0.0103092783505
49350	0.0103092783505
51228	0.0103092783505
51492	0.0103092783505
32738	0.0102564102564
3781	0.0102040816327
29145	0.0101694915254
4836	0.010101010101
21312	0.010101010101
46277	0.010101010101
5419	0.0100502512563
563	0.01
2681	0.01
23831	0.01
41206	0.01
43824	0.01
47265	0.01
47553	0.01
9625	0.00995024875622
4541	0.00990099009901
4998	0.00990099009901
6369	0.00990099009901
17886	0.00990099009901
21694	0.00990099009901
34096	0.00990099009901
36275	0.00990099009901
43219	0.00990099009901
52024	0.00990099009901
52225	0.00986842105263
41942	0.00985221674877
4695	0.00980392156863
7115	0.00980392156863
22231	0.00980392156863
3077	0.00970873786408
4512	0.00970873786408
34369	0.00970873786408
42320	0.00970873786408
43749	0.00970873786408
29399	0.00966183574879
17764	0.00961538461538
20669	0.00961538461538
26251	0.00961538461538
32684	0.00961538461538
34525	0.00961538461538
41084	0.00961538461538
42053	0.00961538461538
22971	0.00956937799043
2639	0.00952380952381
9722	0.00952380952381
16231	0.00952380952381
17690	0.00952380952381
36105	0.00952380952381
37060	0.00952380952381
20511	0.00943396226415
37156	0.00943396226415
6330	0.00934579439252
10646	0.00934579439252
16846	0.00934579439252
41236	0.00934579439252
52428	0.00934579439252
11675	0.0092807424594
68	0.00925925925926
1655	0.00925925925926
5603	0.00925925925926
22238	0.00925925925926
51854	0.00925925925926
19126	0.00917431192661
21719	0.00917431192661
27225	0.00917431192661
28298	0.00917431192661
41023	0.00917431192661
31011	0.00909090909091
39404	0.00909090909091
51345	0.00909090909091
18973	0.00900900900901
20111	0.00900900900901
31309	0.00900900900901
33971	0.00900900900901
41894	0.00900900900901
52056	0.00900900900901
937	0.00892857142857
1632	0.00892857142857
2030	0.00892857142857
19313	0.00892857142857
7349	0.00884955752212
21690	0.00884955752212
2367	0.00877192982456
39140	0.00877192982456
43787	0.00877192982456
12167	0.00869565217391
29055	0.00869565217391
30925	0.00869565217391
51549	0.00869565217391
61083	0.00869565217391
9104	0.00862068965517
17583	0.00862068965517
21915	0.00862068965517
28043	0.00862068965517
37599	0.00862068965517
3006	0.00854700854701
22919	0.00854700854701
25305	0.00854700854701
30923	0.00854700854701
34521	0.00854700854701
41421	0.00854700854701
6657	0.00847457627119
44486	0.00847457627119
28633	0.0084388185654
4006	0.00840336134454
18205	0.00840336134454
42262	0.00840336134454
49392	0.00840336134454
51039	0.00840336134454
7261	0.00838926174497
5672	0.00833333333333
21252	0.00833333333333
22351	0.00833333333333
22877	0.00833333333333
30849	0.00833333333333
41411	0.00833333333333
41425	0.00833333333333
53361	0.00833333333333
30471	0.00826446280992
34391	0.00826446280992
34145	0.0082304526749
28155	0.00816326530612
53377	0.00813008130081
9135	0.00808625336927
34169	0.00804828973843
5552	0.008
12325	0.008
19792	0.008
22479	0.008
23667	0.008
28379	0.008
35420	0.008
35847	0.008
41099	0.008
41194	0.008
40984	0.00796812749004
2171	0.00793650793651
3865	0.00793650793651
34143	0.00793650793651
10112	0.00787401574803
25570	0.00787401574803
51281	0.00787401574803
23481	0.00785340314136
37577	0.0078125
51054	0.0078125
60331	0.0078125
23642	0.0077519379845
32457	0.0077519379845
49749	0.0077519379845
22798	0.00769230769231
26416	0.00766283524904
14476	0.00763358778626
51178	0.00763358778626
4582	0.00757575757576
28820	0.00757575757576
36037	0.00757575757576
41208	0.00757575757576
41398	0.00757575757576
10251	0.00754716981132
41890	0.00751879699248
50995	0.00749063670412
31864	0.00746268656716
41468	0.00746268656716
7062	0.00740740740741
11504	0.00740740740741
17904	0.00740740740741
28443	0.00738007380074
18836	0.00735294117647
52555	0.00735294117647
4280	0.00729927007299
32651	0.00729927007299
33887	0.00725952813067
28709	0.00724637681159
33678	0.00724637681159
50963	0.00724637681159
18414	0.0072202166065
27226	0.00719424460432
40847	0.00719424460432
37392	0.00717360114778
15114	0.00714285714286
38657	0.00714285714286
41287	0.00714285714286
41417	0.00714285714286
1020	0.00709219858156
28156	0.00699300699301
38671	0.00699300699301
3445	0.00694444444444
41038	0.00694444444444
51006	0.00692041522491
1990	0.00689655172414
2448	0.00689655172414
5164	0.00689655172414
12585	0.00689655172414
26098	0.00689655172414
16379	0.00684931506849
27715	0.00684931506849
41073	0.00684931506849
51821	0.00684931506849
34109	0.00680272108844
35047	0.00680272108844
43473	0.00680272108844
5089	0.00675675675676
52802	0.00675675675676
10096	0.00671140939597
11172	0.00671140939597
17152	0.00666666666667
18967	0.00666666666667
34637	0.00666666666667
51575	0.00666666666667
40986	0.00662251655629
41672	0.00662251655629
20591	0.00657894736842
49398	0.00657894736842
1918	0.00653594771242
5715	0.00653594771242
23999	0.00653594771242
41246	0.00653594771242
42335	0.00653594771242
50868	0.00653594771242
41039	0.00651465798046
41098	0.00651465798046
11169	0.00646551724138
12511	0.00645161290323
41403	0.00645161290323
4413	0.00641025641026
41224	0.00641025641026
24606	0.00636942675159
38861	0.00636942675159
41940	0.00636942675159
4508	0.00632911392405
18283	0.00632911392405
30020	0.00632911392405
33405	0.00632911392405
46832	0.00632911392405
50883	0.00632911392405
26566	0.0062893081761
37680	0.0062893081761
38663	0.0062893081761
40942	0.0062893081761
38262	0.00625
5420	0.00623441396509
2574	0.00621118012422
8210	0.00621118012422
11887	0.00617283950617
17625	0.00617283950617
7411	0.00613496932515
18815	0.00613496932515
40482	0.00613496932515
4144	0.00609756097561
10157	0.00609756097561
17915	0.00609756097561
51699	0.00609756097561
511	0.00607902735562
41156	0.00607902735562
16723	0.00606060606061
18835	0.00606060606061
22401	0.00606060606061
25332	0.00606060606061
25487	0.00606060606061
41391	0.00606060606061
22018	0.00602409638554
40489	0.00602409638554
41000	0.00602409638554
41434	0.00602409638554
50961	0.00602409638554
51168	0.00602409638554
39546	0.00600600600601
9720	0.00595238095238
11000	0.00595238095238
17948	0.00595238095238
26890	0.00595238095238
27218	0.00595238095238
40964	0.00595238095238
41609	0.00595238095238
5230	0.00591715976331
12149	0.00591715976331
36710	0.00591715976331
33841	0.00590551181102
22579	0.00589970501475
955	0.00588235294118
3369	0.00588235294118
4485	0.00588235294118
9488	0.00588235294118
14361	0.00588235294118
26085	0.00588235294118
39360	0.00588235294118
38191	0.00586854460094
37198	0.0058651026393
34147	0.00584795321637
40625	0.00584795321637
13660	0.00581395348837
40975	0.00581395348837
52638	0.00581395348837
25554	0.00576368876081
28700	0.00574712643678
29453	0.00574712643678
52383	0.00574712643678
21906	0.00573065902579
25732	0.00571428571429
41040	0.00571428571429
16516	0.00568181818182
51213	0.00568181818182
25324	0.0056657223796
33692	0.00564971751412
30269	0.00563909774436
9252	0.0056338028169
3548	0.00561797752809
4479	0.00561797752809
11300	0.00561797752809
41177	0.00561797752809
7472	0.00558659217877
25376	0.00558659217877
41968	0.00558659217877
25453	0.00557103064067
38492	0.00556328233658
8229	0.00555555555556
51989	0.00552486187845
41097	0.00550964187328
27489	0.00550458715596
15373	0.00549450549451
18661	0.00549450549451
21557	0.00549450549451
24173	0.00549450549451
41374	0.00547945205479
3842	0.00546448087432
33879	0.00546448087432
50913	0.00546448087432
16273	0.0054347826087
35178	0.0054347826087
39343	0.0054347826087
41610	0.0054347826087
51038	0.0054347826087
5218	0.00541516245487
2865	0.00540540540541
21323	0.00540540540541
24522	0.00534759358289
51112	0.00534759358289
54	0.00531914893617
1438	0.00531914893617
14207	0.00531914893617
26599	0.00531914893617
41227	0.00531914893617
37737	0.00530035335689
19547	0.00529100529101
21507	0.00526315789474
26158	0.00526315789474
29902	0.00526315789474
2216	0.00523560209424
23080	0.00523560209424
870	0.00522193211488
37194	0.00520833333333
41452	0.00520833333333
20800	0.00518134715026
41530	0.00518134715026
30874	0.00515463917526
33656	0.00515463917526
44433	0.00515463917526
3689	0.00512820512821
4439	0.00512820512821
8159	0.00512820512821
29360	0.00512820512821
41085	0.00512820512821
31483	0.00510204081633
7956	0.00507614213198
18972	0.00507614213198
51697	0.00507614213198
1853	0.00505050505051
51096	0.00503778337531
2084	0.00502512562814
9761	0.00502512562814
26195	0.00502512562814
1119	0.00500625782228
2595	0.005
10653	0.005
12824	0.005
21321	0.005
23174	0.005
27471	0.005
24684	0.00498753117207
39785	0.00498007968127
7533	0.00497512437811
52029	0.0049504950495
10281	0.00493827160494
15306	0.00492610837438
6812	0.00492206726825
3515	0.00490196078431
7100	0.00488997555012
41025	0.00487804878049
53342	0.00487804878049
12610	0.00486223662885
5056	0.00485436893204
14716	0.0048309178744
27579	0.0048309178744
1309	0.00478468899522
1739	0.00478468899522
28812	0.0047619047619
11165	0.00473933649289
32490	0.00473933649289
18307	0.00473372781065
4846	0.00472813238771
5553	0.00472813238771
25586	0.00471698113208
41037	0.00471698113208
20529	0.00469483568075
7518	0.00468384074941
40289	0.00468384074941
6304	0.00462962962963
11230	0.00462962962963
23150	0.00462962962963
30980	0.00462962962963
497	0.00460829493088
562	0.00460829493088
13095	0.0045871559633
17596	0.0045871559633
13933	0.00452488687783
29852	0.00452488687783
37660	0.00452488687783
2722	0.0045045045045
10727	0.0045045045045
29861	0.00449438202247
33377	0.00446428571429
39209	0.00446428571429
12756	0.00444444444444
35400	0.00444444444444
40977	0.00442477876106
40978	0.00442477876106
50937	0.00442477876106
21545	0.0043956043956
31879	0.00438596491228
32811	0.00438596491228
41332	0.00437636761488
13960	0.00436681222707
18311	0.00432432432432
21648	0.00431034482759
50863	0.00431034482759
12423	0.00430107526882
26584	0.00429799426934
1062	0.00429184549356
6372	0.00429184549356
24126	0.00429184549356
33495	0.00429184549356
44281	0.00429184549356
37169	0.0042735042735
41003	0.00426439232409
18777	0.00426257459506
34356	0.00425531914894
52471	0.00425531914894
20779	0.00423728813559
23742	0.00423728813559
30805	0.00423728813559
39483	0.00423728813559
41041	0.0042194092827
41499	0.0042194092827
29309	0.0041928721174
5432	0.00418702023726
37762	0.00418410041841
9188	0.00414937759336
29854	0.00413793103448
36392	0.00413223140496
45139	0.00413223140496
25930	0.00409836065574
52332	0.00408163265306
10287	0.00406504065041
4339	0.00404858299595
41355	0.00404858299595
44117	0.00404858299595
40968	0.00401606425703
1921	0.004
14352	0.00397877984085
33895	0.00396825396825
35345	0.00395778364116
47637	0.00395256916996
2381	0.00394736842105
34858	0.00392156862745
34920	0.00390625
2110	0.00387596899225
5204	0.00386349001932
34199	0.003861003861
41188	0.003861003861
50944	0.00383141762452
41001	0.00381679389313
31877	0.00380228136882
38080	0.00380228136882
41985	0.00380228136882
29909	0.00378787878788
29992	0.00378787878788
28128	0.00375939849624
31138	0.00374531835206
33142	0.00374531835206
3116	0.00373134328358
3312	0.00373134328358
38232	0.00373134328358
50864	0.00373134328358
8732	0.00372439478585
13935	0.00367647058824
25405	0.00367647058824
29739	0.00367647058824
51158	0.00367647058824
37775	0.003663003663
2333	0.0036563071298
4711	0.00364520048603
921	0.00364298724954
17605	0.00363636363636
41065	0.0036231884058
11201	0.00361663652803
1676	0.00361010830325
13952	0.00361010830325
25414	0.00361010830325
7390	0.00359712230216
27094	0.00359712230216
29277	0.00358851674641
4242	0.00358422939068
17566	0.00358422939068
41364	0.00358422939068
2312	0.00357142857143
22654	0.00357142857143
4489	0.00356506238859
3747	0.00354609929078
6564	0.00354609929078
41368	0.00354609929078
862	0.00353356890459
38807	0.00353356890459
27890	0.00352526439483
31400	0.00352112676056
32832	0.00352112676056
38293	0.00352112676056
25937	0.00350877192982
51212	0.00350262697023
11746	0.0034965034965
16449	0.0034965034965
38793	0.00348837209302
42609	0.00347222222222
3991	0.00344827586207
25444	0.00343642611684
2401	0.00342465753425
28055	0.00341296928328
41116	0.00341296928328
6954	0.00340136054422
7214	0.00338983050847
23011	0.00338983050847
37111	0.00335570469799
41154	0.00335570469799
8709	0.00335120643432
18699	0.00334448160535
31440	0.00333333333333
5112	0.00332667997339
14115	0.00332225913621
2007	0.00331125827815
30625	0.003300330033
14253	0.00329489291598
35958	0.00328947368421
51027	0.00328947368421
6360	0.00327868852459
41093	0.00326797385621
7175	0.00325732899023
2326	0.00325203252033
16209	0.00324675324675
35049	0.00324675324675
4121	0.0032414910859
20416	0.00323624595469
2409	0.00322580645161
51156	0.00322580645161
32188	0.00322061191626
17355	0.0032154340836
7340	0.00320170757737
27128	0.00319488817891
27809	0.00318979266348
41972	0.00315457413249
1984	0.00314465408805
16927	0.00314465408805
41243	0.00314465408805
27906	0.003125
900	0.00312012480499
39136	0.0030959752322
25113	0.00308641975309
40982	0.00307692307692
41032	0.00307692307692
20542	0.00302571860817
40972	0.00302114803625
17987	0.00301204819277
259	0.00299401197605
11	0.00298507462687
34683	0.00298507462687
3535	0.00297619047619
29845	0.00297619047619
3239	0.00296735905045
3943	0.00295857988166
28047	0.00295857988166
3260	0.00294117647059
2142	0.00292397660819
2290	0.00291545189504
10250	0.00291545189504
1700	0.00289855072464
11307	0.00289855072464
4708	0.0028901734104
2463	0.00287631831256
25078	0.00286532951289
41068	0.00286532951289
47611	0.00286532951289
1048	0.00285442435775
3788	0.002849002849
33850	0.00284090909091
34897	0.0028328611898
41048	0.0028328611898
5237	0.002828854314
7312	0.002828854314
4644	0.00282485875706
47774	0.00282485875706
50855	0.00280898876404
27651	0.00280112044818
7317	0.00277777777778
34830	0.00277777777778
30799	0.00277008310249
38932	0.00276243093923
879	0.00275482093664
6689	0.00274725274725
38203	0.00274574409665
7419	0.00273597811218
16917	0.00271739130435
50933	0.00271002710027
38822	0.0027027027027
40962	0.00269541778976
4578	0.00268817204301
27949	0.00268817204301
37993	0.00268817204301
16420	0.00268096514745
2419	0.00267737617135
35809	0.00267379679144
3133	0.00266311584554
29218	0.0026525198939
6427	0.00265095729013
22744	0.0026455026455
41018	0.00263157894737
1422	0.00262812089356
40995	0.00262467191601
867	0.00261096605744
19598	0.00260926288324
35514	0.00260416666667
11664	0.0025974025974
41129	0.0025974025974
12969	0.0025817555938
1680	0.00258064516129
31868	0.00257731958763
10987	0.0025706940874
41010	0.0025641025641
42156	0.0025641025641
5157	0.0025367833587
30899	0.00251572327044
51133	0.00251256281407
893	0.00251130085384
76	0.0025
15636	0.0025
51019	0.00246305418719
22743	0.002457002457
1380	0.00245098039216
1113	0.00243902439024
41092	0.00243902439024
2515	0.00242718446602
41467	0.00242130750605
20173	0.00240963855422
31536	0.00240963855422
27525	0.00239234449761
41027	0.00239234449761
3365	0.00238948626045
4173	0.00238663484487
35045	0.00235294117647
868	0.00230769230769
26602	0.00228832951945
18613	0.00228310502283
3499	0.00227272727273
689	0.00225733634312
28832	0.00224719101124
23666	0.00223214285714
1399	0.0022271714922
20075	0.00222222222222
5000	0.00221729490022
16447	0.00221729490022
34224	0.00221729490022
45223	0.00220750551876
869	0.00219941348974
4518	0.00219587176109
19601	0.00219458668617
631	0.00218818380744
49394	0.00218818380744
3280	0.00218340611354
40988	0.00218340611354
37961	0.00216919739696
4137	0.00215982721382
5693	0.00215982721382
15228	0.00215517241379
35703	0.00214592274678
41058	0.00214132762313
2745	0.00211714890614
9200	0.00210970464135
5231	0.00208550573514
27865	0.002079002079
4937	0.00206398348813
25051	0.0020618556701
39549	0.00204918032787
5593	0.00202839756592
2344	0.0020202020202
17711	0.0020202020202
41109	0.00200400801603
3729	0.00198807157058
5673	0.00195694716243
36398	0.001953125
21797	0.00194552529183
1118	0.0019305019305
4396	0.00192307692308
3733	0.00190476190476
40971	0.00190476190476
28821	0.00189753320683
9826	0.00188679245283
11727	0.00188323917137
4563	0.00185873605948
51041	0.00185528756957
3933	0.00183823529412
22929	0.0018315018315
4916	0.00181488203267
37426	0.00181488203267
5809	0.00180831826401
21745	0.00180831826401
39915	0.00180505415162
41583	0.0017825311943
25098	0.00177619893428
1931	0.00177304964539
13056	0.00176991150442
2840	0.00176834659593
949	0.00176366843034
13111	0.00176263219741
25738	0.00174216027875
28407	0.00174216027875
13955	0.00173611111111
29863	0.00173611111111
41074	0.00173611111111
5519	0.0017316017316
11655	0.00170357751278
38925	0.00168918918919
1503	0.00167224080268
35563	0.00164068908942
1497	0.00161812297735
18456	0.00161290322581
28051	0.00158982511924
1064	0.00157232704403
38584	0.00155763239875
5643	0.00152671755725
992	0.00151975683891
27535	0.00151057401813
5120	0.00149925037481
9656	0.00145560407569
41016	0.00145032632342
4764	0.00144927536232
2613	0.001443001443
2186	0.0014409221902
2037	0.001414427157
33634	0.00139082058414
22383	0.00138792505205
3059	0.00136054421769
4655	0.00135226504395
20506	0.00134770889488
26805	0.00133630289532
2733	0.00131233595801
1628	0.00124533001245
41090	0.00124069478908
18584	0.00122549019608
18960	0.00120192307692
39447	0.00119474313023
14750	0.0011655011655
3273	0.0011135857461
4654	0.00109170305677
2898	0.00108932461874
253	0.00108813928183
28742	0.00106609808102
1902	0.00102669404517
2	0.0010152284264
5503	0.000950570342205
34367	0.000916590284143
9538	0.000856164383562
40965	0.000813669650122
4430	0.000744047619048
