1527	0.166666666667
2594	0.142857142857
3302	0.142857142857
3464	0.142857142857
11088	0.142857142857
14901	0.142857142857
17126	0.142857142857
26110	0.142857142857
28516	0.142857142857
29510	0.142857142857
32891	0.142857142857
33725	0.142857142857
34088	0.142857142857
36925	0.142857142857
37919	0.142857142857
39769	0.142857142857
45937	0.142857142857
46367	0.142857142857
49726	0.142857142857
58822	0.142857142857
59326	0.142857142857
59348	0.142857142857
3495	0.125
3757	0.125
14310	0.125
16745	0.125
20004	0.125
21535	0.125
21938	0.125
21965	0.125
24440	0.125
25327	0.125
28130	0.125
30086	0.125
32183	0.125
33409	0.125
35079	0.125
39154	0.125
46287	0.125
50133	0.125
52834	0.125
53564	0.125
53636	0.125
57216	0.125
1459	0.111111111111
3607	0.111111111111
4203	0.111111111111
6794	0.111111111111
8188	0.111111111111
9522	0.111111111111
13772	0.111111111111
13962	0.111111111111
17994	0.111111111111
22611	0.111111111111
28314	0.111111111111
29404	0.111111111111
29711	0.111111111111
32012	0.111111111111
33313	0.111111111111
35919	0.111111111111
39393	0.111111111111
42385	0.111111111111
43984	0.111111111111
56826	0.111111111111
58501	0.111111111111
5837	0.1
10538	0.1
24582	0.1
30084	0.1
40206	0.1
40790	0.1
41006	0.1
43570	0.1
47110	0.1
47653	0.1
52399	0.1
54880	0.1
3448	0.0909090909091
4673	0.0909090909091
10118	0.0909090909091
14358	0.0909090909091
17055	0.0909090909091
21889	0.0909090909091
22185	0.0909090909091
24745	0.0909090909091
26734	0.0909090909091
26844	0.0909090909091
30974	0.0909090909091
31997	0.0909090909091
41783	0.0909090909091
43151	0.0909090909091
43649	0.0909090909091
44670	0.0909090909091
45142	0.0909090909091
46086	0.0909090909091
49677	0.0909090909091
53781	0.0909090909091
55418	0.0909090909091
59472	0.0909090909091
60234	0.0909090909091
60901	0.0909090909091
61260	0.0909090909091
240	0.0833333333333
1718	0.0833333333333
2855	0.0833333333333
5411	0.0833333333333
6690	0.0833333333333
14576	0.0833333333333
22260	0.0833333333333
22445	0.0833333333333
22530	0.0833333333333
34089	0.0833333333333
34964	0.0833333333333
35948	0.0833333333333
36376	0.0833333333333
41238	0.0833333333333
43865	0.0833333333333
51862	0.0833333333333
53082	0.0833333333333
57098	0.0833333333333
59626	0.0833333333333
119	0.0769230769231
8266	0.0769230769231
9186	0.0769230769231
10720	0.0769230769231
11470	0.0769230769231
15205	0.0769230769231
20600	0.0769230769231
26065	0.0769230769231
26770	0.0769230769231
30235	0.0769230769231
34002	0.0769230769231
36203	0.0769230769231
38208	0.0769230769231
41813	0.0769230769231
45896	0.0769230769231
51122	0.0769230769231
56463	0.0769230769231
56528	0.0769230769231
59827	0.0769230769231
1041	0.0714285714286
5010	0.0714285714286
35026	0.0714285714286
40246	0.0714285714286
41547	0.0714285714286
48199	0.0714285714286
57596	0.0714285714286
58767	0.0714285714286
60174	0.0714285714286
8545	0.0666666666667
27894	0.0666666666667
29127	0.0666666666667
34221	0.0666666666667
41046	0.0666666666667
41641	0.0666666666667
42214	0.0666666666667
44220	0.0666666666667
54272	0.0666666666667
10837	0.0645161290323
464	0.0625
668	0.0625
3682	0.0625
5838	0.0625
11518	0.0625
19649	0.0625
22308	0.0625
27401	0.0625
30840	0.0625
31990	0.0625
35673	0.0625
42785	0.0625
42861	0.0625
50410	0.0625
56164	0.0625
43282	0.0606060606061
789	0.0588235294118
2638	0.0588235294118
12908	0.0588235294118
15017	0.0588235294118
19085	0.0588235294118
20215	0.0588235294118
26721	0.0588235294118
41671	0.0588235294118
43115	0.0588235294118
43255	0.0588235294118
43772	0.0588235294118
49808	0.0588235294118
51389	0.0588235294118
52210	0.0588235294118
53438	0.0588235294118
57433	0.0588235294118
1999	0.0555555555556
9856	0.0555555555556
10904	0.0555555555556
24663	0.0555555555556
25794	0.0555555555556
31495	0.0555555555556
31532	0.0555555555556
44618	0.0555555555556
52198	0.0555555555556
1037	0.0526315789474
5339	0.0526315789474
7506	0.0526315789474
9563	0.0526315789474
15050	0.0526315789474
17130	0.0526315789474
17259	0.0526315789474
18016	0.0526315789474
20731	0.0526315789474
26744	0.0526315789474
30717	0.0526315789474
34135	0.0526315789474
37833	0.0526315789474
37920	0.0526315789474
45898	0.0526315789474
47866	0.0526315789474
50643	0.0526315789474
50767	0.0526315789474
51124	0.0526315789474
17280	0.051724137931
6782	0.05
8236	0.05
9671	0.05
9695	0.05
12576	0.05
20889	0.05
28200	0.05
35734	0.05
36242	0.05
41230	0.05
51609	0.05
4077	0.047619047619
12517	0.047619047619
26908	0.047619047619
29308	0.047619047619
33154	0.047619047619
33255	0.047619047619
35195	0.047619047619
37763	0.047619047619
41130	0.047619047619
41927	0.047619047619
44106	0.047619047619
48914	0.047619047619
51504	0.047619047619
20866	0.046511627907
10232	0.0454545454545
12430	0.0454545454545
15686	0.0454545454545
45124	0.0454545454545
46681	0.0454545454545
52285	0.0454545454545
58497	0.0454545454545
60513	0.0454545454545
1965	0.0434782608696
16370	0.0434782608696
19702	0.0434782608696
23747	0.0434782608696
26123	0.0434782608696
26637	0.0434782608696
29434	0.0434782608696
39374	0.0434782608696
39742	0.0434782608696
40003	0.0434782608696
51448	0.0434782608696
52243	0.0434782608696
52275	0.0434782608696
10007	0.0416666666667
10426	0.0416666666667
23617	0.0416666666667
40832	0.0416666666667
43580	0.0416666666667
53151	0.0416666666667
58877	0.0416666666667
59878	0.0416666666667
59926	0.0416666666667
60314	0.0416666666667
465	0.04
1605	0.04
3240	0.04
5986	0.04
10384	0.04
20433	0.04
21806	0.04
22546	0.04
23669	0.04
24263	0.04
34232	0.04
40637	0.04
43768	0.04
44172	0.04
44339	0.04
47087	0.04
51047	0.04
58405	0.04
1022	0.0384615384615
1083	0.0384615384615
1099	0.0384615384615
5437	0.0384615384615
18202	0.0384615384615
28075	0.0384615384615
31200	0.0384615384615
37990	0.0384615384615
42524	0.0384615384615
43034	0.0384615384615
45183	0.0384615384615
48580	0.0384615384615
51970	0.0384615384615
56078	0.0384615384615
2678	0.037037037037
4503	0.037037037037
18162	0.037037037037
20908	0.037037037037
25859	0.037037037037
27385	0.037037037037
31675	0.037037037037
32913	0.037037037037
41964	0.037037037037
43239	0.037037037037
51063	0.037037037037
52702	0.037037037037
59985	0.037037037037
60332	0.037037037037
3883	0.0357142857143
5739	0.0357142857143
8790	0.0357142857143
10856	0.0357142857143
18345	0.0357142857143
21867	0.0357142857143
29554	0.0357142857143
42537	0.0357142857143
53411	0.0357142857143
53419	0.0357142857143
39926	0.0350877192982
883	0.0344827586207
8766	0.0344827586207
14054	0.0344827586207
18954	0.0344827586207
27129	0.0344827586207
41696	0.0344827586207
43349	0.0344827586207
45060	0.0344827586207
41145	0.0338983050847
295	0.0333333333333
16232	0.0333333333333
16843	0.0333333333333
26745	0.0333333333333
32422	0.0333333333333
42491	0.0333333333333
43611	0.0333333333333
49268	0.0333333333333
49678	0.0333333333333
52915	0.0333333333333
53215	0.0333333333333
3511	0.0322580645161
31971	0.0322580645161
39853	0.0322580645161
41539	0.0322580645161
42379	0.0322580645161
42896	0.0322580645161
43447	0.0322580645161
52608	0.0322580645161
32590	0.03125
34861	0.03125
41846	0.03125
43417	0.03125
36120	0.0307692307692
42914	0.0307692307692
33	0.030303030303
21664	0.030303030303
28574	0.030303030303
40620	0.030303030303
42824	0.030303030303
42852	0.030303030303
50940	0.030303030303
52185	0.030303030303
2943	0.0294117647059
4875	0.0294117647059
28789	0.0294117647059
40385	0.0294117647059
44369	0.0294117647059
24585	0.0285714285714
26829	0.0285714285714
27416	0.0285714285714
45371	0.0285714285714
52361	0.0285714285714
52974	0.0285714285714
9205	0.0281690140845
1958	0.0277777777778
5162	0.0277777777778
9663	0.0277777777778
31731	0.0277777777778
33331	0.0277777777778
42088	0.0277777777778
52377	0.0277777777778
52774	0.0277777777778
32411	0.0275229357798
1799	0.027027027027
2637	0.027027027027
3431	0.027027027027
6397	0.027027027027
18399	0.027027027027
29063	0.027027027027
34794	0.027027027027
37032	0.027027027027
41650	0.027027027027
50291	0.027027027027
55962	0.027027027027
58641	0.027027027027
59817	0.027027027027
60731	0.027027027027
1501	0.0263157894737
2808	0.0263157894737
5624	0.0263157894737
15300	0.0263157894737
17640	0.0263157894737
25626	0.0263157894737
26643	0.0263157894737
29392	0.0263157894737
60149	0.0263157894737
597	0.025641025641
16909	0.025641025641
22205	0.025641025641
31471	0.025641025641
35391	0.025641025641
40490	0.025641025641
21242	0.025
23050	0.025
45204	0.025
165	0.0243902439024
6217	0.0243902439024
7325	0.0243902439024
13261	0.0243902439024
14593	0.0243902439024
18530	0.0243902439024
23124	0.0243902439024
53372	0.0243902439024
8582	0.0238095238095
14390	0.0238095238095
24437	0.0238095238095
29318	0.0238095238095
39964	0.0238095238095
50771	0.0238095238095
52898	0.0238095238095
17692	0.0232558139535
22625	0.0232558139535
23698	0.0232558139535
26652	0.0232558139535
32794	0.0232558139535
41386	0.0232558139535
3271	0.0227272727273
4425	0.0227272727273
20362	0.0227272727273
23190	0.0227272727273
24031	0.0227272727273
24099	0.0227272727273
32215	0.0227272727273
55722	0.0227272727273
59525	0.0227272727273
15127	0.0222222222222
29212	0.0222222222222
37673	0.0222222222222
41431	0.0222222222222
41895	0.0222222222222
22982	0.0217391304348
31902	0.0217391304348
31909	0.0217391304348
35338	0.0217391304348
38527	0.0217391304348
41455	0.0217391304348
44333	0.0217391304348
48358	0.0217391304348
6277	0.0212765957447
32406	0.0212765957447
37897	0.0212765957447
37936	0.0212765957447
39341	0.0212765957447
53237	0.0212765957447
7540	0.0208333333333
33267	0.0208333333333
36356	0.0208333333333
41485	0.0208333333333
41868	0.0208333333333
12873	0.0204081632653
19773	0.0204081632653
21912	0.0204081632653
32412	0.0204081632653
34158	0.0204081632653
42013	0.0204081632653
3427	0.02
11145	0.02
37591	0.02
50848	0.02
52297	0.02
1	0.0196078431373
2310	0.0196078431373
36489	0.0196078431373
40657	0.0196078431373
41212	0.0196078431373
42196	0.0196078431373
50508	0.0196078431373
51144	0.0196078431373
51201	0.0196078431373
39002	0.0194174757282
1168	0.0192307692308
12641	0.0192307692308
19204	0.0192307692308
26660	0.0192307692308
27236	0.0192307692308
30681	0.0192307692308
53407	0.0192307692308
60086	0.0192307692308
32631	0.0188679245283
33051	0.0188679245283
42200	0.0188679245283
42405	0.0188679245283
45202	0.0188679245283
51200	0.0188679245283
52531	0.0188679245283
1898	0.0185185185185
12311	0.0185185185185
17601	0.0185185185185
18437	0.0185185185185
23231	0.0185185185185
24810	0.0185185185185
27508	0.0185185185185
41281	0.0185185185185
42360	0.0185185185185
51488	0.0185185185185
52542	0.0185185185185
3798	0.0181818181818
12832	0.0181818181818
24487	0.0181818181818
52071	0.0181818181818
52222	0.0181818181818
52556	0.0181818181818
52715	0.0181818181818
20744	0.0178571428571
26724	0.0178571428571
28735	0.0178571428571
41461	0.0178571428571
42848	0.0178571428571
53173	0.0178571428571
4158	0.0175438596491
5820	0.0175438596491
7392	0.0175438596491
12355	0.0175438596491
29628	0.0175438596491
41184	0.0175438596491
3258	0.0172413793103
5513	0.0172413793103
19996	0.0172413793103
33113	0.0172413793103
36635	0.0172413793103
41150	0.0172413793103
51421	0.0172413793103
53001	0.0172413793103
9327	0.0169491525424
15730	0.0169491525424
41616	0.0169491525424
41762	0.0169491525424
42626	0.0169491525424
42643	0.0169491525424
1098	0.0166666666667
2734	0.0166666666667
13099	0.0166666666667
17735	0.0166666666667
26601	0.0166666666667
41483	0.0166666666667
42302	0.0165289256198
5161	0.016393442623
29401	0.016393442623
34691	0.016393442623
34998	0.016393442623
41405	0.016393442623
51419	0.016393442623
4746	0.0161290322581
12838	0.0161290322581
23532	0.0161290322581
28745	0.0161290322581
52034	0.0161290322581
59578	0.0161290322581
14277	0.016
48070	0.015873015873
54435	0.015873015873
29010	0.015625
51164	0.015625
51811	0.015625
3198	0.0154639175258
2096	0.0153846153846
29806	0.0153846153846
30222	0.0153846153846
39851	0.0153846153846
52890	0.0153846153846
7084	0.0151515151515
7413	0.0151515151515
13971	0.0151515151515
53029	0.0151515151515
27874	0.0149253731343
35117	0.0149253731343
35940	0.0149253731343
52863	0.0149253731343
20996	0.0147058823529
37778	0.0147058823529
44323	0.0147058823529
53004	0.0147058823529
27288	0.014598540146
22864	0.0144927536232
44993	0.0144927536232
49141	0.0144927536232
3860	0.0142857142857
14181	0.0142857142857
16920	0.0142857142857
18145	0.0142857142857
26830	0.0142857142857
27707	0.0142857142857
41754	0.0142857142857
43016	0.0142857142857
43195	0.0142857142857
52190	0.0142857142857
13121	0.0140845070423
27173	0.0140845070423
28545	0.0140845070423
1361	0.0140186915888
33124	0.0138888888889
53338	0.0138888888889
59731	0.0138888888889
3406	0.013698630137
6494	0.013698630137
34621	0.013698630137
36409	0.013698630137
39336	0.013698630137
40569	0.013698630137
43327	0.013698630137
50890	0.013698630137
59558	0.013698630137
12756	0.0135746606335
3876	0.0135135135135
13063	0.0135135135135
23605	0.0135135135135
32735	0.0135135135135
51615	0.0135135135135
52884	0.0135135135135
6339	0.0133333333333
11069	0.0133333333333
12943	0.0133333333333
19465	0.0133333333333
32927	0.0133333333333
41433	0.0133333333333
41856	0.0133333333333
2316	0.0131578947368
4515	0.0131578947368
7346	0.0131578947368
8197	0.012987012987
2403	0.0129032258065
10607	0.0128205128205
26313	0.0128205128205
26715	0.0128205128205
31313	0.0128205128205
42642	0.0128205128205
12831	0.0126582278481
43391	0.0126582278481
50642	0.0126582278481
2720	0.0125
17556	0.0125
18673	0.0125
34095	0.0125
18604	0.0123456790123
41081	0.0123456790123
51905	0.0123456790123
4661	0.0121951219512
29933	0.0121951219512
28621	0.0120481927711
4398	0.0119047619048
51120	0.0119047619048
819	0.0117647058824
6440	0.0117647058824
11050	0.0117647058824
41213	0.0117647058824
1256	0.0116279069767
4452	0.0116279069767
18214	0.0116279069767
41490	0.0116279069767
10013	0.0114942528736
18974	0.0114942528736
27687	0.0114942528736
41019	0.0114942528736
42326	0.0114942528736
49985	0.0114942528736
3548	0.0114285714286
7472	0.0113636363636
12970	0.0113636363636
13006	0.0113636363636
32058	0.0113636363636
40936	0.0113636363636
41385	0.0113636363636
52711	0.0113636363636
256	0.0112359550562
5367	0.0112359550562
18661	0.0111731843575
37775	0.0111524163569
18234	0.0111111111111
22426	0.0111111111111
32509	0.0111111111111
377	0.010989010989
1393	0.010989010989
3861	0.010989010989
34715	0.010989010989
51892	0.010989010989
156	0.0108695652174
1252	0.0108695652174
26592	0.0108695652174
41913	0.0108695652174
41934	0.0108695652174
3194	0.010752688172
27045	0.010752688172
31891	0.010752688172
44819	0.010752688172
52283	0.010752688172
53194	0.010752688172
12484	0.0106382978723
42363	0.0106382978723
42931	0.0106382978723
50943	0.0106382978723
51563	0.0106382978723
6254	0.0105263157895
15009	0.0105263157895
28486	0.0105263157895
51079	0.0105263157895
51492	0.0105263157895
51707	0.0105263157895
3575	0.0104166666667
15052	0.0104166666667
42463	0.0104166666667
43542	0.0104166666667
4836	0.0103092783505
18972	0.0103092783505
21227	0.0103092783505
21312	0.0103092783505
1853	0.0102564102564
14381	0.0102040816327
32784	0.0102040816327
47265	0.0102040816327
47448	0.0102040816327
50506	0.0102040816327
55841	0.0102040816327
37689	0.010152284264
694	0.010101010101
4998	0.010101010101
36275	0.010101010101
41426	0.010101010101
52350	0.010101010101
34548	0.010067114094
7513	0.01
34943	0.01
41935	0.01
18403	0.00990099009901
53342	0.00990099009901
39366	0.00985221674877
20669	0.00980392156863
32684	0.00980392156863
22031	0.00970873786408
23789	0.00970873786408
34525	0.00970873786408
43828	0.00970873786408
21458	0.00966183574879
27051	0.00966183574879
41370	0.00961538461538
27527	0.00955414012739
26828	0.00952380952381
34373	0.00952380952381
41236	0.00952380952381
52382	0.00952380952381
4951	0.00943396226415
5113	0.00943396226415
26893	0.00943396226415
41172	0.00943396226415
41704	0.00943396226415
4745	0.00934579439252
41136	0.00934579439252
41338	0.00934579439252
52368	0.00934579439252
31011	0.00925925925926
511	0.00920245398773
3481	0.00917431192661
21331	0.00909090909091
38818	0.00909090909091
3316	0.00900900900901
21523	0.00896860986547
10045	0.00892857142857
29564	0.00892857142857
43787	0.00892857142857
59611	0.00892857142857
1328	0.00884955752212
6904	0.00884955752212
10803	0.00884955752212
14749	0.00884955752212
24803	0.00884955752212
9104	0.00877192982456
26674	0.00877192982456
6404	0.00869565217391
25834	0.00869565217391
30923	0.00869565217391
41392	0.00862068965517
41353	0.00858369098712
29990	0.00854700854701
41354	0.00854700854701
41642	0.00847457627119
34391	0.00840336134454
45139	0.00836820083682
7357	0.00833333333333
42019	0.00833333333333
42977	0.00833333333333
4658	0.00826446280992
9471	0.00826446280992
52332	0.00826446280992
16917	0.00824175824176
10287	0.0082304526749
8246	0.00819672131148
14502	0.00819672131148
19792	0.00813008130081
32246	0.00813008130081
38330	0.00813008130081
47050	0.00813008130081
40970	0.0080971659919
41108	0.00806451612903
41819	0.00806451612903
50941	0.00806451612903
100	0.008
32809	0.008
43376	0.008
31312	0.00796812749004
4070	0.00793650793651
16264	0.00793650793651
27320	0.00793650793651
28294	0.00793650793651
37577	0.00793650793651
3426	0.00787401574803
21550	0.00787401574803
10162	0.0077519379845
30917	0.0077519379845
50944	0.0077519379845
41001	0.00772200772201
25440	0.00769230769231
29992	0.00766283524904
5884	0.00763358778626
51225	0.00763358778626
20818	0.00761421319797
28128	0.00760456273764
755	0.00757575757576
39324	0.00757575757576
41161	0.00757575757576
41326	0.00757575757576
41468	0.00757575757576
14518	0.00751879699248
28750	0.00751879699248
2411	0.00746268656716
27063	0.00746268656716
29394	0.00746268656716
52555	0.00746268656716
51158	0.00743494423792
28709	0.00735294117647
50963	0.00735294117647
52240	0.00735294117647
41061	0.00727272727273
20573	0.00724637681159
38657	0.00724637681159
39874	0.00724637681159
27171	0.00719424460432
3747	0.00716845878136
3698	0.00714285714286
36594	0.00714285714286
31400	0.00711743772242
7300	0.00710900473934
17318	0.00709219858156
40289	0.00707547169811
53040	0.00706713780919
51212	0.00705467372134
5012	0.00704225352113
27952	0.00704225352113
37747	0.00704225352113
39085	0.00704225352113
41038	0.00704225352113
42609	0.00701754385965
1990	0.00699300699301
22251	0.00696055684455
2448	0.00694444444444
16379	0.00694444444444
17301	0.00694444444444
22830	0.00694444444444
27715	0.00694444444444
22684	0.00689655172414
41596	0.00689655172414
51179	0.00689655172414
874	0.00684931506849
52802	0.00684931506849
4337	0.00680272108844
1928	0.00677966101695
17152	0.00675675675676
21311	0.00675675675676
41042	0.00673400673401
37557	0.00671140939597
41552	0.00671140939597
42145	0.00671140939597
53344	0.00671140939597
24457	0.00666666666667
4464	0.00662251655629
5715	0.00662251655629
36078	0.00662251655629
41246	0.00662251655629
51117	0.00662251655629
6213	0.00657894736842
10089	0.00657894736842
10844	0.00653594771242
2409	0.00651465798046
20335	0.00649350649351
41059	0.00649350649351
41224	0.00649350649351
41940	0.00645161290323
43200	0.00645161290323
19599	0.00642398286938
18283	0.00641025641026
21989	0.00641025641026
42531	0.00636942675159
17715	0.00634920634921
1984	0.00632911392405
7509	0.00632911392405
38800	0.00632911392405
41060	0.00632911392405
27906	0.00630914826498
2574	0.0062893081761
12467	0.0062893081761
137	0.00625
51159	0.00625
25051	0.00623700623701
7411	0.00621118012422
22838	0.00621118012422
30762	0.00621118012422
32453	0.0061919504644
3297	0.00617283950617
4868	0.00617283950617
21662	0.00617283950617
25384	0.00617283950617
51699	0.00617283950617
22805	0.00613496932515
41156	0.00611620795107
41355	0.0061099796334
6679	0.00609756097561
14862	0.00609756097561
40972	0.00609756097561
51168	0.00609756097561
42450	0.00606060606061
39546	0.00604229607251
9720	0.00602409638554
41378	0.00602409638554
3535	0.00600600600601
3214	0.0059880239521
7751	0.0059880239521
26579	0.0059880239521
36710	0.0059880239521
3369	0.00595238095238
10736	0.00595238095238
31850	0.00595238095238
51485	0.00595238095238
9586	0.00591715976331
20675	0.00591715976331
44599	0.00591715976331
11307	0.00584795321637
27723	0.00584795321637
51121	0.00584795321637
25554	0.00579710144928
41040	0.00578034682081
41088	0.00578034682081
40971	0.00575815738964
30802	0.00574712643678
51213	0.00574712643678
23248	0.00571428571429
30901	0.00571428571429
50760	0.00571428571429
52494	0.00571428571429
11300	0.00568181818182
41204	0.00564971751412
32862	0.00563909774436
3312	0.00562851782364
8229	0.00561797752809
42378	0.00561797752809
51151	0.00561797752809
51041	0.00560747663551
25047	0.00558659217877
879	0.00555555555556
6772	0.00555555555556
32042	0.00555555555556
6689	0.00554016620499
12188	0.00552486187845
15373	0.00552486187845
28830	0.00552486187845
30812	0.00552486187845
48489	0.00552486187845
16273	0.00549450549451
39343	0.00549450549451
3059	0.00547945205479
11201	0.00545454545455
30982	0.0054347826087
35809	0.00539083557951
3250	0.00531914893617
9292	0.00531914893617
16076	0.00531914893617
21507	0.00531914893617
26158	0.00531914893617
12017	0.0053050397878
2216	0.00529100529101
2169	0.00526315789474
41452	0.00526315789474
35514	0.00524934383202
41129	0.00523560209424
41530	0.00523560209424
30874	0.00520833333333
33656	0.00520833333333
4439	0.00518134715026
32418	0.00515463917526
7956	0.00512820512821
26195	0.00507614213198
90	0.00505050505051
2595	0.00505050505051
27471	0.00505050505051
15083	0.00502512562814
1119	0.00501882057716
932	0.00501253132832
52029	0.005
5420	0.00499375780275
11782	0.00497512437811
10281	0.00496277915633
51019	0.00496277915633
41942	0.0049504950495
4695	0.00492610837438
4706	0.00492610837438
41025	0.00492610837438
41171	0.00492610837438
50885	0.00492610837438
5056	0.00490196078431
41555	0.00490196078431
16209	0.00489396411093
7303	0.00487804878049
3859	0.0048309178744
41071	0.0048309178744
4173	0.00480769230769
27809	0.00480769230769
41012	0.00480769230769
32490	0.00478468899522
1064	0.00474683544304
14369	0.00473933649289
51341	0.00473933649289
17946	0.00471698113208
8397	0.00469483568075
29444	0.00469483568075
34929	0.00469483568075
14750	0.00468933177022
497	0.00462962962963
32823	0.00460829493088
2787	0.0045871559633
40981	0.0045871559633
3499	0.0045766590389
13933	0.00456621004566
25413	0.00456621004566
41146	0.00456621004566
52258	0.00454545454545
39209	0.0045045045045
23666	0.00449438202247
27255	0.00448430493274
20075	0.00447427293065
41091	0.00446428571429
50937	0.00446428571429
6816	0.00442477876106
14360	0.00442477876106
18759	0.00442477876106
41274	0.00442477876106
40988	0.0043956043956
41332	0.0043956043956
37052	0.00438596491228
2127	0.00436681222707
2785	0.00436681222707
4057	0.00434782608696
15794	0.00434782608696
4876	0.004329004329
4900	0.004329004329
17068	0.004329004329
24126	0.004329004329
37115	0.00431034482759
37169	0.00431034482759
38206	0.00431034482759
41444	0.00431034482759
1144	0.00429184549356
22717	0.00429184549356
27927	0.00429184549356
34519	0.00429184549356
41270	0.00429184549356
52471	0.00429184549356
7340	0.00428265524625
30805	0.0042735042735
37104	0.00425531914894
40987	0.00425531914894
28633	0.00423728813559
18205	0.0042194092827
37762	0.0042194092827
36394	0.00421052631579
33634	0.0041958041958
27404	0.00418410041841
30849	0.00418410041841
41054	0.00418410041841
50845	0.00416666666667
18607	0.00413223140496
4339	0.00408163265306
50923	0.00408163265306
6803	0.00404858299595
40968	0.00404858299595
1921	0.00403225806452
17147	0.00401606425703
23667	0.00401606425703
27358	0.00401606425703
44951	0.00401606425703
3729	0.004
37427	0.004
4005	0.00398406374502
35345	0.00396825396825
2381	0.00395778364116
40995	0.00395256916996
3720	0.00394736842105
5673	0.00393700787402
34920	0.00393700787402
6789	0.00392156862745
16956	0.00392156862745
41347	0.00392156862745
41253	0.00390625
3527	0.00389105058366
39136	0.00387897595035
51178	0.00383141762452
5503	0.00382043935053
18613	0.00381679389313
39852	0.00381679389313
41985	0.00381679389313
44184	0.00381679389313
38790	0.00380228136882
1117	0.00378787878788
10251	0.00378787878788
19288	0.00378787878788
29372	0.00378787878788
11727	0.00378071833648
30691	0.00377358490566
30269	0.00376647834275
38232	0.00375939849624
9642	0.00375469336671
2757	0.00374531835206
11769	0.00372439478585
7062	0.00371747211896
28443	0.0037037037037
29739	0.0037037037037
18584	0.00369458128079
27489	0.00367647058824
4711	0.00365408038977
921	0.0036496350365
41065	0.0036496350365
41705	0.0036496350365
1676	0.00363636363636
25414	0.00363636363636
4335	0.0036231884058
18414	0.0036231884058
5218	0.00361663652803
41364	0.00361010830325
3365	0.00359712230216
22654	0.00359712230216
2312	0.00358422939068
41417	0.00358422939068
41583	0.00358422939068
6564	0.00357142857143
862	0.00355871886121
18307	0.00355450236967
38293	0.00354609929078
37737	0.00353982300885
16449	0.00352112676056
3022	0.00350877192982
29724	0.00350877192982
19090	0.0034965034965
5432	0.00349162011173
41074	0.00349040139616
50879	0.00348432055749
28405	0.00348027842227
3991	0.00347222222222
18278	0.00347222222222
25444	0.00346020761246
12969	0.00345125107852
42912	0.00344827586207
21772	0.00343642611684
28055	0.00343642611684
6444	0.00340136054422
29145	0.00338983050847
41154	0.00337837837838
3273	0.00335570469799
34637	0.00334448160535
5000	0.00333704115684
1239	0.00332225913621
8681	0.00332225913621
30625	0.00332225913621
2007	0.0033185840708
24958	0.00331125827815
35958	0.00331125827815
41307	0.00331125827815
6360	0.003300330033
26863	0.00328947368421
52225	0.00328947368421
253	0.00327868852459
5100	0.00326797385621
7175	0.00326797385621
11481	0.00326797385621
2326	0.00326264274062
35049	0.00325732899023
37225	0.00325732899023
12610	0.00324675324675
20416	0.00324675324675
41403	0.00323624595469
118	0.00322580645161
12121	0.00322580645161
17355	0.00322580645161
5204	0.00322164948454
35237	0.0032154340836
28742	0.00321199143469
38987	0.00320512820513
40979	0.00320512820513
41972	0.0031746031746
16927	0.00316455696203
900	0.00312989045383
4937	0.00310559006211
33621	0.00310559006211
40982	0.0030959752322
41032	0.0030959752322
1655	0.00308641975309
5643	0.00306748466258
38959	0.00306748466258
26602	0.00305810397554
17987	0.0030303030303
14140	0.00302114803625
259	0.00301204819277
41165	0.00301204819277
34683	0.003003003003
11	0.00299102691924
39785	0.00298804780876
4430	0.00298730395818
40964	0.00298507462687
41609	0.00298507462687
7349	0.00294985250737
18701	0.00294117647059
37198	0.00294117647059
36398	0.00293829578844
19601	0.00293255131965
34147	0.00293255131965
23786	0.00292397660819
18301	0.00291545189504
4764	0.00291120815138
2613	0.00289855072464
4708	0.00289855072464
41034	0.0028901734104
50863	0.00287769784173
21906	0.00287356321839
41068	0.00287081339713
3733	0.00286532951289
3788	0.00286532951289
33850	0.00285714285714
50957	0.00285714285714
34897	0.002849002849
2037	0.00284090909091
2745	0.002828854314
742	0.00282485875706
216	0.00280112044818
5622	0.00278551532033
9251	0.00278551532033
30799	0.00278551532033
51989	0.00277008310249
3933	0.00276497695853
29854	0.00276243093923
38203	0.00274876305662
4916	0.00272975432211
50933	0.00272479564033
5809	0.00271985494107
38822	0.00271739130435
20506	0.00270635994587
27949	0.0027027027027
37993	0.0027027027027
7442	0.00269541778976
2419	0.00268456375839
1438	0.00266666666667
14207	0.00266666666667
18515	0.00266666666667
2840	0.00265957446809
19547	0.0026525198939
4518	0.00263852242744
2733	0.00263504611331
867	0.00262467191601
20630	0.00262467191601
870	0.00261780104712
31868	0.00259067357513
1680	0.0025873221216
41010	0.00257731958763
42156	0.00257731958763
31483	0.00255754475703
30899	0.00252206809584
15636	0.00251256281407
41031	0.00250626566416
76	0.0025041736227
1628	0.0025
39709	0.0025
41090	0.00249066002491
35563	0.00246507806081
1380	0.00246305418719
1113	0.00245098039216
2515	0.00243902439024
20173	0.00242130750605
31536	0.00242130750605
18960	0.00241254523522
41027	0.00240384615385
5553	0.00236966824645
12388	0.00236406619385
35045	0.00236406619385
27890	0.00235294117647
7518	0.00234741784038
38191	0.00234466588511
11675	0.00231481481481
562	0.00230946882217
31830	0.00230946882217
689	0.00226757369615
3827	0.00226757369615
28832	0.00225733634312
29861	0.00225225225225
1399	0.00223713646532
1503	0.00223338916806
45223	0.00221729490022
21545	0.00220264317181
49394	0.0021978021978
3280	0.00219298245614
37961	0.00217864923747
4137	0.00216919739696
5693	0.00216919739696
15228	0.0021645021645
18311	0.00216216216216
3419	0.00215982721382
11169	0.00215517241379
35703	0.00215517241379
41044	0.00215517241379
9200	0.00211416490486
3531	0.0020964360587
22383	0.00208623087622
36392	0.00207039337474
6427	0.0020618556701
1902	0.00205973223481
39549	0.00205761316872
17938	0.00205338809035
2	0.0020366598778
5593	0.0020366598778
4655	0.00203114421124
17711	0.00202839756592
2344	0.00202429149798
8709	0.00201072386059
893	0.00201005025126
5112	0.00199600798403
33841	0.00196850393701
9647	0.00194931773879
34369	0.00193423597679
34751	0.00193423597679
1118	0.00193298969072
9826	0.00189393939394
7312	0.001885902876
4563	0.00186219739292
32612	0.00185873605948
13935	0.00184162062615
34367	0.00183823529412
2333	0.0018281535649
21745	0.00181488203267
39915	0.0018115942029
949	0.00176991150442
25738	0.00174520069808
13955	0.00174216027875
29863	0.00174216027875
869	0.00171065493646
11655	0.0017094017094
41116	0.0017094017094
18777	0.00170357751278
1743	0.00169491525424
38925	0.00169491525424
37111	0.00168067226891
6812	0.001638001638
4121	0.00162337662338
1497	0.00161987041037
18456	0.00161812297735
4578	0.00161290322581
13339	0.0015923566879
28051	0.0015923566879
4846	0.00157356412274
38584	0.0015625
23150	0.00154320987654
868	0.00153964588145
992	0.0015243902439
1135	0.00152207001522
27535	0.00151515151515
5120	0.0015037593985
9656	0.0014598540146
41016	0.00145243282498
2186	0.0014450867052
26584	0.00143266475645
5237	0.0014164305949
38492	0.00138888888889
7419	0.0013698630137
26805	0.00133749442711
3133	0.00133333333333
41018	0.00131752305665
1422	0.00131578947368
19598	0.00130463144162
4396	0.00128287363695
39447	0.00119760479042
2290	0.0011655011655
38793	0.00116144018583
34224	0.00110987791343
4654	0.00109409190372
2898	0.00109170305677
5231	0.00104275286757
5157	0.00101419878296
2463	0.000958772770853
1048	0.000951474785918
22929	0.000916590284143
40962	0.000898472596586
38794	0.000889679715302
22744	0.000881834215168
5519	0.000866551126516
31440	0.000832639467111
22743	0.000819000819001
40965	0.00081499592502
13111	0.000587544065805
