45920	0.181818181818
1480	0.166666666667
1617	0.166666666667
5894	0.166666666667
8811	0.166666666667
10529	0.166666666667
11534	0.166666666667
17211	0.166666666667
17799	0.166666666667
22793	0.166666666667
24276	0.166666666667
24584	0.166666666667
24692	0.166666666667
27278	0.166666666667
32273	0.166666666667
34181	0.166666666667
39186	0.166666666667
40441	0.166666666667
43196	0.166666666667
43232	0.166666666667
45295	0.166666666667
46353	0.166666666667
47009	0.166666666667
54184	0.166666666667
56979	0.166666666667
57182	0.166666666667
58325	0.166666666667
59229	0.166666666667
59859	0.166666666667
61303	0.166666666667
1933	0.142857142857
5761	0.142857142857
9892	0.142857142857
11280	0.142857142857
12741	0.142857142857
14812	0.142857142857
16476	0.142857142857
19932	0.142857142857
25595	0.142857142857
30293	0.142857142857
31502	0.142857142857
32621	0.142857142857
34203	0.142857142857
34787	0.142857142857
36071	0.142857142857
36875	0.142857142857
40197	0.142857142857
43100	0.142857142857
48830	0.142857142857
49274	0.142857142857
53284	0.142857142857
53592	0.142857142857
55179	0.142857142857
56122	0.142857142857
57215	0.142857142857
61499	0.142857142857
60915	0.133333333333
1988	0.125
2844	0.125
3213	0.125
4150	0.125
4307	0.125
4663	0.125
6350	0.125
7352	0.125
10412	0.125
11287	0.125
12923	0.125
13315	0.125
13647	0.125
17469	0.125
18257	0.125
19277	0.125
19631	0.125
22512	0.125
23997	0.125
25319	0.125
25375	0.125
27909	0.125
29040	0.125
34625	0.125
37547	0.125
42772	0.125
43114	0.125
43333	0.125
43559	0.125
46080	0.125
47799	0.125
48289	0.125
48971	0.125
49762	0.125
53054	0.125
55349	0.125
55553	0.125
56166	0.125
56704	0.125
57923	0.125
59207	0.125
36285	0.117647058824
3923	0.111111111111
4952	0.111111111111
7808	0.111111111111
7857	0.111111111111
8713	0.111111111111
9611	0.111111111111
10927	0.111111111111
11016	0.111111111111
12957	0.111111111111
15230	0.111111111111
15382	0.111111111111
15801	0.111111111111
20134	0.111111111111
23070	0.111111111111
24909	0.111111111111
27060	0.111111111111
30909	0.111111111111
31369	0.111111111111
37043	0.111111111111
37675	0.111111111111
39974	0.111111111111
42024	0.111111111111
46173	0.111111111111
46662	0.111111111111
48561	0.111111111111
50550	0.111111111111
51603	0.111111111111
52787	0.111111111111
56828	0.111111111111
60008	0.111111111111
61144	0.111111111111
662	0.1
4981	0.1
9495	0.1
14011	0.1
14338	0.1
17450	0.1
17808	0.1
23680	0.1
28702	0.1
28915	0.1
28950	0.1
30636	0.1
30995	0.1
32066	0.1
35011	0.1
38317	0.1
39188	0.1
40576	0.1
41473	0.1
41806	0.1
43562	0.1
43874	0.1
44536	0.1
44774	0.1
47646	0.1
49790	0.1
51534	0.1
51794	0.1
55316	0.1
58563	0.1
3764	0.0952380952381
40003	0.0952380952381
681	0.0909090909091
5657	0.0909090909091
6480	0.0909090909091
7085	0.0909090909091
7455	0.0909090909091
9079	0.0909090909091
10898	0.0909090909091
12992	0.0909090909091
14921	0.0909090909091
18372	0.0909090909091
19842	0.0909090909091
20584	0.0909090909091
29362	0.0909090909091
32791	0.0909090909091
33302	0.0909090909091
33304	0.0909090909091
34952	0.0909090909091
36210	0.0909090909091
38631	0.0909090909091
42143	0.0909090909091
51956	0.0909090909091
52217	0.0909090909091
53188	0.0909090909091
56074	0.0909090909091
47360	0.0869565217391
2112	0.0833333333333
3045	0.0833333333333
4768	0.0833333333333
4970	0.0833333333333
8585	0.0833333333333
14938	0.0833333333333
21859	0.0833333333333
25048	0.0833333333333
26214	0.0833333333333
26770	0.0833333333333
30130	0.0833333333333
32850	0.0833333333333
35177	0.0833333333333
36624	0.0833333333333
36898	0.0833333333333
39911	0.0833333333333
42438	0.0833333333333
44284	0.0833333333333
45392	0.0833333333333
45486	0.0833333333333
45689	0.0833333333333
46964	0.0833333333333
48907	0.0833333333333
49108	0.0833333333333
55267	0.0833333333333
835	0.08
855	0.0769230769231
3869	0.0769230769231
4224	0.0769230769231
7019	0.0769230769231
15785	0.0769230769231
16505	0.0769230769231
18163	0.0769230769231
18764	0.0769230769231
20845	0.0769230769231
27243	0.0769230769231
30999	0.0769230769231
33389	0.0769230769231
35596	0.0769230769231
35615	0.0769230769231
35895	0.0769230769231
38316	0.0769230769231
39348	0.0769230769231
40284	0.0769230769231
42166	0.0769230769231
42288	0.0769230769231
42967	0.0769230769231
43080	0.0769230769231
44317	0.0769230769231
44736	0.0769230769231
52081	0.0769230769231
52617	0.0769230769231
52671	0.0769230769231
53445	0.0769230769231
59624	0.0769230769231
60381	0.0769230769231
3259	0.0714285714286
10438	0.0714285714286
10740	0.0714285714286
17449	0.0714285714286
22751	0.0714285714286
26137	0.0714285714286
28167	0.0714285714286
28366	0.0714285714286
31040	0.0714285714286
33147	0.0714285714286
33519	0.0714285714286
33831	0.0714285714286
33931	0.0714285714286
36412	0.0714285714286
38658	0.0714285714286
39437	0.0714285714286
48617	0.0714285714286
56246	0.0714285714286
60300	0.0714285714286
205	0.0666666666667
2537	0.0666666666667
4422	0.0666666666667
4989	0.0666666666667
5506	0.0666666666667
6665	0.0666666666667
8782	0.0666666666667
10903	0.0666666666667
13865	0.0666666666667
14301	0.0666666666667
20197	0.0666666666667
31990	0.0666666666667
42323	0.0666666666667
42844	0.0666666666667
52668	0.0666666666667
53033	0.0666666666667
54249	0.0666666666667
58439	0.0666666666667
60628	0.0666666666667
7424	0.0625
8796	0.0625
9638	0.0625
14510	0.0625
17895	0.0625
28806	0.0625
30156	0.0625
30885	0.0625
31350	0.0625
32295	0.0625
32553	0.0625
42913	0.0625
43407	0.0625
44551	0.0625
45734	0.0625
45897	0.0625
48019	0.0625
48324	0.0625
48828	0.0625
51190	0.0625
56883	0.0625
59674	0.0625
60576	0.0625
18956	0.0606060606061
2827	0.0588235294118
4902	0.0588235294118
5488	0.0588235294118
7335	0.0588235294118
8870	0.0588235294118
12790	0.0588235294118
21400	0.0588235294118
22125	0.0588235294118
22522	0.0588235294118
23907	0.0588235294118
25552	0.0588235294118
29078	0.0588235294118
31194	0.0588235294118
32992	0.0588235294118
33345	0.0588235294118
40325	0.0588235294118
41288	0.0588235294118
42314	0.0588235294118
42406	0.0588235294118
42901	0.0588235294118
43535	0.0588235294118
47602	0.0588235294118
50438	0.0588235294118
50754	0.0588235294118
59055	0.0588235294118
15146	0.0555555555556
23064	0.0555555555556
24827	0.0555555555556
30289	0.0555555555556
34257	0.0555555555556
37410	0.0555555555556
37833	0.0555555555556
41628	0.0555555555556
41670	0.0555555555556
44504	0.0555555555556
50909	0.0555555555556
51372	0.0555555555556
51375	0.0555555555556
59888	0.0555555555556
60221	0.0555555555556
60990	0.0555555555556
36731	0.0540540540541
52886	0.0540540540541
9235	0.0526315789474
9695	0.0526315789474
11266	0.0526315789474
15122	0.0526315789474
15219	0.0526315789474
17639	0.0526315789474
20521	0.0526315789474
20531	0.0526315789474
27771	0.0526315789474
31355	0.0526315789474
33342	0.0526315789474
37743	0.0526315789474
38190	0.0526315789474
40210	0.0526315789474
41624	0.0526315789474
42784	0.0526315789474
44619	0.0526315789474
48648	0.0526315789474
48687	0.0526315789474
49859	0.0526315789474
51609	0.0526315789474
59549	0.0526315789474
41878	0.0512820512821
671	0.05
2958	0.05
4236	0.05
5271	0.05
6478	0.05
7532	0.05
10394	0.05
13103	0.05
17705	0.05
29308	0.05
32088	0.05
32737	0.05
33122	0.05
36827	0.05
39936	0.05
40629	0.05
41242	0.05
41520	0.05
41635	0.05
41884	0.05
45596	0.05
45648	0.05
49422	0.05
50975	0.05
52019	0.05
53450	0.05
60423	0.05
15218	0.0487804878049
46515	0.0487804878049
1091	0.047619047619
1715	0.047619047619
5260	0.047619047619
9247	0.047619047619
9430	0.047619047619
13779	0.047619047619
15732	0.047619047619
20795	0.047619047619
24354	0.047619047619
27082	0.047619047619
27510	0.047619047619
27978	0.047619047619
32157	0.047619047619
41516	0.047619047619
42137	0.047619047619
43733	0.047619047619
47635	0.047619047619
50990	0.047619047619
52667	0.047619047619
52873	0.047619047619
15820	0.046511627907
42044	0.046511627907
4545	0.0454545454545
10769	0.0454545454545
14962	0.0454545454545
15339	0.0454545454545
15391	0.0454545454545
16051	0.0454545454545
18683	0.0454545454545
22458	0.0454545454545
24886	0.0454545454545
28828	0.0454545454545
29425	0.0454545454545
30533	0.0454545454545
32562	0.0454545454545
39161	0.0454545454545
39328	0.0454545454545
39581	0.0454545454545
46897	0.0454545454545
47659	0.0454545454545
59728	0.0454545454545
42701	0.0444444444444
1159	0.0434782608696
4758	0.0434782608696
7162	0.0434782608696
18723	0.0434782608696
21663	0.0434782608696
22885	0.0434782608696
33351	0.0434782608696
41264	0.0434782608696
42125	0.0434782608696
42192	0.0434782608696
42843	0.0434782608696
43065	0.0434782608696
43143	0.0434782608696
47018	0.0434782608696
58877	0.0434782608696
890	0.0425531914894
139	0.0416666666667
1560	0.0416666666667
18528	0.0416666666667
32103	0.0416666666667
33874	0.0416666666667
36399	0.0416666666667
37408	0.0416666666667
37796	0.0416666666667
43339	0.0416666666667
45696	0.0416666666667
51264	0.0416666666667
52835	0.0416666666667
53015	0.0416666666667
34694	0.0408163265306
1022	0.04
5133	0.04
10746	0.04
14492	0.04
19800	0.04
22855	0.04
29032	0.04
29872	0.04
31371	0.04
37341	0.04
37764	0.04
41476	0.04
41517	0.04
42878	0.04
43159	0.04
43277	0.04
53390	0.04
59962	0.04
60600	0.04
1449	0.0384615384615
4503	0.0384615384615
4645	0.0384615384615
4837	0.0384615384615
14254	0.0384615384615
16430	0.0384615384615
22390	0.0384615384615
22395	0.0384615384615
23849	0.0384615384615
24433	0.0384615384615
29351	0.0384615384615
29355	0.0384615384615
30139	0.0384615384615
34268	0.0384615384615
36440	0.0384615384615
37605	0.0384615384615
40607	0.0384615384615
41439	0.0384615384615
41681	0.0384615384615
50644	0.0384615384615
60137	0.0384615384615
3883	0.037037037037
10170	0.037037037037
22985	0.037037037037
23900	0.037037037037
27840	0.037037037037
28797	0.037037037037
29304	0.037037037037
31190	0.037037037037
34318	0.037037037037
34532	0.037037037037
41636	0.037037037037
42098	0.037037037037
43315	0.037037037037
47880	0.037037037037
48195	0.037037037037
48903	0.037037037037
50520	0.037037037037
51405	0.037037037037
60251	0.037037037037
60482	0.037037037037
587	0.0357142857143
3996	0.0357142857143
4948	0.0357142857143
11488	0.0357142857143
13357	0.0357142857143
18954	0.0357142857143
19324	0.0357142857143
19659	0.0357142857143
29403	0.0357142857143
32096	0.0357142857143
35211	0.0357142857143
49960	0.0357142857143
51817	0.0357142857143
52401	0.0357142857143
52604	0.0357142857143
52633	0.0357142857143
42626	0.0350877192982
6179	0.0344827586207
10722	0.0344827586207
13210	0.0344827586207
15348	0.0344827586207
17612	0.0344827586207
23521	0.0344827586207
24369	0.0344827586207
29122	0.0344827586207
31024	0.0344827586207
33110	0.0344827586207
33930	0.0344827586207
34777	0.0344827586207
36416	0.0344827586207
38006	0.0344827586207
38197	0.0344827586207
41420	0.0344827586207
41835	0.0344827586207
42763	0.0344827586207
46728	0.0344827586207
51109	0.0344827586207
52750	0.0344827586207
59715	0.0344827586207
524	0.0333333333333
1704	0.0333333333333
2277	0.0333333333333
2952	0.0333333333333
5526	0.0333333333333
8742	0.0333333333333
25158	0.0333333333333
30525	0.0333333333333
32688	0.0333333333333
32782	0.0333333333333
34252	0.0333333333333
34656	0.0333333333333
34660	0.0333333333333
36617	0.0333333333333
40651	0.0333333333333
40923	0.0333333333333
42064	0.0333333333333
42379	0.0333333333333
43462	0.0333333333333
44525	0.0333333333333
51665	0.0333333333333
52608	0.0333333333333
59784	0.0333333333333
42014	0.0327868852459
30	0.0322580645161
10658	0.0322580645161
12401	0.0322580645161
17439	0.0322580645161
17679	0.0322580645161
19290	0.0322580645161
28245	0.0322580645161
31358	0.0322580645161
35810	0.0322580645161
37033	0.0322580645161
39233	0.0322580645161
41305	0.0322580645161
43596	0.0322580645161
47601	0.0322580645161
51441	0.0322580645161
51585	0.0322580645161
52540	0.0322580645161
52809	0.0322580645161
59237	0.0322580645161
1060	0.03125
1558	0.03125
3638	0.03125
3692	0.03125
7641	0.03125
24385	0.03125
24472	0.03125
36348	0.03125
36805	0.03125
40620	0.03125
41221	0.03125
41512	0.03125
41911	0.03125
41974	0.03125
42038	0.03125
42571	0.03125
42640	0.03125
48650	0.03125
51874	0.03125
53250	0.03125
1411	0.030303030303
3852	0.030303030303
4124	0.030303030303
4875	0.030303030303
8195	0.030303030303
15438	0.030303030303
16926	0.030303030303
32775	0.030303030303
34151	0.030303030303
42152	0.030303030303
43643	0.030303030303
51392	0.030303030303
52528	0.030303030303
53034	0.030303030303
3534	0.0298507462687
37201	0.0298507462687
797	0.0294117647059
18331	0.0294117647059
22157	0.0294117647059
25574	0.0294117647059
26855	0.0294117647059
27634	0.0294117647059
28808	0.0294117647059
30058	0.0294117647059
32085	0.0294117647059
41962	0.0294117647059
50173	0.0294117647059
51315	0.0294117647059
51521	0.0294117647059
52109	0.0294117647059
1569	0.0285714285714
2901	0.0285714285714
5225	0.0285714285714
6383	0.0285714285714
9323	0.0285714285714
11061	0.0285714285714
11126	0.0285714285714
18441	0.0285714285714
19411	0.0285714285714
22010	0.0285714285714
22584	0.0285714285714
34879	0.0285714285714
35549	0.0285714285714
43242	0.0285714285714
51115	0.0285714285714
52644	0.0285714285714
2420	0.0277777777778
15802	0.0277777777778
23629	0.0277777777778
24355	0.0277777777778
26526	0.0277777777778
30133	0.0277777777778
30191	0.0277777777778
35883	0.0277777777778
37032	0.0277777777778
38315	0.0277777777778
42273	0.0277777777778
51762	0.0277777777778
17027	0.027397260274
948	0.027027027027
6105	0.027027027027
11503	0.027027027027
21903	0.027027027027
22130	0.027027027027
25117	0.027027027027
29654	0.027027027027
40594	0.027027027027
42388	0.027027027027
42949	0.027027027027
43632	0.027027027027
47456	0.027027027027
59233	0.027027027027
59815	0.027027027027
4343	0.0263157894737
9123	0.0263157894737
15360	0.0263157894737
21043	0.0263157894737
22000	0.0263157894737
22205	0.0263157894737
26715	0.0263157894737
35391	0.0263157894737
40490	0.0263157894737
41323	0.0263157894737
41698	0.0263157894737
51933	0.0263157894737
5547	0.025641025641
5554	0.025641025641
5563	0.025641025641
6329	0.025641025641
7310	0.025641025641
15471	0.025641025641
16283	0.025641025641
19683	0.025641025641
19877	0.025641025641
20439	0.025641025641
20536	0.025641025641
26590	0.025641025641
29135	0.025641025641
36483	0.025641025641
42315	0.025641025641
44375	0.025641025641
51482	0.025641025641
51958	0.025641025641
22121	0.0253164556962
165	0.025
2712	0.025
4765	0.025
9207	0.025
11775	0.025
13261	0.025
14872	0.025
24564	0.025
26502	0.025
26954	0.025
32584	0.025
33488	0.025
34503	0.025
41612	0.025
41795	0.025
42285	0.025
52661	0.025
4814	0.0246913580247
17686	0.0246913580247
4200	0.0243902439024
7715	0.0243902439024
13128	0.0243902439024
16445	0.0243902439024
19534	0.0243902439024
31991	0.0243902439024
32550	0.0243902439024
36305	0.0243902439024
41247	0.0243902439024
52500	0.0243902439024
52973	0.0243902439024
52817	0.0240963855422
2108	0.0238095238095
14617	0.0238095238095
15021	0.0238095238095
16192	0.0238095238095
17264	0.0238095238095
22510	0.0238095238095
28841	0.0238095238095
29785	0.0238095238095
30967	0.0238095238095
32200	0.0238095238095
32794	0.0238095238095
37587	0.0238095238095
37735	0.0238095238095
38649	0.0238095238095
38757	0.0238095238095
43347	0.0238095238095
45994	0.0238095238095
49403	0.0238095238095
51466	0.0238095238095
18974	0.0235294117647
27687	0.0235294117647
12830	0.0234375
461	0.0232558139535
9421	0.0232558139535
9822	0.0232558139535
11262	0.0232558139535
32589	0.0232558139535
34918	0.0232558139535
35155	0.0232558139535
37381	0.0232558139535
41359	0.0232558139535
42692	0.0232558139535
45163	0.0232558139535
48210	0.0232558139535
59557	0.0232558139535
4391	0.0227272727273
13373	0.0227272727273
30869	0.0227272727273
35203	0.0227272727273
38273	0.0227272727273
41599	0.0227272727273
41658	0.0227272727273
48224	0.0227272727273
51505	0.0224719101124
3189	0.0222222222222
14672	0.0222222222222
34443	0.0222222222222
38579	0.0222222222222
42349	0.0222222222222
52260	0.0222222222222
52491	0.0222222222222
52743	0.0222222222222
31692	0.021978021978
550	0.0217391304348
2272	0.0217391304348
4507	0.0217391304348
5280	0.0217391304348
7470	0.0217391304348
18304	0.0217391304348
23887	0.0217391304348
26191	0.0217391304348
32892	0.0217391304348
33120	0.0217391304348
37897	0.0217391304348
38574	0.0217391304348
44528	0.0217391304348
48189	0.0217391304348
50472	0.0217391304348
51368	0.0217391304348
28486	0.0215053763441
29707	0.0215053763441
59627	0.0215053763441
1354	0.0212765957447
1942	0.0212765957447
7393	0.0212765957447
7540	0.0212765957447
13870	0.0212765957447
24691	0.0212765957447
25439	0.0212765957447
30778	0.0212765957447
33004	0.0212765957447
41768	0.0212765957447
44588	0.0212765957447
55884	0.0212765957447
56324	0.0212765957447
11784	0.0210526315789
3867	0.0208333333333
5649	0.0208333333333
25559	0.0208333333333
28438	0.0208333333333
32412	0.0208333333333
39226	0.0208333333333
40966	0.0208333333333
51294	0.0208333333333
53239	0.0208333333333
24612	0.020618556701
1850	0.0204081632653
3398	0.0204081632653
3427	0.0204081632653
7430	0.0204081632653
18916	0.0204081632653
25012	0.0204081632653
30272	0.0204081632653
31479	0.0204081632653
34735	0.0204081632653
35747	0.0204081632653
42657	0.0204081632653
43202	0.0204081632653
51526	0.0204081632653
52459	0.0204081632653
11145	0.020202020202
28711	0.020202020202
3820	0.02
14663	0.02
14714	0.02
32405	0.02
38778	0.02
39078	0.02
40921	0.02
42053	0.02
42196	0.02
43026	0.02
43663	0.02
45135	0.02
50508	0.02
20636	0.019801980198
37060	0.019801980198
1168	0.0196078431373
1356	0.0196078431373
5395	0.0196078431373
12641	0.0196078431373
15515	0.0196078431373
16958	0.0196078431373
20070	0.0196078431373
26657	0.0196078431373
26660	0.0196078431373
29515	0.0196078431373
33693	0.0196078431373
34901	0.0196078431373
1673	0.0192307692308
4383	0.0192307692308
23765	0.0192307692308
29332	0.0192307692308
33051	0.0192307692308
33975	0.0192307692308
37380	0.0192307692308
46654	0.0192307692308
52531	0.0192307692308
52864	0.0192307692308
28298	0.0190476190476
7645	0.0188679245283
12311	0.0188679245283
13380	0.0188679245283
16913	0.0188679245283
18437	0.0188679245283
24610	0.0188679245283
31911	0.0188679245283
33926	0.0188679245283
38826	0.0188679245283
41858	0.0188679245283
42360	0.0188679245283
52542	0.0188679245283
26279	0.018691588785
33971	0.018691588785
5611	0.0185185185185
7293	0.0185185185185
24740	0.0185185185185
30983	0.0185185185185
52071	0.0185185185185
52080	0.0185185185185
52715	0.0185185185185
20205	0.0183486238532
2164	0.0181818181818
11502	0.0181818181818
12153	0.0181818181818
13403	0.0181818181818
22741	0.0181818181818
33166	0.0181818181818
33672	0.0181818181818
39420	0.0181818181818
41656	0.0181818181818
41870	0.0181818181818
43787	0.0181818181818
50204	0.0181818181818
51050	0.0181818181818
213	0.0178571428571
1533	0.0178571428571
4405	0.0178571428571
9309	0.0178571428571
20165	0.0178571428571
22573	0.0178571428571
26608	0.0178571428571
29554	0.0178571428571
51462	0.0178571428571
52057	0.0178571428571
52488	0.0178571428571
6404	0.0176991150442
846	0.0175438596491
21569	0.0175438596491
29365	0.0175438596491
36145	0.0175438596491
47064	0.0175438596491
51282	0.0175438596491
51421	0.0175438596491
52548	0.0175438596491
50760	0.0174418604651
21377	0.0173913043478
103	0.0172413793103
289	0.0172413793103
1490	0.0172413793103
3858	0.0172413793103
4635	0.0172413793103
17696	0.0172413793103
22234	0.0172413793103
41117	0.0172413793103
41984	0.0172413793103
46039	0.0172413793103
53361	0.0172413793103
4409	0.0169491525424
5106	0.0169491525424
5484	0.0169491525424
5677	0.0169491525424
32432	0.0169491525424
34672	0.0169491525424
41351	0.0169491525424
41576	0.0169491525424
43017	0.0169491525424
52331	0.0169491525424
41610	0.0167597765363
28579	0.0166666666667
29401	0.0166666666667
42302	0.0166666666667
51571	0.0166666666667
51865	0.0166666666667
47050	0.0165289256198
287	0.016393442623
4746	0.016393442623
8965	0.016393442623
13963	0.016393442623
19597	0.016393442623
22856	0.016393442623
38572	0.016393442623
41536	0.016393442623
10047	0.0162601626016
23532	0.0162601626016
1342	0.0161290322581
2490	0.0161290322581
3761	0.0161290322581
4499	0.0161290322581
7421	0.0161290322581
22050	0.0161290322581
37186	0.0161290322581
39342	0.0161290322581
44602	0.0161290322581
45206	0.0161290322581
51037	0.0161290322581
51054	0.0161290322581
52581	0.0161290322581
54435	0.0161290322581
2087	0.015873015873
4075	0.015873015873
4481	0.015873015873
11350	0.015873015873
15870	0.015873015873
33890	0.015873015873
46050	0.015873015873
51712	0.015873015873
3178	0.015625
3581	0.015625
29530	0.015625
38713	0.015625
41398	0.015625
42354	0.015625
51825	0.015625
52777	0.015625
11559	0.0153846153846
17315	0.0153846153846
18022	0.0153846153846
19208	0.0153846153846
20315	0.0153846153846
21582	0.0153846153846
23944	0.0153846153846
28734	0.0153846153846
29746	0.0153846153846
32974	0.0153846153846
36395	0.0153846153846
41390	0.0153846153846
41916	0.0153846153846
42259	0.0153846153846
42925	0.0153846153846
50391	0.0153846153846
53029	0.0153846153846
2070	0.0152671755725
688	0.0151515151515
947	0.0151515151515
2690	0.0151515151515
18698	0.0151515151515
19572	0.0151515151515
19775	0.0151515151515
23760	0.0151515151515
30209	0.0151515151515
32728	0.0151515151515
42312	0.0151515151515
143	0.0149253731343
186	0.0149253731343
1386	0.0149253731343
7526	0.0149253731343
14555	0.0149253731343
18295	0.0149253731343
29804	0.0149253731343
30085	0.0149253731343
35057	0.0149253731343
37774	0.0149253731343
38272	0.0149253731343
47273	0.0149253731343
52240	0.0149253731343
13653	0.0147058823529
16357	0.0147058823529
23230	0.0147058823529
37163	0.0147058823529
38577	0.0147058823529
41011	0.0147058823529
44993	0.0147058823529
52629	0.0147058823529
14515	0.014598540146
3698	0.0144927536232
4318	0.0144927536232
5528	0.0144927536232
14181	0.0144927536232
27731	0.0144927536232
29756	0.0144927536232
34115	0.0144927536232
43195	0.0144927536232
52190	0.0144927536232
52458	0.0144927536232
13621	0.0143884892086
28982	0.0142857142857
39085	0.0142857142857
39713	0.0142857142857
44270	0.0142857142857
45200	0.0142857142857
45354	0.0142857142857
1361	0.0140845070423
3253	0.0140845070423
4510	0.0140845070423
4760	0.0140845070423
14527	0.0140845070423
26659	0.0140845070423
27052	0.0140845070423
28456	0.0140845070423
30866	0.0140845070423
41122	0.0140845070423
59731	0.0140845070423
40981	0.0139534883721
1180	0.0138888888889
4418	0.0138888888889
12432	0.0138888888889
14757	0.0138888888889
22881	0.0138888888889
26295	0.0138888888889
41380	0.0138888888889
41689	0.0138888888889
49024	0.0138888888889
49465	0.0138888888889
618	0.013698630137
3876	0.013698630137
5206	0.013698630137
11196	0.013698630137
23299	0.013698630137
28415	0.013698630137
29005	0.013698630137
50494	0.013698630137
37557	0.0136054421769
53344	0.0136054421769
7311	0.0135135135135
16073	0.0135135135135
17303	0.0135135135135
36736	0.0135135135135
41139	0.0135135135135
41548	0.0135135135135
49398	0.0135135135135
51343	0.0135135135135
14360	0.0134529147982
36078	0.0134228187919
283	0.0133333333333
4135	0.0133333333333
12597	0.0133333333333
34659	0.0133333333333
41147	0.0133333333333
49401	0.0133333333333
23628	0.0132450331126
1553	0.0131578947368
1618	0.0131578947368
21795	0.0131578947368
24878	0.0131578947368
33709	0.0131578947368
43269	0.0131578947368
50959	0.0131578947368
10607	0.012987012987
41272	0.012987012987
42182	0.012987012987
43920	0.012987012987
23222	0.0129032258065
28737	0.0129032258065
59661	0.0129032258065
12800	0.0128205128205
15542	0.0128205128205
16145	0.0128205128205
41343	0.0128205128205
48475	0.0128205128205
50642	0.0128205128205
50871	0.0128205128205
637	0.0126582278481
763	0.0126582278481
2720	0.0126582278481
3187	0.0126582278481
4580	0.0126582278481
4867	0.0126582278481
35431	0.0126582278481
47628	0.0126582278481
107	0.0125786163522
34217	0.0125786163522
3297	0.0125
9142	0.0125
14245	0.0125
14573	0.0125
17915	0.0125
38676	0.0125
41024	0.0125
42040	0.0125
51905	0.0125
41164	0.0124481327801
123	0.0123456790123
11888	0.0123456790123
28134	0.0123456790123
34619	0.0123456790123
40489	0.0123456790123
41191	0.0123456790123
41593	0.0123456790123
1068	0.0121951219512
9720	0.0121951219512
10082	0.0121951219512
28793	0.0121951219512
34486	0.0121951219512
36606	0.0121951219512
41378	0.0121951219512
42344	0.0121951219512
42369	0.0121951219512
43150	0.0121951219512
43834	0.0121951219512
51283	0.0121951219512
33895	0.0121457489879
1950	0.0120481927711
42339	0.0120481927711
51795	0.0120481927711
52952	0.0120481927711
4873	0.0119047619048
13385	0.0119047619048
17723	0.0119047619048
25221	0.0119047619048
33855	0.0119047619048
33862	0.0119047619048
41213	0.0119047619048
51092	0.0119047619048
52615	0.0119047619048
1256	0.0117647058824
4452	0.0117647058824
21375	0.0117647058824
39651	0.0117647058824
41490	0.0117647058824
41694	0.0117647058824
42825	0.0117647058824
112	0.0116279069767
1638	0.0116279069767
17790	0.0116279069767
52065	0.0115606936416
1117	0.0114942528736
7124	0.0114942528736
8189	0.0114942528736
43575	0.0114942528736
59133	0.0114942528736
41326	0.0114503816794
3116	0.0114068441065
95	0.0113636363636
766	0.0113636363636
8901	0.0113636363636
17277	0.0113636363636
41269	0.0113636363636
41404	0.0113636363636
42378	0.0113636363636
51234	0.0113636363636
29394	0.0112781954887
15188	0.0112359550562
17922	0.0112359550562
30185	0.0112359550562
32509	0.0112359550562
39286	0.0112359550562
48489	0.0111731843575
876	0.0111111111111
17383	0.0111111111111
38338	0.0111111111111
42249	0.0111111111111
49136	0.0111111111111
52089	0.0111111111111
3488	0.010989010989
4752	0.010989010989
5637	0.010989010989
5916	0.010989010989
7390	0.010989010989
16802	0.010989010989
27033	0.010989010989
31962	0.010989010989
41086	0.010989010989
51346	0.010989010989
51804	0.010989010989
52645	0.010989010989
3182	0.0108695652174
4174	0.0108695652174
28749	0.0108695652174
44819	0.0108695652174
51590	0.0108695652174
39358	0.010752688172
41200	0.010752688172
49791	0.010752688172
50943	0.010752688172
51901	0.010752688172
59562	0.010752688172
309	0.0106382978723
896	0.0106382978723
6254	0.0106382978723
14832	0.0106382978723
15009	0.0106382978723
22572	0.0106382978723
31494	0.0106382978723
36366	0.0106382978723
41452	0.0106382978723
51228	0.0106382978723
51492	0.0106382978723
5455	0.0105263157895
9715	0.0105263157895
12856	0.0105263157895
15602	0.0105263157895
25169	0.0105263157895
33716	0.0105263157895
41655	0.0105263157895
42514	0.0105263157895
43542	0.0105263157895
2448	0.0104895104895
8159	0.0104712041885
3664	0.0104166666667
5712	0.0104166666667
6305	0.0104166666667
6375	0.0104166666667
9651	0.0104166666667
11760	0.0104166666667
42555	0.0104166666667
41047	0.0103626943005
51697	0.0103626943005
1132	0.0103092783505
4929	0.0103092783505
41206	0.0103092783505
45717	0.0103092783505
50506	0.0103092783505
1753	0.0102040816327
13891	0.0102040816327
21321	0.0102040816327
25432	0.0102040816327
36275	0.0102040816327
41137	0.0102040816327
43219	0.0102040816327
52024	0.0102040816327
52350	0.0102040816327
17389	0.010101010101
18002	0.010101010101
33572	0.010101010101
33775	0.010101010101
40869	0.010101010101
26760	0.0100502512563
12182	0.01
14233	0.01
28141	0.01
29583	0.01
32626	0.01
37190	0.01
41308	0.01
42320	0.01
43749	0.01
48978	0.01
53342	0.00995024875622
11481	0.00990099009901
20669	0.00990099009901
26251	0.00990099009901
35551	0.00990099009901
47633	0.00990099009901
51152	0.00990099009901
37225	0.00986842105263
1489	0.00985221674877
4611	0.00980392156863
9722	0.00980392156863
16231	0.00980392156863
39288	0.00980392156863
34525	0.00975609756098
11250	0.00970873786408
20511	0.00970873786408
22813	0.00970873786408
27649	0.00970873786408
39039	0.00970873786408
41012	0.00970873786408
71	0.00961538461538
10646	0.00961538461538
29790	0.00961538461538
31306	0.00961538461538
50936	0.00961538461538
17611	0.00956937799043
13071	0.00952380952381
31895	0.00952380952381
41172	0.00952380952381
51854	0.00952380952381
4745	0.00943396226415
11230	0.00943396226415
17346	0.00943396226415
21719	0.00943396226415
30880	0.00943396226415
31720	0.00943396226415
41519	0.00943396226415
40030	0.00934579439252
41640	0.00934579439252
497	0.00932400932401
51099	0.0093023255814
18172	0.00925925925926
34210	0.00925925925926
41179	0.00925925925926
41225	0.00925925925926
41826	0.00925925925926
43088	0.00925925925926
49408	0.00925925925926
52056	0.00925925925926
52697	0.00925925925926
25413	0.00921658986175
41146	0.00921658986175
40972	0.00920245398773
2722	0.00917431192661
5221	0.00917431192661
15986	0.00917431192661
26310	0.00917431192661
29855	0.00917431192661
36537	0.00917431192661
44776	0.00917431192661
11383	0.00909090909091
21690	0.00909090909091
34724	0.00909090909091
41111	0.00909090909091
3239	0.00903614457831
10045	0.00900900900901
13829	0.00900900900901
26199	0.00900900900901
41091	0.00900900900901
41328	0.00900900900901
3260	0.0089552238806
2353	0.00892857142857
30925	0.00892857142857
41274	0.00892857142857
13960	0.00888888888889
6394	0.00884955752212
26674	0.00884955752212
51232	0.00884955752212
51765	0.00884955752212
2127	0.00881057268722
5354	0.00877192982456
18641	0.00877192982456
25305	0.00877192982456
34521	0.00877192982456
37184	0.00877192982456
38701	0.00877192982456
6657	0.00869565217391
9753	0.00869565217391
20738	0.00869565217391
31340	0.00869565217391
37169	0.00869565217391
41392	0.00869565217391
44351	0.00869565217391
10920	0.00865800865801
34356	0.00865800865801
34519	0.00865800865801
18276	0.00862068965517
39483	0.00862068965517
42262	0.00862068965517
48902	0.00862068965517
2071	0.00854700854701
5672	0.00854700854701
18199	0.00854700854701
22351	0.00854700854701
41642	0.00854700854701
1028	0.00847457627119
1362	0.00847457627119
17554	0.00847457627119
41682	0.00847457627119
7317	0.00845070422535
30849	0.0084388185654
30799	0.00842696629213
15288	0.00840336134454
42019	0.00840336134454
51988	0.00840336134454
4658	0.00833333333333
9471	0.00833333333333
13418	0.00833333333333
15373	0.00833333333333
18607	0.00833333333333
50881	0.00833333333333
51313	0.00833333333333
1167	0.00826446280992
8246	0.00826446280992
39771	0.00826446280992
616	0.00819672131148
19792	0.00819672131148
22408	0.00819672131148
32246	0.00819672131148
35420	0.00819672131148
38330	0.00819672131148
41099	0.00819672131148
41443	0.00819672131148
41693	0.00819672131148
6803	0.00816326530612
9135	0.00815217391304
2171	0.00813008130081
11297	0.00813008130081
34143	0.00813008130081
40970	0.00813008130081
51496	0.00813008130081
17147	0.0080971659919
100	0.00806451612903
10112	0.00806451612903
15825	0.00806451612903
26173	0.00806451612903
51281	0.00806451612903
53000	0.00806451612903
761	0.008
3793	0.008
15782	0.008
35920	0.008
21550	0.00793650793651
16956	0.00790513833992
5634	0.00787401574803
41079	0.00787401574803
51875	0.00787401574803
53134	0.00787401574803
14476	0.0078125
22621	0.0078125
27087	0.0078125
43354	0.0078125
51164	0.0078125
57496	0.0078125
4582	0.0077519379845
28820	0.0077519379845
43414	0.0077519379845
17939	0.00772200772201
31877	0.00772200772201
38080	0.00772200772201
5884	0.00769230769231
9295	0.00769230769231
16194	0.00769230769231
16831	0.00769230769231
19799	0.00769230769231
32318	0.00763358778626
40344	0.00763358778626
7095	0.00757575757576
14518	0.00757575757576
17904	0.00757575757576
35039	0.00757575757576
50864	0.00757575757576
51568	0.00757575757576
3312	0.0075329566855
172	0.00751879699248
27063	0.00751879699248
52555	0.00751879699248
11504	0.00749063670412
51019	0.0074812967581
4280	0.00746268656716
4704	0.00746268656716
32651	0.00746268656716
17771	0.00743494423792
1752	0.00740740740741
4347	0.00740740740741
4977	0.00740740740741
30828	0.00740740740741
42750	0.00740740740741
17605	0.00738007380074
30794	0.00738007380074
37800	0.00735294117647
2028	0.00729927007299
4335	0.00729927007299
9646	0.00729927007299
15114	0.00729927007299
18414	0.00729927007299
27094	0.00729927007299
27288	0.00729927007299
40351	0.00729927007299
41287	0.00729927007299
2829	0.00724637681159
34254	0.00724637681159
36897	0.00724637681159
41417	0.0072202166065
3747	0.00719424460432
3957	0.00719424460432
6564	0.00719424460432
52018	0.00719424460432
38807	0.00716845878136
3436	0.00714285714286
13119	0.00714285714286
32832	0.00714285714286
34350	0.00714285714286
51246	0.00714285714286
632	0.00709219858156
12777	0.00709219858156
50915	0.00709219858156
29724	0.00706713780919
1039	0.00704225352113
6781	0.00704225352113
11519	0.00704225352113
12585	0.00704225352113
13121	0.00704225352113
19090	0.00704225352113
33634	0.00702247191011
2776	0.00699300699301
9762	0.00699300699301
16379	0.00699300699301
18278	0.00699300699301
26318	0.00699300699301
41066	0.00699300699301
51676	0.00699300699301
2401	0.00694444444444
51179	0.00694444444444
28055	0.00692041522491
6954	0.00689655172414
7214	0.00687285223368
689	0.00684931506849
11172	0.00684931506849
10248	0.00680272108844
17152	0.00680272108844
52525	0.00680272108844
35100	0.00675675675676
36364	0.00675675675676
40893	0.00675675675676
41552	0.00675675675676
42145	0.00675675675676
14115	0.00673400673401
18129	0.00671140939597
32895	0.00671140939597
32935	0.00671140939597
34548	0.00671140939597
3554	0.00666666666667
4464	0.00666666666667
5715	0.00666666666667
15851	0.00666666666667
24958	0.00666666666667
41258	0.00666666666667
6360	0.00664451827243
684	0.00662251655629
35199	0.00662251655629
12511	0.00657894736842
41039	0.00657894736842
41067	0.00657894736842
2326	0.00655737704918
35049	0.00654664484452
712	0.00653594771242
4413	0.00653594771242
4739	0.00653594771242
12501	0.00653594771242
13212	0.00653594771242
38758	0.00653594771242
51156	0.00653594771242
3419	0.00652173913043
41044	0.00650759219089
3533	0.00649350649351
24606	0.00649350649351
37114	0.00649350649351
41250	0.00649350649351
7299	0.00647249190939
3486	0.00645161290323
4508	0.00645161290323
18283	0.00645161290323
21989	0.00645161290323
33405	0.00645161290323
46832	0.00645161290323
50883	0.00645161290323
37680	0.00641025641026
38663	0.00641025641026
39426	0.00641025641026
42531	0.00641025641026
7509	0.00636942675159
16927	0.00636942675159
17715	0.00636942675159
27527	0.00636942675159
39548	0.00636942675159
36394	0.00634249471459
2825	0.00632911392405
5616	0.00632911392405
34967	0.00632911392405
35360	0.00632911392405
2934	0.0062893081761
4743	0.0062893081761
17625	0.0062893081761
18340	0.0062893081761
7411	0.00625
23415	0.00625
59506	0.00625
41032	0.00623052959502
25113	0.00622083981337
3598	0.00621118012422
4144	0.00621118012422
10157	0.00621118012422
12194	0.00621118012422
25384	0.00621118012422
37409	0.00621118012422
50652	0.00621118012422
51145	0.00621118012422
51155	0.00621118012422
51699	0.00621118012422
17938	0.00619834710744
3946	0.00617283950617
16723	0.00617283950617
22026	0.00617283950617
22401	0.00617283950617
22805	0.00617283950617
25487	0.00617283950617
34121	0.00617283950617
38959	0.00617283950617
50987	0.00617283950617
51025	0.00617283950617
2588	0.00613496932515
10852	0.00613496932515
41156	0.00613496932515
42954	0.00613496932515
17711	0.00612244897959
41434	0.00607902735562
41109	0.00607287449393
41062	0.00606060606061
48076	0.00606060606061
34683	0.00604229607251
3535	0.00602409638554
5230	0.00602409638554
11232	0.00602409638554
12149	0.00602409638554
23211	0.00602409638554
36710	0.00602409638554
3943	0.0059880239521
10736	0.0059880239521
20527	0.0059880239521
28047	0.0059880239521
19897	0.00595238095238
23285	0.00595238095238
35162	0.00595238095238
44599	0.00595238095238
49336	0.00595238095238
50897	0.00595238095238
51120	0.00595238095238
7349	0.00593471810089
6194	0.00591715976331
52638	0.00591715976331
10250	0.00589970501475
9647	0.00588235294118
28712	0.00588235294118
1456	0.00584795321637
19338	0.00584795321637
38763	0.00584795321637
2186	0.00581395348837
11776	0.00581395348837
41088	0.00581395348837
41544	0.00581395348837
24970	0.00578034682081
51197	0.00578034682081
5116	0.00574712643678
33692	0.00574712643678
4644	0.00571428571429
10792	0.00571428571429
41177	0.00571428571429
25376	0.00568181818182
37238	0.00568181818182
39510	0.00568181818182
41013	0.00568181818182
41204	0.00568181818182
41546	0.00568181818182
50855	0.00568181818182
6573	0.00564971751412
8229	0.00564971751412
18813	0.00564971751412
32862	0.00564971751412
51151	0.00564971751412
3553	0.0056338028169
5367	0.00561797752809
7460	0.00561797752809
18112	0.00561797752809
25047	0.00561797752809
41132	0.00561797752809
32612	0.00560747663551
21557	0.00558659217877
24173	0.00558659217877
32042	0.00558659217877
39265	0.00558659217877
3842	0.00555555555556
11749	0.00555555555556
30812	0.00555555555556
16273	0.00552486187845
7419	0.00550964187328
50933	0.00547945205479
4675	0.00546448087432
30938	0.00546448087432
5218	0.005444646098
3204	0.0054347826087
4733	0.0054347826087
20506	0.0054347826087
54	0.00540540540541
26599	0.00540540540541
31307	0.00540540540541
41157	0.00540540540541
41227	0.00540540540541
2419	0.00539083557951
24522	0.00539083557951
25098	0.00537634408602
1438	0.00536193029491
14207	0.00536193029491
29218	0.00536193029491
9292	0.00534759358289
14352	0.00533333333333
2216	0.00531914893617
22230	0.00529100529101
22524	0.00529100529101
37194	0.00529100529101
51212	0.00529100529101
40995	0.00528401585205
3720	0.00527704485488
28407	0.00527240773286
17066	0.00526315789474
20800	0.00526315789474
41530	0.00526315789474
41129	0.00524934383202
7974	0.00523560209424
13317	0.00523560209424
30874	0.00523560209424
41070	0.00523560209424
44433	0.00523560209424
51146	0.00523560209424
29360	0.00520833333333
35581	0.00520833333333
7956	0.00515463917526
18972	0.00515463917526
1853	0.00512820512821
1743	0.00511073253833
492	0.00510204081633
9761	0.00510204081633
26195	0.00510204081633
90	0.00507614213198
5419	0.00507614213198
12824	0.00507614213198
20818	0.00507614213198
51133	0.00507614213198
59604	0.00505050505051
2089	0.00502512562814
17306	0.00502512562814
52029	0.00502512562814
11294	0.005
11782	0.005
15306	0.005
39785	0.004995004995
3515	0.00497512437811
10166	0.00497512437811
29287	0.00497512437811
41942	0.00497512437811
4706	0.0049504950495
41025	0.0049504950495
50885	0.0049504950495
18584	0.00493827160494
28610	0.00492610837438
7303	0.00490196078431
12610	0.00488599348534
31536	0.00486618004866
32188	0.00486223662885
22971	0.00479616306954
41037	0.00478468899522
5553	0.0047619047619
20529	0.0047619047619
51341	0.0047619047619
12388	0.00475059382423
25586	0.00475059382423
35045	0.00475059382423
7518	0.00471698113208
11778	0.00471698113208
25431	0.00471698113208
29444	0.00471698113208
38795	0.00471698113208
900	0.00470957613815
5918	0.00469483568075
11675	0.0046511627907
562	0.0046403712297
22251	0.0046403712297
5643	0.00461538461538
34367	0.00461254612546
2787	0.00460829493088
41045	0.00460829493088
1135	0.0045871559633
3499	0.0045871559633
13933	0.0045871559633
29852	0.0045871559633
37660	0.0045871559633
42374	0.0045871559633
10727	0.00456621004566
27535	0.00456621004566
50875	0.00456621004566
52258	0.00456621004566
4523	0.00454545454545
21331	0.00454545454545
2848	0.00452488687783
52055	0.00452488687783
1632	0.0045045045045
27255	0.0045045045045
35400	0.0045045045045
29492	0.00448430493274
40978	0.00448430493274
50937	0.00448430493274
29780	0.00446428571429
40318	0.00446428571429
41140	0.00446428571429
45223	0.00445434298441
18759	0.00444444444444
31879	0.00444444444444
32811	0.00444444444444
22744	0.0044286979628
14749	0.00442477876106
21545	0.00442477876106
631	0.00441501103753
49394	0.00441501103753
3280	0.00440528634361
41332	0.00440528634361
9656	0.00439882697947
14604	0.00438596491228
19201	0.00438596491228
29055	0.00438596491228
253	0.00438116100767
25738	0.00437828371278
4137	0.00435729847495
1062	0.00434782608696
4876	0.00434782608696
4900	0.00434782608696
6372	0.00434782608696
15228	0.00434782608696
24126	0.00434782608696
28043	0.00434782608696
33495	0.00434782608696
44281	0.00434782608696
11169	0.004329004329
12423	0.004329004329
37115	0.004329004329
50105	0.00431965442765
4390	0.00431034482759
37392	0.00431034482759
41270	0.00431034482759
4327	0.00429184549356
23742	0.00429184549356
30805	0.00429184549356
41353	0.00429184549356
19599	0.00428265524625
2745	0.00425230333097
18205	0.00423728813559
37762	0.00423728813559
23782	0.0042194092827
29309	0.0042194092827
3531	0.00421052631579
27404	0.00420168067227
27865	0.0041928721174
39383	0.00416666666667
36392	0.004158004158
29854	0.00415512465374
25930	0.00414937759336
34145	0.00414937759336
39027	0.00414937759336
52332	0.00413223140496
10287	0.00411522633745
28155	0.00411522633745
4339	0.00409836065574
50923	0.00409836065574
40968	0.00406504065041
1921	0.00404858299595
34169	0.00403225806452
4005	0.004
1422	0.00396301188904
34858	0.00394477317554
2110	0.00392156862745
13318	0.00392156862745
21797	0.00392156862745
41253	0.00392156862745
26508	0.00390625
34199	0.00390625
3527	0.00389863547758
1680	0.00389105058366
39136	0.00388198757764
13216	0.003861003861
26416	0.003861003861
51178	0.00384615384615
41068	0.00383509108341
2152	0.00383141762452
29909	0.00383141762452
29992	0.00383141762452
39852	0.00383141762452
44184	0.00383141762452
28821	0.0038240917782
28673	0.00381679389313
10251	0.00380228136882
19288	0.00380228136882
28128	0.00380228136882
40334	0.00380228136882
30899	0.00379266750948
2313	0.00378787878788
11727	0.00378429517502
38232	0.00377358490566
50995	0.00377358490566
41031	0.00376884422111
1119	0.00376411543287
2757	0.00375939849624
9642	0.00375939849624
35021	0.00375939849624
39602	0.00375939849624
4430	0.0037397157816
4399	0.00373134328358
7062	0.00373134328358
25405	0.00371747211896
51158	0.00371747211896
37775	0.0037037037037
27489	0.0036832412523
3139	0.00367647058824
2333	0.00366636113657
1676	0.0036496350365
13952	0.0036496350365
11201	0.00363636363636
41061	0.00363636363636
4242	0.0036231884058
39447	0.00360576923077
40980	0.00359066427289
5460	0.00358422939068
862	0.00357142857143
11381	0.00357142857143
31400	0.00355871886121
949	0.00355239786856
25937	0.00354609929078
39585	0.00354609929078
16449	0.00353356890459
21558	0.00353356890459
3022	0.00352112676056
42609	0.00350877192982
13955	0.0034965034965
40969	0.0034965034965
41074	0.0034965034965
5432	0.00349406009783
3991	0.00348432055749
28405	0.00348432055749
25444	0.00347222222222
21772	0.00344827586207
41106	0.00343642611684
23011	0.00342465753425
29145	0.00340136054422
41154	0.00338983050847
18699	0.00337837837838
42424	0.00337837837838
37111	0.00337268128162
76	0.00334448160535
34224	0.00334075723831
7444	0.00333333333333
35958	0.00332225913621
51027	0.00332225913621
14253	0.00331125827815
41093	0.003300330033
52225	0.003300330033
2898	0.00328587075575
41098	0.00327868852459
7175	0.00327332242226
19598	0.00327011118378
50901	0.00326797385621
22643	0.00325732899023
41403	0.00324675324675
118	0.00323624595469
12121	0.00323624595469
4578	0.00323275862069
41126	0.00322580645161
5204	0.00322372662798
4396	0.0032154340836
35728	0.0032154340836
40979	0.0032154340836
13339	0.00319488817891
30020	0.0031847133758
41972	0.0031847133758
1364	0.0031746031746
1064	0.00316455696203
1984	0.00315955766193
27906	0.00315457413249
12467	0.00314465408805
17008	0.00314465408805
38262	0.00314465408805
26893	0.00313479623824
41015	0.003125
33621	0.00311526479751
4937	0.00310880829016
1902	0.0030959752322
6304	0.0030959752322
32453	0.0030959752322
4868	0.00308641975309
992	0.00305810397554
18613	0.0030534351145
5774	0.00303951367781
17987	0.00303951367781
20542	0.00303951367781
14140	0.0030303030303
259	0.00302114803625
41029	0.00302114803625
29686	0.00301204819277
29845	0.003003003003
11	0.00299401197605
40964	0.00299401197605
41609	0.00299401197605
28810	0.00298507462687
22579	0.00296735905045
29591	0.00296735905045
2142	0.00294985250737
19601	0.00293470286134
1700	0.00292397660819
11307	0.00292397660819
2290	0.00292056074766
2613	0.00290275761974
4708	0.00290275761974
25554	0.00289855072464
41034	0.00289855072464
29453	0.0028901734104
21906	0.0028818443804
50939	0.00287356321839
50957	0.00286532951289
1048	0.00286259541985
25324	0.002849002849
40987	0.00283687943262
742	0.0028328611898
7312	0.0028328611898
9252	0.0028328611898
27651	0.00282485875706
216	0.00280898876404
34830	0.00280112044818
4563	0.00279850746269
5622	0.00279329608939
9251	0.00279329608939
22383	0.00278551532033
38932	0.00278551532033
6689	0.00277008310249
3933	0.00276752767528
28830	0.00276243093923
29971	0.00276243093923
30471	0.00276243093923
41050	0.00275482093664
41374	0.00275482093664
38203	0.0027502750275
16917	0.0027397260274
921	0.00273722627737
3059	0.00273597811218
4916	0.00273224043716
5809	0.002722323049
21323	0.00271739130435
27949	0.00271002710027
7442	0.0027027027027
16420	0.0027027027027
4153	0.00269541778976
35809	0.00269541778976
8709	0.00268456375839
38794	0.00267618198037
18515	0.00267379679144
5112	0.00266489007328
2840	0.00266193433895
19547	0.00265957446809
12017	0.0026525198939
35345	0.0026455026455
41018	0.00264200792602
867	0.00263157894737
870	0.00262467191601
23481	0.00262467191601
35514	0.00262467191601
10987	0.00259067357513
23642	0.00259067357513
12969	0.00258843830889
41010	0.00258397932817
31483	0.0025641025641
18777	0.00255972696246
15636	0.00251889168766
23174	0.00251256281407
932	0.00250626566416
41090	0.00249376558603
10281	0.00248138957816
7100	0.002457002457
41092	0.002457002457
2515	0.00244498777506
41467	0.00243902439024
33678	0.00242130750605
18960	0.0024154589372
41027	0.00240963855422
4173	0.00240384615385
29277	0.00239808153477
18307	0.00236966824645
4846	0.00236406619385
7300	0.00236406619385
40289	0.00235294117647
31830	0.00231481481481
868	0.00231303006939
26602	0.00229357798165
3827	0.00227272727273
28832	0.00226244343891
29861	0.00225733634312
1399	0.00224215246637
3273	0.00223713646532
20075	0.00223713646532
4518	0.00219876868953
40988	0.0021978021978
4654	0.00219298245614
37961	0.00218340611354
41016	0.00218181818182
1497	0.00216216216216
41058	0.00215517241379
28742	0.00214132762313
41003	0.00214132762313
7340	0.00213903743316
25051	0.00207468879668
35563	0.00205423171734
5593	0.00204081632653
41355	0.0020325203252
5768	0.00202429149798
3729	0.002
33841	0.00197238658777
5673	0.00196850393701
36398	0.00195886385896
34369	0.00193798449612
34751	0.00193798449612
1118	0.00193423597679
2463	0.00192122958694
40971	0.00191570881226
3733	0.00191021967526
5503	0.00190839694656
9826	0.00189753320683
30269	0.00188323917137
40999	0.00188323917137
51041	0.00186567164179
11769	0.00186219739292
13935	0.00184501845018
22929	0.00183654729109
37426	0.00182481751825
21745	0.00181818181818
33887	0.00181488203267
39915	0.00181488203267
40962	0.001800180018
2312	0.00179211469534
41583	0.00179211469534
4489	0.00178890876565
1931	0.0017825311943
13111	0.00176574455562
29863	0.00174520069808
5519	0.00173611111111
11655	0.00171232876712
38925	0.00169779286927
7261	0.00167504187605
31440	0.00166805671393
26863	0.00164473684211
22743	0.00164068908942
6812	0.0016393442623
40965	0.00163265306122
16209	0.00162866449511
4121	0.00162601626016
18456	0.00162074554295
17355	0.00161290322581
28051	0.00159362549801
5231	0.00156576200418
38584	0.00156494522692
23150	0.0015455950541
17596	0.00153139356815
5157	0.00152284263959
893	0.00150753768844
5120	0.00150602409639
6427	0.00147232037691
869	0.00146627565982
4764	0.00145560407569
26584	0.00143472022956
2037	0.00142045454545
5237	0.00141843971631
38492	0.00139082058414
4655	0.00135363790186
3133	0.00133511348465
2381	0.00131752305665
2733	0.00131752305665
1628	0.00125
5420	0.00124533001245
4711	0.00121654501217
3365	0.00119760479042
27890	0.00117647058824
38191	0.00117233294256
14750	0.00116959064327
30980	0.00115740740741
1503	0.00111607142857
5000	0.00111111111111
2007	0.00110497237569
18311	0.00108108108108
2344	0.00101214574899
26805	0.000891662951404
9538	0.000858369098712
38793	0.000580720092915
