193	0.142857142857
2349	0.142857142857
7284	0.142857142857
11808	0.142857142857
14302	0.142857142857
15074	0.142857142857
19044	0.142857142857
22628	0.142857142857
23791	0.142857142857
23792	0.142857142857
25438	0.142857142857
25835	0.142857142857
26181	0.142857142857
33106	0.142857142857
39966	0.142857142857
39999	0.142857142857
43773	0.142857142857
44810	0.142857142857
50421	0.142857142857
50713	0.142857142857
54039	0.142857142857
58073	0.142857142857
59076	0.142857142857
4084	0.125
5968	0.125
7097	0.125
7858	0.125
8539	0.125
9599	0.125
9870	0.125
14379	0.125
14389	0.125
20437	0.125
22103	0.125
25330	0.125
25814	0.125
26727	0.125
28078	0.125
33402	0.125
34380	0.125
35335	0.125
35944	0.125
38210	0.125
38363	0.125
39359	0.125
39914	0.125
40118	0.125
48799	0.125
57904	0.125
147	0.111111111111
6874	0.111111111111
8817	0.111111111111
14062	0.111111111111
22782	0.111111111111
31197	0.111111111111
39647	0.111111111111
43952	0.111111111111
49632	0.111111111111
59207	0.111111111111
1688	0.1
2425	0.1
4713	0.1
12868	0.1
16050	0.1
26689	0.1
27953	0.1
28136	0.1
29335	0.1
30377	0.1
31346	0.1
34638	0.1
40027	0.1
42523	0.1
43157	0.1
48470	0.1
49021	0.1
49412	0.1
50712	0.1
51328	0.1
52720	0.1
52850	0.1
54901	0.1
58796	0.1
4259	0.0909090909091
10391	0.0909090909091
12427	0.0909090909091
26594	0.0909090909091
28728	0.0909090909091
38775	0.0909090909091
45187	0.0909090909091
46609	0.0909090909091
52105	0.0909090909091
59632	0.0909090909091
59634	0.0909090909091
60329	0.0909090909091
303	0.0833333333333
897	0.0833333333333
7068	0.0833333333333
19054	0.0833333333333
23986	0.0833333333333
26578	0.0833333333333
31002	0.0833333333333
35096	0.0833333333333
40175	0.0833333333333
45867	0.0833333333333
50549	0.0833333333333
50733	0.0833333333333
50982	0.0833333333333
52405	0.0833333333333
58860	0.0833333333333
59669	0.0833333333333
14584	0.08
4164	0.0769230769231
8190	0.0769230769231
8225	0.0769230769231
15996	0.0769230769231
16152	0.0769230769231
17917	0.0769230769231
19849	0.0769230769231
27135	0.0769230769231
27730	0.0769230769231
29414	0.0769230769231
34511	0.0769230769231
35647	0.0769230769231
37450	0.0769230769231
43130	0.0769230769231
45912	0.0769230769231
48126	0.0769230769231
50997	0.0769230769231
53186	0.0769230769231
53581	0.0769230769231
56807	0.0769230769231
60478	0.0769230769231
60593	0.0769230769231
6335	0.0714285714286
13981	0.0714285714286
19523	0.0714285714286
25721	0.0714285714286
31026	0.0714285714286
36776	0.0714285714286
42529	0.0714285714286
43289	0.0714285714286
43578	0.0714285714286
45544	0.0714285714286
52625	0.0714285714286
53589	0.0714285714286
5664	0.0666666666667
14264	0.0666666666667
14626	0.0666666666667
17021	0.0666666666667
19107	0.0666666666667
21355	0.0666666666667
22751	0.0666666666667
23679	0.0666666666667
27955	0.0666666666667
38534	0.0666666666667
38549	0.0666666666667
39618	0.0666666666667
40642	0.0666666666667
42898	0.0666666666667
43311	0.0666666666667
45901	0.0666666666667
48747	0.0666666666667
51009	0.0666666666667
51408	0.0666666666667
53415	0.0666666666667
2049	0.0625
17763	0.0625
22056	0.0625
23113	0.0625
24782	0.0625
31500	0.0625
37495	0.0625
39229	0.0625
41675	0.0625
42542	0.0625
46437	0.0625
51249	0.0625
59289	0.0625
5791	0.0588235294118
6203	0.0588235294118
17532	0.0588235294118
40458	0.0588235294118
42828	0.0588235294118
43007	0.0588235294118
46836	0.0588235294118
50395	0.0588235294118
51973	0.0588235294118
52214	0.0588235294118
52479	0.0588235294118
59978	0.0588235294118
3953	0.0555555555556
11677	0.0555555555556
18320	0.0555555555556
28540	0.0555555555556
42808	0.0555555555556
43538	0.0555555555556
43658	0.0555555555556
43860	0.0555555555556
45212	0.0555555555556
26	0.0526315789474
2068	0.0526315789474
2109	0.0526315789474
4583	0.0526315789474
14734	0.0526315789474
18064	0.0526315789474
31615	0.0526315789474
32428	0.0526315789474
33723	0.0526315789474
37570	0.0526315789474
42276	0.0526315789474
42591	0.0526315789474
42853	0.0526315789474
60386	0.0526315789474
1061	0.05
10544	0.05
16856	0.05
39622	0.05
42274	0.05
44839	0.05
46442	0.05
51002	0.05
59549	0.05
59971	0.05
220	0.047619047619
671	0.047619047619
3663	0.047619047619
5403	0.047619047619
6478	0.047619047619
16247	0.047619047619
16513	0.047619047619
23169	0.047619047619
23992	0.047619047619
34769	0.047619047619
37681	0.047619047619
38777	0.047619047619
41824	0.047619047619
43510	0.047619047619
9	0.0454545454545
17	0.0454545454545
4700	0.0454545454545
6205	0.0454545454545
8235	0.0454545454545
10377	0.0454545454545
20795	0.0454545454545
30919	0.0454545454545
34828	0.0454545454545
34994	0.0454545454545
50922	0.0454545454545
52591	0.0454545454545
53248	0.0454545454545
57978	0.0454545454545
645	0.0444444444444
2206	0.0434782608696
13146	0.0434782608696
13787	0.0434782608696
25022	0.0434782608696
28715	0.0434782608696
28788	0.0434782608696
32170	0.0434782608696
32493	0.0434782608696
38958	0.0434782608696
50590	0.0434782608696
52630	0.0434782608696
59741	0.0434782608696
116	0.0416666666667
1085	0.0416666666667
1493	0.0416666666667
8448	0.0416666666667
11011	0.0416666666667
12115	0.0416666666667
15151	0.0416666666667
19938	0.0416666666667
22891	0.0416666666667
24357	0.0416666666667
52744	0.0416666666667
53363	0.0416666666667
60069	0.0416666666667
2543	0.04
5986	0.04
18772	0.04
29378	0.04
33501	0.04
41344	0.04
44913	0.04
52371	0.04
58547	0.04
2461	0.0384615384615
10746	0.0384615384615
16862	0.0384615384615
46611	0.0384615384615
48031	0.0384615384615
59962	0.0384615384615
29328	0.0377358490566
1387	0.037037037037
2911	0.037037037037
3461	0.037037037037
5408	0.037037037037
5940	0.037037037037
19921	0.037037037037
31987	0.037037037037
32844	0.037037037037
32893	0.037037037037
34738	0.037037037037
42952	0.037037037037
42992	0.037037037037
43691	0.037037037037
50029	0.037037037037
50146	0.037037037037
54150	0.037037037037
60137	0.037037037037
3568	0.0357142857143
5076	0.0357142857143
7619	0.0357142857143
14677	0.0357142857143
18930	0.0357142857143
20165	0.0357142857143
23186	0.0357142857143
39835	0.0357142857143
42097	0.0357142857143
42845	0.0357142857143
44030	0.0357142857143
51119	0.0357142857143
52237	0.0357142857143
458	0.0344827586207
3737	0.0344827586207
8909	0.0344827586207
15121	0.0344827586207
19747	0.0344827586207
40321	0.0344827586207
41616	0.0344827586207
40689	0.0338983050847
175	0.0333333333333
811	0.0333333333333
21142	0.0333333333333
34651	0.0333333333333
35437	0.0333333333333
42371	0.0333333333333
3511	0.0322580645161
17272	0.0322580645161
28242	0.0322580645161
41414	0.0322580645161
43447	0.0322580645161
45453	0.0322580645161
51551	0.0322580645161
51617	0.0322580645161
59556	0.0322580645161
390	0.03125
3599	0.03125
9759	0.03125
13110	0.03125
23438	0.03125
24052	0.03125
32289	0.03125
43198	0.03125
46690	0.03125
52809	0.03125
57831	0.03125
58638	0.03125
1508	0.0307692307692
13971	0.0307692307692
42925	0.0307692307692
2562	0.030303030303
3692	0.030303030303
6095	0.030303030303
24472	0.030303030303
24509	0.030303030303
31001	0.030303030303
33994	0.030303030303
41383	0.030303030303
50626	0.030303030303
50940	0.030303030303
51579	0.030303030303
2416	0.0294117647059
27632	0.0294117647059
34255	0.0294117647059
40385	0.0294117647059
48162	0.0294117647059
51233	0.0294117647059
797	0.0285714285714
9971	0.0285714285714
15982	0.0285714285714
26855	0.0285714285714
33720	0.0285714285714
41962	0.0285714285714
48552	0.0285714285714
50110	0.0285714285714
52469	0.0285714285714
5225	0.0277777777778
35204	0.0277777777778
39207	0.0277777777778
51893	0.0277777777778
52644	0.0277777777778
60220	0.0277777777778
19465	0.027027027027
27541	0.027027027027
29063	0.027027027027
39487	0.027027027027
51786	0.027027027027
60432	0.027027027027
730	0.0263157894737
1241	0.0263157894737
11874	0.0263157894737
14137	0.0263157894737
19602	0.0263157894737
20716	0.0263157894737
47456	0.0263157894737
11339	0.025641025641
13298	0.025641025641
14347	0.025641025641
26841	0.025641025641
30231	0.025641025641
33337	0.025641025641
36833	0.025641025641
52733	0.025641025641
1171	0.025
14407	0.025
20261	0.025
33305	0.025
39582	0.025
43103	0.025
50348	0.025
50482	0.025
4765	0.0243902439024
13771	0.0243902439024
17686	0.0243902439024
25827	0.0243902439024
28708	0.0243902439024
41612	0.0243902439024
52541	0.0243902439024
3542	0.0240963855422
4200	0.0238095238095
7715	0.0238095238095
8582	0.0238095238095
10958	0.0238095238095
12928	0.0238095238095
15192	0.0238095238095
33927	0.0238095238095
45776	0.0238095238095
51926	0.0238095238095
2656	0.0232558139535
7875	0.0232558139535
11159	0.0232558139535
25254	0.0232558139535
32200	0.0232558139535
34986	0.0232558139535
41166	0.0232558139535
45994	0.0232558139535
1801	0.0227272727273
4221	0.0227272727273
11854	0.0227272727273
19404	0.0227272727273
42527	0.0227272727273
42854	0.0227272727273
42919	0.0227272727273
18234	0.0224719101124
13271	0.0222222222222
18679	0.0222222222222
32020	0.0222222222222
42167	0.0222222222222
48701	0.0222222222222
50873	0.0222222222222
33751	0.0217391304348
41379	0.0217391304348
48358	0.0217391304348
6958	0.0212765957447
15687	0.0212765957447
22946	0.0212765957447
23141	0.0212765957447
23210	0.0212765957447
24980	0.0212765957447
28971	0.0212765957447
32892	0.0212765957447
35130	0.0212765957447
38574	0.0212765957447
41331	0.0212765957447
41503	0.0212765957447
42332	0.0212765957447
42701	0.0212765957447
48981	0.0212765957447
52176	0.0212765957447
24691	0.0208333333333
36356	0.0208333333333
41471	0.0208333333333
42412	0.0208333333333
51891	0.0208333333333
3114	0.0204081632653
5649	0.0204081632653
6473	0.0204081632653
12255	0.0204081632653
18522	0.0204081632653
25559	0.0204081632653
33921	0.0204081632653
51015	0.0204081632653
51258	0.0204081632653
17389	0.020202020202
5458	0.02
10961	0.02
25230	0.02
26924	0.02
50527	0.02
53214	0.02
47633	0.019801980198
18741	0.0196078431373
42075	0.0196078431373
47431	0.0196078431373
55963	0.0196078431373
887	0.0192307692308
1356	0.0192307692308
9598	0.0192307692308
21248	0.0192307692308
25115	0.0192307692308
40630	0.0192307692308
43723	0.0192307692308
60086	0.0192307692308
29786	0.0188679245283
30820	0.0188679245283
35708	0.0188679245283
37380	0.0188679245283
39657	0.0188679245283
42454	0.0188679245283
43034	0.0188679245283
50973	0.0188679245283
26868	0.018691588785
938	0.0185185185185
17734	0.0185185185185
20642	0.0185185185185
30018	0.0185185185185
33614	0.0185185185185
33792	0.0185185185185
363	0.0181818181818
817	0.0181818181818
33527	0.0181818181818
34785	0.0181818181818
34792	0.0181818181818
51880	0.0181818181818
6221	0.0178571428571
19761	0.0178571428571
30952	0.0178571428571
34532	0.0178571428571
43924	0.0178571428571
45117	0.0178571428571
53173	0.0178571428571
4341	0.0175438596491
4668	0.0175438596491
24420	0.0175438596491
28500	0.0175438596491
51462	0.0175438596491
50812	0.0173913043478
3258	0.0172413793103
4006	0.0172413793103
17015	0.0172413793103
19292	0.0172413793103
34077	0.0172413793103
41717	0.0172413793103
43890	0.0172413793103
33830	0.017094017094
4486	0.0169491525424
15850	0.0169491525424
22234	0.0169491525424
34524	0.0169491525424
34997	0.0169491525424
4409	0.0166666666667
5106	0.0166666666667
16281	0.0166666666667
27207	0.0166666666667
34073	0.0166666666667
38350	0.0166666666667
44787	0.0166666666667
51012	0.0166666666667
51498	0.0166666666667
51692	0.0166666666667
33301	0.016393442623
42390	0.016393442623
51112	0.016393442623
51419	0.016393442623
53286	0.016393442623
8965	0.0161290322581
12421	0.0161290322581
12838	0.0161290322581
14126	0.0161290322581
24058	0.0161290322581
29465	0.0161290322581
38572	0.0161290322581
42204	0.0161290322581
42790	0.0161290322581
52239	0.0161290322581
10633	0.015873015873
14105	0.015873015873
39194	0.015873015873
48070	0.015873015873
29360	0.0157068062827
6315	0.015625
6906	0.015625
24460	0.015625
34985	0.015625
46050	0.015625
2096	0.0153846153846
13058	0.0153846153846
34128	0.0153846153846
52319	0.0153846153846
41468	0.0152671755725
19208	0.0151515151515
21307	0.0151515151515
35039	0.0151515151515
50391	0.0151515151515
53184	0.0151515151515
59792	0.0151515151515
1714	0.0149253731343
23275	0.0149253731343
23372	0.0149253731343
27594	0.0149253731343
28824	0.0149253731343
31008	0.0149253731343
32753	0.0149253731343
52255	0.0149253731343
52863	0.0149253731343
4625	0.0148148148148
37774	0.0147058823529
42056	0.0147058823529
42389	0.0147058823529
43872	0.0147058823529
3534	0.0144927536232
4007	0.0144927536232
17442	0.0144927536232
18769	0.0144927536232
20481	0.0144927536232
25442	0.0144927536232
18145	0.0142857142857
26175	0.0142857142857
27707	0.0142857142857
34788	0.0142857142857
38099	0.0142857142857
51683	0.0142857142857
52190	0.0142857142857
5279	0.0140845070423
33964	0.0140845070423
52227	0.0140845070423
3253	0.0138888888889
16784	0.0138888888889
28042	0.0138888888889
29095	0.0138888888889
38307	0.0138888888889
40981	0.0138888888889
36409	0.013698630137
41114	0.013698630137
13092	0.0135135135135
50992	0.0135135135135
2321	0.0133333333333
4227	0.0133333333333
12943	0.0133333333333
24698	0.0133333333333
41139	0.0133333333333
41450	0.0133333333333
4135	0.0132450331126
16770	0.0131578947368
51978	0.0131578947368
52613	0.0131578947368
8197	0.012987012987
35701	0.012987012987
37792	0.012987012987
18283	0.0129032258065
12481	0.0128205128205
38663	0.0128205128205
42182	0.0128205128205
42642	0.0128205128205
51290	0.0128205128205
7509	0.0127388535032
4334	0.0126582278481
12831	0.0126582278481
16448	0.0126582278481
45199	0.0126582278481
48475	0.0126582278481
51043	0.0126582278481
52442	0.0126582278481
5656	0.0125
41880	0.0125
17915	0.0124223602484
50652	0.0124223602484
1740	0.0123456790123
7654	0.0123456790123
9142	0.0123456790123
14245	0.0123456790123
18604	0.0123456790123
24358	0.0123456790123
25487	0.0123456790123
38676	0.0123456790123
41024	0.0123456790123
5702	0.0121951219512
9609	0.0121951219512
1788	0.0120481927711
2288	0.0120481927711
36606	0.0120481927711
42344	0.0120481927711
51114	0.0120481927711
51193	0.0120481927711
51250	0.0120481927711
4398	0.0119047619048
13999	0.0119047619048
48252	0.0119047619048
52952	0.0119047619048
11553	0.0117647058824
17723	0.0117647058824
34191	0.0117647058824
42810	0.0117647058824
10343	0.0116279069767
33523	0.0116279069767
41197	0.0116279069767
8519	0.0114942528736
31298	0.0114942528736
34649	0.0114942528736
11262	0.0113636363636
39510	0.0113636363636
40936	0.0113636363636
41382	0.0113636363636
45076	0.0113636363636
48221	0.0113636363636
38659	0.0112994350282
256	0.0112359550562
8767	0.0112359550562
10973	0.0112359550562
24067	0.0112359550562
41101	0.0112359550562
4391	0.0111111111111
14406	0.0111111111111
17922	0.0111111111111
34168	0.0111111111111
41228	0.0111111111111
41653	0.0111111111111
48910	0.0111111111111
55746	0.0111111111111
5574	0.010989010989
17767	0.010989010989
34715	0.010989010989
42249	0.010989010989
52089	0.010989010989
25891	0.0109289617486
4752	0.0108695652174
5916	0.0108695652174
14303	0.0108695652174
33564	0.0108695652174
41934	0.0108695652174
28749	0.010752688172
31891	0.010752688172
44819	0.010752688172
53194	0.010752688172
6632	0.0106382978723
25092	0.0106382978723
51563	0.0106382978723
59562	0.0106382978723
22230	0.010582010582
23514	0.0105263157895
29707	0.0105263157895
49350	0.0105263157895
30874	0.0104712041885
12552	0.0104166666667
21337	0.0104166666667
25027	0.0104166666667
25169	0.0104166666667
33716	0.0104166666667
1975	0.0103092783505
11378	0.0103092783505
23643	0.0103092783505
28805	0.0103092783505
42555	0.0103092783505
50884	0.0103092783505
43824	0.0102040816327
53039	0.0102040816327
2595	0.010152284264
4156	0.010101010101
13891	0.010101010101
33785	0.010101010101
42483	0.010101010101
43219	0.010101010101
34548	0.010067114094
11294	0.01
11782	0.01
4512	0.00990099009901
4705	0.00990099009901
18403	0.00990099009901
24922	0.00990099009901
42194	0.00990099009901
47475	0.00990099009901
22643	0.00980392156863
2639	0.00970873786408
41715	0.00970873786408
41807	0.00970873786408
43828	0.00970873786408
397	0.00961538461538
11165	0.00961538461538
20511	0.00961538461538
22813	0.00961538461538
52536	0.00961538461538
31306	0.00952380952381
44035	0.00952380952381
50936	0.00952380952381
52382	0.00952380952381
5603	0.00943396226415
53200	0.00943396226415
19126	0.00934579439252
27225	0.00934579439252
44538	0.00934579439252
2787	0.00921658986175
18973	0.00917431192661
33971	0.00917431192661
34210	0.00917431192661
41179	0.00917431192661
10727	0.00913242009132
38818	0.00909090909091
44776	0.00909090909091
4604	0.00900900900901
5311	0.00900900900901
35400	0.00900900900901
41111	0.00900900900901
13829	0.00892857142857
25416	0.00892857142857
26199	0.00892857142857
39140	0.00892857142857
45093	0.00892857142857
32811	0.00888888888889
24803	0.00884955752212
25240	0.00884955752212
51549	0.00884955752212
61083	0.00884955752212
10789	0.00877192982456
36976	0.00877192982456
51232	0.00877192982456
2927	0.00869565217391
18641	0.00869565217391
37184	0.00869565217391
38701	0.00869565217391
1096	0.00862068965517
19429	0.00862068965517
41392	0.00862068965517
21377	0.00854700854701
33680	0.00854700854701
46619	0.00854700854701
2071	0.00847457627119
7420	0.00847457627119
22351	0.00847457627119
22877	0.00847457627119
30324	0.00847457627119
41642	0.00847457627119
51340	0.00847457627119
9184	0.00840336134454
26711	0.00840336134454
30849	0.00840336134454
34391	0.00840336134454
53114	0.00840336134454
17952	0.00836820083682
22319	0.00833333333333
33481	0.00833333333333
38078	0.00833333333333
52331	0.00833333333333
10287	0.0082304526749
4339	0.00819672131148
4136	0.00813008130081
5552	0.00813008130081
6803	0.00813008130081
12325	0.00813008130081
27209	0.00813008130081
21657	0.00806451612903
27358	0.00806451612903
1904	0.008
10112	0.008
51281	0.008
14277	0.00793650793651
15782	0.00793650793651
24688	0.00787401574803
51875	0.0078125
2811	0.0077519379845
21734	0.0077519379845
43354	0.0077519379845
43785	0.0077519379845
49403	0.0077519379845
13216	0.00772200772201
13633	0.00769230769231
16340	0.00769230769231
28820	0.00769230769231
39852	0.00766283524904
16831	0.00763358778626
51225	0.00763358778626
755	0.00757575757576
11798	0.00757575757576
12393	0.00757575757576
30793	0.00757575757576
39324	0.00757575757576
41161	0.00757575757576
7413	0.00751879699248
28750	0.00751879699248
51568	0.00751879699248
32612	0.00747663551402
172	0.00746268656716
4035	0.00746268656716
18836	0.00746268656716
51266	0.00746268656716
4704	0.00740740740741
9245	0.00740740740741
32651	0.00740740740741
4347	0.00735294117647
28709	0.00735294117647
42750	0.00735294117647
50963	0.00735294117647
51415	0.00735294117647
4335	0.00727272727273
2028	0.00724637681159
20573	0.00724637681159
39874	0.00724637681159
4489	0.00718132854578
12388	0.00712589073634
25586	0.00712589073634
32832	0.00711743772242
38293	0.00711743772242
17318	0.00709219858156
34350	0.00709219858156
11746	0.00706713780919
632	0.00704225352113
10010	0.00704225352113
12777	0.00704225352113
39085	0.00704225352113
41038	0.00704225352113
3445	0.00699300699301
5164	0.00699300699301
13121	0.00699300699301
51006	0.00696864111498
562	0.00696055684455
9762	0.00694444444444
16379	0.00694444444444
22830	0.00694444444444
26318	0.00694444444444
51676	0.00694444444444
57861	0.00694444444444
13040	0.00689655172414
35047	0.00689655172414
4418	0.00684931506849
7214	0.00684931506849
12432	0.00684931506849
618	0.00675675675676
34522	0.00675675675676
13036	0.00671140939597
14115	0.00671140939597
34637	0.00671140939597
36364	0.00671140939597
40893	0.00671140939597
40986	0.00671140939597
5512	0.00666666666667
20591	0.00666666666667
2007	0.00665926748058
6360	0.00662251655629
15851	0.00662251655629
42335	0.00662251655629
51117	0.00662251655629
23999	0.00657894736842
35199	0.00657894736842
5100	0.00655737704918
41067	0.00655737704918
41098	0.00655737704918
15233	0.00653594771242
13212	0.00649350649351
41224	0.00649350649351
38987	0.0064308681672
40979	0.0064308681672
3486	0.00641025641026
4508	0.00641025641026
33780	0.00636942675159
38800	0.00632911392405
8210	0.0062893081761
7411	0.00621118012422
13642	0.00621118012422
40482	0.00621118012422
6304	0.0062015503876
1655	0.0061919504644
4144	0.00617283950617
10157	0.00617283950617
10443	0.00617283950617
11128	0.00617283950617
21662	0.00617283950617
25384	0.00617283950617
37409	0.00617283950617
5593	0.00613496932515
4711	0.00610500610501
10852	0.00609756097561
40489	0.00609756097561
42954	0.00609756097561
5774	0.00607902735562
14343	0.00606060606061
41434	0.00606060606061
41029	0.00604229607251
41165	0.00604229607251
13120	0.00602409638554
17948	0.00602409638554
41062	0.00602409638554
41378	0.00602409638554
3214	0.0059880239521
3239	0.0059880239521
29024	0.0059880239521
36710	0.0059880239521
40964	0.0059880239521
41609	0.0059880239521
28047	0.00597014925373
28810	0.00597014925373
31850	0.00595238095238
3260	0.00593471810089
4485	0.00591715976331
23001	0.00591715976331
23285	0.00591715976331
49336	0.00591715976331
33862	0.00588235294118
34667	0.00588235294118
8466	0.00584795321637
27723	0.00584795321637
28712	0.00584795321637
1170	0.00581395348837
19338	0.00581395348837
52383	0.00581395348837
11776	0.00578034682081
21906	0.00576368876081
30466	0.00574712643678
51197	0.00574712643678
23248	0.00571428571429
52494	0.00571428571429
4479	0.00568181818182
742	0.0056657223796
25376	0.00564971751412
37238	0.00564971751412
41013	0.00564971751412
41546	0.00564971751412
6573	0.00561797752809
18813	0.00561797752809
41404	0.00561797752809
7317	0.00560224089636
34830	0.00560224089636
7460	0.00558659217877
18112	0.00558659217877
25047	0.00558659217877
38932	0.00557103064067
18661	0.00555555555556
39265	0.00555555555556
6689	0.00554016620499
27489	0.00552486187845
36967	0.00552486187845
50913	0.00552486187845
32483	0.00549450549451
51038	0.00549450549451
2865	0.00546448087432
23373	0.00546448087432
33887	0.00545454545455
4675	0.0054347826087
3204	0.00540540540541
4153	0.00539083557951
14207	0.00534759358289
36999	0.00533333333333
949	0.00532859680284
21507	0.00531914893617
29902	0.00531914893617
40983	0.00529100529101
2169	0.00526315789474
41452	0.00526315789474
23481	0.00524934383202
17066	0.00523560209424
20800	0.00523560209424
7974	0.00520833333333
11314	0.00520833333333
44433	0.00520833333333
8159	0.00518134715026
35581	0.00518134715026
41085	0.00518134715026
3689	0.00515463917526
41116	0.00514579759863
1853	0.00510204081633
3198	0.00510204081633
20818	0.00506329113924
51133	0.00506329113924
30899	0.00505689001264
21321	0.00505050505051
15083	0.00502512562814
10281	0.00496277915633
3515	0.0049504950495
42328	0.0049504950495
1380	0.00493827160494
28290	0.00492610837438
41171	0.00492610837438
53342	0.00492610837438
20802	0.00490196078431
28610	0.00490196078431
39366	0.00490196078431
1489	0.00487804878049
23388	0.00485436893204
1309	0.0048309178744
34525	0.0048309178744
34999	0.0048309178744
41366	0.0048309178744
27051	0.00480769230769
41012	0.00480769230769
41370	0.00478468899522
41037	0.0047619047619
1984	0.00473933649289
35045	0.00473933649289
25431	0.00469483568075
29444	0.00469483568075
14750	0.00468933177022
11230	0.00467289719626
53069	0.0046511627907
13095	0.00462962962963
32823	0.00460829493088
52697	0.0045871559633
13933	0.00456621004566
37660	0.00456621004566
689	0.00454545454545
3827	0.00454545454545
50875	0.00454545454545
4523	0.00452488687783
52055	0.0045045045045
1632	0.00448430493274
12756	0.00448430493274
40978	0.00446428571429
50937	0.00446428571429
29780	0.00444444444444
40318	0.00444444444444
41134	0.00444444444444
31879	0.00442477876106
38493	0.00442477876106
41274	0.00442477876106
13960	0.00440528634361
49394	0.00440528634361
19201	0.00436681222707
4708	0.00435413642961
5693	0.00434782608696
1062	0.004329004329
4876	0.004329004329
28043	0.004329004329
33495	0.004329004329
51724	0.004329004329
12423	0.00431965442765
35703	0.00431965442765
41044	0.00431965442765
41444	0.00431034482759
1144	0.00429184549356
22717	0.00429184549356
52471	0.00429184549356
23742	0.0042735042735
39483	0.0042735042735
41499	0.00425531914894
51173	0.00423728813559
49392	0.0042194092827
29309	0.00421052631579
3531	0.00420168067227
33634	0.0041958041958
9188	0.00418410041841
41054	0.00418410041841
45139	0.00416666666667
18607	0.00413223140496
39027	0.00413223140496
52332	0.00411522633745
3059	0.00410396716826
30835	0.00409836065574
41164	0.00409836065574
44117	0.00408163265306
17711	0.00406504065041
20506	0.00406504065041
1921	0.00403225806452
2419	0.00403225806452
23667	0.00401606425703
41194	0.00401606425703
44951	0.00401606425703
40984	0.004
14352	0.00398936170213
4005	0.00398406374502
31312	0.00396825396825
2381	0.00395778364116
40995	0.00395256916996
33841	0.00394477317554
34920	0.00393700787402
41347	0.00392156862745
9647	0.00390625
26508	0.00389105058366
41188	0.00389105058366
1680	0.00388601036269
17790	0.00383141762452
51178	0.00383141762452
5503	0.00382043935053
2152	0.00381679389313
28673	0.00380228136882
41208	0.00380228136882
9826	0.00379506641366
19288	0.00378787878788
29372	0.00378787878788
33142	0.00377358490566
41031	0.00376411543287
38232	0.00375939849624
1628	0.00375469336671
2757	0.00374531835206
39602	0.00374531835206
7062	0.00371747211896
29739	0.0037037037037
13935	0.00369003690037
37775	0.00369003690037
3139	0.003663003663
17605	0.003663003663
30794	0.003663003663
41705	0.0036496350365
1676	0.00363636363636
25414	0.00363636363636
41061	0.0036231884058
5218	0.00361663652803
27171	0.00358422939068
3747	0.00357142857143
5460	0.00357142857143
22744	0.00353669319187
16449	0.00352112676056
3022	0.00350877192982
42609	0.0034965034965
13955	0.00349040139616
29863	0.00349040139616
40969	0.00348432055749
50879	0.00348432055749
28405	0.00348027842227
5519	0.00347523892268
25444	0.00346020761246
6954	0.00342465753425
41106	0.00342465753425
38925	0.00339558573854
29145	0.00338983050847
1928	0.00337837837838
41154	0.00337837837838
18699	0.003367003367
41042	0.00335570469799
5000	0.00333704115684
34224	0.00333704115684
30625	0.00332225913621
35958	0.00331125827815
41258	0.00331125827815
51027	0.00331125827815
1918	0.00327868852459
7175	0.00326797385621
40965	0.00326797385621
16209	0.00325732899023
50901	0.00325732899023
18311	0.00324675324675
20416	0.00324675324675
41403	0.00323624595469
32188	0.0032310177706
27128	0.0032154340836
35237	0.0032154340836
28742	0.00321199143469
13339	0.00318979266348
16927	0.00316455696203
41243	0.00316455696203
1064	0.00315955766193
5616	0.00314465408805
38262	0.00313479623824
38584	0.00312989045383
26893	0.003125
33621	0.00310559006211
18361	0.00308641975309
32453	0.00308641975309
5643	0.00306748466258
38959	0.00306748466258
17596	0.00306278713629
992	0.0030534351145
18613	0.00305110602593
511	0.0030487804878
41156	0.0030487804878
40972	0.00303951367781
20542	0.00303490136571
14140	0.00302114803625
3535	0.00299401197605
48572	0.00298507462687
7349	0.00294985250737
34147	0.00293255131965
23786	0.00292397660819
2290	0.00291885580852
11307	0.00291545189504
18301	0.00291545189504
4764	0.00291120815138
41016	0.00290909090909
2613	0.00289855072464
25554	0.0028901734104
29453	0.0028818443804
47611	0.0028818443804
41068	0.00287081339713
26584	0.00286944045911
3788	0.00286532951289
37392	0.00286532951289
50939	0.00286532951289
50957	0.00285714285714
34897	0.002849002849
41048	0.002849002849
9252	0.00282485875706
27651	0.00281690140845
3553	0.00280112044818
41132	0.00279329608939
5432	0.00279134682484
41097	0.00276243093923
30471	0.00275482093664
38203	0.00274876305662
7419	0.00274348422497
40962	0.002700270027
16420	0.00269541778976
4578	0.002691065662
35809	0.00268817204301
24522	0.00268096514745
1438	0.00266666666667
2840	0.00265957446809
19547	0.0026525198939
12017	0.0026455026455
1422	0.00263504611331
20630	0.00262467191601
870	0.00261780104712
41129	0.00261096605744
41010	0.00257731958763
18777	0.00255754475703
5157	0.00253936008126
15636	0.00251256281407
23174	0.00250626566416
932	0.0025
24684	0.0025
39709	0.0025
5420	0.00249066002491
35563	0.00246507806081
18584	0.00246002460025
7100	0.00245098039216
41467	0.00243309002433
20173	0.00242130750605
31536	0.00242130750605
18960	0.00241254523522
27525	0.00240384615385
4846	0.00236220472441
7300	0.00235849056604
7312	0.00235849056604
13111	0.00235432607416
11778	0.00234741784038
40289	0.00234741784038
38793	0.00232558139535
11675	0.00231481481481
22251	0.00230946882217
26602	0.00229182582124
3499	0.00228310502283
28832	0.00225733634312
23666	0.00224215246637
3273	0.00223463687151
1503	0.00223338916806
20075	0.00223214285714
16447	0.0022271714922
45223	0.00221729490022
21545	0.00220264317181
631	0.0021978021978
4518	0.0021978021978
19601	0.0021978021978
3280	0.00219298245614
41332	0.00219298245614
4654	0.00219058050383
253	0.00218340611354
15228	0.0021645021645
3419	0.00215982721382
50105	0.00215053763441
33762	0.00214592274678
7340	0.00213675213675
41003	0.00213675213675
19599	0.00213219616205
23782	0.00210084033613
25051	0.00207039337474
4937	0.00206825232678
39549	0.00205761316872
2	0.0020366598778
4655	0.00203114421124
41109	0.00201207243461
893	0.00201005025126
34169	0.00200803212851
3729	0.00199600798403
5673	0.00196463654224
19598	0.00195822454308
21797	0.001953125
3527	0.00194174757282
17586	0.00193798449612
34369	0.00193423597679
34751	0.00193423597679
40971	0.0019120458891
3733	0.00190839694656
1048	0.00190476190476
28821	0.00190476190476
11727	0.00188679245283
30269	0.00187969924812
40999	0.00187969924812
3312	0.0018691588785
4563	0.00186219739292
51041	0.00186219739292
12998	0.00184162062615
34367	0.00183823529412
22929	0.00183486238532
921	0.00182149362477
37426	0.00182149362477
21745	0.00181488203267
11201	0.0018115942029
39915	0.0018115942029
17566	0.00179533213645
25098	0.0017825311943
38794	0.00178094390027
1931	0.0017793594306
13056	0.00177619893428
6427	0.0017667844523
28407	0.00174825174825
25738	0.00174520069808
41074	0.00174216027875
869	0.00171065493646
11655	0.0017094017094
1743	0.00169491525424
76	0.00166805671393
14253	0.0016501650165
26863	0.00164203612479
2326	0.00162866449511
4121	0.00162337662338
18456	0.00161812297735
17355	0.00161030595813
28051	0.0015923566879
900	0.0015625
25113	0.0015455950541
23150	0.00154320987654
868	0.00153964588145
1135	0.00152207001522
5120	0.0015037593985
4430	0.00149142431022
9656	0.0014598540146
2186	0.0014450867052
50863	0.0014367816092
2037	0.00141843971631
5237	0.0014164305949
38492	0.00138888888889
26805	0.00133749442711
3133	0.00133333333333
5112	0.00132978723404
35345	0.00131926121372
41018	0.00131752305665
3720	0.00131233595801
1118	0.00128783000644
5204	0.00128617363344
1119	0.00125
9642	0.00124843945069
41090	0.00124378109453
3365	0.0011961722488
18307	0.00118203309693
27890	0.00117508813161
38191	0.00117096018735
30980	0.00115606936416
2898	0.00109170305677
9200	0.00105596620908
11	0.000995024875622
39785	0.000994035785288
36398	0.000977517106549
2463	0.000958772770853
3933	0.000919963201472
2333	0.000913242009132
4916	0.000908265213442
12969	0.000860585197935
22743	0.000819000819001
39136	0.00077339520495
2745	0.000705716302047
22383	0.000694444444444
8709	0.000669344042838
4396	0.000641025641026
1497	0.000539374325782
