59554	0.146341463415
51553	0.12
37535	0.117647058824
41008	0.1
50354	0.1
59702	0.1
28309	0.0952380952381
41545	0.08
44491	0.08
50948	0.08
21649	0.0769230769231
38096	0.0740740740741
24728	0.0714285714286
4940	0.0689655172414
33231	0.0689655172414
13073	0.0666666666667
18108	0.0645161290323
50931	0.0645161290323
52326	0.0645161290323
50907	0.0634920634921
37608	0.0625
61231	0.0606060606061
8111	0.0588235294118
8333	0.0588235294118
8634	0.0588235294118
12482	0.0588235294118
13023	0.0588235294118
13336	0.0588235294118
14130	0.0588235294118
14292	0.0588235294118
15403	0.0588235294118
16220	0.0588235294118
20216	0.0588235294118
21585	0.0588235294118
23197	0.0588235294118
24274	0.0588235294118
25832	0.0588235294118
26610	0.0588235294118
28192	0.0588235294118
31338	0.0588235294118
35502	0.0588235294118
37768	0.0588235294118
39643	0.0588235294118
40839	0.0588235294118
42749	0.0588235294118
42916	0.0588235294118
44496	0.0588235294118
45889	0.0588235294118
45971	0.0588235294118
48445	0.0588235294118
49144	0.0588235294118
49467	0.0588235294118
49500	0.0588235294118
50603	0.0588235294118
50970	0.0588235294118
53744	0.0588235294118
54881	0.0588235294118
55273	0.0588235294118
55501	0.0588235294118
57023	0.0588235294118
57547	0.0588235294118
59670	0.0588235294118
31176	0.0571428571429
6633	0.0555555555556
6846	0.0555555555556
7022	0.0555555555556
8027	0.0555555555556
8297	0.0555555555556
9848	0.0555555555556
10077	0.0555555555556
18951	0.0555555555556
19606	0.0555555555556
21214	0.0555555555556
23264	0.0555555555556
24056	0.0555555555556
24535	0.0555555555556
25585	0.0555555555556
26322	0.0555555555556
27488	0.0555555555556
27616	0.0555555555556
33575	0.0555555555556
33859	0.0555555555556
35183	0.0555555555556
40004	0.0555555555556
40229	0.0555555555556
41412	0.0555555555556
42411	0.0555555555556
42789	0.0555555555556
43186	0.0555555555556
45721	0.0555555555556
46239	0.0555555555556
46299	0.0555555555556
46949	0.0555555555556
48129	0.0555555555556
48505	0.0555555555556
48508	0.0555555555556
50365	0.0555555555556
52449	0.0555555555556
54248	0.0555555555556
54393	0.0555555555556
56923	0.0555555555556
58268	0.0555555555556
58973	0.0555555555556
59706	0.0555555555556
59773	0.0555555555556
60398	0.0555555555556
61513	0.0555555555556
13394	0.0549450549451
24451	0.0540540540541
6794	0.0526315789474
7905	0.0526315789474
8431	0.0526315789474
9567	0.0526315789474
9627	0.0526315789474
11074	0.0526315789474
15115	0.0526315789474
16666	0.0526315789474
17382	0.0526315789474
21198	0.0526315789474
21955	0.0526315789474
23117	0.0526315789474
23286	0.0526315789474
28041	0.0526315789474
28616	0.0526315789474
29413	0.0526315789474
32245	0.0526315789474
36296	0.0526315789474
37783	0.0526315789474
38128	0.0526315789474
38854	0.0526315789474
42402	0.0526315789474
42622	0.0526315789474
42711	0.0526315789474
44419	0.0526315789474
44677	0.0526315789474
45426	0.0526315789474
48349	0.0526315789474
49563	0.0526315789474
51528	0.0526315789474
51732	0.0526315789474
52226	0.0526315789474
53111	0.0526315789474
53740	0.0526315789474
54397	0.0526315789474
56040	0.0526315789474
56193	0.0526315789474
56847	0.0526315789474
57713	0.0526315789474
57761	0.0526315789474
58609	0.0526315789474
59700	0.0526315789474
60019	0.0526315789474
60608	0.0526315789474
23321	0.0512820512821
36559	0.0512820512821
1327	0.05
7900	0.05
9504	0.05
10270	0.05
14095	0.05
14148	0.05
14309	0.05
17860	0.05
19525	0.05
20266	0.05
22246	0.05
30278	0.05
30816	0.05
32089	0.05
34638	0.05
40396	0.05
41193	0.05
42187	0.05
43474	0.05
47063	0.05
49716	0.05
50361	0.05
55819	0.05
55883	0.05
58755	0.05
60443	0.05
61007	0.05
754	0.047619047619
2915	0.047619047619
6313	0.047619047619
6530	0.047619047619
7258	0.047619047619
12317	0.047619047619
13355	0.047619047619
13668	0.047619047619
14453	0.047619047619
16606	0.047619047619
20145	0.047619047619
20179	0.047619047619
20255	0.047619047619
20270	0.047619047619
21678	0.047619047619
21953	0.047619047619
24920	0.047619047619
33222	0.047619047619
33937	0.047619047619
39717	0.047619047619
40539	0.047619047619
40947	0.047619047619
41989	0.047619047619
44429	0.047619047619
45268	0.047619047619
45700	0.047619047619
47646	0.047619047619
49104	0.047619047619
50172	0.047619047619
50233	0.047619047619
50424	0.047619047619
54154	0.047619047619
54841	0.047619047619
54974	0.047619047619
58639	0.047619047619
59027	0.047619047619
59694	0.047619047619
60046	0.047619047619
53298	0.046511627907
59236	0.046511627907
1636	0.0454545454545
2120	0.0454545454545
2177	0.0454545454545
12049	0.0454545454545
12354	0.0454545454545
15118	0.0454545454545
16177	0.0454545454545
22427	0.0454545454545
22590	0.0454545454545
23162	0.0454545454545
24988	0.0454545454545
25797	0.0454545454545
30759	0.0454545454545
30918	0.0454545454545
31550	0.0454545454545
32085	0.0454545454545
34334	0.0454545454545
34941	0.0454545454545
38482	0.0454545454545
39079	0.0454545454545
40254	0.0454545454545
51235	0.0454545454545
52075	0.0454545454545
52463	0.0454545454545
53047	0.0454545454545
55105	0.0454545454545
55762	0.0454545454545
60264	0.0454545454545
60624	0.0454545454545
2444	0.044776119403
50056	0.044776119403
51523	0.0444444444444
2771	0.0434782608696
3095	0.0434782608696
9446	0.0434782608696
18012	0.0434782608696
18639	0.0434782608696
22437	0.0434782608696
25763	0.0434782608696
26699	0.0434782608696
28149	0.0434782608696
33674	0.0434782608696
40299	0.0434782608696
41014	0.0434782608696
41551	0.0434782608696
42034	0.0434782608696
43215	0.0434782608696
44492	0.0434782608696
52438	0.0434782608696
55836	0.0434782608696
56992	0.0434782608696
57740	0.0434782608696
58438	0.0434782608696
60018	0.0434782608696
60027	0.0434782608696
61008	0.0434782608696
52334	0.0425531914894
8189	0.0421052631579
5762	0.0416666666667
6981	0.0416666666667
10172	0.0416666666667
10245	0.0416666666667
10553	0.0416666666667
10870	0.0416666666667
16608	0.0416666666667
16775	0.0416666666667
17276	0.0416666666667
18592	0.0416666666667
21077	0.0416666666667
28005	0.0416666666667
28354	0.0416666666667
30189	0.0416666666667
31172	0.0416666666667
41400	0.0416666666667
41486	0.0416666666667
41547	0.0416666666667
44437	0.0416666666667
51484	0.0416666666667
51788	0.0416666666667
52464	0.0416666666667
52717	0.0416666666667
52967	0.0416666666667
53083	0.0416666666667
56026	0.0416666666667
56959	0.0416666666667
59577	0.0416666666667
61222	0.0416666666667
51566	0.0408163265306
4905	0.04
6788	0.04
7462	0.04
10740	0.04
11040	0.04
11860	0.04
14327	0.04
14626	0.04
15145	0.04
19514	0.04
19533	0.04
21355	0.04
28376	0.04
29765	0.04
30362	0.04
30941	0.04
31337	0.04
32398	0.04
35771	0.04
35950	0.04
37797	0.04
38694	0.04
39333	0.04
42032	0.04
45304	0.04
46208	0.04
51224	0.04
53233	0.04
53339	0.04
53415	0.04
53856	0.04
59284	0.04
59528	0.04
59608	0.04
60122	0.04
61029	0.04
3743	0.0392156862745
3801	0.0384615384615
5506	0.0384615384615
5939	0.0384615384615
7527	0.0384615384615
17044	0.0384615384615
17855	0.0384615384615
18030	0.0384615384615
18371	0.0384615384615
18929	0.0384615384615
22166	0.0384615384615
22771	0.0384615384615
24051	0.0384615384615
25116	0.0384615384615
28392	0.0384615384615
29298	0.0384615384615
32592	0.0384615384615
33803	0.0384615384615
35380	0.0384615384615
40725	0.0384615384615
41885	0.0384615384615
42641	0.0384615384615
42677	0.0384615384615
43154	0.0384615384615
43356	0.0384615384615
45879	0.0384615384615
48089	0.0384615384615
48451	0.0384615384615
52026	0.0384615384615
53489	0.0384615384615
54595	0.0384615384615
54859	0.0384615384615
56164	0.0384615384615
56214	0.0384615384615
59862	0.0384615384615
34348	0.0377358490566
48996	0.0377358490566
1877	0.037037037037
7496	0.037037037037
7626	0.037037037037
9640	0.037037037037
9975	0.037037037037
17636	0.037037037037
17895	0.037037037037
18833	0.037037037037
20215	0.037037037037
20659	0.037037037037
21907	0.037037037037
22085	0.037037037037
24596	0.037037037037
25362	0.037037037037
27298	0.037037037037
28386	0.037037037037
28792	0.037037037037
34938	0.037037037037
41064	0.037037037037
41431	0.037037037037
42828	0.037037037037
48653	0.037037037037
49069	0.037037037037
49075	0.037037037037
50585	0.037037037037
51807	0.037037037037
52010	0.037037037037
52318	0.037037037037
52846	0.037037037037
59155	0.037037037037
59978	0.037037037037
713	0.0357142857143
7973	0.0357142857143
10128	0.0357142857143
11302	0.0357142857143
11473	0.0357142857143
11668	0.0357142857143
12163	0.0357142857143
13257	0.0357142857143
13897	0.0357142857143
15539	0.0357142857143
16826	0.0357142857143
18088	0.0357142857143
19704	0.0357142857143
20462	0.0357142857143
22156	0.0357142857143
22691	0.0357142857143
26164	0.0357142857143
28463	0.0357142857143
29436	0.0357142857143
30181	0.0357142857143
31412	0.0357142857143
31532	0.0357142857143
33812	0.0357142857143
36546	0.0357142857143
39655	0.0357142857143
39737	0.0357142857143
41673	0.0357142857143
43535	0.0357142857143
43764	0.0357142857143
43771	0.0357142857143
45511	0.0357142857143
51907	0.0357142857143
52152	0.0357142857143
53236	0.0357142857143
58913	0.0357142857143
59337	0.0357142857143
59693	0.0357142857143
59698	0.0357142857143
59822	0.0357142857143
60028	0.0357142857143
60467	0.0357142857143
51418	0.0352941176471
14274	0.0350877192982
22773	0.0350877192982
31478	0.0350877192982
2862	0.0344827586207
6768	0.0344827586207
13247	0.0344827586207
14693	0.0344827586207
15330	0.0344827586207
18783	0.0344827586207
19095	0.0344827586207
20378	0.0344827586207
21637	0.0344827586207
24808	0.0344827586207
28989	0.0344827586207
29035	0.0344827586207
29743	0.0344827586207
30713	0.0344827586207
32207	0.0344827586207
32412	0.0344827586207
32623	0.0344827586207
35463	0.0344827586207
42227	0.0344827586207
42289	0.0344827586207
45484	0.0344827586207
48784	0.0344827586207
50559	0.0344827586207
57722	0.0344827586207
60549	0.0344827586207
29280	0.0340909090909
22896	0.0338983050847
31479	0.0338983050847
39884	0.0338983050847
39140	0.0336134453782
3039	0.0333333333333
6845	0.0333333333333
7716	0.0333333333333
9173	0.0333333333333
9685	0.0333333333333
9960	0.0333333333333
10337	0.0333333333333
10476	0.0333333333333
16137	0.0333333333333
17688	0.0333333333333
18791	0.0333333333333
20372	0.0333333333333
29100	0.0333333333333
32309	0.0333333333333
32478	0.0333333333333
34547	0.0333333333333
35584	0.0333333333333
38008	0.0333333333333
39311	0.0333333333333
41760	0.0333333333333
43668	0.0333333333333
49897	0.0333333333333
50919	0.0333333333333
50950	0.0333333333333
51474	0.0333333333333
51529	0.0333333333333
51920	0.0333333333333
52242	0.0333333333333
52861	0.0333333333333
57825	0.0333333333333
59922	0.0333333333333
60143	0.0333333333333
220	0.0322580645161
4212	0.0322580645161
6342	0.0322580645161
6933	0.0322580645161
10631	0.0322580645161
11624	0.0322580645161
13383	0.0322580645161
16585	0.0322580645161
19340	0.0322580645161
19670	0.0322580645161
20007	0.0322580645161
26615	0.0322580645161
27581	0.0322580645161
29698	0.0322580645161
30227	0.0322580645161
48976	0.0322580645161
55942	0.0322580645161
21252	0.032
33523	0.031914893617
4195	0.031746031746
39848	0.031746031746
41401	0.031746031746
1715	0.03125
2346	0.03125
6924	0.03125
15686	0.03125
19779	0.03125
21493	0.03125
22373	0.03125
28246	0.03125
29595	0.03125
30695	0.03125
31364	0.03125
34186	0.03125
34820	0.03125
36723	0.03125
42900	0.03125
44178	0.03125
51256	0.03125
52143	0.03125
52285	0.03125
52845	0.03125
60513	0.03125
3493	0.030303030303
3552	0.030303030303
8736	0.030303030303
9309	0.030303030303
10097	0.030303030303
10573	0.030303030303
11249	0.030303030303
17049	0.030303030303
17767	0.030303030303
18196	0.030303030303
18715	0.030303030303
21669	0.030303030303
28201	0.030303030303
28715	0.030303030303
42045	0.030303030303
42396	0.030303030303
43927	0.030303030303
50590	0.030303030303
52166	0.030303030303
42352	0.0298507462687
4442	0.0294117647059
7162	0.0294117647059
10007	0.0294117647059
10370	0.0294117647059
12238	0.0294117647059
13927	0.0294117647059
18203	0.0294117647059
22234	0.0294117647059
23575	0.0294117647059
23692	0.0294117647059
28247	0.0294117647059
29539	0.0294117647059
31182	0.0294117647059
31208	0.0294117647059
35016	0.0294117647059
38039	0.0294117647059
48576	0.0294117647059
52889	0.0294117647059
52993	0.0294117647059
59980	0.0294117647059
6802	0.0285714285714
7274	0.0285714285714
8423	0.0285714285714
10155	0.0285714285714
10185	0.0285714285714
10389	0.0285714285714
17717	0.0285714285714
18299	0.0285714285714
19182	0.0285714285714
25308	0.0285714285714
31014	0.0285714285714
31037	0.0285714285714
32162	0.0285714285714
33501	0.0285714285714
36399	0.0285714285714
40637	0.0285714285714
42299	0.0285714285714
42618	0.0285714285714
43039	0.0285714285714
46727	0.0285714285714
49115	0.0285714285714
50609	0.0285714285714
50679	0.0285714285714
51571	0.0285714285714
60973	0.0285714285714
51266	0.0283687943262
14381	0.0283018867925
45610	0.0281690140845
171	0.0277777777778
6537	0.0277777777778
6548	0.0277777777778
8744	0.0277777777778
9212	0.0277777777778
19800	0.0277777777778
26070	0.0277777777778
29258	0.0277777777778
29872	0.0277777777778
32014	0.0277777777778
33808	0.0277777777778
35467	0.0277777777778
39194	0.0277777777778
42140	0.0277777777778
46611	0.0277777777778
47731	0.0277777777778
52272	0.0277777777778
52522	0.0277777777778
52737	0.0277777777778
41527	0.027397260274
51053	0.027397260274
3436	0.027027027027
3461	0.027027027027
7029	0.027027027027
7294	0.027027027027
9594	0.027027027027
9703	0.027027027027
10683	0.027027027027
11558	0.027027027027
11706	0.027027027027
15733	0.027027027027
16969	0.027027027027
20908	0.027027027027
21116	0.027027027027
23187	0.027027027027
24547	0.027027027027
29276	0.027027027027
31675	0.027027027027
34518	0.027027027027
34738	0.027027027027
35186	0.027027027027
39195	0.027027027027
46546	0.027027027027
60095	0.027027027027
18022	0.0266666666667
20315	0.0266666666667
21582	0.0266666666667
36395	0.0266666666667
42925	0.0266666666667
52857	0.0266666666667
2820	0.0263157894737
4449	0.0263157894737
6923	0.0263157894737
9427	0.0263157894737
13399	0.0263157894737
13988	0.0263157894737
14432	0.0263157894737
20838	0.0263157894737
23760	0.0263157894737
28532	0.0263157894737
30002	0.0263157894737
30154	0.0263157894737
33947	0.0263157894737
35426	0.0263157894737
35537	0.0263157894737
36601	0.0263157894737
41543	0.0263157894737
45061	0.0263157894737
50520	0.0263157894737
59736	0.0263157894737
12280	0.025974025974
35057	0.025974025974
16076	0.0257731958763
6328	0.025641025641
13840	0.025641025641
15788	0.025641025641
16148	0.025641025641
16409	0.025641025641
16523	0.025641025641
18737	0.025641025641
31435	0.025641025641
31460	0.025641025641
31733	0.025641025641
35235	0.025641025641
35501	0.025641025641
37750	0.025641025641
37786	0.025641025641
40321	0.025641025641
41691	0.025641025641
42000	0.025641025641
49060	0.025641025641
51717	0.025641025641
18134	0.0254237288136
20800	0.0253807106599
16920	0.0253164556962
18773	0.0253164556962
11096	0.025
21142	0.025
24369	0.025
28347	0.025
31028	0.025
33940	0.025
39584	0.025
41094	0.025
41178	0.025
41808	0.025
43177	0.025
43611	0.025
49678	0.025
50536	0.025
51140	0.025
52915	0.025
59649	0.025
51697	0.0248756218905
1180	0.0243902439024
4322	0.0243902439024
4336	0.0243902439024
13135	0.0243902439024
17258	0.0243902439024
20541	0.0243902439024
26295	0.0243902439024
26399	0.0243902439024
27240	0.0243902439024
34660	0.0243902439024
35139	0.0243902439024
39230	0.0243902439024
42379	0.0243902439024
42444	0.0243902439024
42531	0.0243902439024
43462	0.0243902439024
51387	0.0243902439024
51669	0.0243902439024
60451	0.0243902439024
7749	0.0240963855422
29990	0.024
48902	0.024
390	0.0238095238095
1887	0.0238095238095
4774	0.0238095238095
10012	0.0238095238095
13379	0.0238095238095
25507	0.0238095238095
29325	0.0238095238095
31115	0.0238095238095
34072	0.0238095238095
35161	0.0238095238095
36288	0.0238095238095
41053	0.0238095238095
42822	0.0238095238095
52712	0.0238095238095
60130	0.0238095238095
51689	0.0236220472441
21298	0.0235294117647
30943	0.0235294117647
42398	0.0235294117647
845	0.0232558139535
7525	0.0232558139535
12968	0.0232558139535
24509	0.0232558139535
30964	0.0232558139535
39387	0.0232558139535
39934	0.0232558139535
42210	0.0232558139535
48494	0.0232558139535
50959	0.0232558139535
52192	0.0232558139535
53380	0.0232558139535
555	0.0227272727273
738	0.0227272727273
2293	0.0227272727273
9586	0.0227272727273
9708	0.0227272727273
12573	0.0227272727273
16394	0.0227272727273
17361	0.0227272727273
19620	0.0227272727273
21210	0.0227272727273
24590	0.0227272727273
34151	0.0227272727273
41777	0.0227272727273
43815	0.0227272727273
44369	0.0227272727273
44493	0.0227272727273
51230	0.0227272727273
51392	0.0227272727273
53276	0.0227272727273
59541	0.0227272727273
38708	0.0225563909774
2679	0.0224719101124
10103	0.0224719101124
7301	0.0222222222222
7637	0.0222222222222
22107	0.0222222222222
27968	0.0222222222222
29732	0.0222222222222
32040	0.0222222222222
36387	0.0222222222222
51333	0.0222222222222
51720	0.0222222222222
52974	0.0222222222222
57521	0.0222222222222
123	0.021978021978
41191	0.021978021978
3425	0.0217391304348
5225	0.0217391304348
5371	0.0217391304348
9663	0.0217391304348
12199	0.0217391304348
34211	0.0217391304348
35027	0.0217391304348
35167	0.0217391304348
41049	0.0217391304348
42088	0.0217391304348
42700	0.0217391304348
45205	0.0217391304348
48253	0.0217391304348
51591	0.0217391304348
59814	0.0217391304348
2637	0.0212765957447
8034	0.0212765957447
9338	0.0212765957447
9906	0.0212765957447
18298	0.0212765957447
19032	0.0212765957447
29063	0.0212765957447
29958	0.0212765957447
31860	0.0212765957447
35103	0.0212765957447
35180	0.0212765957447
36125	0.0212765957447
37293	0.0212765957447
41497	0.0212765957447
41558	0.0212765957447
41566	0.0212765957447
42074	0.0212765957447
42199	0.0212765957447
42306	0.0212765957447
44923	0.0212765957447
51268	0.0212765957447
59933	0.0212765957447
60068	0.0212765957447
30635	0.0211267605634
4452	0.0210526315789
51393	0.020979020979
338	0.0208333333333
4488	0.0208333333333
11346	0.0208333333333
11503	0.0208333333333
16929	0.0208333333333
17789	0.0208333333333
18763	0.0208333333333
19602	0.0208333333333
27078	0.0208333333333
27687	0.0208333333333
31954	0.0208333333333
32522	0.0208333333333
41888	0.0208333333333
42008	0.0208333333333
42284	0.0208333333333
45878	0.0208333333333
45900	0.0208333333333
51001	0.0208333333333
51205	0.0208333333333
51671	0.0208333333333
53242	0.0208333333333
60601	0.0208333333333
134	0.0204081632653
4122	0.0204081632653
8527	0.0204081632653
13922	0.0204081632653
14209	0.0204081632653
20526	0.0204081632653
34254	0.0204081632653
34865	0.0204081632653
39682	0.0204081632653
40096	0.0204081632653
45653	0.0204081632653
46970	0.0204081632653
51262	0.0204081632653
52554	0.0204081632653
52699	0.0204081632653
14406	0.020202020202
30185	0.020202020202
7310	0.02
8906	0.02
14335	0.02
17639	0.02
19970	0.02
23050	0.02
26713	0.02
31107	0.02
41085	0.02
43475	0.02
43805	0.02
51456	0.02
31962	0.019801980198
327	0.0196078431373
1345	0.0196078431373
2243	0.0196078431373
9207	0.0196078431373
11429	0.0196078431373
18530	0.0196078431373
25827	0.0196078431373
30131	0.0196078431373
31041	0.0196078431373
38019	0.0196078431373
41634	0.0196078431373
43222	0.0196078431373
43517	0.0196078431373
45105	0.0196078431373
51559	0.0196078431373
52421	0.0196078431373
52523	0.0196078431373
52661	0.0196078431373
53297	0.0196078431373
53372	0.0196078431373
59584	0.0196078431373
874	0.0194805194805
50943	0.0194174757282
51563	0.0194174757282
4919	0.0192307692308
10428	0.0192307692308
17982	0.0192307692308
22858	0.0192307692308
23440	0.0192307692308
24437	0.0192307692308
27811	0.0192307692308
31157	0.0192307692308
33788	0.0192307692308
35486	0.0192307692308
39006	0.0192307692308
39550	0.0192307692308
41713	0.0192307692308
42207	0.0192307692308
43827	0.0192307692308
50771	0.0192307692308
52898	0.0192307692308
53277	0.0192307692308
60429	0.0192307692308
9715	0.0190476190476
2108	0.0188679245283
3664	0.0188679245283
5135	0.0188679245283
10979	0.0188679245283
11760	0.0188679245283
12776	0.0188679245283
15218	0.0188679245283
16955	0.0188679245283
19802	0.0188679245283
22569	0.0188679245283
25254	0.0188679245283
26652	0.0188679245283
27593	0.0188679245283
27596	0.0188679245283
29785	0.0188679245283
32794	0.0188679245283
38757	0.0188679245283
41923	0.0188679245283
46277	0.0188679245283
51391	0.0188679245283
53158	0.0188679245283
8	0.0185185185185
11854	0.0185185185185
13770	0.0185185185185
16397	0.0185185185185
24031	0.0185185185185
34096	0.0185185185185
46674	0.0185185185185
51370	0.0185185185185
52592	0.0185185185185
52667	0.0185185185185
52062	0.0183486238532
14251	0.0181818181818
19321	0.0181818181818
25266	0.0181818181818
27516	0.0181818181818
29212	0.0181818181818
33780	0.0181818181818
51694	0.0181818181818
60641	0.0181818181818
645	0.0178571428571
3189	0.0178571428571
9722	0.0178571428571
20492	0.0178571428571
22143	0.0178571428571
33627	0.0178571428571
35338	0.0178571428571
35508	0.0178571428571
39288	0.0178571428571
41379	0.0178571428571
41479	0.0178571428571
49304	0.0178571428571
59506	0.0177514792899
397	0.0176991150442
8839	0.0176991150442
20511	0.0176991150442
27859	0.0176991150442
550	0.0175438596491
4507	0.0175438596491
10050	0.0175438596491
11743	0.0175438596491
12819	0.0175438596491
18304	0.0175438596491
32892	0.0175438596491
34618	0.0175438596491
38732	0.0175438596491
39137	0.0175438596491
41503	0.0175438596491
42401	0.0175438596491
45068	0.0175438596491
48452	0.0175438596491
51020	0.0175438596491
51064	0.0175438596491
51767	0.0175438596491
52176	0.0175438596491
52423	0.0175438596491
52642	0.0175438596491
59869	0.0175438596491
9720	0.0172413793103
13870	0.0172413793103
29608	0.0172413793103
34192	0.0172413793103
41442	0.0172413793103
41471	0.0172413793103
41485	0.0172413793103
41851	0.0172413793103
47483	0.0172413793103
51217	0.0172413793103
51545	0.0172413793103
51485	0.0170454545455
1196	0.0169491525424
4378	0.0169491525424
4556	0.0169491525424
12873	0.0169491525424
20111	0.0169491525424
25140	0.0169491525424
29431	0.0169491525424
29538	0.0169491525424
34158	0.0169491525424
37542	0.0169491525424
41255	0.0169491525424
41811	0.0169491525424
41894	0.0169491525424
42013	0.0169491525424
43991	0.0169491525424
44031	0.0169491525424
51015	0.0169491525424
60006	0.0169491525424
51724	0.0168067226891
2831	0.0166666666667
4438	0.0166666666667
7417	0.0166666666667
7430	0.0166666666667
10149	0.0166666666667
17098	0.0166666666667
20363	0.0166666666667
24109	0.0166666666667
28349	0.0166666666667
34356	0.0166666666667
42132	0.0166666666667
47292	0.0166666666667
53216	0.0166666666667
13829	0.0165289256198
45093	0.0165289256198
51213	0.0164835164835
2284	0.016393442623
3846	0.016393442623
10315	0.016393442623
12167	0.016393442623
14714	0.016393442623
30864	0.016393442623
32210	0.016393442623
41528	0.016393442623
42075	0.016393442623
42196	0.016393442623
51983	0.016393442623
59790	0.016393442623
17952	0.0161943319838
1168	0.0161290322581
5704	0.0161290322581
18492	0.0161290322581
25703	0.0161290322581
33693	0.0161290322581
38659	0.0161290322581
40177	0.0161290322581
40394	0.0161290322581
2215	0.016
1232	0.015873015873
4383	0.015873015873
5302	0.015873015873
7468	0.015873015873
23765	0.015873015873
25952	0.015873015873
26772	0.015873015873
30252	0.015873015873
39985	0.015873015873
46542	0.015873015873
52843	0.015873015873
52864	0.015873015873
59504	0.015873015873
51030	0.0157480314961
23373	0.0157068062827
3050	0.015625
13380	0.015625
13854	0.015625
24610	0.015625
31911	0.015625
33792	0.015625
38826	0.015625
41281	0.015625
41858	0.015625
53019	0.015625
106	0.015503875969
50980	0.0154639175258
101	0.0153846153846
28074	0.0153846153846
32226	0.0153846153846
33527	0.0153846153846
33772	0.0153846153846
34823	0.0153846153846
35030	0.0153846153846
36596	0.0153846153846
38452	0.0153846153846
42309	0.0153846153846
43616	0.0153846153846
45671	0.0153846153846
50146	0.0153846153846
51805	0.0153846153846
1067	0.0151515151515
13403	0.0151515151515
19761	0.0151515151515
23750	0.0151515151515
25618	0.0151515151515
29928	0.0151515151515
36390	0.0151515151515
45859	0.0151515151515
53189	0.0151515151515
3865	0.015037593985
1269	0.0149253731343
5820	0.0149253731343
11556	0.0149253731343
12355	0.0149253731343
12731	0.0149253731343
22252	0.0149253731343
24420	0.0149253731343
29628	0.0149253731343
32785	0.0149253731343
35581	0.0149253731343
42845	0.0149253731343
51464	0.0149253731343
51497	0.0149253731343
3996	0.0147058823529
19292	0.0147058823529
25840	0.0147058823529
29778	0.0147058823529
34670	0.0147058823529
36635	0.0147058823529
37007	0.0147058823529
39926	0.0147058823529
41542	0.0147058823529
46148	0.0147058823529
52468	0.0147058823529
52931	0.0147058823529
59648	0.0147058823529
61046	0.0147058823529
2130	0.014598540146
289	0.0144927536232
1555	0.0144927536232
7101	0.0144927536232
9327	0.0144927536232
15850	0.0144927536232
16902	0.0144927536232
17956	0.0144927536232
28300	0.0144927536232
30917	0.0144927536232
30930	0.0144927536232
34658	0.0144927536232
41174	0.0144927536232
42377	0.0144927536232
32120	0.0143884892086
4567	0.0142857142857
5484	0.0142857142857
8279	0.0142857142857
11550	0.0142857142857
35961	0.0142857142857
39239	0.0142857142857
40689	0.0142857142857
41075	0.0142857142857
41298	0.0142857142857
41483	0.0142857142857
41576	0.0142857142857
51157	0.0142857142857
51225	0.0142857142857
51498	0.0142857142857
52017	0.0142857142857
59536	0.0142857142857
4695	0.0142180094787
3964	0.0140845070423
6928	0.0140845070423
16722	0.0140845070423
19416	0.0140845070423
34998	0.0140845070423
38569	0.0140845070423
38995	0.0140845070423
40212	0.0140845070423
41169	0.0140845070423
42390	0.0140845070423
46509	0.0140845070423
51419	0.0140845070423
29399	0.0140186915888
27171	0.013986013986
2739	0.0138888888889
7197	0.0138888888889
12838	0.0138888888889
13963	0.0138888888889
19597	0.0138888888889
19816	0.0138888888889
23079	0.0138888888889
24058	0.0138888888889
41012	0.0138888888889
41273	0.0138888888889
42191	0.0138888888889
44525	0.0138888888889
42750	0.0137931034483
1342	0.013698630137
2490	0.013698630137
5622	0.013698630137
7421	0.013698630137
10633	0.013698630137
14105	0.013698630137
27910	0.013698630137
31830	0.013698630137
37186	0.013698630137
38072	0.013698630137
42014	0.013698630137
52121	0.013698630137
52309	0.013698630137
52444	0.013698630137
20573	0.0136054421769
4104	0.0135135135135
5219	0.0135135135135
6315	0.0135135135135
20345	0.0135135135135
24460	0.0135135135135
24468	0.0135135135135
29010	0.0135135135135
33890	0.0135135135135
37117	0.0135135135135
51319	0.0135135135135
52345	0.0135135135135
36594	0.0134228187919
6954	0.0133779264214
2282	0.0133333333333
3581	0.0133333333333
11168	0.0133333333333
24104	0.0133333333333
28781	0.0133333333333
38713	0.0133333333333
41716	0.0133333333333
42892	0.0133333333333
44485	0.0133333333333
50900	0.0133333333333
51099	0.0133333333333
51825	0.0133333333333
52319	0.0133333333333
6444	0.0132890365449
1039	0.0131578947368
9920	0.0131578947368
25700	0.0131578947368
41180	0.0131578947368
41331	0.0131578947368
41430	0.0131578947368
41916	0.0131578947368
42259	0.0131578947368
42883	0.0131578947368
43630	0.0131578947368
50177	0.0131578947368
50851	0.0131578947368
51641	0.0131578947368
59543	0.0131578947368
59681	0.0131578947368
52055	0.0130434782609
688	0.012987012987
28824	0.012987012987
30976	0.012987012987
32753	0.012987012987
38989	0.012987012987
41596	0.012987012987
51179	0.012987012987
51820	0.012987012987
52170	0.012987012987
59906	0.012987012987
14833	0.0129032258065
143	0.0128205128205
10096	0.0128205128205
14823	0.0128205128205
18119	0.0128205128205
18295	0.0128205128205
38272	0.0128205128205
39965	0.0128205128205
42295	0.0128205128205
42389	0.0128205128205
43872	0.0128205128205
52549	0.0128205128205
2276	0.0126582278481
4007	0.0126582278481
13653	0.0126582278481
16302	0.0126582278481
19469	0.0126582278481
22864	0.0126582278481
30195	0.0126582278481
35541	0.0126582278481
37163	0.0126582278481
38577	0.0126582278481
40645	0.0126582278481
40893	0.0126582278481
40986	0.0126582278481
41244	0.0126582278481
51822	0.0126582278481
52946	0.0126582278481
53136	0.0126582278481
59607	0.0126582278481
31483	0.0125944584383
1922	0.0125
4047	0.0125
4318	0.0125
8089	0.0125
27731	0.0125
39782	0.0125
41350	0.0125
22717	0.0124481327801
4135	0.0124223602484
6213	0.0124223602484
35199	0.0124223602484
3787	0.0123456790123
11079	0.0123456790123
19688	0.0123456790123
32822	0.0123456790123
33964	0.0123456790123
34166	0.0123456790123
37349	0.0123456790123
51087	0.0123456790123
24684	0.012315270936
27906	0.0123076923077
1389	0.0121951219512
14527	0.0121951219512
28042	0.0121951219512
41241	0.0121951219512
41428	0.0121951219512
42029	0.0121951219512
53338	0.0121951219512
9138	0.0121457489879
9188	0.0121457489879
4508	0.0121212121212
2917	0.0120481927711
20290	0.0120481927711
33704	0.0120481927711
35630	0.0120481927711
38663	0.0120481927711
40208	0.0120481927711
41114	0.0120481927711
43327	0.0120481927711
51470	0.0120481927711
456	0.0119760479042
39548	0.0119760479042
9032	0.0119047619048
9794	0.0119047619048
13092	0.0119047619048
50992	0.0119047619048
17625	0.0118343195266
10326	0.0117647058824
13642	0.0117647058824
16073	0.0117647058824
17303	0.0117647058824
18139	0.0117647058824
22104	0.0117647058824
28799	0.0117647058824
30762	0.0117647058824
32927	0.0117647058824
34149	0.0117647058824
40843	0.0117647058824
41791	0.0117647058824
44233	0.0117647058824
52102	0.0117647058824
54577	0.0117647058824
10157	0.0116959064327
40964	0.0116959064327
48572	0.0116959064327
2030	0.0116618075802
35045	0.011655011655
283	0.0116279069767
8142	0.0116279069767
12597	0.0116279069767
25117	0.0116279069767
26567	0.0116279069767
34190	0.0116279069767
38748	0.0116279069767
39213	0.0116279069767
49401	0.0116279069767
52276	0.0116279069767
29532	0.0115606936416
18701	0.0115273775216
4468	0.0114942528736
29366	0.0114942528736
34241	0.0114942528736
35275	0.0114942528736
35701	0.0114942528736
37073	0.0114942528736
50335	0.0114942528736
51364	0.0114942528736
59507	0.0114942528736
13120	0.0114285714286
16956	0.0114068441065
10607	0.0113636363636
12149	0.0113636363636
29024	0.0113636363636
40477	0.0113636363636
41030	0.0113636363636
41581	0.0113636363636
51290	0.0113636363636
34199	0.011320754717
23285	0.0112359550562
32087	0.0112359550562
35229	0.0112359550562
45199	0.0112359550562
50871	0.0112359550562
50897	0.0112359550562
50939	0.0112359550562
51229	0.0112359550562
637	0.0111111111111
2720	0.0111111111111
3187	0.0111111111111
5698	0.0111111111111
8129	0.0111111111111
19506	0.0111111111111
28712	0.0111111111111
29067	0.0111111111111
29992	0.0111111111111
34095	0.0111111111111
45033	0.0111111111111
48237	0.0111111111111
50958	0.0111111111111
10251	0.0110294117647
29372	0.0110294117647
1740	0.010989010989
14505	0.010989010989
14573	0.010989010989
18481	0.010989010989
18604	0.010989010989
18756	0.010989010989
19420	0.010989010989
21983	0.010989010989
22121	0.010989010989
24358	0.010989010989
25400	0.010989010989
35699	0.010989010989
38676	0.010989010989
41544	0.010989010989
42414	0.010989010989
51905	0.010989010989
23248	0.0108695652174
32923	0.0108695652174
40752	0.0108695652174
50760	0.0108695652174
51967	0.0108695652174
11300	0.0108108108108
3754	0.010752688172
17686	0.010752688172
28621	0.010752688172
43150	0.010752688172
50979	0.010752688172
51193	0.010752688172
51250	0.010752688172
42378	0.0106951871658
871	0.0106382978723
3542	0.0106382978723
4398	0.0106382978723
5367	0.0106382978723
18112	0.0106382978723
41629	0.0106382978723
41778	0.0106382978723
42339	0.0106382978723
51000	0.0106382978723
52415	0.0106382978723
52952	0.0106382978723
4489	0.0106194690265
32042	0.010582010582
4873	0.0105263157895
12188	0.0105263157895
22731	0.0105263157895
25221	0.0105263157895
30812	0.0105263157895
33143	0.0105263157895
34191	0.0105263157895
35698	0.0105263157895
36632	0.0105263157895
40985	0.0105263157895
41833	0.0105263157895
52817	0.0105263157895
52991	0.0105263157895
51038	0.0104712041885
1256	0.0104166666667
10343	0.0104166666667
18214	0.0104166666667
19547	0.0104166666667
21375	0.0104166666667
23619	0.0104166666667
41197	0.0104166666667
42825	0.0104166666667
53060	0.0104166666667
23782	0.0103734439834
36394	0.0103734439834
25891	0.0103626943005
30938	0.0103626943005
3205	0.0103092783505
10013	0.0103092783505
21379	0.0103092783505
37162	0.0103092783505
39473	0.0103092783505
42326	0.0103092783505
50924	0.0103092783505
13006	0.0102040816327
32058	0.0102040816327
34136	0.0102040816327
37752	0.0102040816327
41385	0.0102040816327
41649	0.0102040816327
43575	0.0102040816327
48221	0.0102040816327
59133	0.0102040816327
21507	0.010152284264
95	0.010101010101
8767	0.010101010101
9502	0.010101010101
41452	0.0100502512563
4391	0.01
22426	0.01
24164	0.01
41653	0.01
48662	0.01
48910	0.01
49210	0.01
52560	0.01
37392	0.0099573257468
41070	0.00995024875622
876	0.00990099009901
913	0.00990099009901
21337	0.00990099009901
42249	0.00990099009901
45381	0.00990099009901
60987	0.00990099009901
3488	0.00980392156863
16802	0.00980392156863
33564	0.00980392156863
41047	0.00980392156863
41934	0.00980392156863
51346	0.00980392156863
52645	0.00980392156863
5512	0.00970873786408
8681	0.00970873786408
9761	0.00970873786408
22396	0.00970873786408
31692	0.00970873786408
35958	0.00967741935484
12610	0.0096463022508
1323	0.00961538461538
25092	0.00961538461538
39727	0.00961538461538
59562	0.00961538461538
52029	0.00956937799043
6254	0.00952380952381
10890	0.00952380952381
16408	0.00952380952381
27529	0.00952380952381
30806	0.00952380952381
31494	0.00952380952381
41103	0.00952380952381
49350	0.00952380952381
51228	0.00952380952381
51492	0.00952380952381
52092	0.00952380952381
2409	0.00949367088608
22643	0.00949367088608
29287	0.00947867298578
4173	0.00943396226415
4705	0.00943396226415
5728	0.00943396226415
15602	0.00943396226415
20785	0.00943396226415
25169	0.00943396226415
41025	0.00943396226415
41655	0.00943396226415
43337	0.00943396226415
6375	0.00934579439252
23643	0.00934579439252
29356	0.00934579439252
33639	0.00934579439252
50884	0.00934579439252
23388	0.0093023255814
2681	0.00925925925926
23831	0.00925925925926
41366	0.00925925925926
47265	0.00925925925926
47448	0.00925925925926
47553	0.00925925925926
50506	0.00925925925926
50886	0.00925925925926
53039	0.00925925925926
55841	0.00925925925926
21458	0.00921658986175
694	0.00917431192661
4998	0.00917431192661
6369	0.00917431192661
11748	0.00917431192661
24612	0.00917431192661
34933	0.00917431192661
41018	0.00917431192661
52350	0.00917431192661
7115	0.00909090909091
7513	0.00909090909091
20529	0.00909090909091
22195	0.00909090909091
26531	0.00909090909091
34943	0.00909090909091
35136	0.00909090909091
41257	0.00909090909091
59684	0.00909090909091
41032	0.00906344410876
21845	0.00904977375566
3077	0.00900900900901
6428	0.00900900900901
11145	0.00900900900901
28711	0.00900900900901
32074	0.00900900900901
32626	0.00900900900901
38795	0.00900900900901
42194	0.00900900900901
47475	0.00900900900901
48978	0.00900900900901
51359	0.00900900900901
3499	0.00898876404494
33887	0.0089605734767
17764	0.00892857142857
42053	0.00892857142857
28832	0.00888888888889
29861	0.00886917960089
2639	0.00884955752212
3317	0.00884955752212
4611	0.00884955752212
22031	0.00884955752212
23789	0.00884955752212
34224	0.00884955752212
41004	0.00884955752212
41715	0.00884955752212
40981	0.00881057268722
2361	0.00877192982456
14730	0.00877192982456
29852	0.00877192982456
30949	0.00877192982456
37156	0.00877192982456
39002	0.00877192982456
41002	0.00877192982456
43325	0.00877192982456
10369	0.00869565217391
29790	0.00869565217391
34373	0.00869565217391
50936	0.00869565217391
51011	0.00869565217391
52428	0.00869565217391
51212	0.00868055555556
1272	0.00862068965517
3986	0.00862068965517
5113	0.00862068965517
13124	0.00862068965517
41172	0.00862068965517
41704	0.00862068965517
41943	0.00862068965517
53200	0.00862068965517
50937	0.00858369098712
12503	0.00854700854701
19126	0.00854700854701
21719	0.00854700854701
30880	0.00854700854701
41023	0.00854700854701
41136	0.00854700854701
41303	0.00854700854701
41322	0.00854700854701
41338	0.00854700854701
52368	0.00854700854701
38493	0.00851063829787
11169	0.00849256900212
7645	0.00847457627119
11871	0.00847457627119
39404	0.00847457627119
40030	0.00847457627119
21906	0.00842696629213
3788	0.00840336134454
8729	0.00840336134454
26279	0.00840336134454
33971	0.00840336134454
35951	0.00840336134454
41225	0.00840336134454
41329	0.00840336134454
42973	0.00840336134454
52056	0.00840336134454
59890	0.00840336134454
937	0.00833333333333
15986	0.00833333333333
26310	0.00833333333333
29277	0.00833333333333
33495	0.00833333333333
41444	0.00829875518672
3316	0.00826446280992
4604	0.00826446280992
10920	0.00826446280992
20205	0.00826446280992
47503	0.00826446280992
210	0.0082304526749
20779	0.0082304526749
30805	0.0082304526749
2164	0.00819672131148
10045	0.00819672131148
10397	0.00819672131148
22895	0.00819672131148
40965	0.00814332247557
3059	0.00813008130081
18205	0.00813008130081
25240	0.00813008130081
30925	0.00813008130081
31875	0.00813008130081
61083	0.00813008130081
7175	0.00807754442649
59505	0.00806451612903
6404	0.008
18641	0.008
22919	0.008
9753	0.00793650793651
14686	0.00793650793651
20738	0.00793650793651
31340	0.00793650793651
41392	0.00793650793651
44486	0.00793650793651
7442	0.00791556728232
35809	0.00789473684211
392	0.00787401574803
32146	0.00787401574803
33680	0.00787401574803
41354	0.00787401574803
42262	0.00787401574803
59919	0.00787401574803
83	0.0078125
22877	0.0078125
33830	0.0078125
41425	0.0078125
51340	0.0078125
1028	0.0077519379845
26711	0.0077519379845
34391	0.0077519379845
35847	0.0077519379845
53114	0.0077519379845
33895	0.00772200772201
37427	0.00772200772201
21797	0.00770712909441
13098	0.00769230769231
23481	0.00769230769231
51988	0.00769230769231
31312	0.00766283524904
2905	0.00763358778626
4658	0.00763358778626
23688	0.00763358778626
29567	0.00763358778626
41055	0.00763358778626
53377	0.00763358778626
8246	0.00757575757576
14502	0.00757575757576
42302	0.00757575757576
2110	0.00754716981132
616	0.00751879699248
5552	0.00751879699248
21742	0.00751879699248
22479	0.00751879699248
26508	0.00751879699248
30845	0.00751879699248
35420	0.00751879699248
41443	0.00751879699248
41693	0.00751879699248
9826	0.00747663551402
2171	0.00746268656716
2811	0.00746268656716
41819	0.00746268656716
20818	0.00742574257426
1904	0.00740740740741
10047	0.00740740740741
15825	0.00740740740741
43376	0.00740740740741
53000	0.00740740740741
2152	0.00738007380074
23174	0.00737100737101
761	0.00735294117647
14277	0.00735294117647
39709	0.00735294117647
41208	0.00735294117647
51054	0.00735294117647
19288	0.00732600732601
34367	0.00732600732601
5112	0.00730897009967
2104	0.00729927007299
2144	0.00729927007299
30691	0.00729927007299
4711	0.00724637681159
5575	0.00724637681159
5634	0.00724637681159
27489	0.00724637681159
35021	0.00724637681159
41079	0.00724637681159
51875	0.00724637681159
9656	0.00723589001447
4399	0.00719424460432
21734	0.00719424460432
35044	0.00719424460432
41152	0.00719424460432
43785	0.00719424460432
51709	0.00719424460432
2515	0.00717703349282
7451	0.00714285714286
11004	0.00714285714286
13633	0.00714285714286
16340	0.00714285714286
17771	0.00714285714286
28820	0.00714285714286
36037	0.00714285714286
39323	0.00714285714286
41398	0.00714285714286
42270	0.00714285714286
43414	0.00714285714286
3365	0.00713436385256
17605	0.00709219858156
30794	0.00709219858156
36418	0.00709219858156
41027	0.00707547169811
755	0.00704225352113
6222	0.00704225352113
17315	0.00704225352113
25098	0.00704225352113
30793	0.00704225352113
41161	0.00704225352113
41198	0.00704225352113
41468	0.00704225352113
1931	0.00702987697715
22971	0.00702576112412
5237	0.00702247191011
2070	0.00699300699301
7095	0.00699300699301
7413	0.00699300699301
14518	0.00699300699301
17904	0.00699300699301
43178	0.00699300699301
51568	0.00699300699301
12388	0.00696055684455
2411	0.00694444444444
18836	0.00694444444444
27063	0.00694444444444
39785	0.00693069306931
6564	0.00692041522491
40289	0.00691244239631
28407	0.00690846286701
862	0.00689655172414
11381	0.00689655172414
51026	0.00689655172414
29863	0.00688468158348
32832	0.00687285223368
38293	0.00687285223368
4347	0.00684931506849
50963	0.00684931506849
51415	0.00684931506849
52240	0.00684931506849
21558	0.00682593856655
29724	0.00680272108844
40847	0.00680272108844
19090	0.00677966101695
3445	0.00675675675676
9646	0.00675675675676
37201	0.00675675675676
41116	0.00675675675676
41287	0.00675675675676
51006	0.00673400673401
2448	0.00671140939597
25444	0.00671140939597
689	0.00668151447661
3827	0.00668151447661
494	0.00666666666667
3957	0.00666666666667
4513	0.00666666666667
28055	0.00666666666667
51254	0.00666666666667
31440	0.00664451827243
41106	0.00664451827243
13119	0.00662251655629
23011	0.00662251655629
28156	0.00662251655629
34350	0.00662251655629
38671	0.00662251655629
2610	0.00657894736842
12777	0.00657894736842
29145	0.00657894736842
37747	0.00657894736842
50915	0.00657894736842
16447	0.00656455142232
1928	0.00655737704918
41154	0.00655737704918
12585	0.00653594771242
41042	0.00651465798046
17301	0.00649350649351
27715	0.00649350649351
34548	0.00647249190939
41332	0.00646551724138
30625	0.00645161290323
34109	0.00645161290323
43473	0.00645161290323
2326	0.00644122383253
24958	0.0064308681672
51027	0.0064308681672
1680	0.00641025641026
5089	0.00641025641026
41832	0.00641025641026
51071	0.00641025641026
52802	0.00641025641026
18456	0.0064
5693	0.00639658848614
684	0.00638977635783
41093	0.00638977635783
28742	0.00637619553666
4337	0.00636942675159
23999	0.00636942675159
11481	0.00634920634921
41067	0.00634920634921
5206	0.00632911392405
11196	0.00632911392405
17152	0.00632911392405
18967	0.00632911392405
23299	0.00632911392405
27899	0.00632911392405
27809	0.00631911532385
37557	0.0062893081761
42145	0.0062893081761
20591	0.00625
24457	0.00625
27128	0.00625
32895	0.00625
35237	0.00625
4464	0.00621118012422
26059	0.00621118012422
36078	0.00621118012422
41031	0.00621118012422
51117	0.00621118012422
1119	0.00620347394541
3531	0.00618556701031
900	0.00618238021638
10089	0.00617283950617
35019	0.00617283950617
1364	0.00615384615385
16927	0.00615384615385
12511	0.00613496932515
34676	0.00613496932515
25051	0.0061099796334
384	0.00609756097561
712	0.00609756097561
12501	0.00609756097561
40989	0.00609756097561
41224	0.00609756097561
26893	0.00607902735562
18613	0.00607441154138
254	0.00606060606061
24373	0.00606060606061
38861	0.00606060606061
41015	0.00606060606061
41250	0.00606060606061
51680	0.00606060606061
16912	0.00602409638554
50870	0.00602409638554
18361	0.00600600600601
32453	0.00600600600601
20542	0.00599700149925
28737	0.0059880239521
18960	0.00598086124402
4430	0.00594795539033
39447	0.00594530321046
41109	0.00594059405941
41156	0.00593471810089
34169	0.00592885375494
34967	0.00591715976331
35360	0.00591715976331
52738	0.00591715976331
3729	0.00589390962672
2934	0.00588235294118
4743	0.00588235294118
13111	0.00587199060482
39546	0.0058651026393
29686	0.00584795321637
51029	0.00584795321637
36398	0.00583657587549
29845	0.00583090379009
3598	0.00581395348837
4144	0.00581395348837
11128	0.00581395348837
17461	0.00581395348837
25942	0.00581395348837
33841	0.00581395348837
37409	0.00581395348837
50652	0.00581395348837
51699	0.00581395348837
51838	0.00581395348837
14750	0.00580046403712
3943	0.00579710144928
16723	0.00578034682081
18835	0.00578034682081
41391	0.00578034682081
50987	0.00578034682081
51025	0.00578034682081
3260	0.00576368876081
6679	0.00574712643678
40489	0.00574712643678
3527	0.0057361376673
2142	0.00573065902579
37198	0.00573065902579
10250	0.00571428571429
34147	0.00571428571429
11000	0.00568181818182
11307	0.00568181818182
26890	0.00568181818182
27218	0.00568181818182
48076	0.00568181818182
7312	0.00565237870937
5230	0.00564971751412
7751	0.00564971751412
14206	0.00564971751412
23211	0.00564971751412
26579	0.00564971751412
40992	0.00564971751412
2745	0.0056338028169
9488	0.00561797752809
10736	0.00561797752809
20527	0.00561797752809
26085	0.00561797752809
39360	0.00561797752809
47611	0.00561797752809
51394	0.00561797752809
40987	0.00560224089636
23001	0.00558659217877
35162	0.00558659217877
40625	0.00558659217877
44599	0.00558659217877
50957	0.00557103064067
13660	0.00555555555556
22070	0.00555555555556
34667	0.00555555555556
40975	0.00555555555556
41048	0.00555555555556
52638	0.00555555555556
51121	0.00552486187845
8732	0.00551470588235
5000	0.00551267916207
50855	0.00550964187328
1456	0.00549450549451
16935	0.00549450549451
27651	0.00549450549451
28700	0.00549450549451
32612	0.00549450549451
52383	0.00549450549451
11776	0.00546448087432
25732	0.00546448087432
29854	0.00546448087432
41040	0.00546448087432
25453	0.00544959128065
34830	0.00544959128065
16516	0.0054347826087
30802	0.0054347826087
51197	0.0054347826087
7419	0.00542740841248
5809	0.00540540540541
11359	0.00540540540541
30901	0.00540540540541
41097	0.00539083557951
8724	0.00537634408602
29971	0.00537634408602
30471	0.00537634408602
37776	0.00537634408602
35178	0.00535714285714
1231	0.00534759358289
26805	0.00534759358289
37238	0.00534759358289
8229	0.00531914893617
18374	0.00531914893617
41404	0.00531914893617
50933	0.00531914893617
51151	0.00531914893617
17566	0.00530973451327
38822	0.0053050397878
2312	0.00529100529101
7460	0.00529100529101
40980	0.00529100529101
41583	0.00529100529101
27949	0.00527704485488
2290	0.00523560209424
11749	0.00523560209424
33879	0.00523560209424
2381	0.00521512385919
16273	0.00520833333333
39343	0.00520833333333
40995	0.00520833333333
44456	0.00520833333333
24889	0.00518134715026
4675	0.00515463917526
20630	0.00512820512821
51112	0.00512820512821
4396	0.00511836212412
870	0.00511508951407
1902	0.00511247443763
41157	0.00510204081633
31868	0.00506329113924
2	0.00505561172902
9292	0.00505050505051
23642	0.00505050505051
26158	0.00505050505051
29902	0.00505050505051
39358	0.00505050505051
7198	0.00502512562814
896	0.005
22230	0.005
22524	0.005
30899	0.00499375780275
38787	0.00497512437811
11314	0.0049504950495
13317	0.0049504950495
30874	0.0049504950495
33656	0.0049504950495
51096	0.00493827160494
5420	0.00493218249075
41090	0.00493218249075
38203	0.00493150684932
3288	0.00492610837438
4439	0.00492610837438
35563	0.00492206726825
29705	0.00490196078431
6812	0.00488997555012
18972	0.00487804878049
40541	0.00487804878049
18584	0.00487210718636
26863	0.00486223662885
5432	0.00486111111111
3198	0.00485436893204
22383	0.00484764542936
492	0.0048309178744
47787	0.0048309178744
16209	0.00481540930979
90	0.00480769230769
2595	0.00480769230769
10653	0.00480769230769
12824	0.00480769230769
21321	0.00480769230769
27471	0.00480769230769
37689	0.00480769230769
17355	0.00476947535771
9625	0.0047619047619
11782	0.00473933649289
15306	0.00473933649289
26760	0.00473933649289
31536	0.00473933649289
4655	0.00473612990528
5503	0.00473484848485
13339	0.00471698113208
21978	0.00471698113208
41071	0.00471698113208
41942	0.00471698113208
42328	0.00471698113208
4706	0.00469483568075
41171	0.00469483568075
50885	0.00469483568075
53342	0.00469483568075
5056	0.00467289719626
8709	0.00467289719626
1489	0.0046511627907
7303	0.0046511627907
14716	0.0046511627907
5553	0.0046403712297
38793	0.00463499420626
39136	0.00462249614792
1739	0.00460829493088
3859	0.00460829493088
41521	0.00460829493088
7518	0.00459770114943
11778	0.00459770114943
27051	0.0045871559633
28812	0.0045871559633
30980	0.0045871559633
25113	0.00458015267176
32490	0.00456621004566
5157	0.00455696202532
22251	0.00452488687783
1135	0.00451127819549
27535	0.00449101796407
25431	0.00448430493274
29444	0.00448430493274
34929	0.00448430493274
17346	0.00446428571429
13095	0.00442477876106
23666	0.0043956043956
18172	0.00438596491228
22744	0.00438596491228
52697	0.00438596491228
13933	0.00436681222707
25413	0.00436681222707
41146	0.00436681222707
2722	0.00434782608696
10727	0.00434782608696
52258	0.00434782608696
41016	0.00433839479393
4523	0.004329004329
21331	0.004329004329
40411	0.00431034482759
49394	0.00431034482759
40988	0.00430107526882
1632	0.00429184549356
27255	0.00429184549356
35400	0.00429184549356
4578	0.00428954423592
26934	0.0042735042735
29492	0.0042735042735
40978	0.0042735042735
40318	0.00425531914894
41140	0.00425531914894
15228	0.00424628450106
3419	0.00423728813559
32811	0.00423728813559
41274	0.00423728813559
18777	0.00423370025402
13960	0.0042194092827
14749	0.0042194092827
50105	0.0042194092827
33762	0.00421052631579
2037	0.00420757363254
37052	0.00420168067227
14604	0.00418410041841
19201	0.00418410041841
29055	0.00418410041841
15794	0.00416666666667
1062	0.00414937759336
6372	0.00414937759336
38492	0.00412087912088
6427	0.00412007062978
4390	0.00411522633745
34519	0.00411522633745
27865	0.00409836065574
41041	0.00408163265306
28633	0.00406504065041
36392	0.00406504065041
51173	0.00406504065041
37762	0.00404858299595
30849	0.00401606425703
41054	0.00401606425703
31170	0.004
2419	0.00397877984085
5768	0.00396825396825
18607	0.00396825396825
25930	0.00396825396825
39027	0.00396825396825
3133	0.00395778364116
11	0.00395256916996
52332	0.00395256916996
4518	0.00394563787812
14352	0.00393700787402
30835	0.00393700787402
4339	0.00392156862745
44117	0.00392156862745
50923	0.00392156862745
1921	0.00387596899225
40970	0.00387596899225
17147	0.003861003861
27358	0.003861003861
34858	0.003861003861
34369	0.00380228136882
34751	0.00380228136882
41068	0.00379506641366
1048	0.00378071833648
6789	0.00377358490566
41347	0.00377358490566
1497	0.0037674919268
13318	0.00375939849624
28821	0.00374531835206
26416	0.0037037037037
30269	0.00369685767098
17939	0.00369003690037
31877	0.00369003690037
38080	0.00369003690037
32862	0.0036832412523
3312	0.00367647058824
39852	0.00367647058824
41095	0.00367647058824
44184	0.00367647058824
869	0.00366389838788
28673	0.003663003663
38790	0.003663003663
51041	0.003663003663
1117	0.0036496350365
28128	0.0036496350365
40334	0.0036496350365
19601	0.00364166059723
21801	0.00363636363636
33142	0.00363636363636
41326	0.00363636363636
3116	0.0036231884058
13935	0.0036231884058
50864	0.0036231884058
2757	0.00361010830325
7062	0.00358422939068
25405	0.00357142857143
28443	0.00357142857143
29739	0.00357142857143
40962	0.00357142857143
11201	0.00356506238859
39915	0.00356506238859
37775	0.00355871886121
5218	0.00355239786856
5599	0.00354609929078
38794	0.00353669319187
3139	0.00353356890459
24017	0.00353356890459
41705	0.00352112676056
2840	0.00351802990325
1676	0.00350877192982
13952	0.00350877192982
4335	0.0034965034965
13056	0.0034965034965
27890	0.0034924330617
4242	0.00348432055749
41364	0.00348432055749
37737	0.00347826086957
22654	0.00347222222222
41368	0.00344827586207
52018	0.00344827586207
28405	0.00344036697248
38807	0.00343642611684
13955	0.00343053173242
31400	0.00342465753425
12969	0.00342172797263
25937	0.00341296928328
16449	0.00340136054422
28286	0.00340136054422
3022	0.00338983050847
40969	0.003367003367
50879	0.003367003367
1503	0.00333518621456
3273	0.0033185840708
76	0.003314001657
37111	0.00331125827815
7214	0.003300330033
7261	0.00329489291598
2007	0.00328227571116
18699	0.00325732899023
22743	0.00325732899023
42424	0.00325732899023
14253	0.00325203252033
2898	0.00324675324675
19598	0.00324675324675
253	0.00324324324324
14115	0.00323624595469
1239	0.0032154340836
18311	0.00321199143469
1118	0.00320512820513
35049	0.00320512820513
41307	0.00320512820513
4121	0.0032
52225	0.0031847133758
1918	0.0031746031746
7340	0.0031746031746
28051	0.00316455696203
41039	0.00316455696203
50901	0.00315457413249
51156	0.00314465408805
9200	0.00314136125654
41403	0.00313479623824
4846	0.00312744331509
41126	0.00311526479751
1064	0.00311041990669
1984	0.00310559006211
35728	0.00310559006211
38987	0.00310559006211
40979	0.00310559006211
38584	0.00308166409861
30020	0.00307692307692
17715	0.00306748466258
868	0.00306044376435
5616	0.0030487804878
6304	0.00304414003044
23150	0.00304414003044
38262	0.00303951367781
26602	0.00303490136571
5643	0.00302114803625
33621	0.00301204819277
992	0.00300751879699
40982	0.003003003003
4868	0.00298507462687
38959	0.00297619047619
511	0.00295857988166
5774	0.00294117647059
17987	0.00294117647059
14140	0.00293255131965
41434	0.00293255131965
259	0.00292397660819
41029	0.00292397660819
41165	0.00292397660819
34683	0.00291545189504
11232	0.00290697674419
41609	0.00289855072464
28047	0.0028901734104
28810	0.0028901734104
22579	0.00287356321839
29591	0.00287356321839
7349	0.00286532951289
2613	0.00285714285714
2186	0.00285306704708
3733	0.00283822138127
1700	0.0028328611898
18301	0.0028328611898
11727	0.00280636108513
25078	0.00280112044818
33850	0.00277777777778
4563	0.00277008310249
34897	0.00277008310249
4644	0.00276243093923
25324	0.00276243093923
47774	0.00276243093923
742	0.00274725274725
216	0.00272479564033
3553	0.00272479564033
7317	0.00271739130435
41132	0.00271739130435
4916	0.00270513976555
51989	0.00269541778976
6689	0.00268817204301
15373	0.00268096514745
28830	0.00268096514745
41050	0.00267379679144
20506	0.00267022696929
37993	0.00263157894737
24522	0.00261096605744
1422	0.00260078023407
1438	0.0025974025974
5231	0.0025974025974
14207	0.0025974025974
25738	0.0025974025974
29218	0.0025974025974
5519	0.0025817555938
9538	0.00255536626917
35514	0.00255102040816
11664	0.00254452926209
41129	0.00254452926209
10987	0.00251889168766
41010	0.00251256281407
42156	0.00251256281407
1628	0.00246913580247
9642	0.00246913580247
51133	0.00246305418719
15636	0.00245098039216
10281	0.0024154589372
51019	0.0024154589372
1380	0.00240384615385
1113	0.00239234449761
7100	0.00239234449761
41092	0.00239234449761
41467	0.00237529691211
20173	0.00236406619385
33678	0.00235849056604
27525	0.00234741784038
18307	0.00233918128655
25586	0.00230946882217
7300	0.00230414746544
4951	0.00228832951945
8397	0.00228832951945
497	0.00225733634312
562	0.00225733634312
1399	0.00218818380744
20075	0.00218340611354
4654	0.00216684723727
631	0.00215053763441
3280	0.00214592274678
4137	0.00212314225053
35703	0.00210970464135
41003	0.00209205020921
19599	0.00208768267223
4937	0.00204708290686
17938	0.00201207243461
2344	0.00200400801603
893	0.002
5593	0.00199600798403
17711	0.00198807157058
41355	0.00198807157058
5673	0.0019267822736
9647	0.0019120458891
40971	0.00187617260788
41985	0.0018691588785
40999	0.00184501845018
3933	0.00182481751825
11769	0.00182481751825
2333	0.0018115942029
12998	0.00180831826401
21745	0.0017825311943
949	0.00173913043478
41074	0.00171232876712
1743	0.00166666666667
38925	0.00166666666667
20416	0.00159489633174
32188	0.0015873015873
17596	0.00150602409639
5120	0.00148148148148
4764	0.00143266475645
4708	0.00142653352354
26584	0.00141242937853
33634	0.00137551581843
35345	0.00130208333333
2733	0.0012987012987
3720	0.00129533678756
5204	0.00127795527157
38191	0.00115740740741
2463	0.000949667616334
22929	0.000908265213442
921	0.000901713255185
