45496	0.333333333333
13308	0.25
18257	0.25
42963	0.25
52894	0.25
12644	0.2
24751	0.2
31723	0.2
43627	0.2
5849	0.166666666667
12845	0.166666666667
53123	0.166666666667
10418	0.142857142857
31354	0.142857142857
24367	0.125
42340	0.111111111111
44420	0.111111111111
4606	0.1
13107	0.1
24739	0.1
41881	0.0909090909091
44507	0.0909090909091
59994	0.0909090909091
7659	0.0833333333333
38030	0.0833333333333
52333	0.0833333333333
41424	0.0769230769231
59746	0.0769230769231
60199	0.0769230769231
60271	0.0769230769231
2061	0.0714285714286
17259	0.0714285714286
40176	0.0714285714286
46015	0.0714285714286
28080	0.0666666666667
29121	0.0666666666667
55074	0.0666666666667
14357	0.0625
51898	0.0625
59560	0.0625
9	0.0588235294118
9430	0.0588235294118
12811	0.0588235294118
41516	0.0588235294118
46253	0.0588235294118
18767	0.0555555555556
45297	0.0555555555556
60650	0.0555555555556
981	0.0526315789474
26431	0.0526315789474
42843	0.0526315789474
3032	0.05
9691	0.05
33583	0.05
52704	0.05
59515	0.05
42593	0.047619047619
38306	0.0454545454545
48853	0.0454545454545
60095	0.0454545454545
48284	0.0416666666667
10398	0.0384615384615
38454	0.0384615384615
59857	0.0384615384615
29700	0.037037037037
6018	0.0357142857143
27416	0.0333333333333
35553	0.0322580645161
24355	0.03125
34441	0.03125
26643	0.030303030303
40998	0.030303030303
42008	0.030303030303
42388	0.030303030303
8621	0.0294117647059
16909	0.0294117647059
39582	0.0285714285714
43805	0.0285714285714
52998	0.0285714285714
14872	0.0277777777778
31041	0.0277777777778
46442	0.0277777777778
7367	0.027027027027
17264	0.0263157894737
34971	0.0263157894737
51993	0.0263157894737
5880	0.025641025641
52772	0.025641025641
3411	0.025
7911	0.0243902439024
31909	0.0243902439024
42819	0.0238095238095
53197	0.0238095238095
31478	0.0232558139535
29743	0.0227272727273
52297	0.0222222222222
1257	0.0217391304348
9685	0.0217391304348
41883	0.0217391304348
21347	0.0208333333333
22247	0.0208333333333
49	0.0204081632653
6024	0.02
32226	0.02
4524	0.0196078431373
34524	0.0185185185185
52017	0.0181818181818
53329	0.0175438596491
6036	0.0172413793103
14860	0.0172413793103
41325	0.0169491525424
51712	0.0169491525424
42675	0.0166666666667
6271	0.0161290322581
23372	0.0161290322581
27594	0.0161290322581
39544	0.0153846153846
51683	0.0153846153846
52458	0.0153846153846
27173	0.0151515151515
17027	0.0142857142857
28799	0.0142857142857
24320	0.0140845070423
34190	0.0140845070423
39262	0.0135135135135
18756	0.0131578947368
34619	0.012987012987
33599	0.0125
41525	0.0123456790123
2245	0.0121951219512
34105	0.0121951219512
13258	0.0120481927711
39286	0.0117647058824
49210	0.0117647058824
52362	0.0116279069767
1252	0.0114942528736
32711	0.0113636363636
19922	0.010989010989
37194	0.0108695652174
32784	0.010752688172
6369	0.0106382978723
42194	0.0104166666667
12182	0.0102040816327
39288	0.0102040816327
6634	0.010101010101
6330	0.01
27225	0.00980392156863
41519	0.00980392156863
26403	0.00970873786408
36537	0.00952380952381
37599	0.00917431192661
50812	0.00900900900901
33495	0.00888888888889
34155	0.00884955752212
9184	0.00877192982456
7427	0.00869565217391
23532	0.00833333333333
11095	0.00813008130081
51811	0.00806451612903
30793	0.00787401574803
2411	0.0077519379845
51393	0.00769230769231
34254	0.00746268656716
36897	0.00746268656716
27952	0.00729927007299
5164	0.00724637681159
17979	0.00689655172414
39426	0.00657894736842
30762	0.00641025641026
17948	0.00621118012422
41062	0.00621118012422
26085	0.00613496932515
51394	0.00613496932515
6417	0.00602409638554
11776	0.00595238095238
50760	0.00588235294118
41204	0.00581395348837
18112	0.00574712643678
216	0.00569800569801
51038	0.00564971751412
2865	0.00561797752809
54	0.00552486187845
26235	0.00549450549451
41530	0.00537634408602
21337	0.00531914893617
10653	0.00518134715026
27471	0.00518134715026
9625	0.00512820512821
11294	0.00510204081633
41942	0.00507614213198
5056	0.00502512562814
11165	0.00490196078431
32490	0.00490196078431
29780	0.00454545454545
41134	0.00454545454545
32811	0.00452488687783
29055	0.00446428571429
21648	0.00444444444444
41444	0.00440528634361
41353	0.00436681222707
51173	0.004329004329
9188	0.0042735042735
45139	0.00425531914894
25930	0.0042194092827
41194	0.00409836065574
41253	0.00398406374502
26508	0.00396825396825
13216	0.00392156862745
29992	0.00389105058366
41095	0.00389105058366
40334	0.003861003861
33142	0.00384615384615
38232	0.00383141762452
39602	0.00381679389313
11504	0.00378787878788
17771	0.00375939849624
37775	0.00375939849624
41061	0.00369003690037
4242	0.00367647058824
41417	0.0036496350365
3747	0.00363636363636
2448	0.00352112676056
21772	0.0034965034965
34637	0.00340136054422
24958	0.003367003367
41258	0.003367003367
684	0.00334448160535
52225	0.00334448160535
5100	0.00332225913621
11481	0.00332225913621
37225	0.00331125827815
41403	0.00328947368421
26893	0.0031746031746
41015	0.00316455696203
40972	0.00308641975309
3239	0.0030303030303
40964	0.0030303030303
29591	0.003003003003
1700	0.00295857988166
25078	0.00292397660819
47611	0.00292397660819
25324	0.0028818443804
7317	0.0028328611898
28830	0.00279329608939
30471	0.00279329608939
50933	0.00276243093923
20630	0.00265957446809
870	0.0026525198939
23688	0.00263157894737
23642	0.00261780104712
42156	0.00261096605744
15636	0.00254452926209
1628	0.00251572327044
5420	0.00250626566416
2515	0.00246913580247
41467	0.00246305418719
25586	0.00239234449761
16447	0.00225225225225
21545	0.0022271714922
29309	0.00212314225053
17938	0.00207468879668
41355	0.00204918032787
34751	0.001953125
30269	0.00189753320683
11769	0.00187617260788
27489	0.00185185185185
34367	0.00184672206833
33887	0.0018281535649
4916	0.00182648401826
5218	0.00182149362477
40980	0.00180505415162
4489	0.0018018018018
25098	0.00179856115108
1931	0.00179533213645
13056	0.00179211469534
41116	0.00172413793103
7175	0.00164473684211
2326	0.00164203612479
17355	0.00162337662338
6304	0.00155520995334
19601	0.00146950771492
2613	0.00145772594752
4708	0.00145772594752
41016	0.00145772594752
26584	0.001443001443
37392	0.0014409221902
5237	0.00142653352354
38492	0.0013986013986
2419	0.00134952766532
40995	0.00132275132275
19598	0.00130890052356
4396	0.001287001287
18584	0.00123609394314
4711	0.00122249388753
18307	0.00118906064209
38191	0.00117785630153
30980	0.00116279069767
3273	0.00112233445567
1503	0.00111856823266
1497	0.00108225108225
7340	0.00107296137339
4937	0.00103842159917
893	0.00100654252642
39785	0.000999000999001
41068	0.000959692898273
1048	0.000956022944551
7312	0.000944287063267
3933	0.000924214417745
2333	0.000917431192661
921	0.00091407678245
22744	0.00088573959256
5519	0.000870322019147
9538	0.000861326442722
18777	0.000854700854701
76	0.000836820083682
22743	0.000822368421053
35563	0.000822030415125
6812	0.000821692686935
40965	0.000818330605565
4846	0.000789265982636
868	0.000772200772201
26602	0.000765696784074
18613	0.000763941940413
4430	0.00074794315632
22383	0.000696864111498
4655	0.000677277345073
5204	0.000644745325596
13111	0.000589275191514
6427	0.000589101620029
38793	0.00058207217695
38203	0.000550055005501
4578	0.000538502961766
869	0.000488758553275
