45101	0.0714285714286
43798	0.0689655172414
53960	0.0625
52936	0.0606060606061
51110	0.0512820512821
51161	0.0512820512821
1276	0.05
9620	0.05
10566	0.05
15091	0.05
15170	0.05
16341	0.05
19302	0.05
19342	0.05
21740	0.05
22745	0.05
24242	0.05
28289	0.05
29185	0.05
30239	0.05
31091	0.05
32722	0.05
32764	0.05
34425	0.05
34931	0.05
38490	0.05
39557	0.05
39675	0.05
42948	0.05
44256	0.05
45690	0.05
46462	0.05
48892	0.05
52138	0.05
52956	0.05
53533	0.05
54820	0.05
57342	0.05
57645	0.05
59639	0.05
61003	0.05
61453	0.05
25920	0.0487804878049
1761	0.047619047619
3188	0.047619047619
3763	0.047619047619
4925	0.047619047619
6583	0.047619047619
6972	0.047619047619
7076	0.047619047619
9177	0.047619047619
9573	0.047619047619
10048	0.047619047619
11538	0.047619047619
11939	0.047619047619
14928	0.047619047619
15105	0.047619047619
15893	0.047619047619
17560	0.047619047619
17813	0.047619047619
19618	0.047619047619
20351	0.047619047619
21948	0.047619047619
22957	0.047619047619
23458	0.047619047619
25064	0.047619047619
25149	0.047619047619
26168	0.047619047619
33420	0.047619047619
35048	0.047619047619
35232	0.047619047619
36517	0.047619047619
41341	0.047619047619
46650	0.047619047619
49756	0.047619047619
50028	0.047619047619
52157	0.047619047619
53916	0.047619047619
54047	0.047619047619
54206	0.047619047619
58502	0.047619047619
59805	0.047619047619
61216	0.047619047619
6517	0.0461538461538
446	0.0454545454545
8168	0.0454545454545
9915	0.0454545454545
10349	0.0454545454545
10560	0.0454545454545
12207	0.0454545454545
15431	0.0454545454545
16270	0.0454545454545
20144	0.0454545454545
24709	0.0454545454545
29119	0.0454545454545
30833	0.0454545454545
32808	0.0454545454545
34092	0.0454545454545
35898	0.0454545454545
36095	0.0454545454545
36283	0.0454545454545
39574	0.0454545454545
40038	0.0454545454545
42202	0.0454545454545
42559	0.0454545454545
43071	0.0454545454545
44359	0.0454545454545
51493	0.0454545454545
51611	0.0454545454545
51732	0.0454545454545
52316	0.0454545454545
52845	0.0454545454545
52908	0.0454545454545
56170	0.0454545454545
56427	0.0454545454545
59258	0.0454545454545
59893	0.0454545454545
59937	0.0454545454545
59947	0.0454545454545
60448	0.0454545454545
61490	0.0454545454545
4283	0.0434782608696
6911	0.0434782608696
8181	0.0434782608696
11285	0.0434782608696
13402	0.0434782608696
14141	0.0434782608696
14142	0.0434782608696
16882	0.0434782608696
17860	0.0434782608696
19648	0.0434782608696
20048	0.0434782608696
24907	0.0434782608696
32963	0.0434782608696
34466	0.0434782608696
36985	0.0434782608696
38388	0.0434782608696
39003	0.0434782608696
44435	0.0434782608696
44688	0.0434782608696
45066	0.0434782608696
46275	0.0434782608696
48519	0.0434782608696
50066	0.0434782608696
50701	0.0434782608696
51332	0.0434782608696
52346	0.0434782608696
52349	0.0434782608696
53052	0.0434782608696
54069	0.0434782608696
54880	0.0434782608696
55104	0.0434782608696
56229	0.0434782608696
56703	0.0434782608696
59082	0.0434782608696
59582	0.0434782608696
60033	0.0434782608696
35971	0.0428571428571
4491	0.0416666666667
5557	0.0416666666667
6894	0.0416666666667
9133	0.0416666666667
17591	0.0416666666667
18733	0.0416666666667
19433	0.0416666666667
19916	0.0416666666667
20945	0.0416666666667
21448	0.0416666666667
22794	0.0416666666667
23065	0.0416666666667
26264	0.0416666666667
34632	0.0416666666667
43364	0.0416666666667
44409	0.0416666666667
46908	0.0416666666667
47950	0.0416666666667
48440	0.0416666666667
49214	0.0416666666667
49606	0.0416666666667
51374	0.0416666666667
51407	0.0416666666667
52676	0.0416666666667
59874	0.0416666666667
2248	0.04
3067	0.04
3766	0.04
8435	0.04
12049	0.04
13898	0.04
14420	0.04
15459	0.04
15921	0.04
16037	0.04
16793	0.04
18168	0.04
21030	0.04
22624	0.04
30099	0.04
30423	0.04
33528	0.04
35693	0.04
38623	0.04
39789	0.04
40363	0.04
40866	0.04
41376	0.04
44837	0.04
46739	0.04
50277	0.04
52463	0.04
58690	0.04
58812	0.04
59901	0.04
60159	0.04
60227	0.04
8248	0.0392156862745
22000	0.0392156862745
4691	0.0384615384615
4988	0.0384615384615
6391	0.0384615384615
7628	0.0384615384615
9010	0.0384615384615
9389	0.0384615384615
13945	0.0384615384615
17557	0.0384615384615
20172	0.0384615384615
20472	0.0384615384615
20985	0.0384615384615
21366	0.0384615384615
21811	0.0384615384615
24344	0.0384615384615
25988	0.0384615384615
28012	0.0384615384615
29656	0.0384615384615
29752	0.0384615384615
30169	0.0384615384615
30737	0.0384615384615
31390	0.0384615384615
37607	0.0384615384615
38613	0.0384615384615
41233	0.0384615384615
41559	0.0384615384615
42926	0.0384615384615
46964	0.0384615384615
48142	0.0384615384615
48317	0.0384615384615
48827	0.0384615384615
50846	0.0384615384615
52616	0.0384615384615
52807	0.0384615384615
53581	0.0384615384615
58582	0.0384615384615
165	0.0377358490566
849	0.0377358490566
13261	0.0377358490566
875	0.037037037037
906	0.037037037037
5238	0.037037037037
6730	0.037037037037
7412	0.037037037037
7469	0.037037037037
8753	0.037037037037
8835	0.037037037037
9904	0.037037037037
14539	0.037037037037
15885	0.037037037037
17563	0.037037037037
17652	0.037037037037
18247	0.037037037037
18654	0.037037037037
19010	0.037037037037
20388	0.037037037037
20869	0.037037037037
23503	0.037037037037
23520	0.037037037037
24423	0.037037037037
26248	0.037037037037
26296	0.037037037037
27243	0.037037037037
39414	0.037037037037
39764	0.037037037037
41128	0.037037037037
42976	0.037037037037
43278	0.037037037037
47419	0.037037037037
51788	0.037037037037
52287	0.037037037037
93	0.0357142857143
1548	0.0357142857143
4905	0.0357142857143
7154	0.0357142857143
7665	0.0357142857143
15241	0.0357142857143
15758	0.0357142857143
22614	0.0357142857143
24134	0.0357142857143
27894	0.0357142857143
29127	0.0357142857143
30637	0.0357142857143
31292	0.0357142857143
31429	0.0357142857143
33948	0.0357142857143
36337	0.0357142857143
36500	0.0357142857143
36754	0.0357142857143
38658	0.0357142857143
40642	0.0357142857143
42697	0.0357142857143
48983	0.0357142857143
49681	0.0357142857143
50046	0.0357142857143
51231	0.0357142857143
52602	0.0357142857143
54495	0.0357142857143
60522	0.0357142857143
61029	0.0357142857143
20490	0.0350877192982
39024	0.0348837209302
84	0.0344827586207
2510	0.0344827586207
6112	0.0344827586207
6321	0.0344827586207
8517	0.0344827586207
8754	0.0344827586207
9206	0.0344827586207
13131	0.0344827586207
14904	0.0344827586207
15739	0.0344827586207
17038	0.0344827586207
17891	0.0344827586207
17995	0.0344827586207
18467	0.0344827586207
25274	0.0344827586207
25456	0.0344827586207
28344	0.0344827586207
29571	0.0344827586207
29638	0.0344827586207
31927	0.0344827586207
35900	0.0344827586207
36707	0.0344827586207
37520	0.0344827586207
41580	0.0344827586207
43348	0.0344827586207
43361	0.0344827586207
45609	0.0344827586207
48849	0.0344827586207
52260	0.0344827586207
52650	0.0344827586207
59571	0.0344827586207
11743	0.0338983050847
26191	0.0338983050847
59869	0.0338983050847
1134	0.0333333333333
4304	0.0333333333333
4345	0.0333333333333
4777	0.0333333333333
5179	0.0333333333333
18110	0.0333333333333
19882	0.0333333333333
20724	0.0333333333333
21735	0.0333333333333
26506	0.0333333333333
27039	0.0333333333333
38259	0.0333333333333
40331	0.0333333333333
45948	0.0333333333333
49771	0.0333333333333
52505	0.0333333333333
56032	0.0333333333333
59606	0.0333333333333
60179	0.0333333333333
17556	0.032967032967
251	0.0322580645161
404	0.0322580645161
847	0.0322580645161
3211	0.0322580645161
7511	0.0322580645161
7973	0.0322580645161
8745	0.0322580645161
9587	0.0322580645161
11668	0.0322580645161
14927	0.0322580645161
16655	0.0322580645161
16716	0.0322580645161
22059	0.0322580645161
23714	0.0322580645161
23907	0.0322580645161
24956	0.0322580645161
25722	0.0322580645161
26164	0.0322580645161
28050	0.0322580645161
28463	0.0322580645161
30701	0.0322580645161
31030	0.0322580645161
31960	0.0322580645161
34074	0.0322580645161
41288	0.0322580645161
41507	0.0322580645161
41971	0.0322580645161
45714	0.0322580645161
51100	0.0322580645161
52198	0.0322580645161
52430	0.0322580645161
60105	0.0322580645161
31428	0.031746031746
2392	0.03125
9598	0.03125
18016	0.03125
19835	0.03125
20384	0.03125
21684	0.03125
28460	0.03125
36021	0.03125
36252	0.03125
37410	0.03125
38963	0.03125
42689	0.03125
43057	0.03125
43277	0.03125
48784	0.03125
52374	0.03125
52904	0.03125
57736	0.03125
6259	0.0307692307692
35708	0.0307692307692
50893	0.0307692307692
31298	0.030612244898
300	0.030303030303
843	0.030303030303
2330	0.030303030303
3973	0.030303030303
5030	0.030303030303
6845	0.030303030303
7110	0.030303030303
7464	0.030303030303
9286	0.030303030303
10313	0.030303030303
10393	0.030303030303
19956	0.030303030303
20816	0.030303030303
26124	0.030303030303
27524	0.030303030303
28200	0.030303030303
33035	0.030303030303
36069	0.030303030303
39434	0.030303030303
44842	0.030303030303
45179	0.030303030303
50955	0.030303030303
51609	0.030303030303
60133	0.030303030303
32226	0.0298507462687
220	0.0294117647059
8207	0.0294117647059
10346	0.0294117647059
12517	0.0294117647059
15361	0.0294117647059
16973	0.0294117647059
17666	0.0294117647059
20461	0.0294117647059
21705	0.0294117647059
34240	0.0294117647059
35283	0.0294117647059
37681	0.0294117647059
41130	0.0294117647059
42997	0.0294117647059
43377	0.0294117647059
43701	0.0294117647059
45891	0.0294117647059
50324	0.0294117647059
52535	0.0294117647059
53189	0.0294117647059
59546	0.0294117647059
60323	0.0294117647059
61137	0.0294117647059
36676	0.0289855072464
1636	0.0285714285714
1727	0.0285714285714
5205	0.0285714285714
15608	0.0285714285714
23508	0.0285714285714
24417	0.0285714285714
26293	0.0285714285714
27978	0.0285714285714
30919	0.0285714285714
34903	0.0285714285714
39607	0.0285714285714
40409	0.0285714285714
41744	0.0285714285714
41944	0.0285714285714
41946	0.0285714285714
42624	0.0285714285714
45069	0.0285714285714
45641	0.0285714285714
45766	0.0285714285714
48145	0.0285714285714
50746	0.0285714285714
50990	0.0285714285714
52171	0.0285714285714
52468	0.0285714285714
59921	0.0285714285714
41984	0.0281690140845
53257	0.0281690140845
8736	0.0277777777778
8888	0.0277777777778
9534	0.0277777777778
12092	0.0277777777778
13787	0.0277777777778
17394	0.0277777777778
17545	0.0277777777778
17978	0.0277777777778
18240	0.0277777777778
18630	0.0277777777778
21391	0.0277777777778
23053	0.0277777777778
34439	0.0277777777778
36161	0.0277777777778
39742	0.0277777777778
41075	0.0277777777778
43091	0.0277777777778
43312	0.0277777777778
44841	0.0277777777778
51279	0.0277777777778
53335	0.0277777777778
60650	0.0277777777778
60986	0.0277777777778
47553	0.0275229357798
1493	0.027027027027
4192	0.027027027027
17293	0.027027027027
21663	0.027027027027
21718	0.027027027027
24721	0.027027027027
30675	0.027027027027
34415	0.027027027027
39890	0.027027027027
40886	0.027027027027
42373	0.027027027027
46604	0.027027027027
46726	0.027027027027
48442	0.027027027027
48568	0.027027027027
51399	0.027027027027
51999	0.027027027027
52744	0.027027027027
59837	0.027027027027
61231	0.027027027027
586	0.0263157894737
984	0.0263157894737
4933	0.0263157894737
7078	0.0263157894737
8423	0.0263157894737
8492	0.0263157894737
9148	0.0263157894737
12175	0.0263157894737
15622	0.0263157894737
18105	0.0263157894737
19903	0.0263157894737
22546	0.0263157894737
23789	0.0263157894737
25716	0.0263157894737
26661	0.0263157894737
41005	0.0263157894737
41843	0.0263157894737
42432	0.0263157894737
43037	0.0263157894737
50402	0.0263157894737
51085	0.0263157894737
51125	0.0263157894737
51239	0.0263157894737
56753	0.0263157894737
2435	0.025641025641
5543	0.025641025641
7084	0.025641025641
7499	0.025641025641
11662	0.025641025641
20477	0.025641025641
22128	0.025641025641
26538	0.025641025641
36770	0.025641025641
37118	0.025641025641
50177	0.025641025641
51177	0.025641025641
51679	0.025641025641
52073	0.025641025641
52737	0.025641025641
59792	0.025641025641
927	0.025
4147	0.025
4633	0.025
5183	0.025
10828	0.025
14489	0.025
15266	0.025
16118	0.025
16790	0.025
18637	0.025
18926	0.025
25859	0.025
29844	0.025
40607	0.025
48853	0.025
50079	0.025
50861	0.025
51063	0.025
51653	0.025
52448	0.025
60332	0.025
34103	0.0246913580247
806	0.0243902439024
1578	0.0243902439024
4738	0.0243902439024
9427	0.0243902439024
11228	0.0243902439024
16878	0.0243902439024
17228	0.0243902439024
22645	0.0243902439024
24451	0.0243902439024
29041	0.0243902439024
30154	0.0243902439024
30898	0.0243902439024
31018	0.0243902439024
32044	0.0243902439024
32204	0.0243902439024
34318	0.0243902439024
37181	0.0243902439024
37740	0.0243902439024
37913	0.0243902439024
41761	0.0243902439024
43195	0.0243902439024
51080	0.0243902439024
51473	0.0243902439024
51683	0.0243902439024
51831	0.0243902439024
51941	0.0243902439024
52237	0.0243902439024
1287	0.0238095238095
2826	0.0238095238095
2945	0.0238095238095
6328	0.0238095238095
11625	0.0238095238095
15818	0.0238095238095
16148	0.0238095238095
27821	0.0238095238095
30987	0.0238095238095
31733	0.0238095238095
33818	0.0238095238095
37580	0.0238095238095
38721	0.0238095238095
42846	0.0238095238095
45720	0.0238095238095
52317	0.0238095238095
58279	0.0238095238095
59581	0.0238095238095
60167	0.0238095238095
8894	0.0235294117647
10342	0.0232558139535
11380	0.0232558139535
22227	0.0232558139535
23704	0.0232558139535
32472	0.0232558139535
33356	0.0232558139535
36701	0.0232558139535
40313	0.0232558139535
42679	0.0232558139535
42829	0.0232558139535
43006	0.0232558139535
43611	0.0232558139535
49678	0.0232558139535
51615	0.0232558139535
52354	0.0232558139535
59864	0.0232558139535
17027	0.0229885057471
2548	0.0227272727273
8742	0.0227272727273
11185	0.0227272727273
25073	0.0227272727273
25637	0.0227272727273
31822	0.0227272727273
34252	0.0227272727273
41663	0.0227272727273
42416	0.0227272727273
42466	0.0227272727273
47336	0.0227272727273
47944	0.0227272727273
50098	0.0227272727273
51665	0.0227272727273
59891	0.0227272727273
60451	0.0227272727273
42035	0.0224719101124
59507	0.0224719101124
30845	0.0223880597015
390	0.0222222222222
6395	0.0222222222222
8914	0.0222222222222
9818	0.0222222222222
10012	0.0222222222222
12386	0.0222222222222
13110	0.0222222222222
23438	0.0222222222222
24647	0.0222222222222
25603	0.0222222222222
26005	0.0222222222222
28334	0.0222222222222
29913	0.0222222222222
32013	0.0222222222222
34072	0.0222222222222
35052	0.0222222222222
38665	0.0222222222222
51501	0.0222222222222
60207	0.0222222222222
845	0.0217391304348
1558	0.0217391304348
1778	0.0217391304348
7388	0.0217391304348
16093	0.0217391304348
25156	0.0217391304348
30618	0.0217391304348
30964	0.0217391304348
31756	0.0217391304348
33937	0.0217391304348
35376	0.0217391304348
36805	0.0217391304348
41512	0.0217391304348
41604	0.0217391304348
42616	0.0217391304348
49119	0.0217391304348
52185	0.0217391304348
52887	0.0217391304348
59521	0.0217391304348
59522	0.0217391304348
60589	0.0217391304348
21983	0.0215053763441
70	0.0212765957447
3918	0.0212765957447
6124	0.0212765957447
8735	0.0212765957447
11012	0.0212765957447
12426	0.0212765957447
21210	0.0212765957447
21373	0.0212765957447
27271	0.0212765957447
30671	0.0212765957447
31006	0.0212765957447
32923	0.0212765957447
40248	0.0212765957447
40406	0.0212765957447
40994	0.0212765957447
42152	0.0212765957447
42800	0.0212765957447
44369	0.0212765957447
44663	0.0212765957447
51439	0.0212765957447
51716	0.0212765957447
52211	0.0212765957447
59537	0.0212765957447
60020	0.0212765957447
16204	0.0210526315789
32130	0.0210526315789
2899	0.0208333333333
3385	0.0208333333333
3742	0.0208333333333
11258	0.0208333333333
14748	0.0208333333333
18256	0.0208333333333
20728	0.0208333333333
24804	0.0208333333333
25574	0.0208333333333
27416	0.0208333333333
32778	0.0208333333333
37879	0.0208333333333
38088	0.0208333333333
38291	0.0208333333333
42345	0.0208333333333
45962	0.0208333333333
51058	0.0208333333333
52557	0.0208333333333
35698	0.020618556701
2687	0.0204081632653
2754	0.0204081632653
2901	0.0204081632653
5162	0.0204081632653
6599	0.0204081632653
9254	0.0204081632653
9663	0.0204081632653
10190	0.0204081632653
18367	0.0204081632653
32664	0.0204081632653
33102	0.0204081632653
34211	0.0204081632653
35973	0.0204081632653
37316	0.0204081632653
37568	0.0204081632653
40297	0.0204081632653
41534	0.0204081632653
41694	0.0204081632653
42636	0.0204081632653
41113	0.020202020202
523	0.02
554	0.02
1799	0.02
6397	0.02
9801	0.02
13073	0.02
14857	0.02
23850	0.02
28330	0.02
36060	0.02
38835	0.02
39419	0.02
41650	0.02
42074	0.02
42716	0.02
50337	0.02
51398	0.02
51762	0.02
53243	0.02
59817	0.02
766	0.019801980198
10973	0.019801980198
27019	0.019801980198
3911	0.0196078431373
5624	0.0196078431373
6105	0.0196078431373
11904	0.0196078431373
28165	0.0196078431373
31907	0.0196078431373
41231	0.0196078431373
44145	0.0196078431373
45878	0.0196078431373
51505	0.0194174757282
57861	0.0193548387097
387	0.0192307692308
4891	0.0192307692308
14347	0.0192307692308
20526	0.0192307692308
25313	0.0192307692308
27033	0.0192307692308
34443	0.0192307692308
35391	0.0192307692308
38083	0.0192307692308
41162	0.0192307692308
48295	0.0192307692308
49495	0.0192307692308
51262	0.0192307692308
51567	0.0192307692308
51804	0.0192307692308
55950	0.0192307692308
52802	0.0191082802548
51590	0.0190476190476
5547	0.0188679245283
7310	0.0188679245283
9824	0.0188679245283
12948	0.0188679245283
15206	0.0188679245283
15471	0.0188679245283
18521	0.0188679245283
18967	0.0188679245283
21242	0.0188679245283
21412	0.0188679245283
26713	0.0188679245283
30680	0.0188679245283
36024	0.0188679245283
36483	0.0188679245283
37670	0.0188679245283
39400	0.0188679245283
42931	0.0188679245283
45072	0.0188679245283
48608	0.0188679245283
51130	0.0188679245283
51751	0.0188679245283
51958	0.0188679245283
52357	0.0188679245283
61040	0.0188679245283
42145	0.01875
5350	0.018691588785
35486	0.018691588785
4305	0.0185185185185
10400	0.0185185185185
12570	0.0185185185185
12724	0.0185185185185
13560	0.0185185185185
24874	0.0185185185185
25974	0.0185185185185
29027	0.0185185185185
30131	0.0185185185185
31022	0.0185185185185
33488	0.0185185185185
42285	0.0185185185185
43222	0.0185185185185
45125	0.0185185185185
46442	0.0185185185185
51327	0.0185185185185
52523	0.0185185185185
52953	0.0185185185185
53297	0.0185185185185
28805	0.0183486238532
2544	0.0181818181818
2772	0.0181818181818
28976	0.0181818181818
30792	0.0181818181818
33312	0.0181818181818
37215	0.0181818181818
38723	0.0181818181818
39964	0.0181818181818
41135	0.0181818181818
41206	0.0181818181818
41283	0.0181818181818
43717	0.0181818181818
48973	0.0181818181818
50912	0.0181818181818
52898	0.0181818181818
60352	0.0181818181818
60400	0.0181818181818
60610	0.0181818181818
2403	0.0179640718563
2211	0.0178571428571
12795	0.0178571428571
13005	0.0178571428571
15218	0.0178571428571
16774	0.0178571428571
29785	0.0178571428571
34971	0.0178571428571
34986	0.0178571428571
38649	0.0178571428571
42211	0.0178571428571
43463	0.0178571428571
51468	0.0178571428571
59684	0.0178571428571
37190	0.0176991150442
3223	0.0175438596491
8759	0.0175438596491
9421	0.0175438596491
20362	0.0175438596491
29596	0.0175438596491
34348	0.0175438596491
35155	0.0175438596491
41606	0.0175438596491
45884	0.0175438596491
51195	0.0175438596491
43828	0.0173913043478
397	0.0172413793103
1814	0.0172413793103
3666	0.0172413793103
11250	0.0172413793103
15127	0.0172413793103
15820	0.0172413793103
15869	0.0172413793103
20465	0.0172413793103
22876	0.0172413793103
25266	0.0172413793103
30949	0.0172413793103
35203	0.0172413793103
37156	0.0172413793103
39002	0.0172413793103
41002	0.0172413793103
43164	0.0172413793103
46975	0.0172413793103
47638	0.0172413793103
48224	0.0172413793103
48701	0.0172413793103
60641	0.0172413793103
12343	0.017094017094
4959	0.0169491525424
7281	0.0169491525424
10022	0.0169491525424
10340	0.0169491525424
22238	0.0169491525424
23046	0.0169491525424
26275	0.0169491525424
29379	0.0169491525424
33627	0.0169491525424
37695	0.0169491525424
39438	0.0169491525424
41110	0.0169491525424
42349	0.0169491525424
44333	0.0169491525424
46658	0.0169491525424
47467	0.0169491525424
52963	0.0169491525424
10054	0.0168067226891
41303	0.0168067226891
39360	0.0167597765363
515	0.0166666666667
550	0.0166666666667
6958	0.0166666666667
10680	0.0166666666667
20098	0.0166666666667
23210	0.0166666666667
32493	0.0166666666667
34618	0.0166666666667
39767	0.0166666666667
42317	0.0166666666667
48498	0.0166666666667
49336	0.0166666666667
50330	0.0166666666667
51345	0.0166666666667
51813	0.0166666666667
52058	0.0166666666667
52367	0.0166666666667
58913	0.0166666666667
7913	0.016393442623
10613	0.016393442623
10928	0.016393442623
22773	0.016393442623
22939	0.016393442623
25439	0.016393442623
33267	0.016393442623
36401	0.016393442623
41471	0.016393442623
44500	0.016393442623
49842	0.016393442623
59816	0.016393442623
285	0.0161290322581
1111	0.0161290322581
1196	0.0161290322581
2925	0.0161290322581
4414	0.0161290322581
6136	0.0161290322581
13622	0.0161290322581
17331	0.0161290322581
28438	0.0161290322581
29743	0.0161290322581
33840	0.0161290322581
41811	0.0161290322581
59872	0.0161290322581
11300	0.0160427807487
3565	0.016
10961	0.015873015873
35747	0.015873015873
36948	0.015873015873
52459	0.015873015873
37225	0.0158227848101
1257	0.015625
3820	0.015625
9685	0.015625
14022	0.015625
34694	0.015625
36489	0.015625
38575	0.015625
39078	0.015625
44486	0.015625
59790	0.015625
12017	0.0155440414508
16273	0.0155440414508
4006	0.015503875969
4775	0.015503875969
48902	0.015503875969
887	0.0153846153846
5267	0.0153846153846
5672	0.0153846153846
26660	0.0153846153846
33693	0.0153846153846
33781	0.0153846153846
37795	0.0153846153846
38725	0.0153846153846
41914	0.0153846153846
51775	0.0153846153846
52623	0.0153846153846
17554	0.0152671755725
695	0.0151515151515
982	0.0151515151515
3934	0.0151515151515
27282	0.0151515151515
28450	0.0151515151515
29332	0.0151515151515
30820	0.0151515151515
32631	0.0151515151515
39657	0.0151515151515
40848	0.0151515151515
42200	0.0151515151515
46542	0.0151515151515
50894	0.0151515151515
52531	0.0151515151515
52843	0.0151515151515
63	0.0149253731343
11401	0.0149253731343
14667	0.0149253731343
18437	0.0149253731343
41858	0.0149253731343
42001	0.0149253731343
52567	0.0149253731343
53019	0.0149253731343
26416	0.0148148148148
38330	0.0148148148148
41099	0.0148148148148
101	0.0147058823529
817	0.0147058823529
1685	0.0147058823529
2171	0.0147058823529
18108	0.0147058823529
19962	0.0147058823529
27517	0.0147058823529
38452	0.0147058823529
41158	0.0147058823529
42959	0.0147058823529
45671	0.0147058823529
50146	0.0147058823529
50941	0.0147058823529
51403	0.0147058823529
51805	0.0147058823529
3328	0.0144927536232
13403	0.0144927536232
16963	0.0144927536232
28294	0.0144927536232
35569	0.0144927536232
41251	0.0144927536232
42248	0.0144927536232
45117	0.0144927536232
52230	0.0144927536232
2757	0.014440433213
1228	0.0142857142857
4158	0.0142857142857
16433	0.0142857142857
20165	0.0142857142857
21561	0.0142857142857
22573	0.0142857142857
25002	0.0142857142857
28578	0.0142857142857
29680	0.0142857142857
38681	0.0142857142857
40356	0.0142857142857
41388	0.0142857142857
41584	0.0142857142857
42097	0.0142857142857
42714	0.0142857142857
52144	0.0142857142857
52940	0.0142857142857
59604	0.0142857142857
846	0.0140845070423
5368	0.0140845070423
5876	0.0140845070423
14002	0.0140845070423
17598	0.0140845070423
21310	0.0140845070423
33113	0.0140845070423
36145	0.0140845070423
41542	0.0140845070423
41607	0.0140845070423
43414	0.0140845070423
47064	0.0140845070423
51421	0.0140845070423
52128	0.0140845070423
4695	0.0140186915888
7101	0.0138888888889
27235	0.0138888888889
32480	0.0138888888889
34658	0.0138888888889
35262	0.0138888888889
36112	0.0138888888889
37845	0.0138888888889
41117	0.0138888888889
41161	0.0138888888889
41174	0.0138888888889
6928	0.0137931034483
53	0.013698630137
1098	0.013698630137
5535	0.013698630137
8198	0.013698630137
17275	0.013698630137
38820	0.013698630137
39239	0.013698630137
44787	0.013698630137
51012	0.013698630137
51498	0.013698630137
52450	0.013698630137
61099	0.013698630137
4280	0.0136054421769
9245	0.0136054421769
1147	0.0135135135135
21982	0.0135135135135
22554	0.0135135135135
38995	0.0135135135135
41994	0.0135135135135
42609	0.0135135135135
42750	0.0135135135135
50578	0.0135135135135
59547	0.0135135135135
4656	0.0133333333333
4746	0.0133333333333
12838	0.0133333333333
26530	0.0133333333333
29465	0.0133333333333
38657	0.0133333333333
40923	0.0133333333333
42204	0.0133333333333
42790	0.0133333333333
44525	0.0133333333333
51401	0.0133333333333
52034	0.0133333333333
52239	0.0133333333333
15638	0.0132450331126
36897	0.0132450331126
3698	0.0131578947368
3761	0.0131578947368
10633	0.0131578947368
25806	0.0131578947368
28592	0.0131578947368
41022	0.0131578947368
41848	0.0131578947368
54435	0.0131578947368
60215	0.0131578947368
3436	0.0130718954248
13621	0.0130718954248
14013	0.0130718954248
632	0.012987012987
6906	0.012987012987
26529	0.012987012987
27419	0.012987012987
28458	0.012987012987
33890	0.012987012987
38864	0.012987012987
41527	0.012987012987
50851	0.012987012987
52962	0.012987012987
1039	0.0129032258065
2848	0.0128755364807
33377	0.0128755364807
39209	0.0128755364807
2096	0.0128205128205
2282	0.0128205128205
28781	0.0128205128205
29530	0.0128205128205
34950	0.0128205128205
35958	0.0128205128205
38519	0.0128205128205
41736	0.0128205128205
50249	0.0128205128205
29780	0.0127118644068
2852	0.0126582278481
2874	0.0126582278481
11559	0.0126582278481
19843	0.0126582278481
41390	0.0126582278481
42925	0.0126582278481
43630	0.0126582278481
52857	0.0126582278481
59681	0.0126582278481
10096	0.0125786163522
46722	0.0125786163522
618	0.0125
2690	0.0125
7462	0.0125
16847	0.0125
18698	0.0125
27031	0.0125
32753	0.0125
33922	0.0125
38989	0.0125
41329	0.0125
42103	0.0125
4900	0.0123966942149
12280	0.0123456790123
19521	0.0123456790123
20996	0.0123456790123
42295	0.0123456790123
44323	0.0123456790123
51506	0.0123456790123
53004	0.0123456790123
5715	0.0122699386503
4327	0.0122448979592
322	0.0121951219512
2387	0.0121951219512
4128	0.0121951219512
5124	0.0121951219512
15264	0.0121951219512
18769	0.0121951219512
30195	0.0121951219512
35199	0.0121951219512
51102	0.0121951219512
52629	0.0121951219512
859	0.0120481927711
26175	0.0120481927711
30694	0.0120481927711
38642	0.0120481927711
38758	0.0120481927711
51509	0.0120481927711
52190	0.0120481927711
41054	0.012
24373	0.0119760479042
24606	0.0119760479042
50845	0.0119521912351
34166	0.0119047619048
45354	0.0119047619048
37680	0.0118343195266
1487	0.0117647058824
7509	0.0117647058824
9924	0.0117647058824
27052	0.0117647058824
41122	0.0117647058824
512	0.0116279069767
1877	0.0116279069767
2917	0.0116279069767
2934	0.0116279069767
17625	0.0116279069767
20290	0.0116279069767
21870	0.0116279069767
26762	0.0116279069767
34621	0.0116279069767
41114	0.0116279069767
41313	0.0116279069767
41409	0.0116279069767
49465	0.0116279069767
51884	0.0116279069767
59558	0.0116279069767
23415	0.0115606936416
34217	0.0115606936416
51029	0.0115606936416
10157	0.0114942528736
12194	0.0114942528736
13092	0.0114942528736
17095	0.0114942528736
28415	0.0114942528736
29005	0.0114942528736
39722	0.0114942528736
52884	0.0114942528736
22401	0.0114285714286
34121	0.0114285714286
7311	0.0113636363636
10852	0.0113636363636
17303	0.0113636363636
25273	0.0113636363636
29582	0.0113636363636
36736	0.0113636363636
40843	0.0113636363636
41856	0.0113636363636
42932	0.0113636363636
43522	0.0113636363636
44136	0.0113636363636
47918	0.0113636363636
50961	0.0113636363636
52102	0.0113636363636
283	0.0112359550562
8142	0.0112359550562
10328	0.0112359550562
12597	0.0112359550562
16770	0.0112359550562
46731	0.0112359550562
49401	0.0112359550562
5230	0.0111731843575
29024	0.0111731843575
1553	0.0111111111111
4468	0.0111111111111
35275	0.0111111111111
43269	0.0111111111111
41048	0.01108033241
20675	0.0110497237569
13660	0.010989010989
29603	0.010989010989
29909	0.010989010989
40202	0.010989010989
41272	0.010989010989
41581	0.010989010989
42182	0.010989010989
42811	0.010989010989
51055	0.010989010989
18556	0.0109489051095
4149	0.0108695652174
10220	0.0108695652174
20089	0.0108695652174
24717	0.0108695652174
26600	0.0108695652174
30619	0.0108695652174
37806	0.0108695652174
41132	0.0108695652174
41278	0.0108695652174
51229	0.0108695652174
52733	0.0108695652174
5622	0.0108401084011
11776	0.0108108108108
41040	0.0108108108108
11359	0.010781671159
763	0.010752688172
2679	0.010752688172
4867	0.010752688172
12717	0.010752688172
16516	0.010752688172
19506	0.010752688172
40976	0.010752688172
41097	0.010752688172
41880	0.010752688172
20506	0.0107238605898
28830	0.0107238605898
29394	0.0107142857143
1528	0.0106382978723
7654	0.0106382978723
8724	0.0106382978723
14573	0.0106382978723
16917	0.0106382978723
17771	0.0106382978723
38676	0.0106382978723
42414	0.0106382978723
53234	0.0106382978723
1231	0.010582010582
41204	0.010582010582
9609	0.0105263157895
18374	0.0105263157895
40752	0.0105263157895
42378	0.0105263157895
51967	0.0105263157895
52197	0.0105263157895
25414	0.0104895104895
4335	0.0104529616725
4242	0.0104166666667
4814	0.0104166666667
28621	0.0104166666667
28793	0.0104166666667
51193	0.0104166666667
51283	0.0104166666667
36967	0.0103626943005
3542	0.0103092783505
10388	0.0103092783505
35594	0.0103092783505
51242	0.0103092783505
51792	0.0103092783505
52415	0.0103092783505
52952	0.0103092783505
11381	0.0102739726027
870	0.0102040816327
4873	0.0102040816327
7739	0.0102040816327
13385	0.0102040816327
22731	0.0102040816327
27537	0.0102040816327
33855	0.0102040816327
34191	0.0102040816327
36632	0.0102040816327
41833	0.0102040816327
51092	0.0102040816327
52615	0.0102040816327
61042	0.0102040816327
3022	0.0101351351351
29724	0.0101351351351
1256	0.010101010101
4769	0.010101010101
23619	0.010101010101
31307	0.010101010101
41157	0.010101010101
46620	0.010101010101
49335	0.010101010101
50984	0.010101010101
53065	0.010101010101
40969	0.010067114094
112	0.01
2410	0.01
10013	0.01
18974	0.01
21507	0.01
22398	0.01
36686	0.01
39358	0.01
11262	0.00990099009901
14656	0.00990099009901
17570	0.00990099009901
22524	0.00990099009901
37194	0.00990099009901
40936	0.00990099009901
41201	0.00990099009901
41271	0.00990099009901
48221	0.00990099009901
95	0.00980392156863
8901	0.00980392156863
11886	0.00980392156863
41269	0.00980392156863
44433	0.00980392156863
51234	0.00980392156863
14406	0.00970873786408
32418	0.00970873786408
41042	0.00970873786408
41570	0.00970873786408
48910	0.00970873786408
52560	0.00970873786408
52564	0.00970873786408
55746	0.00970873786408
51697	0.00966183574879
34548	0.0096463022508
377	0.00961538461538
913	0.00961538461538
3861	0.00961538461538
38338	0.00961538461538
52362	0.00961538461538
52741	0.00961538461538
7100	0.00956937799043
26195	0.00956937799043
1252	0.00952380952381
3488	0.00952380952381
4752	0.00952380952381
5419	0.00952380952381
18327	0.00952380952381
18378	0.00952380952381
31299	0.00952380952381
31962	0.00952380952381
41239	0.00952380952381
51044	0.00952380952381
2089	0.00943396226415
9625	0.00943396226415
118	0.00934579439252
3294	0.00934579439252
11866	0.00934579439252
21978	0.00934579439252
41308	0.00934579439252
41618	0.00934579439252
41942	0.00934579439252
50885	0.0093023255814
5023	0.00925925925926
14832	0.00925925925926
25165	0.00925925925926
29707	0.00925925925926
51228	0.00925925925926
51707	0.00925925925926
52092	0.00925925925926
59627	0.00925925925926
27579	0.00921658986175
4770	0.00917431192661
9715	0.00917431192661
12552	0.00917431192661
12856	0.00917431192661
14839	0.00917431192661
23388	0.00917431192661
33716	0.00917431192661
43542	0.00917431192661
3859	0.00913242009132
5616	0.00911854103343
1975	0.00909090909091
5712	0.00909090909091
10492	0.00909090909091
11378	0.00909090909091
11760	0.00909090909091
21312	0.00909090909091
24088	0.00909090909091
41012	0.00909090909091
41078	0.00909090909091
52891	0.00909090909091
9636	0.00900900900901
45717	0.00900900900901
47448	0.00900900900901
50506	0.00900900900901
50886	0.00900900900901
41032	0.00898203592814
1655	0.0089552238806
694	0.00892857142857
1821	0.00892857142857
4868	0.00892857142857
36275	0.00892857142857
42483	0.00892857142857
43219	0.00892857142857
50938	0.00892857142857
29444	0.00888888888889
34929	0.00888888888889
38795	0.00888888888889
689	0.00886917960089
17389	0.00884955752212
18002	0.00884955752212
40869	0.00884955752212
41935	0.00884955752212
53069	0.00881057268722
24922	0.00877192982456
26162	0.00877192982456
28711	0.00877192982456
41000	0.00877192982456
43749	0.00877192982456
32823	0.00873362445415
51099	0.00873362445415
17764	0.00869565217391
24971	0.00869565217391
37737	0.00869565217391
40981	0.00869565217391
41045	0.00869565217391
42053	0.00869565217391
52521	0.00869565217391
16231	0.00862068965517
20636	0.00862068965517
22031	0.00862068965517
36105	0.00862068965517
39288	0.00862068965517
631	0.00860215053763
21331	0.00858369098712
2361	0.00854700854701
6634	0.00854700854701
17188	0.00854700854701
27859	0.00854700854701
40411	0.00854700854701
51139	0.00854700854701
5693	0.00849256900212
6330	0.00847457627119
29790	0.00847457627119
31306	0.00847457627119
41091	0.00847457627119
50936	0.00847457627119
52382	0.00847457627119
52428	0.00847457627119
41140	0.0084388185654
1272	0.00840336134454
5113	0.00840336134454
5603	0.00840336134454
13124	0.00840336134454
31895	0.00840336134454
41172	0.00840336134454
40987	0.00839160839161
41003	0.00836820083682
27225	0.00833333333333
31720	0.00833333333333
41136	0.00833333333333
41322	0.00833333333333
2785	0.00829875518672
4057	0.00826446280992
11871	0.00826446280992
39210	0.00826446280992
39404	0.00826446280992
47430	0.00826446280992
1062	0.0082304526749
51724	0.0082304526749
50855	0.00821917808219
14275	0.00819672131148
20111	0.00819672131148
41179	0.00819672131148
41225	0.00819672131148
41826	0.00819672131148
43088	0.00819672131148
1144	0.00816326530612
10920	0.00816326530612
22717	0.00816326530612
52471	0.00816326530612
5221	0.00813008130081
18134	0.00813008130081
36537	0.00813008130081
39483	0.00813008130081
40036	0.00813008130081
41353	0.00813008130081
14525	0.00806451612903
33510	0.00806451612903
34724	0.00806451612903
47503	0.00806451612903
51173	0.00806451612903
60005	0.00806451612903
17938	0.00804828973843
18205	0.00803212851406
37762	0.00803212851406
2367	0.008
26199	0.008
37947	0.008
39140	0.008
41050	0.008
43787	0.008
45093	0.008
47675	0.008
51632	0.008
59611	0.008
9188	0.00796812749004
1328	0.00793650793651
5804	0.00793650793651
31170	0.00793650793651
51549	0.00793650793651
21323	0.00789473684211
41109	0.00788954635108
6218	0.00787401574803
10789	0.00787401574803
17583	0.00787401574803
26674	0.00787401574803
27949	0.00787401574803
34169	0.00787401574803
51232	0.00787401574803
51765	0.00787401574803
35809	0.00783289817232
888	0.0078125
2927	0.0078125
6404	0.0078125
10287	0.0078125
20647	0.0078125
25305	0.0078125
25834	0.0078125
28155	0.0078125
30923	0.0078125
34521	0.0078125
38701	0.0078125
50923	0.00778210116732
1984	0.00776397515528
6657	0.0077519379845
9753	0.0077519379845
17015	0.00769230769231
32146	0.00769230769231
33680	0.00769230769231
41056	0.00769230769231
51039	0.00769230769231
35847	0.00766283524904
83	0.00763358778626
2071	0.00763358778626
11489	0.00763358778626
15325	0.00763358778626
34155	0.00763358778626
41425	0.00763358778626
51030	0.00763358778626
51340	0.00763358778626
53361	0.00763358778626
23150	0.0076103500761
47637	0.00760456273764
34751	0.00759013282732
1362	0.00757575757576
2090	0.00757575757576
26711	0.00757575757576
31312	0.00757575757576
34391	0.00757575757576
17596	0.00754147812971
10987	0.00753768844221
7427	0.00751879699248
15288	0.00751879699248
22319	0.00751879699248
22941	0.00751879699248
38078	0.00751879699248
42156	0.00751879699248
52331	0.00751879699248
40971	0.00750469043152
2110	0.00746268656716
2905	0.00746268656716
9471	0.00746268656716
13418	0.00746268656716
41055	0.00746268656716
41188	0.00743494423792
1119	0.00742574257426
1167	0.00740740740741
14502	0.00740740740741
14698	0.00740740740741
39771	0.00740740740741
4136	0.00735294117647
5552	0.00735294117647
12325	0.00735294117647
13149	0.00735294117647
26437	0.00735294117647
28379	0.00735294117647
39478	0.00735294117647
17790	0.00732600732601
17939	0.00732600732601
11769	0.00729927007299
29992	0.00729927007299
32612	0.00729927007299
41819	0.00729927007299
51496	0.00729927007299
22929	0.00729261622607
41208	0.00727272727273
1117	0.00724637681159
3492	0.00724637681159
10112	0.00724637681159
15825	0.00724637681159
19288	0.00724637681159
25570	0.00724637681159
26173	0.00724637681159
38708	0.00724637681159
43376	0.00724637681159
5809	0.00720072007201
3116	0.00719424460432
5618	0.00719424460432
14277	0.00719424460432
15782	0.00719424460432
35920	0.00719424460432
50995	0.00719424460432
128	0.00714285714286
2613	0.00714285714286
13076	0.00714285714286
2186	0.00713266761769
7062	0.00711743772242
35178	0.00711743772242
2130	0.00709219858156
5218	0.00709219858156
41079	0.00709219858156
50952	0.00709219858156
51875	0.00709219858156
5599	0.00704225352113
10162	0.00704225352113
14476	0.00704225352113
21734	0.00704225352113
22621	0.00704225352113
27087	0.00704225352113
30917	0.00704225352113
41071	0.00704225352113
2312	0.00702987697715
30794	0.00701754385965
4582	0.00699300699301
7451	0.00699300699301
25440	0.00699300699301
28820	0.00699300699301
36037	0.00699300699301
41398	0.00699300699301
41705	0.00699300699301
42270	0.00699300699301
13952	0.00696864111498
9295	0.00694444444444
16831	0.00694444444444
36418	0.00694444444444
41364	0.00692041522491
12393	0.00689655172414
17315	0.00689655172414
41198	0.00689655172414
51212	0.00689655172414
30980	0.00687285223368
40289	0.00686498855835
2070	0.00684931506849
4951	0.00684931506849
7095	0.00684931506849
35039	0.00684931506849
9538	0.00682593856655
172	0.00680272108844
4035	0.00680272108844
30635	0.00680272108844
34607	0.00680272108844
11746	0.00675675675676
52240	0.00671140939597
37800	0.00666666666667
41181	0.00666666666667
2401	0.00662251655629
41011	0.00662251655629
29861	0.00659340659341
2829	0.00657894736842
34254	0.00657894736842
41106	0.00657894736842
23666	0.00656455142232
7214	0.00655737704918
23011	0.00655737704918
3957	0.00653594771242
4513	0.00653594771242
27642	0.00653594771242
36594	0.00653594771242
29145	0.00651465798046
1928	0.00649350649351
2898	0.00649350649351
41154	0.00649350649351
45223	0.00649350649351
5012	0.00645161290323
1118	0.00641848523748
6781	0.00641025641026
8681	0.00638977635783
30625	0.00638977635783
37961	0.0063829787234
9762	0.00636942675159
22534	0.00636942675159
26318	0.00636942675159
38194	0.00636942675159
41066	0.00636942675159
684	0.00632911392405
16784	0.00632911392405
34109	0.00632911392405
41596	0.00632911392405
51179	0.00632911392405
41044	0.00631578947368
23999	0.00630914826498
41058	0.0063025210084
5089	0.0062893081761
12432	0.0062893081761
33762	0.0062893081761
41039	0.0062893081761
41098	0.0062893081761
41832	0.0062893081761
22643	0.00625
40962	0.00625
17152	0.00621118012422
24429	0.00621118012422
27899	0.00621118012422
34522	0.00621118012422
51575	0.00621118012422
52525	0.00621118012422
41126	0.0061919504644
35100	0.00617283950617
38987	0.00617283950617
41552	0.00617283950617
53344	0.00617283950617
36394	0.00616016427105
5420	0.00615006150062
17979	0.00613496932515
18129	0.00613496932515
20591	0.00613496932515
22744	0.00613496932515
32895	0.00613496932515
32935	0.00613496932515
49398	0.00613496932515
868	0.00612557427259
41972	0.00611620795107
3554	0.00609756097561
15851	0.00609756097561
36078	0.00609756097561
51117	0.00609756097561
6213	0.00606060606061
10089	0.00606060606061
19687	0.00606060606061
12511	0.00602409638554
23628	0.00602409638554
992	0.00600600600601
384	0.0059880239521
4739	0.0059880239521
12501	0.0059880239521
20335	0.0059880239521
40989	0.0059880239521
5593	0.00597609561753
254	0.00595238095238
32453	0.00595238095238
37114	0.00595238095238
41355	0.00595238095238
50883	0.00591715976331
33780	0.00588235294118
39426	0.00588235294118
41156	0.00588235294118
42531	0.00588235294118
59661	0.00588235294118
17987	0.00584795321637
39548	0.00584795321637
41060	0.00584795321637
2574	0.00581395348837
2825	0.00581395348837
8210	0.00581395348837
35360	0.00581395348837
41165	0.00581395348837
29686	0.00579710144928
34683	0.00579710144928
31440	0.00579470198675
38191	0.00579374275782
18340	0.00578034682081
51159	0.00578034682081
34858	0.00576923076923
9656	0.00575539568345
107	0.00574712643678
15381	0.00574712643678
18815	0.00574712643678
22838	0.00574712643678
28810	0.00574712643678
40482	0.00574712643678
21797	0.0057361376673
1537	0.00571428571429
10443	0.00571428571429
17461	0.00571428571429
29591	0.00571428571429
51155	0.00571428571429
51838	0.00571428571429
3527	0.00570342205323
7349	0.00569800569801
3946	0.00568181818182
18835	0.00568181818182
2588	0.00564971751412
26584	0.00564971751412
41593	0.00564971751412
1700	0.0056338028169
2745	0.00562192550949
32594	0.00561797752809
42450	0.00561797752809
41985	0.00559701492537
13120	0.00558659217877
17948	0.00558659217877
26890	0.00558659217877
27218	0.00558659217877
29453	0.00557103064067
14206	0.00555555555556
26579	0.00555555555556
36710	0.00555555555556
40992	0.00555555555556
5432	0.00554785020804
3788	0.00554016620499
955	0.00552486187845
3369	0.00552486187845
9488	0.00552486187845
26085	0.00552486187845
40999	0.00552486187845
893	0.00551102204409
34897	0.00550964187328
9586	0.00549450549451
23001	0.00549450549451
23285	0.00549450549451
32087	0.00549450549451
40625	0.00549450549451
44599	0.00549450549451
47774	0.00549450549451
50897	0.00549450549451
38492	0.00547945205479
742	0.00546448087432
2007	0.00546448087432
9252	0.00546448087432
22070	0.00546448087432
33862	0.00546448087432
34667	0.00546448087432
40975	0.00546448087432
52638	0.00546448087432
28712	0.0054347826087
4654	0.00541711809317
19338	0.00540540540541
35136	0.00540540540541
27489	0.00539568345324
30799	0.00539083557951
39136	0.00538461538462
30466	0.00534759358289
30802	0.00534759358289
51213	0.00534759358289
39915	0.00532859680284
775	0.00531914893617
30901	0.00531914893617
52065	0.00531914893617
5112	0.00529450694904
37776	0.00529100529101
41177	0.00529100529101
51211	0.00529100529101
25376	0.00526315789474
37238	0.00526315789474
38822	0.00526315789474
39510	0.00526315789474
40980	0.00526315789474
41968	0.00526315789474
17277	0.00523560209424
37993	0.00523560209424
41404	0.00523560209424
16420	0.00522193211488
5367	0.00520833333333
7505	0.00520833333333
18112	0.00520833333333
18183	0.00520833333333
38793	0.00520833333333
41018	0.00520156046814
5231	0.00520020800832
2733	0.00519480519481
40995	0.00518806744488
6772	0.00518134715026
18661	0.00518134715026
21557	0.00518134715026
32042	0.00518134715026
39265	0.00518134715026
7312	0.00517160319699
1438	0.00516795865633
18515	0.00516795865633
3842	0.00515463917526
33879	0.00515463917526
48489	0.00515463917526
50913	0.00515463917526
32483	0.00512820512821
34073	0.00512820512821
39343	0.00512820512821
41074	0.00512820512821
41610	0.00512820512821
44456	0.00512820512821
51038	0.00512820512821
2865	0.00510204081633
23373	0.00510204081633
20630	0.00508905852417
4675	0.00507614213198
30938	0.00507614213198
30982	0.00507614213198
35514	0.00507614213198
3204	0.00505050505051
41116	0.00503355704698
26599	0.00502512562814
50980	0.00502512562814
26235	0.005
41010	0.005
1743	0.00499168053245
38925	0.00499168053245
16076	0.00497512437811
7198	0.0049504950495
37111	0.0049504950495
41031	0.00494437577256
11	0.00493096646943
22572	0.00492610837438
41452	0.00492610837438
38203	0.00492341356674
41090	0.004914004914
13317	0.00487804878049
15636	0.00487804878049
51146	0.00487804878049
29360	0.00485436893204
35581	0.00485436893204
39709	0.00485436893204
29705	0.0048309178744
4578	0.00482056775576
7175	0.00480769230769
18972	0.00480769230769
41047	0.00480769230769
2326	0.0048
35049	0.00479233226837
1853	0.00478468899522
4121	0.00478468899522
20416	0.00477707006369
18456	0.00476947535771
2084	0.0047619047619
41092	0.0047619047619
41223	0.0047619047619
90	0.00473933649289
2515	0.00473933649289
10653	0.00473933649289
12824	0.00473933649289
21321	0.00473933649289
4655	0.0047313281514
41467	0.00472813238771
5503	0.00472143531634
7533	0.00471698113208
15083	0.00471698113208
13111	0.00468384074941
26760	0.00467289719626
27525	0.00467289719626
10166	0.0046511627907
29287	0.0046511627907
2290	0.00464306442252
869	0.00464207182995
4705	0.00462962962963
28290	0.00462962962963
41171	0.00462962962963
53342	0.00462962962963
4563	0.00461254612546
20802	0.00460829493088
39366	0.00460829493088
25586	0.00459770114943
1489	0.0045871559633
28405	0.0045766590389
11778	0.00456621004566
29399	0.00456621004566
6304	0.00455235204856
1309	0.00454545454545
34525	0.00454545454545
41521	0.00454545454545
19598	0.00454250486697
18613	0.00453857791225
28812	0.00452488687783
5643	0.00451807228916
11165	0.0045045045045
11675	0.0045045045045
22251	0.00449438202247
31830	0.00449438202247
1135	0.00449101796407
41037	0.00448430493274
20542	0.00447093889717
4396	0.0044671346522
14369	0.00446428571429
51341	0.00446428571429
21845	0.00444444444444
25431	0.00442477876106
3827	0.00441501103753
6427	0.00441176470588
5918	0.00440528634361
11230	0.00440528634361
17346	0.00440528634361
28832	0.0043956043956
1361	0.00436681222707
13095	0.00436681222707
2787	0.004329004329
18172	0.004329004329
13933	0.00431034482759
41146	0.00431034482759
50875	0.00429184549356
4523	0.0042735042735
40988	0.0042735042735
1632	0.00423728813559
35400	0.00423728813559
4137	0.00422832980973
28742	0.00422832980973
29492	0.0042194092827
40977	0.0042194092827
40978	0.0042194092827
11169	0.00420168067227
35703	0.00420168067227
41134	0.00420168067227
50105	0.0041928721174
6816	0.00418410041841
14360	0.00418410041841
31879	0.00418410041841
32811	0.00418410041841
38493	0.00418410041841
41274	0.00418410041841
14749	0.00416666666667
37052	0.00414937759336
22383	0.00414364640884
2127	0.00413223140496
19201	0.00413223140496
33634	0.00412087912088
15794	0.00411522633745
21648	0.00411522633745
4876	0.00409836065574
17068	0.00409836065574
24126	0.00409836065574
28043	0.00409836065574
33495	0.00409836065574
44281	0.00409836065574
37115	0.00408163265306
37169	0.00408163265306
38206	0.00408163265306
41444	0.00408163265306
1902	0.0040733197556
4390	0.00406504065041
22743	0.00406504065041
34356	0.00406504065041
34519	0.00406504065041
41270	0.00406504065041
210	0.00404858299595
7419	0.00404858299595
20779	0.00404858299595
23742	0.00404858299595
30805	0.00404858299595
3059	0.00403225806452
41041	0.00403225806452
41499	0.00403225806452
26805	0.004
49392	0.004
2419	0.00396301188904
17952	0.00395256916996
5768	0.00394477317554
4518	0.00394045534151
50327	0.00393700787402
18607	0.00392156862745
34145	0.00392156862745
52332	0.00390625
35345	0.00390117035111
2381	0.00389105058366
30835	0.00389105058366
1503	0.00388672959467
3720	0.00388098318241
44117	0.00387596899225
6803	0.00384615384615
30445	0.00384615384615
33841	0.00384615384615
40968	0.00384615384615
5673	0.00383877159309
5204	0.00383631713555
40970	0.00383141762452
1680	0.00382165605096
17147	0.00381679389313
20875	0.00381679389313
23667	0.00381679389313
27358	0.00381679389313
41194	0.00381679389313
37427	0.00380228136882
40984	0.00380228136882
34369	0.00378071833648
3733	0.00377714825307
1048	0.00377002827521
1497	0.00376141859215
15207	0.00374531835206
34920	0.00374531835206
11727	0.00373482726424
28821	0.00372439478585
41253	0.00371747211896
26508	0.0037037037037
34199	0.0037037037037
1628	0.00369458128079
35563	0.00368248772504
2811	0.00367647058824
50944	0.00367647058824
13216	0.003663003663
32862	0.003663003663
3312	0.0036563071298
8732	0.0036496350365
51178	0.0036496350365
3933	0.00364630811304
51041	0.00364298724954
2152	0.00363636363636
18584	0.00363636363636
41095	0.00363636363636
44184	0.00363636363636
28128	0.00361010830325
29372	0.00361010830325
921	0.00360685302074
41016	0.00360490266763
12998	0.0036036036036
4916	0.003600360036
2313	0.00359712230216
4711	0.00359712230216
30691	0.00359712230216
33142	0.00359712230216
41326	0.00359712230216
35021	0.00357142857143
39602	0.00357142857143
18960	0.00356718192628
37426	0.00356506238859
4399	0.00354609929078
25405	0.00353356890459
37775	0.00352112676056
2840	0.00350877192982
41583	0.00350262697023
17605	0.0034965034965
25098	0.00349040139616
41065	0.00348432055749
1676	0.00347222222222
949	0.00346620450607
14750	0.00346020761246
27094	0.00346020761246
41061	0.00346020761246
25738	0.00345721694036
28407	0.00342465753425
41417	0.00342465753425
5460	0.00341296928328
13955	0.00341296928328
41368	0.00341296928328
862	0.00340136054422
38807	0.00340136054422
31400	0.00338983050847
32832	0.00338983050847
38293	0.00338983050847
25937	0.00337837837838
21558	0.003367003367
19090	0.00334448160535
50879	0.00333333333333
3991	0.00332225913621
51006	0.00332225913621
3273	0.00330760749724
5000	0.00328947368421
28055	0.00328947368421
34224	0.00328947368421
6954	0.00327868852459
14253	0.00323624595469
40965	0.00323362974939
14115	0.00320512820513
34637	0.00320512820513
7444	0.0031847133758
51027	0.0031746031746
6360	0.00316455696203
32188	0.00316455696203
17355	0.00315955766193
52225	0.00315457413249
1918	0.00314465408805
5100	0.00313479623824
41067	0.00313479623824
9200	0.00313152400835
50901	0.003125
41403	0.00310559006211
12121	0.0030959752322
27128	0.00308641975309
35237	0.00308641975309
35728	0.00307692307692
40979	0.00307692307692
38584	0.00306748466258
4937	0.00306435137896
30020	0.0030487804878
1364	0.00303951367781
16927	0.00303951367781
17715	0.00303951367781
27527	0.00303951367781
25113	0.00303490136571
27906	0.00302114803625
2	0.00301810865191
12467	0.00301204819277
17008	0.00301204819277
38262	0.00301204819277
26893	0.003003003003
2344	0.003
41015	0.00299401197605
33621	0.00298507462687
38959	0.00294985250737
511	0.00293255131965
5774	0.00291545189504
41434	0.00290697674419
259	0.00289855072464
39546	0.00289855072464
11232	0.0028818443804
40964	0.00287356321839
2030	0.00286532951289
3943	0.00286532951289
4764	0.00285714285714
22579	0.002849002849
4708	0.00284495021337
41068	0.00283553875236
2142	0.0028328611898
10250	0.00282485875706
50863	0.00282485875706
37392	0.0028129395218
2037	0.00278940027894
41034	0.00278551532033
25078	0.00277777777778
47611	0.00277777777778
33850	0.00275482093664
25324	0.0027397260274
216	0.0027027027027
3553	0.0027027027027
23265	0.00268096514745
38932	0.00268096514745
879	0.00267379679144
8709	0.00265957446809
15373	0.00265957446809
30471	0.00265957446809
41374	0.0026525198939
50933	0.00263157894737
3133	0.00262467191601
7442	0.00260416666667
9135	0.00260416666667
4153	0.0025974025974
24522	0.00259067357513
36999	0.0025706940874
23481	0.00253164556962
18777	0.00252951096121
11664	0.00252525252525
5157	0.00252270433905
23688	0.00251256281407
23642	0.0025
30899	0.00248138957816
76	0.00247729149463
9642	0.00246002460025
51096	0.00244498777506
51133	0.00244498777506
6812	0.00243309002433
23174	0.00242718446602
24684	0.00242130750605
10281	0.00239808153477
1380	0.00238663484487
39447	0.00236127508855
29277	0.00235849056604
31536	0.00234741784038
18307	0.002331002331
41027	0.002331002331
27890	0.00231749710313
22971	0.00231481481481
35045	0.00229357798165
26602	0.00226928895613
562	0.00224215246637
3499	0.00221729490022
4430	0.00221729490022
20075	0.00216919739696
253	0.0021528525296
21545	0.00214132762313
18311	0.00213219616205
19599	0.00207468879668
29309	0.00204498977505
27865	0.0020325203252
39549	0.00200400801603
3729	0.00194552529183
36398	0.00193236714976
9647	0.00190114068441
2463	0.00189573459716
17586	0.00189035916824
30269	0.00183486238532
34367	0.00181653042688
2333	0.00180668473351
13935	0.00179856115108
21745	0.00177304964539
11201	0.00176991150442
33887	0.00176991150442
38794	0.00176056338028
17566	0.00175438596491
1931	0.00173913043478
13056	0.00173611111111
5519	0.00171526586621
11655	0.00167224080268
7261	0.00163666121113
28051	0.00157604412924
13339	0.0015600624025
4846	0.00155763239875
1064	0.0015455950541
900	0.00153139356815
27535	0.00148588410104
5120	0.00147492625369
19601	0.00145032632342
5237	0.00139082058414
29854	0.00135501355014
1422	0.0012936610608
3365	0.00117785630153
7340	0.00105263157895
