23456	0.111111111111
208	0.0967741935484
57559	0.0909090909091
26337	0.0869565217391
57094	0.08
6981	0.0769230769231
44220	0.0740740740741
41676	0.0714285714286
10851	0.0689655172414
52374	0.0645161290323
24767	0.0606060606061
52306	0.0606060606061
4011	0.0571428571429
28816	0.0571428571429
42850	0.0571428571429
41993	0.0555555555556
10365	0.0540540540541
27294	0.0540540540541
2435	0.0526315789474
27047	0.0512820512821
27223	0.0512820512821
51063	0.0512820512821
60265	0.0512820512821
224	0.05
3891	0.05
4778	0.05
5117	0.05
7649	0.05
9143	0.05
9699	0.05
9938	0.05
10458	0.05
15978	0.05
16345	0.05
17136	0.05
17561	0.05
19154	0.05
20961	0.05
22504	0.05
23351	0.05
26234	0.05
26883	0.05
28127	0.05
29510	0.05
29734	0.05
31716	0.05
32308	0.05
32421	0.05
32916	0.05
33320	0.05
33689	0.05
33725	0.05
35094	0.05
35755	0.05
35799	0.05
38643	0.05
39095	0.05
40022	0.05
40900	0.05
45509	0.05
45553	0.05
46410	0.05
46529	0.05
47209	0.05
47576	0.05
49737	0.05
50696	0.05
50830	0.05
53673	0.05
54079	0.05
54245	0.05
54672	0.05
54889	0.05
55393	0.05
56446	0.05
56710	0.05
56916	0.05
57593	0.05
58411	0.05
58491	0.05
60698	0.05
61048	0.05
11204	0.0487804878049
759	0.047619047619
1594	0.047619047619
2462	0.047619047619
3352	0.047619047619
3757	0.047619047619
4262	0.047619047619
4596	0.047619047619
4858	0.047619047619
5632	0.047619047619
5976	0.047619047619
6053	0.047619047619
10821	0.047619047619
11943	0.047619047619
13612	0.047619047619
13719	0.047619047619
13844	0.047619047619
14164	0.047619047619
14389	0.047619047619
16269	0.047619047619
17448	0.047619047619
19985	0.047619047619
21535	0.047619047619
21872	0.047619047619
21938	0.047619047619
22915	0.047619047619
23434	0.047619047619
25093	0.047619047619
26521	0.047619047619
27100	0.047619047619
28415	0.047619047619
29293	0.047619047619
30086	0.047619047619
32533	0.047619047619
32947	0.047619047619
34203	0.047619047619
34399	0.047619047619
35790	0.047619047619
36586	0.047619047619
37711	0.047619047619
37759	0.047619047619
38873	0.047619047619
39147	0.047619047619
39700	0.047619047619
41506	0.047619047619
42837	0.047619047619
43611	0.047619047619
43796	0.047619047619
43882	0.047619047619
44089	0.047619047619
44166	0.047619047619
44198	0.047619047619
44752	0.047619047619
44922	0.047619047619
46736	0.047619047619
46750	0.047619047619
47935	0.047619047619
48165	0.047619047619
49026	0.047619047619
49440	0.047619047619
49678	0.047619047619
50133	0.047619047619
50515	0.047619047619
50764	0.047619047619
52761	0.047619047619
53078	0.047619047619
54240	0.047619047619
54417	0.047619047619
55901	0.047619047619
56197	0.047619047619
56460	0.047619047619
57952	0.047619047619
58030	0.047619047619
58421	0.047619047619
58802	0.047619047619
60055	0.047619047619
18067	0.046511627907
41414	0.046511627907
51045	0.046511627907
52608	0.046511627907
3050	0.0461538461538
35316	0.0461538461538
1851	0.0454545454545
5609	0.0454545454545
6333	0.0454545454545
6660	0.0454545454545
6822	0.0454545454545
9398	0.0454545454545
9522	0.0454545454545
12173	0.0454545454545
13034	0.0454545454545
13597	0.0454545454545
14123	0.0454545454545
16129	0.0454545454545
17102	0.0454545454545
17196	0.0454545454545
17373	0.0454545454545
17423	0.0454545454545
18541	0.0454545454545
19108	0.0454545454545
20558	0.0454545454545
22482	0.0454545454545
23377	0.0454545454545
25043	0.0454545454545
25375	0.0454545454545
26220	0.0454545454545
28616	0.0454545454545
29711	0.0454545454545
30137	0.0454545454545
31311	0.0454545454545
32435	0.0454545454545
35573	0.0454545454545
36283	0.0454545454545
38176	0.0454545454545
41585	0.0454545454545
44461	0.0454545454545
44764	0.0454545454545
45705	0.0454545454545
46250	0.0454545454545
47641	0.0454545454545
51479	0.0454545454545
51704	0.0454545454545
52158	0.0454545454545
52324	0.0454545454545
56469	0.0454545454545
56826	0.0454545454545
58179	0.0454545454545
59338	0.0454545454545
61366	0.0454545454545
7388	0.0444444444444
3851	0.0434782608696
6620	0.0434782608696
6979	0.0434782608696
8171	0.0434782608696
10648	0.0434782608696
11639	0.0434782608696
12456	0.0434782608696
13443	0.0434782608696
14443	0.0434782608696
15051	0.0434782608696
16214	0.0434782608696
17239	0.0434782608696
18664	0.0434782608696
18725	0.0434782608696
20224	0.0434782608696
22769	0.0434782608696
23689	0.0434782608696
24351	0.0434782608696
25196	0.0434782608696
25972	0.0434782608696
28429	0.0434782608696
28736	0.0434782608696
29281	0.0434782608696
29735	0.0434782608696
31998	0.0434782608696
34244	0.0434782608696
34456	0.0434782608696
34853	0.0434782608696
39385	0.0434782608696
39552	0.0434782608696
41810	0.0434782608696
42709	0.0434782608696
44216	0.0434782608696
45034	0.0434782608696
49446	0.0434782608696
49966	0.0434782608696
50106	0.0434782608696
51955	0.0434782608696
53745	0.0434782608696
54019	0.0434782608696
55474	0.0434782608696
56653	0.0434782608696
56909	0.0434782608696
59699	0.0434782608696
60583	0.0434782608696
61297	0.0434782608696
42626	0.0428571428571
24585	0.0425531914894
51521	0.0425531914894
52868	0.0425531914894
44787	0.0422535211268
1551	0.0416666666667
1926	0.0416666666667
5889	0.0416666666667
6777	0.0416666666667
9133	0.0416666666667
9840	0.0416666666667
10121	0.0416666666667
11647	0.0416666666667
13262	0.0416666666667
14358	0.0416666666667
15529	0.0416666666667
15827	0.0416666666667
17197	0.0416666666667
19548	0.0416666666667
20091	0.0416666666667
20982	0.0416666666667
21889	0.0416666666667
22049	0.0416666666667
22185	0.0416666666667
22692	0.0416666666667
23140	0.0416666666667
26132	0.0416666666667
28940	0.0416666666667
29634	0.0416666666667
31678	0.0416666666667
31997	0.0416666666667
34256	0.0416666666667
34888	0.0416666666667
37501	0.0416666666667
37610	0.0416666666667
38995	0.0416666666667
42869	0.0416666666667
42957	0.0416666666667
43123	0.0416666666667
44049	0.0416666666667
45383	0.0416666666667
45700	0.0416666666667
49461	0.0416666666667
49948	0.0416666666667
50034	0.0416666666667
50453	0.0416666666667
53011	0.0416666666667
53741	0.0416666666667
53847	0.0416666666667
58081	0.0416666666667
58270	0.0416666666667
60046	0.0416666666667
60157	0.0416666666667
61208	0.0416666666667
61413	0.0416666666667
34794	0.0408163265306
43262	0.0408163265306
6036	0.0405405405405
1095	0.04
2198	0.04
3671	0.04
4294	0.04
6105	0.04
7195	0.04
8247	0.04
8435	0.04
12049	0.04
12277	0.04
13159	0.04
14576	0.04
14666	0.04
15830	0.04
16485	0.04
16517	0.04
18372	0.04
19791	0.04
24461	0.04
25626	0.04
27149	0.04
28026	0.04
29417	0.04
29646	0.04
32017	0.04
34089	0.04
35713	0.04
35948	0.04
37517	0.04
38305	0.04
41238	0.04
46684	0.04
48472	0.04
48760	0.04
49472	0.04
49591	0.04
52437	0.04
53082	0.04
53241	0.04
55110	0.04
55373	0.04
56692	0.04
57098	0.04
60264	0.04
41187	0.0392156862745
402	0.0384615384615
1527	0.0384615384615
8784	0.0384615384615
10720	0.0384615384615
11470	0.0384615384615
20677	0.0384615384615
21242	0.0384615384615
21859	0.0384615384615
22860	0.0384615384615
23276	0.0384615384615
24586	0.0384615384615
24919	0.0384615384615
26065	0.0384615384615
26214	0.0384615384615
26527	0.0384615384615
26770	0.0384615384615
28648	0.0384615384615
29693	0.0384615384615
31303	0.0384615384615
32175	0.0384615384615
39849	0.0384615384615
41813	0.0384615384615
42431	0.0384615384615
42473	0.0384615384615
42680	0.0384615384615
46775	0.0384615384615
50364	0.0384615384615
51499	0.0384615384615
51896	0.0384615384615
53766	0.0384615384615
61028	0.0384615384615
61094	0.0384615384615
61186	0.0384615384615
53004	0.0379746835443
11824	0.0377358490566
20644	0.0377358490566
28181	0.0377358490566
35950	0.0377358490566
53372	0.0377358490566
413	0.037037037037
1127	0.037037037037
4120	0.037037037037
4224	0.037037037037
4386	0.037037037037
6400	0.037037037037
8668	0.037037037037
9678	0.037037037037
10031	0.037037037037
10245	0.037037037037
12046	0.037037037037
12108	0.037037037037
13074	0.037037037037
13993	0.037037037037
16893	0.037037037037
17563	0.037037037037
22092	0.037037037037
22871	0.037037037037
23294	0.037037037037
24041	0.037037037037
24363	0.037037037037
26655	0.037037037037
28647	0.037037037037
29997	0.037037037037
34396	0.037037037037
34549	0.037037037037
36204	0.037037037037
36289	0.037037037037
39236	0.037037037037
40480	0.037037037037
41457	0.037037037037
42278	0.037037037037
42804	0.037037037037
43095	0.037037037037
45253	0.037037037037
46085	0.037037037037
48199	0.037037037037
52805	0.037037037037
53238	0.037037037037
57313	0.037037037037
57596	0.037037037037
58767	0.037037037037
61001	0.037037037037
61018	0.037037037037
11087	0.036496350365
40875	0.0363636363636
42484	0.0363636363636
2129	0.0357142857143
3100	0.0357142857143
4221	0.0357142857143
7563	0.0357142857143
8624	0.0357142857143
9569	0.0357142857143
10459	0.0357142857143
12202	0.0357142857143
13031	0.0357142857143
14526	0.0357142857143
16416	0.0357142857143
17720	0.0357142857143
19798	0.0357142857143
20866	0.0357142857143
25398	0.0357142857143
27894	0.0357142857143
29127	0.0357142857143
33156	0.0357142857143
34245	0.0357142857143
36754	0.0357142857143
38655	0.0357142857143
38694	0.0357142857143
39500	0.0357142857143
40055	0.0357142857143
42214	0.0357142857143
42898	0.0357142857143
43574	0.0357142857143
43808	0.0357142857143
45624	0.0357142857143
46106	0.0357142857143
46953	0.0357142857143
49834	0.0357142857143
50791	0.0357142857143
51470	0.0357142857143
51638	0.0357142857143
51727	0.0357142857143
52269	0.0357142857143
52410	0.0357142857143
52512	0.0357142857143
52527	0.0357142857143
52816	0.0357142857143
56313	0.0357142857143
59406	0.0357142857143
59676	0.0357142857143
5498	0.0350877192982
39039	0.0350877192982
41009	0.0350877192982
12943	0.0348837209302
464	0.0344827586207
668	0.0344827586207
2510	0.0344827586207
2532	0.0344827586207
4783	0.0344827586207
4786	0.0344827586207
4959	0.0344827586207
6112	0.0344827586207
7054	0.0344827586207
8482	0.0344827586207
8491	0.0344827586207
9206	0.0344827586207
11518	0.0344827586207
11734	0.0344827586207
12178	0.0344827586207
13872	0.0344827586207
17855	0.0344827586207
18516	0.0344827586207
18624	0.0344827586207
19606	0.0344827586207
20497	0.0344827586207
24003	0.0344827586207
27290	0.0344827586207
27401	0.0344827586207
30840	0.0344827586207
33240	0.0344827586207
34197	0.0344827586207
37495	0.0344827586207
42641	0.0344827586207
42861	0.0344827586207
42863	0.0344827586207
45127	0.0344827586207
48008	0.0344827586207
48836	0.0344827586207
48849	0.0344827586207
49215	0.0344827586207
50375	0.0344827586207
51181	0.0344827586207
51367	0.0344827586207
52117	0.0344827586207
53003	0.0344827586207
53220	0.0344827586207
54984	0.0344827586207
59853	0.0344827586207
60017	0.0344827586207
61049	0.0344827586207
52368	0.034188034188
39767	0.0338983050847
789	0.0333333333333
4328	0.0333333333333
8733	0.0333333333333
10408	0.0333333333333
13029	0.0333333333333
14068	0.0333333333333
15678	0.0333333333333
18061	0.0333333333333
18110	0.0333333333333
18404	0.0333333333333
18762	0.0333333333333
19520	0.0333333333333
20986	0.0333333333333
21439	0.0333333333333
23173	0.0333333333333
27039	0.0333333333333
27570	0.0333333333333
31046	0.0333333333333
31749	0.0333333333333
34137	0.0333333333333
34159	0.0333333333333
34688	0.0333333333333
36838	0.0333333333333
40458	0.0333333333333
41845	0.0333333333333
42139	0.0333333333333
42358	0.0333333333333
42658	0.0333333333333
42708	0.0333333333333
43007	0.0333333333333
43903	0.0333333333333
45897	0.0333333333333
48324	0.0333333333333
52010	0.0333333333333
52731	0.0333333333333
52767	0.0333333333333
53791	0.0333333333333
57565	0.0333333333333
59593	0.0333333333333
59674	0.0333333333333
60956	0.0333333333333
404	0.0322580645161
536	0.0322580645161
718	0.0322580645161
2181	0.0322580645161
9856	0.0322580645161
10440	0.0322580645161
11473	0.0322580645161
11668	0.0322580645161
11855	0.0322580645161
12790	0.0322580645161
20941	0.0322580645161
20966	0.0322580645161
27304	0.0322580645161
30181	0.0322580645161
31810	0.0322580645161
34742	0.0322580645161
34937	0.0322580645161
38033	0.0322580645161
39234	0.0322580645161
39667	0.0322580645161
40865	0.0322580645161
42434	0.0322580645161
45062	0.0322580645161
49064	0.0322580645161
52168	0.0322580645161
52593	0.0322580645161
59337	0.0322580645161
60511	0.0322580645161
2284	0.031746031746
6003	0.031746031746
35926	0.031746031746
42099	0.031746031746
716	0.03125
1037	0.03125
4282	0.03125
4583	0.03125
4889	0.03125
5339	0.03125
7506	0.03125
8765	0.03125
9350	0.03125
9563	0.03125
11492	0.03125
12072	0.03125
12764	0.03125
13138	0.03125
13850	0.03125
15050	0.03125
15146	0.03125
15374	0.03125
18064	0.03125
18492	0.03125
20697	0.03125
20731	0.03125
21637	0.03125
26364	0.03125
30717	0.03125
32134	0.03125
32623	0.03125
33781	0.03125
37833	0.03125
43060	0.03125
43334	0.03125
45119	0.03125
50168	0.03125
50349	0.03125
50643	0.03125
50767	0.03125
51442	0.03125
52069	0.03125
60086	0.03125
2330	0.030303030303
6597	0.030303030303
8236	0.030303030303
9286	0.030303030303
9370	0.030303030303
9671	0.030303030303
10337	0.030303030303
16439	0.030303030303
18373	0.030303030303
18437	0.030303030303
18707	0.030303030303
20389	0.030303030303
20868	0.030303030303
21345	0.030303030303
22481	0.030303030303
24148	0.030303030303
24777	0.030303030303
27054	0.030303030303
27603	0.030303030303
30018	0.030303030303
34547	0.030303030303
37743	0.030303030303
38467	0.030303030303
39622	0.030303030303
40936	0.030303030303
41321	0.030303030303
41644	0.030303030303
42461	0.030303030303
42784	0.030303030303
43425	0.030303030303
43575	0.030303030303
48926	0.030303030303
49714	0.030303030303
51609	0.030303030303
58307	0.030303030303
1087	0.0300751879699
41819	0.0298507462687
1204	0.0294117647059
10145	0.0294117647059
11217	0.0294117647059
11792	0.0294117647059
12566	0.0294117647059
18015	0.0294117647059
19466	0.0294117647059
19630	0.0294117647059
20412	0.0294117647059
22728	0.0294117647059
24865	0.0294117647059
26277	0.0294117647059
26908	0.0294117647059
29308	0.0294117647059
35505	0.0294117647059
39507	0.0294117647059
41678	0.0294117647059
41770	0.0294117647059
42848	0.0294117647059
43701	0.0294117647059
44106	0.0294117647059
45065	0.0294117647059
47361	0.0294117647059
48193	0.0294117647059
49044	0.0294117647059
49422	0.0294117647059
51433	0.0294117647059
51715	0.0294117647059
52562	0.0294117647059
54944	0.0294117647059
56616	0.0294117647059
60571	0.0294117647059
34443	0.0291262135922
113	0.0289855072464
9309	0.0289855072464
22252	0.0289855072464
29628	0.0289855072464
42396	0.0289855072464
250	0.0285714285714
2257	0.0285714285714
4862	0.0285714285714
5646	0.0285714285714
8235	0.0285714285714
9430	0.0285714285714
10377	0.0285714285714
11243	0.0285714285714
11484	0.0285714285714
12430	0.0285714285714
13630	0.0285714285714
18908	0.0285714285714
20795	0.0285714285714
23436	0.0285714285714
26293	0.0285714285714
27421	0.0285714285714
29778	0.0285714285714
30779	0.0285714285714
33797	0.0285714285714
34903	0.0285714285714
35908	0.0285714285714
36635	0.0285714285714
41381	0.0285714285714
42874	0.0285714285714
45124	0.0285714285714
51728	0.0285714285714
59733	0.0285714285714
36112	0.0281690140845
172	0.0277777777778
1098	0.0277777777778
2113	0.0277777777778
2206	0.0277777777778
4289	0.0277777777778
4759	0.0277777777778
10097	0.0277777777778
10573	0.0277777777778
12092	0.0277777777778
13794	0.0277777777778
14465	0.0277777777778
16353	0.0277777777778
17280	0.0277777777778
17668	0.0277777777778
17958	0.0277777777778
18196	0.0277777777778
21669	0.0277777777778
23053	0.0277777777778
24914	0.0277777777778
27424	0.0277777777778
28715	0.0277777777778
33318	0.0277777777778
35031	0.0277777777778
37537	0.0277777777778
41844	0.0277777777778
42045	0.0277777777778
48190	0.0277777777778
48381	0.0277777777778
48636	0.0277777777778
51888	0.0277777777778
52275	0.0277777777778
53180	0.0277777777778
61258	0.0277777777778
55841	0.0275229357798
3964	0.027397260274
43298	0.027397260274
51573	0.0272727272727
466	0.027027027027
1085	0.027027027027
12838	0.027027027027
14440	0.027027027027
15151	0.027027027027
15836	0.027027027027
16322	0.027027027027
17317	0.027027027027
17877	0.027027027027
20808	0.027027027027
23617	0.027027027027
27104	0.027027027027
27696	0.027027027027
29161	0.027027027027
29601	0.027027027027
29623	0.027027027027
30886	0.027027027027
34110	0.027027027027
34200	0.027027027027
35783	0.027027027027
36208	0.027027027027
39157	0.027027027027
40832	0.027027027027
40923	0.027027027027
41949	0.027027027027
42246	0.027027027027
43065	0.027027027027
49137	0.027027027027
52207	0.027027027027
60065	0.027027027027
5363	0.0266666666667
54435	0.0266666666667
465	0.0263157894737
895	0.0263157894737
2643	0.0263157894737
3240	0.0263157894737
3881	0.0263157894737
4075	0.0263157894737
5986	0.0263157894737
6802	0.0263157894737
9517	0.0263157894737
19182	0.0263157894737
20012	0.0263157894737
22425	0.0263157894737
24156	0.0263157894737
25066	0.0263157894737
25081	0.0263157894737
29010	0.0263157894737
29378	0.0263157894737
32162	0.0263157894737
32516	0.0263157894737
35254	0.0263157894737
38864	0.0263157894737
41005	0.0263157894737
41266	0.0263157894737
41349	0.0263157894737
43039	0.0263157894737
44172	0.0263157894737
44339	0.0263157894737
45273	0.0263157894737
50679	0.0263157894737
50857	0.0263157894737
52021	0.0263157894737
52704	0.0263157894737
53179	0.0263157894737
61197	0.0263157894737
42675	0.025974025974
41140	0.0257510729614
5437	0.025641025641
12485	0.025641025641
12525	0.025641025641
16836	0.025641025641
17006	0.025641025641
18202	0.025641025641
23984	0.025641025641
25259	0.025641025641
26289	0.025641025641
27338	0.025641025641
28734	0.025641025641
29534	0.025641025641
35513	0.025641025641
37341	0.025641025641
37445	0.025641025641
41686	0.025641025641
42775	0.025641025641
43530	0.025641025641
47731	0.025641025641
52020	0.025641025641
52241	0.025641025641
52398	0.025641025641
52534	0.025641025641
53510	0.025641025641
59962	0.025641025641
35117	0.0253164556962
41818	0.0253164556962
59906	0.0253164556962
143	0.025
2678	0.025
4147	0.025
4503	0.025
4837	0.025
6600	0.025
8635	0.025
10976	0.025
13366	0.025
17198	0.025
18162	0.025
18926	0.025
23496	0.025
26669	0.025
29033	0.025
29276	0.025
30101	0.025
32897	0.025
39059	0.025
40607	0.025
41522	0.025
42235	0.025
42648	0.025
45513	0.025
49745	0.025
51056	0.025
52389	0.025
53053	0.025
59985	0.025
60356	0.025
51746	0.0246913580247
52946	0.0246913580247
4080	0.0243902439024
11142	0.0243902439024
15113	0.0243902439024
20838	0.0243902439024
28718	0.0243902439024
32044	0.0243902439024
32204	0.0243902439024
32749	0.0243902439024
35738	0.0243902439024
36056	0.0243902439024
41350	0.0243902439024
41591	0.0243902439024
41630	0.0243902439024
41800	0.0243902439024
42519	0.0243902439024
51852	0.0243902439024
53411	0.0243902439024
60251	0.0243902439024
883	0.0238095238095
4760	0.0238095238095
5793	0.0238095238095
6449	0.0238095238095
8909	0.0238095238095
13840	0.0238095238095
14054	0.0238095238095
15153	0.0238095238095
15788	0.0238095238095
25630	0.0238095238095
27129	0.0238095238095
27280	0.0238095238095
30335	0.0238095238095
31435	0.0238095238095
32096	0.0238095238095
34728	0.0238095238095
35501	0.0238095238095
36266	0.0238095238095
40640	0.0238095238095
41143	0.0238095238095
42153	0.0238095238095
46558	0.0238095238095
49406	0.0238095238095
52808	0.0238095238095
53338	0.0238095238095
61081	0.0238095238095
6657	0.0236220472441
3582	0.0235294117647
43327	0.0235294117647
83	0.0232558139535
1013	0.0232558139535
3465	0.0232558139535
7874	0.0232558139535
8506	0.0232558139535
13112	0.0232558139535
22009	0.0232558139535
22227	0.0232558139535
34005	0.0232558139535
35340	0.0232558139535
36416	0.0232558139535
37977	0.0232558139535
41667	0.0232558139535
43453	0.0232558139535
50494	0.0232558139535
52984	0.0232558139535
53349	0.0232558139535
53361	0.0232558139535
3511	0.0227272727273
9607	0.0227272727273
16328	0.0227272727273
20340	0.0227272727273
20710	0.0227272727273
25637	0.0227272727273
33428	0.0227272727273
33902	0.0227272727273
34124	0.0227272727273
34505	0.0227272727273
34659	0.0227272727273
36188	0.0227272727273
37983	0.0227272727273
38516	0.0227272727273
39190	0.0227272727273
39853	0.0227272727273
41339	0.0227272727273
41764	0.0227272727273
42064	0.0227272727273
42466	0.0227272727273
42896	0.0227272727273
43447	0.0227272727273
51551	0.0227272727273
52709	0.0227272727273
8246	0.0225563909774
8197	0.0224719101124
50959	0.0224719101124
2291	0.0222222222222
5581	0.0222222222222
6565	0.0222222222222
9759	0.0222222222222
10837	0.0222222222222
12386	0.0222222222222
12401	0.0222222222222
20140	0.0222222222222
21516	0.0222222222222
23287	0.0222222222222
31436	0.0222222222222
32289	0.0222222222222
32590	0.0222222222222
34072	0.0222222222222
35161	0.0222222222222
36441	0.0222222222222
39233	0.0222222222222
41305	0.0222222222222
41316	0.0222222222222
42655	0.0222222222222
42822	0.0222222222222
46690	0.0222222222222
52540	0.0222222222222
52859	0.0222222222222
58638	0.0222222222222
60130	0.0222222222222
60274	0.0222222222222
16145	0.021978021978
51043	0.021978021978
28294	0.021897810219
2679	0.0217391304348
4286	0.0217391304348
12581	0.0217391304348
12717	0.0217391304348
15125	0.0217391304348
15648	0.0217391304348
20640	0.0217391304348
20748	0.0217391304348
21664	0.0217391304348
27308	0.0217391304348
28461	0.0217391304348
31001	0.0217391304348
34095	0.0217391304348
34101	0.0217391304348
35067	0.0217391304348
36348	0.0217391304348
36888	0.0217391304348
38471	0.0217391304348
39387	0.0217391304348
41221	0.0217391304348
41586	0.0217391304348
41911	0.0217391304348
41974	0.0217391304348
42286	0.0217391304348
42852	0.0217391304348
46729	0.0217391304348
51487	0.0217391304348
52185	0.0217391304348
53113	0.0217391304348
56100	0.0217391304348
61218	0.0217391304348
7301	0.0215053763441
7341	0.0215053763441
268	0.0212765957447
777	0.0212765957447
3589	0.0212765957447
4395	0.0212765957447
6378	0.0212765957447
9708	0.0212765957447
15438	0.0212765957447
25836	0.0212765957447
27632	0.0212765957447
32799	0.0212765957447
35160	0.0212765957447
39335	0.0212765957447
40406	0.0212765957447
42715	0.0212765957447
42800	0.0212765957447
43282	0.0212765957447
44369	0.0212765957447
46776	0.0212765957447
52059	0.0212765957447
53034	0.0212765957447
42369	0.0210526315789
51114	0.0210526315789
51193	0.0210526315789
6222	0.020979020979
3742	0.0208333333333
4250	0.0208333333333
4398	0.0208333333333
5239	0.0208333333333
9971	0.0208333333333
11258	0.0208333333333
15717	0.0208333333333
21271	0.0208333333333
23603	0.0208333333333
25813	0.0208333333333
26855	0.0208333333333
38605	0.0208333333333
41608	0.0208333333333
42345	0.0208333333333
43115	0.0208333333333
45237	0.0208333333333
48552	0.0208333333333
50343	0.0208333333333
52361	0.0208333333333
52974	0.0208333333333
59832	0.0208333333333
59	0.0204081632653
1958	0.0204081632653
2901	0.0204081632653
3786	0.0204081632653
5162	0.0204081632653
9323	0.0204081632653
9663	0.0204081632653
11235	0.0204081632653
11724	0.0204081632653
14003	0.0204081632653
14642	0.0204081632653
22498	0.0204081632653
25436	0.0204081632653
26874	0.0204081632653
30453	0.0204081632653
32664	0.0204081632653
39651	0.0204081632653
40297	0.0204081632653
41534	0.0204081632653
42030	0.0204081632653
42088	0.0204081632653
42989	0.0204081632653
45712	0.0204081632653
48253	0.0204081632653
50951	0.0204081632653
51098	0.0204081632653
52774	0.0204081632653
52847	0.0204081632653
53269	0.0204081632653
53443	0.0204081632653
59554	0.0204081632653
23337	0.0202702702703
39473	0.020202020202
1799	0.02
6397	0.02
11171	0.02
11252	0.02
12970	0.02
18313	0.02
18562	0.02
22524	0.02
24957	0.02
29063	0.02
29958	0.02
40109	0.02
41743	0.02
42095	0.02
42199	0.02
42283	0.02
43732	0.02
49662	0.02
50985	0.02
51316	0.02
52259	0.02
52417	0.02
52711	0.02
59817	0.02
60731	0.02
61148	0.02
338	0.0196078431373
13061	0.0196078431373
13605	0.0196078431373
15300	0.0196078431373
17080	0.0196078431373
20157	0.0196078431373
21489	0.0196078431373
22130	0.0196078431373
22589	0.0196078431373
24155	0.0196078431373
30185	0.0196078431373
31907	0.0196078431373
32509	0.0196078431373
34207	0.0196078431373
35907	0.0196078431373
39536	0.0196078431373
41196	0.0196078431373
41336	0.0196078431373
42388	0.0196078431373
42886	0.0196078431373
42891	0.0196078431373
42949	0.0196078431373
48238	0.0196078431373
51205	0.0196078431373
51768	0.0196078431373
55746	0.0196078431373
61098	0.0196078431373
5164	0.0194805194805
52362	0.0194174757282
38194	0.0193548387097
56	0.0192307692308
566	0.0192307692308
1252	0.0192307692308
1972	0.0192307692308
3278	0.0192307692308
3619	0.0192307692308
4122	0.0192307692308
7712	0.0192307692308
8248	0.0192307692308
11339	0.0192307692308
13086	0.0192307692308
15360	0.0192307692308
16720	0.0192307692308
16909	0.0192307692308
17053	0.0192307692308
18327	0.0192307692308
18378	0.0192307692308
19096	0.0192307692308
19301	0.0192307692308
19661	0.0192307692308
21043	0.0192307692308
22563	0.0192307692308
25046	0.0192307692308
25313	0.0192307692308
26391	0.0192307692308
31471	0.0192307692308
36581	0.0192307692308
38083	0.0192307692308
39201	0.0192307692308
41254	0.0192307692308
41934	0.0192307692308
51077	0.0192307692308
51262	0.0192307692308
52554	0.0192307692308
52699	0.0192307692308
41832	0.0191082802548
17110	0.0190476190476
27045	0.0190476190476
32711	0.0190476190476
33751	0.0190476190476
618	0.0188679245283
1171	0.0188679245283
1323	0.0188679245283
5554	0.0188679245283
5563	0.0188679245283
5803	0.0188679245283
7710	0.0188679245283
9052	0.0188679245283
13927	0.0188679245283
15471	0.0188679245283
16283	0.0188679245283
19877	0.0188679245283
20439	0.0188679245283
25297	0.0188679245283
28825	0.0188679245283
29562	0.0188679245283
29626	0.0188679245283
30680	0.0188679245283
33305	0.0188679245283
36024	0.0188679245283
38983	0.0188679245283
50348	0.0188679245283
51604	0.0188679245283
52123	0.0188679245283
60421	0.0188679245283
30806	0.018691588785
36366	0.018691588785
51707	0.018691588785
59627	0.018691588785
165	0.0185185185185
1345	0.0185185185185
2278	0.0185185185185
2712	0.0185185185185
3949	0.0185185185185
4765	0.0185185185185
7325	0.0185185185185
9528	0.0185185185185
11186	0.0185185185185
12570	0.0185185185185
13771	0.0185185185185
18530	0.0185185185185
24605	0.0185185185185
37923	0.0185185185185
41230	0.0185185185185
43517	0.0185185185185
45125	0.0185185185185
45283	0.0185185185185
59608	0.0185185185185
4836	0.0183486238532
41326	0.0182481751825
2544	0.0181818181818
2772	0.0181818181818
7715	0.0181818181818
8582	0.0181818181818
8774	0.0181818181818
10958	0.0181818181818
14390	0.0181818181818
19840	0.0181818181818
22858	0.0181818181818
24437	0.0181818181818
26909	0.0181818181818
28542	0.0181818181818
31157	0.0181818181818
32550	0.0181818181818
32851	0.0181818181818
33312	0.0181818181818
33621	0.0181818181818
33788	0.0181818181818
39006	0.0181818181818
40633	0.0181818181818
41283	0.0181818181818
45776	0.0181818181818
47448	0.0181818181818
50584	0.0181818181818
50912	0.0181818181818
51749	0.0181818181818
52465	0.0181818181818
60429	0.0181818181818
60456	0.0181818181818
2757	0.018115942029
4998	0.018018018018
21694	0.018018018018
34933	0.018018018018
51158	0.0179211469534
1505	0.0178571428571
2211	0.0178571428571
4476	0.0178571428571
5135	0.0178571428571
7115	0.0178571428571
7875	0.0178571428571
12795	0.0178571428571
19695	0.0178571428571
29785	0.0178571428571
30967	0.0178571428571
32200	0.0178571428571
39220	0.0178571428571
42211	0.0178571428571
42568	0.0178571428571
42572	0.0178571428571
45994	0.0178571428571
49838	0.0178571428571
52273	0.0178571428571
53158	0.0178571428571
55923	0.0178571428571
53069	0.0177777777778
24922	0.0176991150442
41705	0.017667844523
2574	0.0176470588235
5880	0.0175438596491
9421	0.0175438596491
16397	0.0175438596491
20362	0.0175438596491
21349	0.0175438596491
21703	0.0175438596491
35155	0.0175438596491
37381	0.0175438596491
41051	0.0175438596491
52838	0.0175438596491
107	0.0174418604651
17690	0.0173913043478
1537	0.0173410404624
7344	0.0173410404624
41368	0.0173010380623
778	0.0172413793103
9447	0.0172413793103
22805	0.0172413793103
25623	0.0172413793103
35203	0.0172413793103
39002	0.0172413793103
41431	0.0172413793103
41956	0.0172413793103
42044	0.0172413793103
43164	0.0172413793103
48212	0.0172413793103
51139	0.0172413793103
52536	0.0172413793103
53102	0.0172413793103
34373	0.017094017094
34241	0.0170454545455
3189	0.0169491525424
7911	0.0169491525424
10843	0.0169491525424
14672	0.0169491525424
15843	0.0169491525424
22831	0.0169491525424
22982	0.0169491525424
26047	0.0169491525424
26741	0.0169491525424
31902	0.0169491525424
35338	0.0169491525424
37695	0.0169491525424
41704	0.0169491525424
45636	0.0169491525424
47445	0.0169491525424
48358	0.0169491525424
49431	0.0169491525424
50252	0.0169491525424
51777	0.0169491525424
28298	0.0168067226891
41136	0.0168067226891
41322	0.0168067226891
1973	0.0166666666667
2092	0.0166666666667
4696	0.0166666666667
5881	0.0166666666667
6277	0.0166666666667
7645	0.0166666666667
11384	0.0166666666667
12819	0.0166666666667
22946	0.0166666666667
28055	0.0166666666667
32892	0.0166666666667
34094	0.0166666666667
36429	0.0166666666667
42332	0.0166666666667
43679	0.0166666666667
43943	0.0166666666667
48981	0.0166666666667
51064	0.0166666666667
51767	0.0166666666667
51799	0.0166666666667
53237	0.0166666666667
53320	0.0166666666667
33495	0.0165975103734
8729	0.0165289256198
35951	0.0165289256198
59890	0.0165289256198
937	0.016393442623
963	0.016393442623
1354	0.016393442623
5390	0.016393442623
7540	0.016393442623
7913	0.016393442623
13870	0.016393442623
15596	0.016393442623
15963	0.016393442623
22663	0.016393442623
22939	0.016393442623
24380	0.016393442623
32213	0.016393442623
33267	0.016393442623
36401	0.016393442623
38818	0.016393442623
41485	0.016393442623
41553	0.016393442623
41851	0.016393442623
42412	0.016393442623
44704	0.016393442623
51217	0.016393442623
61173	0.016393442623
41042	0.0162866449511
3316	0.0162601626016
40976	0.0162162162162
51197	0.0162162162162
1682	0.0161290322581
3114	0.0161290322581
5116	0.0161290322581
12255	0.0161290322581
12873	0.0161290322581
13829	0.0161290322581
17064	0.0161290322581
17331	0.0161290322581
17462	0.0161290322581
19773	0.0161290322581
21912	0.0161290322581
25416	0.0161290322581
28438	0.0161290322581
37542	0.0161290322581
40068	0.0161290322581
42013	0.0161290322581
51258	0.0161290322581
52359	0.0161290322581
24803	0.016
41093	0.0159744408946
39510	0.0159574468085
644	0.015873015873
3427	0.015873015873
3796	0.015873015873
5458	0.015873015873
6075	0.015873015873
6218	0.015873015873
9444	0.015873015873
10149	0.015873015873
10961	0.015873015873
11481	0.015873015873
17583	0.015873015873
25050	0.015873015873
25230	0.015873015873
30784	0.015873015873
31479	0.015873015873
39884	0.015873015873
40562	0.015873015873
41205	0.015873015873
41866	0.015873015873
42657	0.015873015873
51151	0.015873015873
55194	0.015873015873
61245	0.015873015873
16420	0.0158311345646
32042	0.0157068062827
1927	0.015625
7425	0.015625
8941	0.015625
9221	0.015625
10729	0.015625
21806	0.015625
26904	0.015625
32405	0.015625
32720	0.015625
33155	0.015625
40921	0.015625
41212	0.015625
41392	0.015625
44486	0.015625
45135	0.015625
50812	0.015625
55963	0.015625
16273	0.0155440414508
32483	0.0155440414508
18276	0.015503875969
40970	0.015503875969
5704	0.0153846153846
12641	0.0153846153846
17087	0.0153846153846
19835	0.0153846153846
20187	0.0153846153846
21281	0.0153846153846
24431	0.0153846153846
26660	0.0153846153846
27236	0.0153846153846
38595	0.0153846153846
51340	0.0153846153846
53407	0.0153846153846
34391	0.0152671755725
10987	0.0151898734177
695	0.0151515151515
1976	0.0151515151515
4383	0.0151515151515
7722	0.0151515151515
15207	0.0151515151515
23765	0.0151515151515
27282	0.0151515151515
29786	0.0151515151515
36475	0.0151515151515
42977	0.0151515151515
46542	0.0151515151515
46654	0.0151515151515
51200	0.0151515151515
52864	0.0151515151515
40971	0.0151228733459
27934	0.015037593985
51313	0.015037593985
938	0.0149253731343
1898	0.0149253731343
5781	0.0149253731343
6517	0.0149253731343
11401	0.0149253731343
12311	0.0149253731343
13854	0.0149253731343
16501	0.0149253731343
16913	0.0149253731343
17734	0.0149253731343
18996	0.0149253731343
22513	0.0149253731343
27643	0.0149253731343
30922	0.0149253731343
31911	0.0149253731343
42302	0.0149253731343
52542	0.0149253731343
53019	0.0149253731343
20800	0.0148514851485
39478	0.0148148148148
363	0.0147058823529
1685	0.0147058823529
12832	0.0147058823529
24740	0.0147058823529
27522	0.0147058823529
29992	0.0147058823529
36596	0.0147058823529
51673	0.0147058823529
51805	0.0147058823529
51844	0.0147058823529
51880	0.0147058823529
52556	0.0147058823529
52715	0.0147058823529
60297	0.0147058823529
39546	0.0146627565982
1117	0.014598540146
23532	0.014598540146
51118	0.014598540146
53000	0.014598540146
11322	0.0144927536232
12153	0.0144927536232
16963	0.0144927536232
17932	0.0144927536232
19761	0.0144927536232
20744	0.0144927536232
22741	0.0144927536232
25466	0.0144927536232
26724	0.0144927536232
28735	0.0144927536232
34532	0.0144927536232
37577	0.0144927536232
41461	0.0144927536232
41870	0.0144927536232
42942	0.0144927536232
43585	0.0144927536232
45891	0.0144927536232
50204	0.0144927536232
50907	0.0144927536232
51054	0.0144927536232
51624	0.0144927536232
51636	0.0144927536232
53173	0.0144927536232
2104	0.0143884892086
2144	0.0143884892086
2595	0.0143540669856
2033	0.0142857142857
3040	0.0142857142857
4158	0.0142857142857
4405	0.0142857142857
12355	0.0142857142857
25002	0.0142857142857
26608	0.0142857142857
28500	0.0142857142857
28755	0.0142857142857
29554	0.0142857142857
42941	0.0142857142857
47668	0.0142857142857
51497	0.0142857142857
52057	0.0142857142857
52488	0.0142857142857
60092	0.0142857142857
1064	0.0140845070423
4216	0.0140845070423
5876	0.0140845070423
13633	0.0140845070423
17598	0.0140845070423
32931	0.0140845070423
33113	0.0140845070423
39926	0.0140845070423
41034	0.0140845070423
41150	0.0140845070423
41489	0.0140845070423
41717	0.0140845070423
52468	0.0140845070423
52931	0.0140845070423
7390	0.013986013986
36418	0.013986013986
51225	0.013986013986
20802	0.0139534883721
289	0.0138888888889
3858	0.0138888888889
4486	0.0138888888889
7101	0.0138888888889
7303	0.0138888888889
15730	0.0138888888889
15850	0.0138888888889
20676	0.0138888888889
32480	0.0138888888889
34658	0.0138888888889
35413	0.0138888888889
35971	0.0138888888889
37845	0.0138888888889
42643	0.0138888888889
45793	0.0138888888889
53257	0.0138888888889
3747	0.0137931034483
43178	0.0137931034483
2734	0.013698630137
2748	0.013698630137
5484	0.013698630137
8279	0.013698630137
11550	0.013698630137
13451	0.013698630137
17735	0.013698630137
18836	0.013698630137
31400	0.013698630137
32432	0.013698630137
41012	0.013698630137
41075	0.013698630137
41145	0.013698630137
41351	0.013698630137
41483	0.013698630137
41931	0.013698630137
51157	0.013698630137
51266	0.013698630137
11165	0.0136363636364
32490	0.0136363636364
25453	0.0136239782016
5161	0.0135135135135
16722	0.0135135135135
22554	0.0135135135135
23240	0.0135135135135
28111	0.0135135135135
29401	0.0135135135135
30672	0.0135135135135
33301	0.0135135135135
38569	0.0135135135135
40212	0.0135135135135
41405	0.0135135135135
51745	0.0135135135135
51865	0.0135135135135
52240	0.0135135135135
25444	0.0133779264214
287	0.0133333333333
2401	0.0133333333333
12421	0.0133333333333
19816	0.0133333333333
24058	0.0133333333333
30679	0.0133333333333
38682	0.0133333333333
43251	0.0133333333333
45610	0.0133333333333
46211	0.0133333333333
2829	0.0132450331126
6954	0.0132450331126
1342	0.0131578947368
10633	0.0131578947368
13067	0.0131578947368
14860	0.0131578947368
18213	0.0131578947368
22050	0.0131578947368
25806	0.0131578947368
27642	0.0131578947368
34652	0.0131578947368
36594	0.0131578947368
38375	0.0131578947368
41397	0.0131578947368
41633	0.0131578947368
41848	0.0131578947368
41859	0.0131578947368
44602	0.0131578947368
45206	0.0131578947368
50240	0.0131578947368
52876	0.0131578947368
2787	0.0131004366812
41146	0.0130434782609
18515	0.0130208333333
15870	0.012987012987
17278	0.012987012987
20345	0.012987012987
36193	0.012987012987
37117	0.012987012987
37747	0.012987012987
39085	0.012987012987
41325	0.012987012987
41438	0.012987012987
51053	0.012987012987
51712	0.012987012987
52345	0.012987012987
21331	0.0129310344828
1990	0.0129032258065
51041	0.0128676470588
2096	0.0128205128205
10110	0.0128205128205
16969	0.0128205128205
20630	0.0128205128205
24104	0.0128205128205
26940	0.0128205128205
30222	0.0128205128205
35148	0.0128205128205
35958	0.0128205128205
41736	0.0128205128205
51825	0.0128205128205
26934	0.0127659574468
22684	0.0127388535032
43473	0.0127388535032
51179	0.0127388535032
4418	0.0126582278481
5089	0.0126582278481
7084	0.0126582278481
11430	0.0126582278481
11559	0.0126582278481
19208	0.0126582278481
19843	0.0126582278481
21913	0.0126582278481
22681	0.0126582278481
41180	0.0126582278481
41210	0.0126582278481
41916	0.0126582278481
51641	0.0126582278481
52641	0.0126582278481
53029	0.0126582278481
4337	0.0125786163522
11172	0.0125786163522
6415	0.0125
11196	0.0125
12454	0.0125
23440	0.0125
27874	0.0125
28824	0.0125
30209	0.0125
30973	0.0125
32728	0.0125
33947	0.0125
40307	0.0125
3156	0.0124223602484
40893	0.0124223602484
41552	0.0124223602484
4876	0.0123966942149
186	0.0123456790123
2632	0.0123456790123
2816	0.0123456790123
4561	0.0123456790123
14555	0.0123456790123
17637	0.0123456790123
18295	0.0123456790123
32935	0.0123456790123
42389	0.0123456790123
47273	0.0123456790123
51292	0.0123456790123
52549	0.0123456790123
16927	0.0122699386503
17715	0.0122699386503
41246	0.0122699386503
3534	0.0121951219512
6213	0.0121951219512
19687	0.0121951219512
35199	0.0121951219512
37208	0.0121951219512
38577	0.0121951219512
38739	0.0121951219512
40645	0.0121951219512
41399	0.0121951219512
44993	0.0121951219512
49141	0.0121951219512
52629	0.0121951219512
59607	0.0121951219512
51173	0.0121457489879
23628	0.0121212121212
34676	0.0121212121212
859	0.0120481927711
3860	0.0120481927711
4739	0.0120481927711
14181	0.0120481927711
16920	0.0120481927711
18773	0.0120481927711
35480	0.0120481927711
39544	0.0120481927711
41059	0.0120481927711
41224	0.0120481927711
41754	0.0120481927711
52190	0.0120481927711
41054	0.012
24373	0.0119760479042
32453	0.0119760479042
11079	0.0119047619048
15354	0.0119047619048
27173	0.0119047619048
28545	0.0119047619048
28982	0.0119047619048
33964	0.0119047619048
38959	0.0119047619048
39713	0.0119047619048
39027	0.0118577075099
38663	0.0118343195266
39426	0.0118343195266
3253	0.0117647058824
3843	0.0117647058824
4510	0.0117647058824
14511	0.0117647058824
17987	0.0117647058824
24833	0.0117647058824
28042	0.0117647058824
39548	0.0117647058824
41122	0.0117647058824
41241	0.0117647058824
41712	0.0117647058824
42029	0.0117647058824
3720	0.0117340286832
34967	0.0116959064327
41165	0.0116959064327
3406	0.0116279069767
5754	0.0116279069767
6494	0.0116279069767
14757	0.0116279069767
20290	0.0116279069767
26762	0.0116279069767
35630	0.0116279069767
41114	0.0116279069767
41313	0.0116279069767
41409	0.0116279069767
49024	0.0116279069767
52231	0.0116279069767
9656	0.0115774240232
22838	0.0115606936416
23415	0.0115606936416
34217	0.0115606936416
51029	0.0115606936416
3297	0.0114942528736
3876	0.0114942528736
7518	0.0114942528736
10157	0.0114942528736
10443	0.0114942528736
11778	0.0114942528736
12475	0.0114942528736
23605	0.0114942528736
30191	0.0114942528736
41175	0.0114942528736
51615	0.0114942528736
52981	0.0114942528736
4485	0.0114613180516
18835	0.0114285714286
51025	0.0114285714286
7311	0.0113636363636
11069	0.0113636363636
25273	0.0113636363636
32927	0.0113636363636
34149	0.0113636363636
36736	0.0113636363636
41139	0.0113636363636
41348	0.0113636363636
42649	0.0113636363636
43522	0.0113636363636
44136	0.0113636363636
47918	0.0113636363636
283	0.0112359550562
7346	0.0112359550562
8142	0.0112359550562
10328	0.0112359550562
26890	0.0112359550562
31634	0.0112359550562
41253	0.0112359550562
51978	0.0112359550562
7751	0.0111731843575
12149	0.0111731843575
36710	0.0111731843575
3369	0.0111111111111
26274	0.0111111111111
33850	0.0111111111111
37792	0.0111111111111
43269	0.0111111111111
50335	0.0111111111111
50944	0.0111111111111
51394	0.0111111111111
51418	0.0111111111111
59507	0.0111111111111
23285	0.0110497237569
2152	0.010989010989
29603	0.010989010989
42182	0.010989010989
42642	0.010989010989
42811	0.010989010989
44184	0.010989010989
52638	0.010989010989
18556	0.0109489051095
41208	0.0109489051095
35144	0.0109289617486
40334	0.0109090909091
1146	0.0108695652174
2313	0.0108695652174
4149	0.0108695652174
12800	0.0108695652174
21801	0.0108695652174
30619	0.0108695652174
31138	0.0108695652174
43391	0.0108695652174
50642	0.0108695652174
50871	0.0108695652174
52733	0.0108695652174
879	0.010781671159
2720	0.010752688172
3187	0.010752688172
3280	0.010752688172
3480	0.010752688172
5698	0.010752688172
8129	0.010752688172
10103	0.010752688172
19506	0.010752688172
30466	0.010752688172
41880	0.010752688172
30901	0.0106951871658
28443	0.0106761565836
16917	0.0106382978723
18604	0.0106382978723
18756	0.0106382978723
36054	0.0106382978723
37776	0.0106382978723
40887	0.0106382978723
53234	0.0106382978723
2312	0.010582010582
25376	0.010582010582
41204	0.010582010582
41546	0.010582010582
218	0.0105263157895
5352	0.0105263157895
5702	0.0105263157895
7280	0.0105263157895
11775	0.0105263157895
11888	0.0105263157895
18317	0.0105263157895
28134	0.0105263157895
38287	0.0105263157895
40752	0.0105263157895
48676	0.0105263157895
452	0.0104712041885
949	0.0104712041885
35809	0.0104712041885
1068	0.0104166666667
1788	0.0104166666667
5120	0.0104166666667
5371	0.0104166666667
10082	0.0104166666667
51283	0.0104166666667
11749	0.0103626943005
36999	0.0103626943005
28405	0.0103567318757
2067	0.0103092783505
3385	0.0103092783505
3947	0.0103092783505
29243	0.0103092783505
34073	0.0103092783505
35594	0.0103092783505
41610	0.0103092783505
41778	0.0103092783505
51242	0.0103092783505
52018	0.0103092783505
38807	0.0102739726027
819	0.0102040816327
1015	0.0102040816327
13385	0.0102040816327
27537	0.0102040816327
30982	0.0102040816327
33599	0.0102040816327
33855	0.0102040816327
34191	0.0102040816327
35698	0.0102040816327
41833	0.0102040816327
42810	0.0102040816327
41129	0.0101781170483
21558	0.0101694915254
4733	0.010152284264
23688	0.0101265822785
4769	0.010101010101
6353	0.010101010101
10343	0.010101010101
18214	0.010101010101
21375	0.010101010101
23619	0.010101010101
33523	0.010101010101
41227	0.010101010101
41525	0.010101010101
42825	0.010101010101
46620	0.010101010101
53060	0.010101010101
53065	0.010101010101
42156	0.0100502512563
51006	0.0100334448161
1638	0.01
2245	0.01
2448	0.01
18231	0.01
21507	0.01
27687	0.01
31995	0.01
41340	0.01
42326	0.01
50924	0.01
896	0.00990099009901
13006	0.00990099009901
14656	0.00990099009901
17570	0.00990099009901
41222	0.00990099009901
41271	0.00990099009901
41452	0.00990099009901
41102	0.00985221674877
51133	0.00985221674877
95	0.00980392156863
3729	0.00980392156863
10973	0.00980392156863
29145	0.00980392156863
41101	0.00980392156863
1928	0.00977198697068
41154	0.00977198697068
932	0.00975609756098
4439	0.00975609756098
8159	0.00975609756098
39709	0.00975609756098
41085	0.00975609756098
15188	0.00970873786408
18234	0.00970873786408
20752	0.00970873786408
22426	0.00970873786408
24164	0.00970873786408
32418	0.00970873786408
41228	0.00970873786408
41570	0.00970873786408
41653	0.00970873786408
48662	0.00970873786408
52560	0.00970873786408
34637	0.00967741935484
7175	0.00966183574879
10281	0.00966183574879
18972	0.00966183574879
41047	0.00966183574879
377	0.00961538461538
876	0.00961538461538
3198	0.00961538461538
17383	0.00961538461538
17767	0.00961538461538
42249	0.00961538461538
45381	0.00961538461538
51209	0.00961538461538
52089	0.00961538461538
41307	0.00958466453674
51027	0.00958466453674
9761	0.00956937799043
156	0.00952380952381
5916	0.00952380952381
21321	0.00952380952381
46493	0.00952380952381
51044	0.00952380952381
41467	0.00950118764846
7533	0.00947867298578
3182	0.00943396226415
3194	0.00943396226415
9625	0.00943396226415
13339	0.00943396226415
21666	0.00943396226415
31692	0.00943396226415
31891	0.00943396226415
51590	0.00943396226415
52283	0.00943396226415
53194	0.00943396226415
27529	0.0093896713615
9288	0.00934579439252
10166	0.00934579439252
12484	0.00934579439252
22170	0.00934579439252
41942	0.00934579439252
42931	0.00934579439252
51901	0.00934579439252
52357	0.00934579439252
59562	0.00934579439252
41126	0.00931677018634
4705	0.0093023255814
4706	0.0093023255814
40979	0.00928792569659
5023	0.00925925925926
10890	0.00925925925926
27580	0.00925925925926
28486	0.00925925925926
29707	0.00925925925926
39366	0.00925925925926
49350	0.00925925925926
51079	0.00925925925926
51228	0.00925925925926
52092	0.00925925925926
30020	0.00920245398773
3312	0.00919117647059
15052	0.00917431192661
23388	0.00917431192661
25169	0.00917431192661
41082	0.00917431192661
41655	0.00917431192661
42463	0.00917431192661
42514	0.00917431192661
43542	0.00917431192661
4951	0.0091533180778
3859	0.00913242009132
34525	0.00913242009132
41366	0.00913242009132
27906	0.00911854103343
40995	0.00911458333333
1975	0.00909090909091
3664	0.00909090909091
5712	0.00909090909091
6305	0.00909090909091
11760	0.00909090909091
17008	0.00909090909091
21458	0.00909090909091
28805	0.00909090909091
40819	0.00909090909091
42799	0.00909090909091
52891	0.00909090909091
562	0.00902934537246
14381	0.00900900900901
50506	0.00900900900901
50886	0.00900900900901
53039	0.00900900900901
59508	0.00900900900901
20529	0.00896860986547
694	0.00892857142857
4156	0.00892857142857
4541	0.00892857142857
4868	0.00892857142857
11774	0.00892857142857
13313	0.00892857142857
17946	0.00892857142857
25432	0.00892857142857
33785	0.00892857142857
41137	0.00892857142857
41426	0.00892857142857
50938	0.00892857142857
52350	0.00892857142857
13742	0.00888888888889
38795	0.00888888888889
511	0.00884955752212
22195	0.00884955752212
22231	0.00884955752212
26531	0.00884955752212
33775	0.00884955752212
34943	0.00884955752212
41257	0.00884955752212
41799	0.00884955752212
40972	0.00882352941176
29861	0.00881057268722
11145	0.00877192982456
14140	0.00877192982456
18958	0.00877192982456
26162	0.00877192982456
28141	0.00877192982456
28711	0.00877192982456
37190	0.00877192982456
41434	0.00877192982456
42320	0.00877192982456
43749	0.00877192982456
259	0.00874635568513
16447	0.00871459694989
17764	0.00869565217391
24971	0.00869565217391
35551	0.00869565217391
41045	0.00869565217391
52521	0.00869565217391
28810	0.00864553314121
51212	0.00863557858377
3317	0.00862068965517
10727	0.00862068965517
41004	0.00862068965517
41807	0.00862068965517
51721	0.00862068965517
52258	0.00862068965517
2361	0.00854700854701
14730	0.00854700854701
22813	0.00854700854701
40411	0.00854700854701
43325	0.00854700854701
3733	0.00853889943074
71	0.00847457627119
11307	0.00847457627119
12343	0.00847457627119
16846	0.00847457627119
21523	0.00847457627119
41236	0.00847457627119
52428	0.00847457627119
3419	0.00845665961945
41044	0.0084388185654
41058	0.00842105263158
2037	0.00841514726508
3986	0.00840336134454
6816	0.00840336134454
10340	0.00840336134454
13124	0.00840336134454
38493	0.00840336134454
25078	0.00837988826816
47611	0.00837988826816
10054	0.00833333333333
21719	0.00833333333333
41023	0.00833333333333
2127	0.00829875518672
2785	0.00829875518672
41329	0.00829875518672
3120	0.00826446280992
4057	0.00826446280992
25324	0.00826446280992
27582	0.00826446280992
39210	0.00826446280992
41640	0.00826446280992
47430	0.00826446280992
51345	0.00826446280992
17068	0.0082304526749
9252	0.00821917808219
3481	0.00819672131148
20111	0.00819672131148
27651	0.00819672131148
33971	0.00819672131148
41179	0.00819672131148
41225	0.00819672131148
41894	0.00819672131148
43088	0.00819672131148
52056	0.00819672131148
27927	0.00816326530612
34356	0.00816326530612
41270	0.00816326530612
52471	0.00816326530612
210	0.00813008130081
27925	0.00813008130081
29855	0.00813008130081
30805	0.00813008130081
33552	0.00813008130081
41127	0.00813008130081
41353	0.00813008130081
44776	0.00813008130081
49689	0.00813008130081
14525	0.00806451612903
17299	0.00806451612903
20205	0.00806451612903
33510	0.00806451612903
34724	0.00806451612903
47292	0.00806451612903
47503	0.00806451612903
40962	0.00805008944544
37762	0.00803212851406
49392	0.00803212851406
2326	0.00802568218299
29971	0.00802139037433
2164	0.008
4121	0.008
10045	0.008
29564	0.008
41328	0.008
41374	0.008
45093	0.008
12610	0.00798722044728
5593	0.00798403193613
27404	0.00796812749004
1328	0.00793650793651
6904	0.00793650793651
10803	0.00793650793651
25240	0.00793650793651
31170	0.00793650793651
50933	0.00793650793651
51549	0.00793650793651
6394	0.00787401574803
9104	0.00787401574803
26674	0.00787401574803
34169	0.00787401574803
37599	0.00787401574803
51232	0.00787401574803
7442	0.00785340314136
2381	0.0078125
5354	0.0078125
18641	0.0078125
20647	0.0078125
24522	0.0078125
25305	0.0078125
25834	0.0078125
28155	0.0078125
4339	0.00778210116732
44117	0.00778210116732
1438	0.00777202072539
29218	0.00777202072539
2215	0.0077519379845
14686	0.0077519379845
44351	0.0077519379845
512	0.00772200772201
40968	0.00772200772201
392	0.00769230769231
1232	0.00769230769231
1324	0.00769230769231
21377	0.00769230769231
29990	0.00769230769231
32146	0.00769230769231
33577	0.00769230769231
41284	0.00769230769231
53001	0.00769230769231
59919	0.00769230769231
868	0.00766871165644
17147	0.00766283524904
23667	0.00766283524904
27358	0.00766283524904
867	0.00765306122449
870	0.00763358778626
18199	0.00763358778626
21252	0.00763358778626
35514	0.00763358778626
41411	0.00763358778626
41425	0.00763358778626
41642	0.00763358778626
49397	0.00763358778626
25113	0.00762195121951
3527	0.00761904761905
6304	0.0076103500761
23150	0.0076103500761
9184	0.00757575757576
41682	0.00757575757576
51689	0.00757575757576
3826	0.00751879699248
7357	0.00751879699248
7427	0.00751879699248
15288	0.00751879699248
22319	0.00751879699248
34920	0.00751879699248
38078	0.00751879699248
50969	0.00751879699248
1135	0.00750750750751
3689	0.0075
11727	0.00749765698219
30899	0.0074812967581
28821	0.00747663551402
41985	0.00747663551402
2905	0.00746268656716
9471	0.00746268656716
31483	0.00746268656716
51666	0.00746268656716
9826	0.00743494423792
34199	0.00743494423792
995	0.00740740740741
1167	0.00740740740741
14698	0.00740740740741
4563	0.00740055504163
616	0.00735294117647
4136	0.00735294117647
5552	0.00735294117647
13149	0.00735294117647
19792	0.00735294117647
22408	0.00735294117647
28379	0.00735294117647
30845	0.00735294117647
38330	0.00735294117647
41443	0.00735294117647
47050	0.00735294117647
17939	0.00732600732601
23174	0.00731707317073
1954	0.00729927007299
2171	0.00729927007299
11769	0.00729927007299
21657	0.00729927007299
29909	0.00729927007299
39852	0.00729927007299
41108	0.00729927007299
41536	0.00729927007299
51496	0.00729927007299
2333	0.00726612170754
1169	0.00724637681159
10251	0.00724637681159
15825	0.00724637681159
25570	0.00724637681159
28559	0.00724637681159
29372	0.00724637681159
32809	0.00724637681159
43376	0.00724637681159
12998	0.00723327305606
27489	0.00720720720721
4070	0.00719424460432
14277	0.00719424460432
15782	0.00719424460432
27048	0.00719424460432
27320	0.00719424460432
29543	0.00719424460432
35920	0.00719424460432
50995	0.00719424460432
4764	0.00717360114778
41092	0.00715990453461
1902	0.00715015321757
2613	0.00714285714286
3426	0.00714285714286
4708	0.00714285714286
24688	0.00714285714286
32457	0.00714285714286
49749	0.00714285714286
11504	0.00711743772242
29394	0.00711743772242
2130	0.00709219858156
2850	0.00709219858156
11095	0.00709219858156
22798	0.00709219858156
41079	0.00709219858156
51875	0.00709219858156
53134	0.00709219858156
2840	0.00704225352113
14476	0.00704225352113
22621	0.00704225352113
27087	0.00704225352113
30917	0.00704225352113
35044	0.00704225352113
43785	0.00704225352113
49403	0.00704225352113
51164	0.00704225352113
51709	0.00704225352113
41583	0.00702987697715
4518	0.00702678963549
4173	0.00700934579439
25098	0.00700525394046
7451	0.00699300699301
41398	0.00699300699301
42270	0.00699300699301
43414	0.00699300699301
51274	0.00699300699301
13056	0.00698080279232
13952	0.00696864111498
4335	0.00694444444444
5432	0.00694444444444
5884	0.00694444444444
16831	0.00694444444444
18414	0.00694444444444
37737	0.00694444444444
41890	0.00694444444444
4242	0.00692041522491
12388	0.00691244239631
11060	0.00689655172414
12393	0.00689655172414
17315	0.00689655172414
30793	0.00689655172414
39324	0.00689655172414
41161	0.00689655172414
41198	0.00689655172414
33634	0.0068870523416
27171	0.00687285223368
41417	0.00687285223368
40289	0.00686498855835
5460	0.00684931506849
6928	0.00684931506849
28750	0.00684931506849
862	0.00682593856655
29854	0.00681198910082
2411	0.00680272108844
4035	0.00680272108844
26486	0.00680272108844
27063	0.00680272108844
30635	0.00680272108844
32832	0.00680272108844
34607	0.00680272108844
38820	0.00680272108844
39585	0.00677966101695
5231	0.00677083333333
4280	0.00675675675676
16449	0.00675675675676
28286	0.00675675675676
51393	0.00675675675676
29724	0.00673400673401
4625	0.00671140939597
28709	0.00671140939597
42609	0.00671140939597
3445	0.0066889632107
40969	0.0066889632107
3499	0.00668151447661
20506	0.00667556742323
27226	0.00666666666667
27910	0.00666666666667
35535	0.00666666666667
2028	0.00662251655629
27288	0.00662251655629
37201	0.00662251655629
38657	0.00662251655629
40351	0.00662251655629
41011	0.00662251655629
41287	0.00662251655629
37111	0.00661157024793
3133	0.00658761528327
7261	0.00657894736842
34254	0.00657894736842
1399	0.00655021834061
3698	0.00653594771242
4513	0.00653594771242
6444	0.00653594771242
9178	0.00653594771242
51254	0.00653594771242
35345	0.00651890482399
41016	0.00650759219089
13621	0.00649350649351
17318	0.00649350649351
40965	0.00648824006488
18699	0.00647249190939
42424	0.00647249190939
26863	0.0064620355412
10010	0.00645161290323
12777	0.00645161290323
13111	0.00645161290323
17928	0.00645161290323
21545	0.00645161290323
40988	0.00642398286938
1039	0.00641025641026
6781	0.00641025641026
13121	0.00641025641026
26098	0.00641025641026
16209	0.0064
1239	0.00638977635783
5512	0.00638977635783
7444	0.00638977635783
37961	0.0063829787234
20416	0.00637958532695
38793	0.0063731170336
2776	0.00636942675159
16379	0.00636942675159
24958	0.00636942675159
26318	0.00636942675159
27715	0.00636942675159
38519	0.00636942675159
41066	0.00636942675159
41258	0.00636942675159
51676	0.00636942675159
57861	0.00636942675159
4137	0.00635593220339
5693	0.00635593220339
16784	0.00632911392405
17483	0.00632911392405
41596	0.00632911392405
52225	0.00632911392405
12423	0.00631578947368
1918	0.00630914826498
5809	0.00629496402878
874	0.0062893081761
14833	0.0062893081761
27809	0.0062893081761
41039	0.0062893081761
37225	0.00626959247649
41003	0.0062630480167
10096	0.00625
22643	0.00625
46722	0.00625
51156	0.00625
41403	0.00623052959502
118	0.00621118012422
5206	0.00621118012422
17152	0.00621118012422
18967	0.00621118012422
21311	0.00621118012422
33922	0.00621118012422
34522	0.00621118012422
51575	0.00621118012422
52525	0.00621118012422
27128	0.0061919504644
35237	0.0061919504644
41031	0.00618811881188
13036	0.00617283950617
13063	0.00617283950617
36364	0.00617283950617
37557	0.00617283950617
38987	0.00617283950617
42145	0.00617283950617
51784	0.00617283950617
53344	0.00617283950617
29309	0.00616016427105
41090	0.00615006150062
4937	0.00614754098361
16368	0.00613496932515
20591	0.00613496932515
32895	0.00613496932515
49398	0.00613496932515
41972	0.00611620795107
4464	0.00609756097561
5715	0.00609756097561
15851	0.00609756097561
19034	0.00609756097561
41243	0.00609756097561
42335	0.00609756097561
26602	0.00607441154138
5616	0.00606060606061
35019	0.00606060606061
12467	0.00604229607251
10844	0.00602409638554
12511	0.00602409638554
15233	0.00602409638554
27125	0.00602409638554
2344	0.00601805416249
992	0.00600600600601
8709	0.00600400266845
4413	0.0059880239521
20335	0.0059880239521
38758	0.0059880239521
20542	0.00597014925373
41032	0.00597014925373
5112	0.00596026490066
1655	0.00595238095238
3533	0.00595238095238
18361	0.00595238095238
21204	0.00595238095238
38861	0.00595238095238
41355	0.00595238095238
4430	0.00593471810089
11	0.00592300098717
18777	0.00592216582064
2403	0.00591715976331
50883	0.00591715976331
41109	0.00590551181102
40942	0.00588235294118
41156	0.00588235294118
42531	0.00588235294118
59661	0.00588235294118
456	0.00584795321637
7509	0.00584795321637
41060	0.00584795321637
41000	0.00583090379009
36398	0.00581959262852
2825	0.00581395348837
8210	0.00581395348837
41029	0.00581395348837
52738	0.00581395348837
29686	0.00579710144928
34683	0.00579710144928
26805	0.00578806767587
137	0.00578034682081
3535	0.00578034682081
4743	0.00578034682081
11232	0.00578034682081
13064	0.00578034682081
33841	0.00578034682081
51159	0.00578034682081
3943	0.00574712643678
7411	0.00574712643678
18815	0.00574712643678
30762	0.00574712643678
30789	0.00574712643678
59506	0.00574712643678
21797	0.0057361376673
9647	0.00572519083969
30980	0.00572082379863
3598	0.00571428571429
4144	0.00571428571429
12194	0.00571428571429
17461	0.00571428571429
21662	0.00571428571429
22579	0.00571428571429
25942	0.00571428571429
37409	0.00571428571429
50652	0.00571428571429
51145	0.00571428571429
51838	0.00571428571429
2186	0.00569800569801
41068	0.00568720379147
3946	0.00568181818182
22401	0.00568181818182
34751	0.00568181818182
1048	0.0056657223796
22018	0.00564971751412
23786	0.00564971751412
29532	0.00564971751412
41593	0.00564971751412
42450	0.00561797752809
1390	0.00558659217877
5237	0.00558659217877
11000	0.00558659217877
25554	0.00558659217877
27218	0.00558659217877
41062	0.00558659217877
48076	0.00558659217877
29453	0.00557103064067
5157	0.00556680161943
3214	0.00555555555556
14206	0.00555555555556
23211	0.00555555555556
29024	0.00555555555556
3788	0.00554016620499
50939	0.00554016620499
10736	0.00552486187845
14361	0.00552486187845
20527	0.00552486187845
26085	0.00552486187845
30269	0.00552486187845
31850	0.00552486187845
33727	0.00552486187845
39360	0.00552486187845
40999	0.00552486187845
50957	0.00552486187845
51485	0.00552486187845
893	0.00551102204409
41048	0.00550964187328
19897	0.00549450549451
32087	0.00549450549451
40625	0.00549450549451
50897	0.00549450549451
51120	0.00549450549451
38492	0.00547945205479
38203	0.00547345374932
2007	0.00546448087432
6194	0.00546448087432
13660	0.00546448087432
22070	0.00546448087432
40975	0.00546448087432
6417	0.0054347826087
8466	0.0054347826087
28712	0.0054347826087
51121	0.0054347826087
1170	0.00540540540541
1456	0.00540540540541
19338	0.00540540540541
35136	0.00540540540541
38763	0.00540540540541
41278	0.00540540540541
253	0.00539956803456
5622	0.00539083557951
30799	0.00539083557951
39136	0.00538461538462
3059	0.00538358008075
38932	0.00537634408602
41040	0.00537634408602
41088	0.00537634408602
41544	0.00537634408602
51655	0.00537634408602
51989	0.00536193029491
6689	0.00534759358289
16516	0.00534759358289
24970	0.00534759358289
51213	0.00534759358289
30471	0.00533333333333
11201	0.00532859680284
33887	0.00532859680284
35563	0.00532786885246
23121	0.00531914893617
23248	0.00531914893617
41050	0.00531914893617
52065	0.00531914893617
18613	0.00529901589705
3548	0.00529100529101
10792	0.00529100529101
41177	0.00529100529101
7340	0.00528541226216
34471	0.00526315789474
37238	0.00526315789474
6573	0.00523560209424
8229	0.00523560209424
17277	0.00523560209424
18374	0.00523560209424
27949	0.00523560209424
41404	0.00523560209424
42378	0.00523560209424
9200	0.00523012552301
9135	0.00522193211488
5367	0.00520833333333
7460	0.00520833333333
7505	0.00520833333333
18112	0.00520833333333
41018	0.00520156046814
1422	0.00519480519481
6772	0.00518134715026
21557	0.00518134715026
39265	0.00518134715026
14207	0.00516795865633
30812	0.00515463917526
33879	0.00515463917526
36967	0.00515463917526
48489	0.00515463917526
12017	0.00512820512821
29863	0.00512820512821
39343	0.00512820512821
41074	0.00512820512821
44456	0.00512820512821
51038	0.00512820512821
9538	0.00511073253833
4396	0.00510855683269
1680	0.00510204081633
2865	0.00510204081633
24889	0.00510204081633
4675	0.00507614213198
25891	0.00507614213198
4655	0.00507099391481
11664	0.00506329113924
3204	0.00505050505051
10266	0.00505050505051
11655	0.00503355704698
41116	0.00503355704698
26599	0.00502512562814
50980	0.00502512562814
23642	0.00501253132832
6427	0.00500294290759
1503	0.00500277932185
38925	0.00499168053245
9292	0.00497512437811
36686	0.00497512437811
31440	0.00496277915633
2216	0.0049504950495
9642	0.00493218249075
2169	0.00492610837438
22230	0.00492610837438
37194	0.00492610837438
22743	0.00488201790073
11314	0.00487804878049
13317	0.00487804878049
15636	0.00487804878049
30874	0.00487804878049
41070	0.00487804878049
44433	0.00487804878049
51146	0.00487804878049
3288	0.00485436893204
18584	0.00485436893204
35581	0.00485436893204
1497	0.00484131253362
22383	0.00483759502419
4578	0.00482056775576
7956	0.00480769230769
40541	0.00480769230769
51019	0.00480769230769
35049	0.00479233226837
1380	0.00478468899522
1853	0.00478468899522
18456	0.00476947535771
1113	0.0047619047619
18960	0.0047619047619
26195	0.0047619047619
47787	0.0047619047619
32188	0.00475435816165
2515	0.00473933649289
12824	0.00473933649289
27471	0.00473933649289
37689	0.00473933649289
33678	0.00469483568075
4846	0.0046875
41071	0.00468384074941
27525	0.00467289719626
3515	0.0046511627907
12182	0.0046511627907
21978	0.0046511627907
41308	0.0046511627907
42328	0.0046511627907
869	0.00464207182995
22971	0.0046403712297
38191	0.00462962962963
41025	0.00462962962963
41171	0.00462962962963
50885	0.00462962962963
53342	0.00462962962963
900	0.00460829493088
41555	0.00460829493088
25586	0.00459770114943
35045	0.00459770114943
7300	0.0045871559633
14716	0.0045871559633
22929	0.00454545454545
34999	0.00454545454545
27051	0.00452488687783
28812	0.00452488687783
921	0.00451263537906
4916	0.0045045045045
497	0.00449438202247
27535	0.00447093889717
34929	0.00442477876106
3827	0.00441501103753
5918	0.00440528634361
11230	0.00440528634361
17346	0.00440528634361
22744	0.00437445319335
20075	0.00434782608696
32823	0.00434782608696
18172	0.004329004329
25738	0.00432525951557
13933	0.00431034482759
42374	0.00431034482759
50851	0.00429184549356
631	0.00428265524625
49394	0.00428265524625
18311	0.0042735042735
41332	0.0042735042735
50863	0.004243281471
1632	0.00423728813559
12756	0.00423728813559
27255	0.00423728813559
35400	0.00423728813559
26584	0.00423131170663
7312	0.00422733677783
37392	0.00422535211268
15228	0.0042194092827
40977	0.0042194092827
40978	0.0042194092827
41091	0.0042194092827
50937	0.0042194092827
35703	0.00420168067227
40318	0.00420168067227
50105	0.0041928721174
14360	0.00418410041841
18759	0.00418410041841
31879	0.00418410041841
32811	0.00418410041841
33762	0.00418410041841
40987	0.0041782729805
13960	0.00416666666667
37052	0.00414937759336
19201	0.00413223140496
21648	0.00411522633745
31882	0.00411522633745
24126	0.00409836065574
28043	0.00409836065574
36394	0.00409836065574
44281	0.00409836065574
51724	0.00409836065574
3531	0.0040899795501
37169	0.00408163265306
27865	0.0040733197556
1144	0.00406504065041
4390	0.00406504065041
10920	0.00406504065041
34519	0.00406504065041
4327	0.00404858299595
23742	0.00404858299595
39483	0.00404858299595
25051	0.0040404040404
41041	0.00403225806452
2	0.00402819738167
39549	0.00401606425703
17938	0.00400801603206
18205	0.004
9188	0.00396825396825
2419	0.00396301188904
17711	0.0039603960396
45139	0.00395256916996
28051	0.00394944707741
5768	0.00394477317554
39383	0.00393700787402
39785	0.00393700787402
50327	0.00393700787402
14352	0.00392156862745
18607	0.00392156862745
34145	0.00392156862745
52332	0.00390625
2733	0.00389105058366
19598	0.00389105058366
41164	0.00389105058366
50923	0.00387596899225
6803	0.00384615384615
30445	0.00384615384615
1118	0.00384122919334
5673	0.00383877159309
5204	0.00383631713555
1921	0.00383141762452
35847	0.00381679389313
41194	0.00381679389313
44951	0.00381679389313
33895	0.00380228136882
37427	0.00380228136882
2463	0.00379867046534
4005	0.00378787878788
17586	0.00378787878788
16956	0.00373134328358
41347	0.00373134328358
13318	0.00371747211896
41188	0.0037037037037
1119	0.00369913686806
5420	0.00368098159509
26416	0.003663003663
32862	0.003663003663
41001	0.003663003663
17790	0.0036496350365
38080	0.0036496350365
3933	0.00364630811304
32612	0.00363636363636
41095	0.00363636363636
19601	0.00363372093023
38790	0.0036231884058
19288	0.00361010830325
28128	0.00361010830325
13935	0.0036036036036
4711	0.00359712230216
30691	0.00359712230216
33142	0.00359712230216
3116	0.00358422939068
50864	0.00358422939068
39602	0.00357142857143
37426	0.00356506238859
4399	0.00354609929078
7062	0.00354609929078
35178	0.00354609929078
39915	0.00354609929078
5218	0.00353356890459
25405	0.00353356890459
29739	0.00353356890459
37775	0.00352112676056
5599	0.00350877192982
18307	0.00350058343057
3139	0.0034965034965
4489	0.0034965034965
1931	0.00348432055749
41065	0.00348432055749
27890	0.00348027842227
2290	0.00347826086957
1676	0.00347222222222
25414	0.00347222222222
14750	0.00346020761246
27094	0.00346020761246
41364	0.00344827586207
5519	0.00343642611684
12969	0.00341296928328
13955	0.00341296928328
38293	0.00338983050847
50879	0.00333333333333
1743	0.00332225913621
3991	0.00332225913621
18278	0.00332225913621
3273	0.00330760749724
5000	0.00328947368421
21772	0.00328947368421
34224	0.00328947368421
41106	0.00327868852459
7214	0.00326797385621
23011	0.00326797385621
6812	0.00324675324675
4654	0.00324324324324
2898	0.00323624595469
14253	0.00323624595469
30625	0.0031847133758
6360	0.00316455696203
17355	0.00315955766193
684	0.00315457413249
2409	0.00311526479751
1984	0.00309119010819
38584	0.00306748466258
1364	0.00303951367781
27527	0.00303951367781
38262	0.00301204819277
17596	0.003003003003
26893	0.003003003003
41015	0.00299401197605
40982	0.00297619047619
29845	0.0028818443804
40964	0.00287356321839
48572	0.00287356321839
2030	0.00286532951289
3260	0.002849002849
18701	0.0028328611898
5503	0.00282752120641
10250	0.00282485875706
34147	0.00282485875706
1700	0.00280898876404
18301	0.00280898876404
21906	0.00277008310249
34897	0.00274725274725
4644	0.0027397260274
47774	0.0027397260274
34367	0.00272727272727
742	0.00272479564033
216	0.0027027027027
7317	0.00269541778976
7419	0.00269541778976
41132	0.00269541778976
23265	0.00268096514745
11359	0.00267379679144
41097	0.00266666666667
15373	0.00265957446809
38794	0.00264317180617
38822	0.00262467191601
21323	0.00261780104712
4153	0.0025974025974
19547	0.0025641025641
76	0.00247729149463
1628	0.00246002460025
7100	0.00237529691211
3365	0.00235849056604
29277	0.00235849056604
31536	0.00234741784038
41027	0.002331002331
5553	0.00229885057471
8397	0.00227272727273
22251	0.00224215246637
31830	0.00224215246637
28832	0.00219298245614
45223	0.00215517241379
28742	0.00210970464135
11169	0.0020964360587
19599	0.00207468879668
23782	0.00204498977505
36392	0.00201612903226
34858	0.00191570881226
34369	0.00188679245283
21745	0.00177304964539
40980	0.00174825174825
28407	0.0017094017094
5643	0.0015015015015
2745	0.00139958012596
39447	0.00117924528302
