2799	0.333333333333
42489	0.333333333333
50543	0.333333333333
50552	0.333333333333
53640	0.333333333333
57742	0.333333333333
2599	0.25
10917	0.25
11415	0.25
20307	0.25
25576	0.25
30033	0.25
37331	0.25
48658	0.25
49991	0.25
52194	0.25
7150	0.2
10291	0.2
14408	0.2
15792	0.2
20011	0.2
26976	0.2
43573	0.2
5564	0.166666666667
8062	0.166666666667
9611	0.166666666667
10402	0.166666666667
14072	0.166666666667
14986	0.166666666667
21483	0.166666666667
43286	0.166666666667
45790	0.166666666667
46005	0.166666666667
39124	0.142857142857
59941	0.142857142857
215	0.125
3596	0.125
10160	0.125
14174	0.125
16071	0.125
19484	0.125
24391	0.125
34334	0.125
35448	0.125
39961	0.125
42908	0.125
50420	0.125
52626	0.125
57892	0.125
499	0.111111111111
15755	0.111111111111
25231	0.111111111111
31165	0.111111111111
41233	0.111111111111
42611	0.111111111111
7142	0.1
17491	0.1
19009	0.1
19523	0.1
28250	0.1
47105	0.1
48213	0.1
12310	0.0909090909091
16416	0.0909090909091
27096	0.0909090909091
32217	0.0909090909091
37545	0.0909090909091
46323	0.0909090909091
59544	0.0909090909091
23515	0.0833333333333
30721	0.0833333333333
45443	0.0833333333333
48451	0.0833333333333
2029	0.0769230769231
37641	0.0769230769231
42935	0.0769230769231
21394	0.0714285714286
22709	0.0714285714286
35382	0.0714285714286
46192	0.0714285714286
51226	0.0714285714286
4583	0.0666666666667
6151	0.0666666666667
12072	0.0666666666667
33591	0.0666666666667
33893	0.0666666666667
60500	0.0666666666667
9370	0.0625
16222	0.0625
27771	0.0625
36257	0.0625
47025	0.0625
47148	0.0625
51663	0.0625
10631	0.0588235294118
19630	0.0588235294118
24767	0.0588235294118
34921	0.0588235294118
38879	0.0588235294118
18612	0.0555555555556
56686	0.0526315789474
11840	0.05
52889	0.05
32805	0.047619047619
38817	0.047619047619
41020	0.047619047619
50857	0.047619047619
533	0.0454545454545
10977	0.0454545454545
11180	0.0454545454545
18217	0.0454545454545
29061	0.0454545454545
51167	0.0454545454545
52522	0.0454545454545
16769	0.0434782608696
43504	0.0434782608696
51752	0.0434782608696
5739	0.0416666666667
37400	0.0416666666667
52475	0.0416666666667
53935	0.0416666666667
25803	0.04
27972	0.04
401	0.0384615384615
811	0.0384615384615
7061	0.0384615384615
26745	0.0384615384615
35437	0.0384615384615
37770	0.0384615384615
42679	0.0384615384615
10086	0.037037037037
13293	0.037037037037
39190	0.037037037037
42660	0.037037037037
51860	0.037037037037
51966	0.037037037037
33901	0.0357142857143
38665	0.0357142857143
40530	0.0357142857143
51501	0.0357142857143
1060	0.0344827586207
7421	0.0344827586207
20748	0.0344827586207
41484	0.0344827586207
42640	0.0344827586207
51652	0.0344827586207
8195	0.0333333333333
39335	0.0333333333333
42152	0.0333333333333
52890	0.0333333333333
12494	0.0322580645161
32024	0.0322580645161
35723	0.0322580645161
60009	0.0322580645161
39013	0.03125
42030	0.03125
52136	0.03125
52377	0.03125
1799	0.030303030303
3431	0.030303030303
9801	0.030303030303
18298	0.030303030303
21933	0.030303030303
29654	0.0294117647059
32962	0.0294117647059
41337	0.0294117647059
41888	0.0294117647059
44145	0.0294117647059
387	0.0285714285714
17440	0.0285714285714
34862	0.0285714285714
45203	0.0285714285714
50483	0.0285714285714
41317	0.0277777777778
327	0.027027027027
5448	0.027027027027
17286	0.027027027027
41214	0.027027027027
8088	0.0263157894737
22922	0.0263157894737
31991	0.0263157894737
41135	0.0263157894737
41617	0.0263157894737
52500	0.0263157894737
23409	0.025641025641
25254	0.025641025641
28841	0.025641025641
41386	0.025641025641
55923	0.025641025641
40862	0.025
41359	0.025
45163	0.025
52592	0.025
52667	0.025
13306	0.0243902439024
41658	0.0243902439024
20085	0.0238095238095
22831	0.0238095238095
35508	0.0238095238095
47467	0.0238095238095
48358	0.0238095238095
60330	0.0238095238095
7470	0.0232558139535
7482	0.0232558139535
23887	0.0232558139535
31169	0.0232558139535
51023	0.0232558139535
51386	0.0232558139535
53317	0.0232558139535
44286	0.0227272727273
44588	0.0227272727273
47630	0.0227272727273
3427	0.0217391304348
25050	0.0217391304348
30272	0.0217391304348
35747	0.0217391304348
42657	0.0217391304348
2284	0.0212765957447
36379	0.0212765957447
38575	0.0212765957447
11348	0.0208333333333
33693	0.0208333333333
44999	0.0208333333333
11404	0.0204081632653
21841	0.0204081632653
39985	0.0204081632653
41469	0.0204081632653
51200	0.0204081632653
52864	0.0204081632653
13380	0.02
18437	0.02
21750	0.02
35387	0.02
51693	0.0196078431373
16510	0.0192307692308
51636	0.0192307692308
2033	0.0188679245283
21569	0.0185185185185
29778	0.0185185185185
46148	0.0185185185185
41576	0.0178571428571
43179	0.0178571428571
52450	0.0178571428571
2786	0.0175438596491
19416	0.0175438596491
59547	0.0175438596491
12860	0.0172413793103
13418	0.0172413793103
28745	0.0172413793103
41577	0.0172413793103
42409	0.0169491525424
53048	0.0169491525424
60215	0.0169491525424
6315	0.0166666666667
11350	0.0166666666667
51220	0.0166666666667
5810	0.016393442623
53184	0.0161290322581
10046	0.015873015873
35022	0.015873015873
35940	0.015873015873
52255	0.015873015873
23230	0.0153846153846
59607	0.0153846153846
22332	0.0151515151515
51509	0.0151515151515
51683	0.0151515151515
5279	0.0149253731343
18366	0.0149253731343
32822	0.0149253731343
9924	0.0147058823529
26172	0.0147058823529
26295	0.0144927536232
34621	0.0144927536232
52196	0.0142857142857
6339	0.0140845070423
29582	0.0140845070423
34149	0.0140845070423
41139	0.0140845070423
52693	0.0140845070423
3866	0.0138888888889
12597	0.0138888888889
16770	0.0138888888889
6466	0.013698630137
42035	0.013698630137
41272	0.0135135135135
10220	0.0133333333333
12800	0.0133333333333
2679	0.0131578947368
3480	0.0131578947368
5698	0.0131578947368
41880	0.0131578947368
51905	0.012987012987
9609	0.0128205128205
42339	0.0125
40985	0.0123456790123
23619	0.0121951219512
27691	0.0121951219512
49985	0.0120481927711
41201	0.0119047619048
45076	0.0119047619048
41269	0.0117647058824
14406	0.0116279069767
30185	0.0116279069767
1252	0.0113636363636
18327	0.0113636363636
18378	0.0113636363636
41086	0.0113636363636
31692	0.0112359550562
31891	0.0112359550562
32711	0.0112359550562
33751	0.0112359550562
3294	0.0111111111111
37302	0.0111111111111
37670	0.0111111111111
41618	0.0111111111111
10890	0.010989010989
23054	0.010989010989
51079	0.010989010989
4770	0.0108695652174
15602	0.0108695652174
5712	0.010752688172
41206	0.0106382978723
50506	0.0106382978723
694	0.0105263157895
13313	0.0105263157895
33785	0.0105263157895
22195	0.0104166666667
59684	0.0104166666667
4512	0.0103092783505
50250	0.0102040816327
2145	0.010101010101
36105	0.010101010101
41004	0.010101010101
6634	0.01
10646	0.00990099009901
52428	0.00990099009901
31895	0.00980392156863
53200	0.00980392156863
41136	0.00970873786408
41322	0.00970873786408
3120	0.00961538461538
50330	0.00961538461538
18134	0.00943396226415
19313	0.00943396226415
27925	0.00943396226415
42753	0.00934579439252
45093	0.00925925925926
6904	0.00917431192661
20647	0.00900900900901
25305	0.00900900900901
15794	0.00888888888889
33680	0.00884955752212
51039	0.00884955752212
33830	0.00877192982456
52471	0.00877192982456
41682	0.00869565217391
33481	0.00862068965517
42977	0.00862068965517
18226	0.00854700854701
42302	0.00847457627119
34145	0.0084388185654
12325	0.00840336134454
13149	0.00840336134454
26437	0.00840336134454
17986	0.00833333333333
38822	0.00828729281768
2144	0.00813008130081
3426	0.00813008130081
41152	0.008
51709	0.008
7451	0.00793650793651
25440	0.00793650793651
13058	0.00787401574803
6222	0.0078125
51568	0.0077519379845
34607	0.00769230769231
51026	0.00763358778626
35535	0.00751879699248
9646	0.00746268656716
2829	0.00740740740741
3957	0.00735294117647
51254	0.00735294117647
13621	0.00729927007299
9920	0.00719424460432
26098	0.00719424460432
26318	0.00714285714286
38194	0.00714285714286
44847	0.00714285714286
34109	0.00709219858156
35047	0.00709219858156
43473	0.00709219858156
51071	0.00704225352113
497	0.00702576112412
51784	0.00689655172414
4464	0.00680272108844
51117	0.00680272108844
4135	0.00675675675676
19687	0.00675675675676
4739	0.00666666666667
41224	0.00666666666667
254	0.00662251655629
1389	0.00662251655629
51680	0.00662251655629
46832	0.00657894736842
50870	0.00657894736842
50883	0.00657894736842
7299	0.00653594771242
33780	0.00653594771242
34967	0.00645161290323
52738	0.00645161290323
7411	0.00636942675159
1537	0.00632911392405
7344	0.00632911392405
25384	0.00632911392405
22805	0.0062893081761
40489	0.00625
5230	0.00613496932515
29024	0.00613496932515
36710	0.00613496932515
39360	0.00609756097561
32087	0.00606060606061
35162	0.00606060606061
40625	0.00606060606061
6417	0.0059880239521
8466	0.0059880239521
38763	0.00595238095238
41040	0.00591715976331
23121	0.00584795321637
23248	0.00584795321637
52065	0.00584795321637
52494	0.00584795321637
37776	0.00581395348837
1231	0.00578034682081
18813	0.00574712643678
32042	0.00568181818182
50913	0.00564971751412
32483	0.00561797752809
41610	0.00561797752809
4733	0.00552486187845
41157	0.00549450549451
26235	0.00546448087432
36686	0.0054347826087
896	0.00537634408602
12017	0.00536193029491
13317	0.00531914893617
44433	0.00531914893617
3288	0.00529100529101
35581	0.00529100529101
32418	0.00526315789474
18972	0.00523560209424
47787	0.00518134715026
27471	0.00515463917526
7533	0.00512820512821
10166	0.00505050505051
41942	0.00505050505051
50885	0.00502512562814
1489	0.00497512437811
7303	0.00497512437811
41467	0.00492610837438
41521	0.00492610837438
41370	0.00487804878049
38795	0.00478468899522
5918	0.0047619047619
52258	0.00462962962963
21331	0.00460829493088
1632	0.00456621004566
21523	0.00454545454545
29780	0.00452488687783
41140	0.00452488687783
19201	0.00444444444444
1062	0.00440528634361
4876	0.00440528634361
28043	0.00440528634361
41444	0.00438596491228
27927	0.00436681222707
210	0.00434782608696
41353	0.00434782608696
41499	0.004329004329
41003	0.00431965442765
18607	0.00420168067227
39027	0.00420168067227
25051	0.00418410041841
40970	0.00409836065574
35847	0.00408163265306
41194	0.00408163265306
15207	0.004
41347	0.00398406374502
33841	0.00397614314115
2110	0.00396825396825
13318	0.00396825396825
9647	0.00393700787402
2811	0.00392156862745
51178	0.00389105058366
41095	0.00387596899225
28128	0.00384615384615
50995	0.00381679389313
7062	0.00377358490566
11504	0.00377358490566
37775	0.00374531835206
17605	0.00371747211896
25414	0.00369003690037
18414	0.00367647058824
41364	0.003663003663
5460	0.0036231884058
52018	0.0036231884058
11381	0.00361010830325
25098	0.00359712230216
21558	0.00357142857143
28286	0.00357142857143
2448	0.00350877192982
21772	0.00348432055749
28055	0.00348432055749
6954	0.00347222222222
41116	0.00344827586207
1928	0.00342465753425
41154	0.00342465753425
30625	0.003367003367
41258	0.00335570469799
41039	0.00331125827815
37225	0.003300330033
7175	0.00328947368421
41403	0.00327868852459
35237	0.00325732899023
32188	0.00325203252033
27809	0.00322061191626
30020	0.0032154340836
41972	0.0032154340836
1064	0.00317965023847
900	0.00314960629921
41156	0.00308641975309
40972	0.00307692307692
17987	0.00306748466258
14140	0.00305810397554
41165	0.0030487804878
34683	0.00303951367781
29845	0.0030303030303
3239	0.00302114803625
48572	0.00302114803625
28047	0.00301204819277
3788	0.00289855072464
33850	0.0028901734104
2037	0.00285714285714
50855	0.00285714285714
27651	0.002849002849
23265	0.00280898876404
29971	0.00278551532033
7419	0.00275862068966
24522	0.00271002710027
1438	0.00269541778976
14207	0.00269541778976
18515	0.00269541778976
29218	0.00269541778976
36999	0.00268817204301
870	0.0026455026455
23481	0.0026455026455
5519	0.00261324041812
23642	0.00261096605744
42156	0.00260416666667
51133	0.00255102040816
932	0.00252525252525
39709	0.00252525252525
5420	0.00250312891114
33678	0.00243902439024
41071	0.00243309002433
27525	0.00242718446602
41027	0.00242718446602
5553	0.00239234449761
12388	0.00238663484487
7518	0.00236966824645
11778	0.00236966824645
38191	0.00235571260306
562	0.002331002331
22251	0.002331002331
20075	0.00225225225225
34224	0.00223214285714
21545	0.00222222222222
631	0.00221729490022
49394	0.00221729490022
253	0.00219298245614
3419	0.00217864923747
12423	0.00217391304348
19599	0.00215053763441
23782	0.0021186440678
5432	0.0020979020979
2344	0.0020325203252
3729	0.00201207243461
5673	0.0019801980198
3527	0.00195694716243
17586	0.001953125
9826	0.00190839694656
40999	0.00189393939394
3312	0.00188323917137
8732	0.00187969924812
11769	0.00187265917603
32612	0.00187265917603
3933	0.00184842883549
35178	0.00182481751825
4489	0.00179856115108
1931	0.00179211469534
2840	0.00177777777778
28407	0.00176056338028
9538	0.00172265288544
11655	0.00172117039587
18777	0.0017094017094
6812	0.00164338537387
2326	0.0016393442623
16209	0.00163666121113
35049	0.00163666121113
40965	0.00163666121113
12610	0.00163132137031
13339	0.00160256410256
1984	0.00158478605388
4846	0.00157853196527
38584	0.00157232704403
25113	0.00155520995334
6304	0.00155279503106
39136	0.00155279503106
5643	0.00154083204931
17596	0.00153846153846
992	0.00153374233129
26602	0.00153139356815
27535	0.0015243902439
9656	0.0014684287812
19601	0.0014684287812
4764	0.00146198830409
2186	0.00145348837209
26584	0.0014409221902
5237	0.0014245014245
38492	0.00139664804469
3059	0.00137174211248
2419	0.00134770889488
3133	0.00134048257373
5112	0.00133333333333
14352	0.00133333333333
35345	0.00132625994695
1422	0.00132275132275
2381	0.00132275132275
2733	0.00132275132275
1680	0.0012987012987
4396	0.00128617363344
30899	0.00126582278481
41031	0.00125786163522
9642	0.00125470514429
18584	0.00123456790123
39447	0.00120336943442
29277	0.00120192307692
14750	0.00117370892019
30980	0.00116144018583
3273	0.00112107623318
4654	0.0010989010989
18311	0.00108459869848
1497	0.00108166576528
28742	0.00107296137339
7340	0.0010718113612
9200	0.00106044538706
4937	0.00103734439834
2	0.00102145045965
5157	0.0010162601626
4655	0.00101591601761
36398	0.000981354268891
2463	0.000962463907603
41068	0.000958772770853
3733	0.000956937799043
5503	0.000956022944551
1048	0.000955109837631
4563	0.00093370681606
34367	0.000921658986175
22929	0.000919963201472
2333	0.000916590284143
4916	0.000911577028259
5809	0.000908265213442
40962	0.000901713255185
38794	0.000892857142857
6427	0.000883652430044
4518	0.000879507475814
25738	0.00087489063867
12969	0.000863557858377
76	0.000836120401338
31440	0.000835421888053
22743	0.000821692686935
35563	0.000821692686935
28051	0.000798084596967
868	0.000771604938272
18613	0.000763358778626
4430	0.000747384155456
869	0.000733137829912
2745	0.00070771408351
22383	0.000696378830084
5204	0.000644329896907
2290	0.000583771161705
38793	0.000581733566027
1503	0.000558659217877
38203	0.000549752611325
4578	0.0005382131324
5231	0.000522193211488
893	0.000502765208648
7312	0.000471698113208
26805	0.000446229361892
