13066	0.333333333333
21699	0.333333333333
42699	0.333333333333
59440	0.333333333333
10654	0.25
19308	0.25
24166	0.25
28381	0.25
35433	0.25
6262	0.2
7502	0.2
15060	0.2
35575	0.2
43432	0.2
51113	0.2
17157	0.166666666667
34453	0.166666666667
37375	0.166666666667
45103	0.166666666667
49047	0.166666666667
57054	0.166666666667
2175	0.142857142857
4487	0.142857142857
5272	0.142857142857
7805	0.142857142857
23680	0.142857142857
45614	0.142857142857
48159	0.142857142857
53781	0.142857142857
5872	0.125
7529	0.125
25613	0.125
26503	0.125
42538	0.125
43666	0.125
44886	0.125
50605	0.125
8266	0.111111111111
21866	0.111111111111
30561	0.111111111111
41840	0.111111111111
51783	0.111111111111
4062	0.1
17276	0.1
21175	0.1
42529	0.1
52805	0.1
53589	0.1
58607	0.1
19522	0.0909090909091
48040	0.0909090909091
58742	0.0909090909091
61152	0.0909090909091
18197	0.0833333333333
20058	0.0833333333333
42018	0.0833333333333
47704	0.0833333333333
1348	0.0769230769231
2508	0.0769230769231
6390	0.0769230769231
10500	0.0769230769231
17754	0.0769230769231
25386	0.0769230769231
34966	0.0769230769231
45091	0.0769230769231
5488	0.0714285714286
6522	0.0714285714286
8870	0.0714285714286
16739	0.0714285714286
60028	0.0714285714286
36378	0.0666666666667
38867	0.0666666666667
40895	0.0666666666667
41847	0.0666666666667
46130	0.0666666666667
49036	0.0666666666667
51475	0.0666666666667
4064	0.0625
7324	0.0625
9370	0.0625
18373	0.0625
42554	0.0625
50955	0.0625
60404	0.0625
9675	0.0588235294118
13158	0.0588235294118
19551	0.0588235294118
24767	0.0588235294118
38360	0.0588235294118
21754	0.0555555555556
29595	0.0555555555556
40107	0.0555555555556
45643	0.0555555555556
24059	0.0526315789474
30839	0.0526315789474
37452	0.0526315789474
39328	0.0526315789474
39524	0.0526315789474
1493	0.05
22885	0.05
43380	0.05
52923	0.05
60185	0.05
7274	0.047619047619
19903	0.047619047619
42458	0.047619047619
43582	0.047619047619
5461	0.0454545454545
12080	0.0454545454545
25393	0.0454545454545
37990	0.0454545454545
43539	0.0454545454545
45183	0.0454545454545
47420	0.0454545454545
48812	0.0454545454545
52398	0.0454545454545
25859	0.0434782608696
37124	0.0434782608696
45875	0.0434782608696
14677	0.0416666666667
42070	0.0416666666667
50398	0.0416666666667
51119	0.0416666666667
60506	0.0416666666667
15818	0.04
29858	0.04
33259	0.04
37561	0.04
47304	0.04
51022	0.04
24069	0.0384615384615
36559	0.0384615384615
37977	0.0384615384615
51759	0.0384615384615
60307	0.0384615384615
41539	0.037037037037
43566	0.037037037037
19675	0.0357142857143
34861	0.0357142857143
42502	0.0357142857143
44257	0.0357142857143
51585	0.0357142857143
3126	0.0344827586207
29742	0.0344827586207
35025	0.0344827586207
41512	0.0344827586207
268	0.0333333333333
18846	0.0333333333333
28190	0.0333333333333
6488	0.0322580645161
9971	0.0322580645161
42503	0.0322580645161
52675	0.0322580645161
1304	0.03125
35242	0.03125
3998	0.030303030303
21933	0.030303030303
30133	0.030303030303
40998	0.0294117647059
43632	0.0294117647059
51116	0.0294117647059
30760	0.0285714285714
7710	0.0277777777778
31007	0.0277777777778
45072	0.0277777777778
2243	0.027027027027
17286	0.027027027027
18292	0.027027027027
18269	0.0263157894737
28976	0.0263157894737
43827	0.0263157894737
52898	0.0263157894737
1801	0.025
12057	0.025
18161	0.025
19320	0.025
35151	0.025
59525	0.025
28191	0.0243902439024
41009	0.0243902439024
42318	0.0243902439024
43164	0.0243902439024
3093	0.0238095238095
7911	0.0238095238095
60330	0.0238095238095
515	0.0232558139535
1973	0.0232558139535
4650	0.0232558139535
34094	0.0232558139535
37897	0.0232558139535
38574	0.0232558139535
53237	0.0232558139535
3002	0.0227272727273
24380	0.0227272727273
30119	0.0227272727273
33267	0.0227272727273
44286	0.0227272727273
44704	0.0227272727273
25092	0.0224719101124
4414	0.0222222222222
12050	0.0222222222222
17064	0.0222222222222
39226	0.0222222222222
3107	0.0217391304348
28436	0.0217391304348
30784	0.0217391304348
32210	0.0212765957447
30681	0.0208333333333
30252	0.0204081632653
45202	0.0204081632653
20511	0.020202020202
24610	0.02
30922	0.02
41401	0.02
50936	0.02
363	0.0196078431373
11535	0.0196078431373
18425	0.0196078431373
24487	0.0196078431373
34932	0.0196078431373
36596	0.0196078431373
53189	0.0192307692308
60482	0.0192307692308
5538	0.0188679245283
29628	0.0188679245283
47668	0.0188679245283
846	0.0185185185185
2062	0.0185185185185
25840	0.0185185185185
37007	0.0185185185185
37953	0.0185185185185
32480	0.0181818181818
36112	0.0181818181818
2578	0.0178571428571
5535	0.0178571428571
52017	0.0178571428571
52392	0.0178571428571
59578	0.0172413793103
1342	0.0169491525424
4499	0.0169491525424
52309	0.0169491525424
42545	0.0168067226891
4481	0.0166666666667
20345	0.0166666666667
38713	0.016393442623
50249	0.016393442623
57430	0.0161290322581
18698	0.015873015873
50934	0.015873015873
18130	0.0157480314961
4561	0.015625
51292	0.015625
51105	0.0153846153846
51822	0.0153846153846
61411	0.0153846153846
4047	0.0151515151515
4318	0.0151515151515
27910	0.0151515151515
3669	0.0149253731343
37349	0.0149253731343
45354	0.0149253731343
60334	0.0149253731343
3582	0.0144927536232
21870	0.0144927536232
22881	0.0144927536232
34621	0.0144927536232
51884	0.0144927536232
3876	0.0142857142857
50494	0.0142857142857
52884	0.0142857142857
18192	0.0140845070423
41856	0.0140845070423
52102	0.0140845070423
16770	0.0138888888889
20077	0.0138888888889
31634	0.0138888888889
38748	0.0138888888889
41147	0.0138888888889
52276	0.0138888888889
730	0.013698630137
59944	0.013698630137
21715	0.0135135135135
15542	0.0133333333333
2574	0.012987012987
51905	0.012987012987
218	0.0128205128205
28134	0.0128205128205
41191	0.0128205128205
34486	0.0126582278481
3542	0.0125
41778	0.0125
52415	0.0125
52952	0.0125
12149	0.0123456790123
25221	0.0123456790123
41833	0.0123456790123
14361	0.0122699386503
10343	0.0121951219512
26874	0.0121951219512
39651	0.0121951219512
10013	0.0120481927711
37162	0.0120481927711
40104	0.0120481927711
48221	0.0119047619048
95	0.0117647058824
10973	0.0117647058824
42704	0.0117647058824
49136	0.0114942528736
52741	0.0114942528736
27033	0.0113636363636
31299	0.0113636363636
41239	0.0113636363636
46493	0.0113636363636
9288	0.0111111111111
22170	0.0111111111111
12552	0.0108695652174
19922	0.0108695652174
41082	0.0108695652174
24088	0.010752688172
29356	0.010752688172
43824	0.0106382978723
45717	0.0106382978723
47265	0.0106382978723
1821	0.0105263157895
17886	0.0105263157895
24612	0.0105263157895
25432	0.0105263157895
22231	0.0104166666667
41257	0.0104166666667
3077	0.0103092783505
14233	0.0103092783505
25918	0.0103092783505
14730	0.01
52536	0.01
6330	0.00990099009901
41023	0.00970873786408
41519	0.00970873786408
27582	0.00961538461538
41225	0.00952380952381
59890	0.00952380952381
38818	0.00943396226415
21690	0.00934579439252
29564	0.00925925925926
36494	0.00925925925926
1328	0.00917431192661
6904	0.00917431192661
61083	0.00917431192661
17583	0.00909090909091
2927	0.00900900900901
18276	0.00884955752212
53361	0.00877192982456
20779	0.00873362445415
30805	0.00873362445415
1362	0.00869565217391
34391	0.00869565217391
15288	0.00862068965517
22319	0.00862068965517
22408	0.00840336134454
28379	0.00840336134454
30845	0.00840336134454
3865	0.00833333333333
41108	0.00833333333333
51496	0.00833333333333
4070	0.00819672131148
17147	0.00819672131148
35920	0.00819672131148
41398	0.00793650793651
16831	0.00787401574803
41198	0.0078125
28750	0.0077519379845
38790	0.0077519379845
2411	0.00769230769231
26486	0.00769230769231
30828	0.00757575757576
38657	0.00746268656716
3957	0.00735294117647
9178	0.00735294117647
12777	0.00724637681159
17928	0.00724637681159
1990	0.00719424460432
9762	0.00714285714286
17483	0.00709219858156
34109	0.00709219858156
51179	0.00709219858156
18278	0.00706713780919
51006	0.00706713780919
4418	0.00704225352113
41832	0.00704225352113
17152	0.00694444444444
3156	0.00689655172414
18129	0.00684931506849
19034	0.00680272108844
42335	0.00680272108844
6213	0.00675675675676
35019	0.00675675675676
15233	0.00671140939597
1389	0.00662251655629
24373	0.00662251655629
137	0.00641025641026
13064	0.00641025641026
15381	0.00636942675159
22104	0.00636942675159
11128	0.00632911392405
22401	0.0062893081761
13120	0.00617283950617
48076	0.00617283950617
14206	0.00613496932515
39360	0.00609756097561
32087	0.00606060606061
44599	0.00606060606061
52638	0.00602409638554
6417	0.0059880239521
8466	0.0059880239521
27723	0.0059880239521
41040	0.00591715976331
51655	0.00591715976331
5116	0.00584795321637
23248	0.00584795321637
11300	0.00581395348837
34897	0.00578034682081
41013	0.00578034682081
6573	0.00574712643678
5367	0.00571428571429
41132	0.0056657223796
33879	0.00564971751412
51038	0.00561797752809
25891	0.00555555555556
30982	0.00555555555556
2169	0.00537634408602
41102	0.00534759358289
41530	0.00534759358289
41070	0.00531914893617
3288	0.00529100529101
90	0.00515463917526
52029	0.00510204081633
42328	0.00505050505051
4695	0.00502512562814
4705	0.00502512562814
39366	0.005
41555	0.005
7303	0.00497512437811
27579	0.00497512437811
34525	0.00492610837438
41521	0.00492610837438
41370	0.00487804878049
41037	0.00485436893204
38795	0.00478468899522
51099	0.00469483568075
13933	0.0046511627907
41146	0.0046511627907
27255	0.00456621004566
38493	0.0045045045045
49394	0.00444444444444
4876	0.00440528634361
24126	0.00440528634361
37115	0.00438596491228
4390	0.00436681222707
23742	0.00434782608696
37104	0.004329004329
18205	0.00429184549356
37762	0.00429184549356
47628	0.00423728813559
27865	0.0042194092827
23667	0.00408163265306
16956	0.00398406374502
13318	0.00396825396825
50944	0.00392156862745
10251	0.00384615384615
2313	0.00383141762452
30691	0.00383141762452
50864	0.00381679389313
39602	0.00380228136882
4335	0.00367647058824
6564	0.0036231884058
31400	0.00359712230216
11746	0.00357142857143
40969	0.00353356890459
13955	0.00351493848858
41106	0.00347222222222
29145	0.00343642611684
41042	0.00340136054422
5512	0.003367003367
24958	0.00335570469799
6360	0.00334448160535
11481	0.00331125827815
26863	0.00331125827815
41039	0.00331125827815
41403	0.00327868852459
27128	0.00325732899023
17715	0.00320512820513
27906	0.0031847133758
38262	0.0031746031746
40982	0.00313479623824
4937	0.0031185031185
4868	0.00311526479751
38959	0.00310559006211
5774	0.00306748466258
41029	0.0030487804878
34683	0.00303951367781
2030	0.00301204819277
3943	0.00301204819277
3260	0.00299401197605
4764	0.00292825768668
25554	0.00292397660819
47611	0.00291545189504
21906	0.00290697674419
3788	0.00289855072464
33850	0.0028901734104
9252	0.00285714285714
5622	0.00281690140845
9251	0.00281690140845
33634	0.00280898876404
38932	0.00280898876404
51989	0.00280112044818
16917	0.00276243093923
37993	0.00273224043716
16420	0.00272479564033
20506	0.00272108843537
29218	0.00269541778976
14352	0.00267022696929
867	0.0026525198939
20630	0.0026525198939
41018	0.0026525198939
3720	0.00264200792602
11664	0.00263852242744
10987	0.00261096605744
42156	0.00260416666667
31483	0.00258397932817
51096	0.00255102040816
15636	0.00253807106599
23174	0.00253164556962
24684	0.00252525252525
39709	0.00252525252525
1119	0.00251572327044
41090	0.00250312891114
10281	0.0025
1380	0.00248756218905
27525	0.00242718446602
4173	0.00242130750605
25586	0.00238663484487
7300	0.00238095238095
689	0.00228832951945
16447	0.00224719101124
3280	0.00221238938053
19601	0.00220426157237
41016	0.00218658892128
11169	0.00217391304348
50105	0.00216919739696
41003	0.00215517241379
39549	0.00207468879668
5593	0.00205338809035
34169	0.00202429149798
5673	0.0019801980198
9647	0.00196463654224
5503	0.00191387559809
40999	0.00189393939394
32862	0.00188679245283
3312	0.00188323917137
51041	0.00187617260788
11769	0.00187265917603
35136	0.00185185185185
37426	0.00183486238532
11201	0.00182481751825
1931	0.00179211469534
37737	0.0017793594306
28407	0.00176056338028
29863	0.00175438596491
25738	0.00175131348511
38793	0.00174723354688
9538	0.00172265288544
37111	0.00169204737733
7261	0.0016835016835
76	0.00167364016736
14253	0.00166112956811
38203	0.00165107319758
6812	0.00164338537387
2326	0.0016393442623
16209	0.00163666121113
12610	0.00163132137031
20416	0.00163132137031
1064	0.0015873015873
4846	0.00157853196527
6304	0.00155279503106
992	0.00153374233129
1135	0.00153139356815
26602	0.00153139356815
5120	0.00151285930408
26584	0.0014409221902
5432	0.00139762403913
2419	0.00134770889488
5112	0.00133333333333
35345	0.00132625994695
1422	0.00132275132275
2733	0.00132275132275
40995	0.00132100396301
4518	0.00131984161901
1680	0.0012987012987
30899	0.00126582278481
41031	0.00125786163522
9642	0.00125470514429
29277	0.00120192307692
18307	0.00118764845606
3273	0.00112107623318
5000	0.00111482720178
34224	0.00111482720178
2007	0.00110864745011
4654	0.0010989010989
2898	0.00109649122807
253	0.00109529025192
18311	0.00108459869848
7340	0.0010718113612
9200	0.00106044538706
5231	0.00104493207941
1902	0.00103305785124
2	0.00102145045965
4655	0.00101591601761
2344	0.0010152284264
893	0.0010060362173
39785	0.000998003992016
36398	0.000981354268891
3733	0.000956937799043
7312	0.000943841434639
3933	0.000923361034164
34367	0.000921658986175
22929	0.000919963201472
2333	0.000916590284143
921	0.000913242009132
4916	0.000911577028259
5809	0.000908265213442
40962	0.000901713255185
38794	0.000892857142857
6427	0.000883652430044
12969	0.000863557858377
18777	0.000853970964987
35563	0.000821692686935
40965	0.000817661488144
868	0.000771604938272
18613	0.000763358778626
4430	0.000747384155456
2745	0.00070771408351
22383	0.000696378830084
8709	0.000671140939597
19598	0.000653594771242
1118	0.000645161290323
5204	0.000644329896907
4396	0.000642673521851
13111	0.000588928150766
2290	0.000583771161705
1503	0.000558659217877
1497	0.000540540540541
4578	0.0005382131324
5157	0.000507872016252
869	0.000488639139995
26805	0.000446229361892
