9743	0.1875
3423	0.130434782609
47799	0.125
7085	0.105263157895
2113	0.103448275862
24596	0.0833333333333
11237	0.0789473684211
14852	0.0769230769231
57521	0.0731707317073
26657	0.0701754385965
22130	0.0681818181818
485	0.0666666666667
1423	0.0666666666667
2011	0.0666666666667
8165	0.0666666666667
9307	0.0666666666667
10502	0.0666666666667
12172	0.0666666666667
16323	0.0666666666667
17211	0.0666666666667
18052	0.0666666666667
20183	0.0666666666667
23340	0.0666666666667
24967	0.0666666666667
26425	0.0666666666667
27079	0.0666666666667
27617	0.0666666666667
29740	0.0666666666667
29900	0.0666666666667
32011	0.0666666666667
34383	0.0666666666667
35544	0.0666666666667
44770	0.0666666666667
44904	0.0666666666667
44987	0.0666666666667
45414	0.0666666666667
46123	0.0666666666667
52907	0.0666666666667
54873	0.0666666666667
55822	0.0666666666667
56184	0.0666666666667
57383	0.0666666666667
57470	0.0666666666667
6817	0.0645161290323
24221	0.0645161290323
52744	0.0645161290323
1443	0.0625
3484	0.0625
4098	0.0625
6232	0.0625
6276	0.0625
9637	0.0625
10027	0.0625
17447	0.0625
18091	0.0625
19776	0.0625
20804	0.0625
20969	0.0625
22631	0.0625
25595	0.0625
25983	0.0625
26222	0.0625
26535	0.0625
31302	0.0625
31502	0.0625
31939	0.0625
32652	0.0625
33867	0.0625
35912	0.0625
36081	0.0625
37130	0.0625
37820	0.0625
42421	0.0625
43418	0.0625
47485	0.0625
48830	0.0625
49038	0.0625
54500	0.0625
57723	0.0625
58652	0.0625
59399	0.0625
762	0.0588235294118
2849	0.0588235294118
3432	0.0588235294118
7098	0.0588235294118
8303	0.0588235294118
10412	0.0588235294118
10696	0.0588235294118
15120	0.0588235294118
18102	0.0588235294118
19631	0.0588235294118
22512	0.0588235294118
22630	0.0588235294118
25651	0.0588235294118
27536	0.0588235294118
28187	0.0588235294118
29946	0.0588235294118
30833	0.0588235294118
32119	0.0588235294118
33005	0.0588235294118
34558	0.0588235294118
36359	0.0588235294118
40799	0.0588235294118
42647	0.0588235294118
43553	0.0588235294118
45107	0.0588235294118
45536	0.0588235294118
48380	0.0588235294118
49927	0.0588235294118
50782	0.0588235294118
51508	0.0588235294118
52631	0.0588235294118
52718	0.0588235294118
54921	0.0588235294118
56042	0.0588235294118
8895	0.0555555555556
11420	0.0555555555556
13544	0.0555555555556
17430	0.0555555555556
19750	0.0555555555556
20681	0.0555555555556
23323	0.0555555555556
27237	0.0555555555556
28552	0.0555555555556
37358	0.0555555555556
37741	0.0555555555556
40142	0.0555555555556
40434	0.0555555555556
43110	0.0555555555556
45254	0.0555555555556
46196	0.0555555555556
46862	0.0555555555556
48059	0.0555555555556
48959	0.0555555555556
51614	0.0555555555556
51906	0.0555555555556
56685	0.0555555555556
58436	0.0555555555556
58481	0.0555555555556
59892	0.0555555555556
4414	0.0545454545455
4309	0.0540540540541
34768	0.0540540540541
6388	0.0526315789474
8073	0.0526315789474
9980	0.0526315789474
13411	0.0526315789474
13748	0.0526315789474
18152	0.0526315789474
20381	0.0526315789474
21471	0.0526315789474
23065	0.0526315789474
23600	0.0526315789474
24014	0.0526315789474
24741	0.0526315789474
24918	0.0526315789474
25990	0.0526315789474
26734	0.0526315789474
26995	0.0526315789474
28670	0.0526315789474
28702	0.0526315789474
28950	0.0526315789474
29937	0.0526315789474
31869	0.0526315789474
34660	0.0526315789474
34783	0.0526315789474
35643	0.0526315789474
35718	0.0526315789474
43249	0.0526315789474
43523	0.0526315789474
44536	0.0526315789474
46606	0.0526315789474
46810	0.0526315789474
48437	0.0526315789474
48440	0.0526315789474
50475	0.0526315789474
52177	0.0526315789474
52948	0.0526315789474
53247	0.0526315789474
53562	0.0526315789474
56620	0.0526315789474
58430	0.0526315789474
60811	0.0526315789474
355	0.05
5580	0.05
6905	0.05
7578	0.05
8715	0.05
11364	0.05
12344	0.05
12446	0.05
12874	0.05
13277	0.05
16645	0.05
17313	0.05
18731	0.05
22965	0.05
30078	0.05
31296	0.05
33025	0.05
36057	0.05
36938	0.05
40596	0.05
41733	0.05
45058	0.05
48281	0.05
49535	0.05
50496	0.05
50658	0.05
52075	0.05
56213	0.05
56777	0.05
56865	0.05
58140	0.05
59405	0.05
59626	0.05
59664	0.05
60317	0.05
617	0.047619047619
3081	0.047619047619
5217	0.047619047619
5463	0.047619047619
6273	0.047619047619
8241	0.047619047619
12052	0.047619047619
13397	0.047619047619
14834	0.047619047619
15175	0.047619047619
15726	0.047619047619
16729	0.047619047619
20985	0.047619047619
22447	0.047619047619
23848	0.047619047619
24082	0.047619047619
26770	0.047619047619
31688	0.047619047619
36898	0.047619047619
43118	0.047619047619
45962	0.047619047619
46964	0.047619047619
48533	0.047619047619
52918	0.047619047619
53139	0.047619047619
57192	0.047619047619
57841	0.047619047619
58560	0.047619047619
58993	0.047619047619
12609	0.046511627907
6111	0.0454545454545
7019	0.0454545454545
7469	0.0454545454545
7747	0.0454545454545
10031	0.0454545454545
12971	0.0454545454545
15785	0.0454545454545
17812	0.0454545454545
20388	0.0454545454545
20845	0.0454545454545
22449	0.0454545454545
26646	0.0454545454545
33756	0.0454545454545
36162	0.0454545454545
41720	0.0454545454545
42528	0.0454545454545
43368	0.0454545454545
43646	0.0454545454545
44736	0.0454545454545
46928	0.0454545454545
47035	0.0454545454545
48518	0.0454545454545
52287	0.0454545454545
54668	0.0454545454545
61333	0.0454545454545
61446	0.0454545454545
18763	0.0444444444444
3835	0.0434782608696
7154	0.0434782608696
10135	0.0434782608696
10234	0.0434782608696
14134	0.0434782608696
14526	0.0434782608696
16954	0.0434782608696
19522	0.0434782608696
20772	0.0434782608696
21496	0.0434782608696
24530	0.0434782608696
28596	0.0434782608696
29003	0.0434782608696
30284	0.0434782608696
32206	0.0434782608696
33519	0.0434782608696
35963	0.0434782608696
39185	0.0434782608696
42987	0.0434782608696
43574	0.0434782608696
44450	0.0434782608696
51998	0.0434782608696
52139	0.0434782608696
52280	0.0434782608696
53177	0.0434782608696
58742	0.0434782608696
2243	0.0416666666667
2340	0.0416666666667
2697	0.0416666666667
6173	0.0416666666667
11575	0.0416666666667
11919	0.0416666666667
11997	0.0416666666667
17044	0.0416666666667
18516	0.0416666666667
19291	0.0416666666667
24601	0.0416666666667
26628	0.0416666666667
29192	0.0416666666667
29977	0.0416666666667
30960	0.0416666666667
37603	0.0416666666667
38341	0.0416666666667
46231	0.0416666666667
49433	0.0416666666667
51541	0.0416666666667
52286	0.0416666666667
52650	0.0416666666667
52687	0.0416666666667
52813	0.0416666666667
53735	0.0416666666667
54859	0.0416666666667
55020	0.0416666666667
58011	0.0416666666667
61509	0.0416666666667
4721	0.04
5136	0.04
8796	0.04
9781	0.04
17071	0.04
26506	0.04
27029	0.04
27053	0.04
28386	0.04
32462	0.04
33370	0.04
34435	0.04
35282	0.04
41861	0.04
42546	0.04
42773	0.04
42913	0.04
43798	0.04
48324	0.04
51190	0.04
51791	0.04
52277	0.04
8	0.0392156862745
2872	0.0384615384615
4175	0.0384615384615
10058	0.0384615384615
10675	0.0384615384615
10904	0.0384615384615
13287	0.0384615384615
15740	0.0384615384615
18620	0.0384615384615
30028	0.0384615384615
32554	0.0384615384615
34075	0.0384615384615
34555	0.0384615384615
35121	0.0384615384615
35935	0.0384615384615
43008	0.0384615384615
43658	0.0384615384615
46673	0.0384615384615
51204	0.0384615384615
52198	0.0384615384615
52486	0.0384615384615
52762	0.0384615384615
52791	0.0384615384615
53264	0.0384615384615
54128	0.0384615384615
55681	0.0384615384615
59572	0.0384615384615
47445	0.0377358490566
26	0.037037037037
382	0.037037037037
2109	0.037037037037
2453	0.037037037037
7302	0.037037037037
12072	0.037037037037
15975	0.037037037037
21992	0.037037037037
22453	0.037037037037
24827	0.037037037037
24850	0.037037037037
31293	0.037037037037
31777	0.037037037037
31874	0.037037037037
32428	0.037037037037
34257	0.037037037037
36021	0.037037037037
38365	0.037037037037
39341	0.037037037037
41107	0.037037037037
44749	0.037037037037
45484	0.037037037037
48189	0.037037037037
51447	0.037037037037
52972	0.037037037037
44588	0.0363636363636
47483	0.0363636363636
51545	0.0363636363636
1879	0.0357142857143
6482	0.0357142857143
7887	0.0357142857143
9173	0.0357142857143
10313	0.0357142857143
23472	0.0357142857143
24864	0.0357142857143
27771	0.0357142857143
28200	0.0357142857143
31487	0.0357142857143
33719	0.0357142857143
37788	0.0357142857143
38086	0.0357142857143
39434	0.0357142857143
48648	0.0357142857143
91	0.0344827586207
1476	0.0344827586207
5138	0.0344827586207
9757	0.0344827586207
10394	0.0344827586207
12801	0.0344827586207
12949	0.0344827586207
15461	0.0344827586207
20435	0.0344827586207
20990	0.0344827586207
23120	0.0344827586207
26557	0.0344827586207
27548	0.0344827586207
29006	0.0344827586207
32405	0.0344827586207
37097	0.0344827586207
38733	0.0344827586207
42997	0.0344827586207
43797	0.0344827586207
44468	0.0344827586207
45732	0.0344827586207
47361	0.0344827586207
48193	0.0344827586207
48976	0.0344827586207
51245	0.0344827586207
51994	0.0344827586207
53450	0.0344827586207
60423	0.0344827586207
1936	0.0338983050847
16593	0.0338983050847
2053	0.0333333333333
6780	0.0333333333333
11484	0.0333333333333
13779	0.0333333333333
16301	0.0333333333333
18277	0.0333333333333
22660	0.0333333333333
23436	0.0333333333333
28071	0.0333333333333
28493	0.0333333333333
28831	0.0333333333333
34828	0.0333333333333
46253	0.0333333333333
33855	0.032967032967
33926	0.0327868852459
607	0.0322580645161
697	0.0322580645161
3396	0.0322580645161
3764	0.0322580645161
6201	0.0322580645161
14465	0.0322580645161
17394	0.0322580645161
18695	0.0322580645161
19460	0.0322580645161
19656	0.0322580645161
25022	0.0322580645161
25070	0.0322580645161
29434	0.0322580645161
37608	0.0322580645161
39161	0.0322580645161
43927	0.0322580645161
44585	0.0322580645161
44841	0.0322580645161
51543	0.0322580645161
54252	0.0322580645161
59728	0.0322580645161
25466	0.031746031746
33672	0.031746031746
3275	0.03125
4701	0.03125
7162	0.03125
10007	0.03125
25599	0.03125
26037	0.03125
39652	0.03125
43143	0.03125
46604	0.03125
48154	0.03125
48576	0.03125
52882	0.03125
52993	0.03125
53115	0.03125
60065	0.03125
1198	0.030303030303
2543	0.030303030303
7543	0.030303030303
10389	0.030303030303
10893	0.030303030303
11814	0.030303030303
14521	0.030303030303
16934	0.030303030303
17714	0.030303030303
31891	0.030303030303
32870	0.030303030303
34117	0.030303030303
37883	0.030303030303
37938	0.030303030303
41588	0.030303030303
41937	0.030303030303
42432	0.030303030303
47360	0.030303030303
53070	0.030303030303
59670	0.030303030303
51563	0.03
8198	0.0298507462687
32432	0.0298507462687
45143	0.0298507462687
5023	0.029702970297
349	0.0294117647059
3501	0.0294117647059
4917	0.0294117647059
6355	0.0294117647059
11180	0.0294117647059
11234	0.0294117647059
17894	0.0294117647059
20690	0.0294117647059
22367	0.0294117647059
25259	0.0294117647059
25393	0.0294117647059
25610	0.0294117647059
26289	0.0294117647059
26538	0.0294117647059
28714	0.0294117647059
30451	0.0294117647059
34140	0.0294117647059
34851	0.0294117647059
39864	0.0294117647059
47420	0.0294117647059
52041	0.0294117647059
59561	0.0294117647059
59592	0.0294117647059
60147	0.0294117647059
43251	0.0289855072464
4503	0.0285714285714
8228	0.0285714285714
8635	0.0285714285714
9208	0.0285714285714
9594	0.0285714285714
14489	0.0285714285714
17917	0.0285714285714
18758	0.0285714285714
21263	0.0285714285714
24433	0.0285714285714
31675	0.0285714285714
31937	0.0285714285714
32944	0.0285714285714
34268	0.0285714285714
34671	0.0285714285714
36440	0.0285714285714
38890	0.0285714285714
41412	0.0285714285714
42460	0.0285714285714
42508	0.0285714285714
42952	0.0285714285714
43239	0.0285714285714
43504	0.0285714285714
45137	0.0285714285714
45138	0.0285714285714
51244	0.0285714285714
56073	0.0285714285714
60265	0.0285714285714
60515	0.0285714285714
51319	0.0281690140845
7512	0.0277777777778
7619	0.0277777777778
8137	0.0277777777778
11636	0.0277777777778
13399	0.0277777777778
15201	0.0277777777778
28718	0.0277777777778
30599	0.0277777777778
31190	0.0277777777778
35061	0.0277777777778
35426	0.0277777777778
36411	0.0277777777778
37829	0.0277777777778
50900	0.0277777777778
51831	0.0277777777778
52094	0.0277777777778
52643	0.0277777777778
42914	0.027397260274
59543	0.027397260274
1082	0.027027027027
2826	0.027027027027
13357	0.027027027027
13455	0.027027027027
15121	0.027027027027
18642	0.027027027027
18954	0.027027027027
23760	0.027027027027
25630	0.027027027027
25701	0.027027027027
27280	0.027027027027
27314	0.027027027027
27594	0.027027027027
30987	0.027027027027
35117	0.027027027027
35235	0.027027027027
41820	0.027027027027
59581	0.027027027027
7526	0.0266666666667
14555	0.0266666666667
52549	0.0266666666667
811	0.0263157894737
6179	0.0263157894737
14132	0.0263157894737
21142	0.0263157894737
22009	0.0263157894737
36559	0.0263157894737
38197	0.0263157894737
41459	0.0263157894737
41835	0.0263157894737
42667	0.0263157894737
51481	0.0263157894737
51746	0.0263157894737
51908	0.0263157894737
16193	0.025974025974
1704	0.025641025641
2952	0.025641025641
3653	0.025641025641
5180	0.025641025641
6920	0.025641025641
10086	0.025641025641
23825	0.025641025641
25441	0.025641025641
32329	0.025641025641
34124	0.025641025641
38454	0.025641025641
40651	0.025641025641
42112	0.025641025641
43566	0.025641025641
44190	0.025641025641
50651	0.025641025641
51617	0.025641025641
52009	0.025641025641
54601	0.025641025641
54960	0.025641025641
29095	0.0253164556962
30834	0.0253164556962
41143	0.0253164556962
733	0.025
1887	0.025
7069	0.025
8894	0.025
10012	0.025
23071	0.025
28951	0.025
29913	0.025
36221	0.025
37033	0.025
38026	0.025
41114	0.025
41427	0.025
41535	0.025
41669	0.025
42126	0.025
43051	0.025
46783	0.025
51536	0.025
51971	0.025
52809	0.025
52859	0.025
58638	0.025
60108	0.025
60274	0.025
60446	0.025
3721	0.0243902439024
4006	0.0243902439024
10326	0.0243902439024
12604	0.0243902439024
21664	0.0243902439024
24472	0.0243902439024
30552	0.0243902439024
30964	0.0243902439024
32742	0.0243902439024
32874	0.0243902439024
33662	0.0243902439024
35067	0.0243902439024
36348	0.0243902439024
38471	0.0243902439024
39934	0.0243902439024
41100	0.0243902439024
41221	0.0243902439024
41512	0.0243902439024
41911	0.0243902439024
41974	0.0243902439024
42210	0.0243902439024
42366	0.0243902439024
44309	0.0243902439024
51343	0.0243902439024
51874	0.0243902439024
52044	0.0243902439024
53250	0.0243902439024
61218	0.0243902439024
25117	0.0240963855422
2293	0.0238095238095
3852	0.0238095238095
9273	0.0238095238095
10886	0.0238095238095
19628	0.0238095238095
24590	0.0238095238095
28077	0.0238095238095
28789	0.0238095238095
33652	0.0238095238095
34151	0.0238095238095
35160	0.0238095238095
42152	0.0238095238095
59966	0.0238095238095
60283	0.0238095238095
3388	0.0232558139535
10918	0.0232558139535
18956	0.0232558139535
25574	0.0232558139535
27634	0.0232558139535
30058	0.0232558139535
31403	0.0232558139535
32085	0.0232558139535
34622	0.0232558139535
37879	0.0232558139535
40401	0.0232558139535
43115	0.0232558139535
52109	0.0232558139535
54298	0.0232558139535
57364	0.0232558139535
59566	0.0232558139535
59832	0.0232558139535
5162	0.0227272727273
9331	0.0227272727273
11154	0.0227272727273
18441	0.0227272727273
18481	0.0227272727273
31374	0.0227272727273
35167	0.0227272727273
41631	0.0227272727273
42700	0.0227272727273
42731	0.0227272727273
47041	0.0227272727273
51115	0.0227272727273
52104	0.0227272727273
53269	0.0227272727273
59814	0.0227272727273
8755	0.0224719101124
48676	0.0224719101124
2933	0.0222222222222
6397	0.0222222222222
9906	0.0222222222222
26526	0.0222222222222
26539	0.0222222222222
31860	0.0222222222222
34441	0.0222222222222
34794	0.0222222222222
36125	0.0222222222222
38315	0.0222222222222
39419	0.0222222222222
41650	0.0222222222222
41735	0.0222222222222
42283	0.0222222222222
42716	0.0222222222222
44112	0.0222222222222
51762	0.0222222222222
51797	0.0222222222222
52259	0.0222222222222
53991	0.0222222222222
59933	0.0222222222222
2808	0.0217391304348
11346	0.0217391304348
11503	0.0217391304348
11874	0.0217391304348
13385	0.0217391304348
26643	0.0217391304348
27168	0.0217391304348
29645	0.0217391304348
31663	0.0217391304348
33143	0.0217391304348
36674	0.0217391304348
41357	0.0217391304348
42085	0.0217391304348
42516	0.0217391304348
47456	0.0217391304348
51092	0.0217391304348
51205	0.0217391304348
53242	0.0217391304348
59233	0.0217391304348
59602	0.0217391304348
60999	0.0217391304348
6353	0.0215053763441
4891	0.0212765957447
8248	0.0212765957447
9149	0.0212765957447
16720	0.0212765957447
19096	0.0212765957447
24889	0.0212765957447
35967	0.0212765957447
38083	0.0212765957447
41550	0.0212765957447
46970	0.0212765957447
51681	0.0212765957447
1752	0.0211267605634
4347	0.0211267605634
32058	0.0210526315789
880	0.0208333333333
1171	0.0208333333333
5554	0.0208333333333
6329	0.0208333333333
9052	0.0208333333333
9604	0.0208333333333
14335	0.0208333333333
15206	0.0208333333333
16283	0.0208333333333
18834	0.0208333333333
20261	0.0208333333333
26713	0.0208333333333
29656	0.0208333333333
33305	0.0208333333333
36024	0.0208333333333
41287	0.0208333333333
41317	0.0208333333333
42315	0.0208333333333
43475	0.0208333333333
61040	0.0208333333333
1345	0.0204081632653
5572	0.0204081632653
10400	0.0204081632653
11186	0.0204081632653
18530	0.0204081632653
20644	0.0204081632653
23124	0.0204081632653
24564	0.0204081632653
31022	0.0204081632653
38338	0.0204081632653
41214	0.0204081632653
53372	0.0204081632653
41239	0.020202020202
52645	0.020202020202
3743	0.02
4200	0.02
7251	0.02
10428	0.02
10958	0.02
12928	0.02
13103	0.02
13128	0.02
16445	0.02
18992	0.02
26843	0.02
28749	0.02
31676	0.02
32600	0.02
37215	0.02
39550	0.02
40633	0.02
44847	0.02
51676	0.02
52511	0.02
12432	0.0197368421053
51071	0.0197368421053
1584	0.0196078431373
10979	0.0196078431373
12795	0.0196078431373
14096	0.0196078431373
15021	0.0196078431373
16408	0.0196078431373
17204	0.0196078431373
26817	0.0196078431373
27593	0.0196078431373
29707	0.0196078431373
30782	0.0196078431373
42012	0.0196078431373
42073	0.0196078431373
42568	0.0196078431373
43066	0.0196078431373
45994	0.0196078431373
47177	0.0196078431373
51466	0.0196078431373
52930	0.0196078431373
55923	0.0196078431373
56707	0.0196078431373
2559	0.0192307692308
4836	0.0192307692308
9822	0.0192307692308
10468	0.0192307692308
11854	0.0192307692308
13147	0.0192307692308
15211	0.0192307692308
20362	0.0192307692308
29477	0.0192307692308
41449	0.0192307692308
42350	0.0192307692308
42919	0.0192307692308
45163	0.0192307692308
20802	0.0191387559809
3411	0.0188679245283
14658	0.0188679245283
25266	0.0188679245283
31516	0.0188679245283
41137	0.0188679245283
42167	0.0188679245283
42318	0.0188679245283
51694	0.0188679245283
26531	0.018691588785
1117	0.0186567164179
4959	0.0185185185185
10843	0.0185185185185
14672	0.0185185185185
28828	0.0185185185185
38579	0.0185185185185
43348	0.0185185185185
49329	0.0185185185185
52260	0.0185185185185
52491	0.0185185185185
59661	0.0184049079755
26251	0.0183486238532
550	0.0181818181818
1175	0.0181818181818
2092	0.0181818181818
3550	0.0181818181818
4611	0.0181818181818
5881	0.0181818181818
16944	0.0181818181818
38574	0.0181818181818
42701	0.0181818181818
50472	0.0181818181818
51020	0.0181818181818
53320	0.0181818181818
137	0.0180722891566
11250	0.018018018018
17188	0.018018018018
41002	0.018018018018
1942	0.0178571428571
15596	0.0178571428571
22939	0.0178571428571
27587	0.0178571428571
32213	0.0178571428571
41236	0.0178571428571
41553	0.0178571428571
41556	0.0178571428571
41768	0.0178571428571
41851	0.0178571428571
51217	0.0178571428571
51299	0.0178571428571
53348	0.0178571428571
56324	0.0178571428571
59816	0.0178571428571
3114	0.0175438596491
17817	0.0175438596491
21719	0.0175438596491
39226	0.0175438596491
41023	0.0175438596491
41811	0.0175438596491
51057	0.0175438596491
51258	0.0175438596491
51339	0.0175438596491
60006	0.0175438596491
11000	0.0174418604651
31879	0.017316017316
644	0.0172413793103
1435	0.0172413793103
3915	0.0172413793103
20111	0.0172413793103
26279	0.0172413793103
28439	0.0172413793103
31479	0.0172413793103
39884	0.0172413793103
41205	0.0172413793103
42132	0.0172413793103
59890	0.0172413793103
15986	0.017094017094
41245	0.017094017094
14189	0.0169491525424
36379	0.0169491525424
42099	0.0169491525424
42196	0.0169491525424
51201	0.0169491525424
59790	0.0169491525424
5267	0.0166666666667
10803	0.0166666666667
12849	0.0166666666667
15515	0.0166666666667
18495	0.0166666666667
18985	0.0166666666667
24431	0.0166666666667
24803	0.0166666666667
24862	0.0166666666667
37989	0.0166666666667
38564	0.0166666666667
44152	0.0166666666667
52623	0.0166666666667
18205	0.0165289256198
1231	0.016393442623
26772	0.016393442623
30849	0.016393442623
33051	0.016393442623
35708	0.016393442623
41204	0.016393442623
41469	0.016393442623
41864	0.016393442623
51965	0.016393442623
52531	0.016393442623
59504	0.016393442623
3050	0.0161290322581
4967	0.0161290322581
8226	0.0161290322581
12311	0.0161290322581
18437	0.0161290322581
24046	0.0161290322581
24810	0.0161290322581
27643	0.0161290322581
27648	0.0161290322581
33577	0.0161290322581
35316	0.0161290322581
41235	0.0161290322581
52542	0.0161290322581
51030	0.016
41610	0.0159574468085
35030	0.015873015873
51738	0.015873015873
52080	0.015873015873
52715	0.015873015873
60231	0.015873015873
35728	0.0158227848101
7357	0.0157480314961
1067	0.015625
2093	0.015625
3328	0.015625
11766	0.015625
16510	0.015625
17969	0.015625
20744	0.015625
29567	0.015625
41055	0.015625
41432	0.015625
43744	0.015625
51624	0.015625
60482	0.015625
14698	0.015503875969
213	0.0153846153846
1269	0.0153846153846
2264	0.0153846153846
3040	0.0153846153846
4341	0.0153846153846
4668	0.0153846153846
5552	0.0153846153846
9309	0.0153846153846
12355	0.0153846153846
28201	0.0153846153846
28452	0.0153846153846
28578	0.0153846153846
28755	0.0153846153846
29554	0.0153846153846
40356	0.0153846153846
41388	0.0153846153846
52573	0.0153846153846
100	0.0151515151515
3996	0.0151515151515
5513	0.0151515151515
17691	0.0151515151515
26173	0.0151515151515
30751	0.0151515151515
34077	0.0151515151515
35722	0.0151515151515
38708	0.0151515151515
41607	0.0151515151515
46148	0.0151515151515
47064	0.0151515151515
52148	0.0151515151515
15228	0.0150862068966
103	0.0149253731343
128	0.0149253731343
1555	0.0149253731343
15730	0.0149253731343
26558	0.0149253731343
35262	0.0149253731343
35413	0.0149253731343
41174	0.0149253731343
41616	0.0149253731343
47787	0.0147783251232
3116	0.0147601476015
2578	0.0147058823529
4409	0.0147058823529
5106	0.0147058823529
5484	0.0147058823529
7073	0.0147058823529
8279	0.0147058823529
13099	0.0147058823529
25336	0.0147058823529
27087	0.0147058823529
28810	0.0147058823529
32803	0.0147058823529
37379	0.0147058823529
41298	0.0147058823529
41483	0.0147058823529
41931	0.0147058823529
43179	0.0147058823529
52392	0.0147058823529
4399	0.014598540146
7451	0.014598540146
3964	0.0144927536232
5679	0.0144927536232
21982	0.0144927536232
38995	0.0144927536232
40212	0.0144927536232
51419	0.0144927536232
51865	0.0144927536232
41308	0.0144230769231
12393	0.0143884892086
31864	0.0143884892086
41065	0.0143369175627
12421	0.0142857142857
12838	0.0142857142857
16322	0.0142857142857
38820	0.0141843971631
51266	0.0141843971631
830	0.0140845070423
1342	0.0140845070423
2490	0.0140845070423
4280	0.0140845070423
4499	0.0140845070423
4804	0.0140845070423
5363	0.0140845070423
38375	0.0140845070423
41022	0.0140845070423
41848	0.0140845070423
44602	0.0140845070423
50240	0.0140845070423
52121	0.0140845070423
52666	0.0140845070423
54435	0.0140845070423
60215	0.0140845070423
30828	0.013986013986
2087	0.0138888888889
23337	0.0138888888889
37117	0.0138888888889
37592	0.0138888888889
41349	0.0138888888889
41438	0.0138888888889
20529	0.0138248847926
15114	0.0137931034483
30799	0.0137741046832
3178	0.013698630137
3581	0.013698630137
16969	0.013698630137
26777	0.013698630137
26940	0.013698630137
34950	0.013698630137
36897	0.013698630137
38713	0.013698630137
41262	0.013698630137
44485	0.013698630137
51760	0.013698630137
52777	0.013698630137
689	0.0135135135135
1281	0.0135135135135
2874	0.0135135135135
18503	0.0135135135135
19208	0.0135135135135
20315	0.0135135135135
23944	0.0135135135135
31393	0.0135135135135
36395	0.0135135135135
41916	0.0135135135135
42883	0.0135135135135
42925	0.0135135135135
52020	0.0135135135135
53184	0.0135135135135
59681	0.0135135135135
1990	0.0133333333333
7462	0.0133333333333
10601	0.0133333333333
11519	0.0133333333333
13933	0.0133333333333
19775	0.0133333333333
27031	0.0133333333333
27874	0.0133333333333
30976	0.0133333333333
32728	0.0133333333333
41146	0.0133333333333
26318	0.0132450331126
186	0.0131578947368
2644	0.0131578947368
2848	0.0131578947368
11119	0.0131578947368
12280	0.0131578947368
14823	0.0131578947368
16784	0.0131578947368
19521	0.0131578947368
25987	0.0131578947368
29804	0.0131578947368
37778	0.0131578947368
42295	0.0131578947368
50994	0.0131578947368
12756	0.0131004366812
5089	0.0130718954248
840	0.012987012987
2387	0.012987012987
4728	0.012987012987
13653	0.012987012987
29780	0.012987012987
35541	0.012987012987
38577	0.012987012987
38899	0.012987012987
52629	0.012987012987
52946	0.012987012987
52225	0.0129449838188
18967	0.0129032258065
34522	0.0129032258065
3156	0.0128205128205
5528	0.0128205128205
22332	0.0128205128205
26830	0.0128205128205
29756	0.0128205128205
34788	0.0128205128205
40893	0.0128205128205
41754	0.0128205128205
48899	0.0128205128205
27489	0.0127970749543
18129	0.0127388535032
5715	0.0126582278481
7161	0.0126582278481
11079	0.0126582278481
16919	0.0126582278481
28545	0.0126582278481
42335	0.0126582278481
45200	0.0126582278481
51117	0.0126582278481
52227	0.0126582278481
4390	0.0125523012552
34519	0.0125523012552
1487	0.0125
23628	0.0125
26659	0.0125
27052	0.0125
33124	0.0125
34676	0.0125
4739	0.0124223602484
3582	0.0123456790123
6494	0.0123456790123
20080	0.0123456790123
39336	0.0123456790123
41380	0.0123456790123
50883	0.0122699386503
22873	0.0121951219512
23222	0.0121951219512
29005	0.0121951219512
41096	0.0121951219512
41175	0.0121951219512
42531	0.0121951219512
51623	0.0121951219512
52196	0.0121951219512
52981	0.0121951219512
39548	0.0121212121212
41060	0.0121212121212
16073	0.0120481927711
24698	0.0120481927711
25273	0.0120481927711
28799	0.0120481927711
36736	0.0120481927711
41348	0.0120481927711
41450	0.0120481927711
42649	0.0120481927711
51940	0.0120481927711
52693	0.0120481927711
54577	0.0120481927711
59617	0.0120481927711
13064	0.0119760479042
51159	0.0119760479042
1365	0.0119047619048
3866	0.0119047619048
7346	0.0119047619048
11223	0.0119047619048
18596	0.0119047619048
23415	0.0119047619048
34659	0.0119047619048
41775	0.0119047619048
46731	0.0119047619048
30445	0.0118577075099
22026	0.0117647058824
41194	0.0117647058824
50335	0.0117647058824
41593	0.0116959064327
7300	0.0116822429907
29603	0.0116279069767
30913	0.0116279069767
42182	0.0116279069767
51055	0.0116279069767
17948	0.0115606936416
5230	0.0114942528736
20089	0.0114942528736
26579	0.0114942528736
30619	0.0114942528736
41343	0.0114942528736
43391	0.0114942528736
48475	0.0114942528736
9488	0.0114285714286
25554	0.011396011396
637	0.0113636363636
2679	0.0113636363636
2720	0.0113636363636
3480	0.0113636363636
4580	0.0113636363636
6381	0.0113636363636
8129	0.0113636363636
9586	0.0113636363636
12717	0.0113636363636
23285	0.0113636363636
29067	0.0113636363636
32087	0.0113636363636
45033	0.0113636363636
48237	0.0113636363636
1740	0.0112359550562
14573	0.0112359550562
17790	0.0112359550562
21727	0.0112359550562
21983	0.0112359550562
31877	0.0112359550562
41024	0.0112359550562
42414	0.0112359550562
39852	0.0111940298507
41095	0.0111940298507
44184	0.0111940298507
1456	0.0111731843575
16935	0.0111731843575
52383	0.0111731843575
218	0.0111111111111
5702	0.0111111111111
29933	0.0111111111111
38287	0.0111111111111
41191	0.0111111111111
51655	0.0111111111111
24970	0.0110497237569
50864	0.0110294117647
1068	0.010989010989
1788	0.010989010989
4814	0.010989010989
5116	0.010989010989
5622	0.010989010989
17686	0.010989010989
31220	0.010989010989
43150	0.010989010989
43834	0.010989010989
50760	0.010989010989
41177	0.0109289617486
3385	0.0108695652174
3542	0.0108695652174
9588	0.0108695652174
13999	0.0108695652174
35968	0.0108695652174
41546	0.0108695652174
41608	0.0108695652174
41778	0.0108695652174
48252	0.0108695652174
50898	0.0108695652174
7460	0.010752688172
7739	0.010752688172
34191	0.010752688172
35698	0.010752688172
40985	0.010752688172
24173	0.0106951871658
4452	0.0106382978723
10343	0.0106382978723
21375	0.0106382978723
33523	0.0106382978723
46620	0.0106382978723
53065	0.0106382978723
1638	0.0105263157895
3205	0.0105263157895
31995	0.0105263157895
41113	0.0105263157895
50924	0.0105263157895
36999	0.010498687664
30938	0.0104712041885
38807	0.0104529616725
3690	0.0104166666667
8189	0.0104166666667
10266	0.0104166666667
13258	0.0104166666667
31400	0.0104166666667
45076	0.0104166666667
51112	0.0104166666667
53040	0.0103448275862
766	0.0103092783505
1755	0.0103092783505
10973	0.0103092783505
24067	0.0103092783505
26235	0.0103092783505
33544	0.0103092783505
34104	0.0103092783505
41129	0.0103092783505
41269	0.0103092783505
41481	0.0103092783505
42609	0.0102739726027
3250	0.0102564102564
4391	0.0102040816327
11655	0.0102040816327
14406	0.0102040816327
15188	0.0102040816327
17922	0.0102040816327
18234	0.0102040816327
24164	0.0102040816327
32509	0.0102040816327
34168	0.0102040816327
37588	0.0102040816327
39286	0.0102040816327
41083	0.0102040816327
41228	0.0102040816327
48910	0.0102040816327
51006	0.0102040816327
896	0.010152284264
913	0.010101010101
17383	0.010101010101
33645	0.010101010101
49136	0.010101010101
50873	0.010101010101
51505	0.010101010101
51892	0.010101010101
52089	0.010101010101
52362	0.010101010101
6954	0.010067114094
51146	0.0100502512563
7214	0.0100334448161
8159	0.01
26592	0.01
38585	0.01
41913	0.01
51346	0.01
51869	0.01
2247	0.00990099009901
3194	0.00990099009901
32711	0.00990099009901
40541	0.00990099009901
14115	0.00983606557377
12484	0.00980392156863
34548	0.00980392156863
37670	0.00980392156863
41223	0.00980392156863
50943	0.00980392156863
52357	0.00980392156863
35958	0.00974025974026
5350	0.00970873786408
6254	0.00970873786408
15083	0.00970873786408
23514	0.00970873786408
51228	0.00970873786408
15052	0.00961538461538
20010	0.00961538461538
42514	0.00961538461538
43337	0.00961538461538
50901	0.00958466453674
51156	0.00955414012739
4705	0.00952380952381
11760	0.00952380952381
11784	0.00952380952381
41078	0.00952380952381
42555	0.00952380952381
52891	0.00952380952381
1132	0.00943396226415
2544	0.00943396226415
2681	0.00943396226415
22971	0.00943396226415
32784	0.00943396226415
43824	0.00943396226415
45717	0.00943396226415
47448	0.00943396226415
50506	0.00943396226415
50886	0.00943396226415
53039	0.00943396226415
55841	0.00943396226415
5553	0.00936768149883
4541	0.00934579439252
4620	0.00934579439252
11397	0.00934579439252
11774	0.00934579439252
34525	0.00934579439252
41426	0.00934579439252
51573	0.00934579439252
27527	0.00931677018634
11165	0.00925925925926
22195	0.00925925925926
22231	0.00925925925926
34943	0.00925925925926
41257	0.00925925925926
41799	0.00925925925926
18958	0.00917431192661
28141	0.00917431192661
29583	0.00917431192661
32626	0.00917431192661
42320	0.00917431192661
40982	0.00911854103343
20669	0.00909090909091
42053	0.00909090909091
51152	0.00909090909091
52521	0.00909090909091
2145	0.00900900900901
16231	0.00900900900901
21745	0.00900900900901
36105	0.00900900900901
43828	0.00900900900901
5774	0.00892857142857
8839	0.00892857142857
14730	0.00892857142857
51139	0.00892857142857
14140	0.00890207715134
41434	0.00890207715134
18172	0.00888888888889
41045	0.00888888888889
10646	0.00884955752212
16846	0.00884955752212
52382	0.00884955752212
68	0.00877192982456
2030	0.00877192982456
13124	0.00877192982456
21331	0.00877192982456
28047	0.00877192982456
31895	0.00877192982456
41172	0.00877192982456
10054	0.00869565217391
19126	0.00869565217391
41136	0.00869565217391
41303	0.00869565217391
41338	0.00869565217391
40977	0.00865800865801
50937	0.00865800865801
3120	0.00862068965517
39210	0.00862068965517
41140	0.00862068965517
14360	0.00858369098712
18973	0.00854700854701
34210	0.00854700854701
41894	0.00854700854701
42973	0.00854700854701
49408	0.00854700854701
937	0.00847457627119
2127	0.00847457627119
5221	0.00847457627119
21906	0.00847457627119
27925	0.00847457627119
29055	0.00847457627119
49689	0.00847457627119
15794	0.0084388185654
50957	0.00842696629213
4604	0.00840336134454
6372	0.00840336134454
21690	0.00840336134454
32411	0.00840336134454
37115	0.00836820083682
9252	0.00833333333333
11239	0.00833333333333
13829	0.00833333333333
22895	0.00833333333333
27927	0.00833333333333
37947	0.00833333333333
41328	0.00833333333333
45093	0.00833333333333
51632	0.00833333333333
52471	0.00833333333333
20779	0.00829875518672
3544	0.00826446280992
3565	0.00826446280992
30925	0.00826446280992
35245	0.00826446280992
51549	0.00826446280992
34830	0.00824175824176
28633	0.0082304526749
6394	0.00819672131148
9104	0.00819672131148
40562	0.00819672131148
39549	0.0081466395112
888	0.00813008130081
5354	0.00813008130081
9188	0.00813008130081
15720	0.00813008130081
37184	0.00813008130081
41421	0.00813008130081
47628	0.0080971659919
50845	0.0080971659919
19429	0.00806451612903
31340	0.00806451612903
50327	0.00806451612903
50812	0.00806451612903
1324	0.008
5768	0.008
29990	0.008
32146	0.008
41056	0.008
41354	0.008
53001	0.008
10287	0.00796812749004
4339	0.00793650793651
5672	0.00793650793651
7420	0.00793650793651
11489	0.00793650793651
15325	0.00793650793651
22877	0.00793650793651
33830	0.00793650793651
41425	0.00793650793651
51340	0.00793650793651
14207	0.00787401574803
41682	0.00787401574803
19547	0.00783289817232
3826	0.0078125
13098	0.0078125
19111	0.0078125
22941	0.0078125
42977	0.0078125
34858	0.00778210116732
2905	0.0077519379845
27207	0.0077519379845
1087	0.00763358778626
12325	0.00763358778626
21742	0.00763358778626
22479	0.00763358778626
35420	0.00763358778626
41099	0.00763358778626
41693	0.00763358778626
47050	0.00763358778626
2110	0.00760456273764
41253	0.00760456273764
1954	0.00757575757576
2171	0.00757575757576
11297	0.00757575757576
17986	0.00757575757576
41536	0.00757575757576
41819	0.00757575757576
32809	0.00751879699248
53000	0.00751879699248
9826	0.00750469043152
13216	0.00749063670412
3793	0.00746268656716
4070	0.00746268656716
5618	0.00746268656716
20818	0.00746268656716
29543	0.00746268656716
51133	0.00746268656716
60331	0.00746268656716
29909	0.00743494423792
29992	0.00743494423792
3312	0.00740740740741
3426	0.00740740740741
23174	0.00740740740741
32457	0.00740740740741
56100	0.00740740740741
11769	0.0073664825046
2850	0.00735294117647
5634	0.00735294117647
11087	0.00735294117647
22798	0.00735294117647
41079	0.00735294117647
51019	0.00731707317073
22621	0.00729927007299
30917	0.00729927007299
43354	0.00729927007299
51811	0.00729927007299
57496	0.00729927007299
13633	0.00724637681159
51274	0.00724637681159
4764	0.00722543352601
2515	0.00721153846154
9295	0.00719424460432
12830	0.00719424460432
16194	0.00719424460432
17771	0.00719424460432
19799	0.00719424460432
36418	0.00719424460432
11201	0.00718132854578
39447	0.00715990453461
6222	0.00714285714286
24017	0.00714285714286
41198	0.00714285714286
37392	0.00711237553343
7095	0.00709219858156
17904	0.00709219858156
28750	0.00709219858156
43178	0.00709219858156
25098	0.00706713780919
27094	0.00706713780919
2411	0.00704225352113
18997	0.00704225352113
26486	0.00704225352113
34607	0.00704225352113
42312	0.00704225352113
22654	0.00701754385965
4704	0.00699300699301
12388	0.00699300699301
27171	0.00699300699301
32651	0.00699300699301
51026	0.00699300699301
4977	0.00694444444444
42750	0.00694444444444
51415	0.00694444444444
4951	0.00692840646651
13955	0.00690846286701
25937	0.00689655172414
35535	0.00689655172414
11746	0.00687285223368
16449	0.00687285223368
29854	0.00685871056241
2028	0.00684931506849
9646	0.00684931506849
37201	0.00684931506849
40351	0.00684931506849
3445	0.00680272108844
15638	0.00680272108844
3957	0.00675675675676
9178	0.00675675675676
13067	0.00675675675676
27642	0.00675675675676
42912	0.00673400673401
3436	0.00671140939597
14013	0.00671140939597
28156	0.00671140939597
34350	0.00671140939597
38671	0.00671140939597
41106	0.0066889632107
632	0.00666666666667
2610	0.00666666666667
5012	0.00666666666667
10010	0.00666666666667
12777	0.00666666666667
37747	0.00666666666667
39085	0.00666666666667
41038	0.00666666666667
6781	0.00662251655629
26098	0.00662251655629
41154	0.00660066006601
14122	0.00657894736842
16379	0.00657894736842
22830	0.00657894736842
27715	0.00657894736842
38194	0.00657894736842
41073	0.00657894736842
42424	0.00657894736842
41042	0.00655737704918
13040	0.00653594771242
17483	0.00653594771242
41596	0.00653594771242
51179	0.00653594771242
5512	0.00649350649351
30625	0.00649350649351
41307	0.00647249190939
11172	0.00645161290323
37961	0.00645161290323
46722	0.00645161290323
41093	0.0064308681672
11196	0.00641025641026
17152	0.00641025641026
21311	0.00641025641026
33922	0.00641025641026
52525	0.00641025641026
41067	0.00638977635783
35703	0.0063829787234
41044	0.0063829787234
13063	0.00636942675159
36364	0.00636942675159
37225	0.00636942675159
37557	0.00636942675159
42145	0.00636942675159
22643	0.00634920634921
17637	0.00632911392405
32895	0.00632911392405
32935	0.00632911392405
4464	0.0062893081761
26059	0.0062893081761
27128	0.0062893081761
35237	0.0062893081761
36078	0.0062893081761
41246	0.0062893081761
36394	0.00622406639004
1119	0.00621890547264
15233	0.00621118012422
30020	0.00621118012422
5420	0.00618811881188
27865	0.00618556701031
384	0.00617283950617
20335	0.00617283950617
38758	0.00617283950617
41059	0.00617283950617
22744	0.00616197183099
21204	0.00613496932515
25051	0.00613496932515
37114	0.00613496932515
38861	0.00613496932515
43200	0.00613496932515
2403	0.00609756097561
3486	0.00609756097561
18283	0.00609756097561
26602	0.00609756097561
33405	0.00609756097561
46832	0.00609756097561
18613	0.00608365019011
33621	0.00607902735562
26566	0.00606060606061
28737	0.00606060606061
40942	0.00606060606061
1135	0.00604229607251
7509	0.00602409638554
38800	0.00602409638554
27535	0.00601503759398
17711	0.0060120240481
2574	0.0059880239521
35360	0.0059880239521
11	0.00595238095238
4743	0.00595238095238
11887	0.00595238095238
15714	0.00595238095238
17625	0.00595238095238
107	0.00591715976331
3729	0.00591715976331
13642	0.00591715976331
15381	0.00591715976331
30762	0.00591715976331
34217	0.00591715976331
51029	0.00591715976331
39546	0.00589970501475
3598	0.00588235294118
10157	0.00588235294118
10443	0.00588235294118
12194	0.00588235294118
21662	0.00588235294118
25384	0.00588235294118
51155	0.00588235294118
3946	0.00584795321637
19601	0.00584795321637
22401	0.00584795321637
22805	0.00584795321637
25487	0.00584795321637
34121	0.00584795321637
40964	0.00584795321637
41609	0.00584795321637
51025	0.00584795321637
33841	0.00583657587549
31440	0.00581878636741
2588	0.00581395348837
29532	0.00581395348837
42954	0.00581395348837
41016	0.00580130529369
22579	0.00579710144928
4485	0.00578034682081
34241	0.00578034682081
42450	0.00578034682081
2142	0.00576368876081
28405	0.00576036866359
35563	0.00575184880855
9720	0.00574712643678
17586	0.00574712643678
41378	0.00574712643678
6812	0.00571895424837
1700	0.00571428571429
7751	0.00571428571429
14206	0.00571428571429
40992	0.00571428571429
50863	0.00570613409415
3733	0.00570342205323
955	0.00568181818182
31850	0.00568181818182
33727	0.00568181818182
41034	0.0056657223796
23001	0.00564971751412
29453	0.00564971751412
40625	0.00564971751412
47611	0.00564971751412
11727	0.00563909774436
13660	0.00561797752809
40987	0.00561797752809
33850	0.00560224089636
27723	0.00558659217877
35144	0.00558659217877
51121	0.00558659217877
40999	0.00557620817844
25324	0.00557103064067
19338	0.00555555555556
32862	0.00555555555556
41278	0.00555555555556
22383	0.00555170020819
25732	0.00552486187845
41088	0.00552486187845
32612	0.00551470588235
4846	0.00549450549451
30466	0.00549450549451
30802	0.00549450549451
51197	0.00549450549451
775	0.00546448087432
12998	0.00546448087432
13935	0.00546448087432
23248	0.00546448087432
30901	0.00546448087432
52065	0.00546448087432
52494	0.00546448087432
38932	0.00544959128065
879	0.0054347826087
2898	0.0054347826087
4479	0.0054347826087
11300	0.0054347826087
11359	0.0054347826087
37776	0.0054347826087
40887	0.0054347826087
253	0.00542888165038
6689	0.00542005420054
25376	0.00540540540541
30471	0.00540540540541
39136	0.00540540540541
39510	0.00540540540541
41013	0.00540540540541
18374	0.00537634408602
41404	0.00537634408602
42378	0.00537634408602
4578	0.00537345513165
20506	0.00536912751678
16917	0.00536193029491
452	0.00534759358289
5367	0.00534759358289
18183	0.00534759358289
25047	0.00534759358289
32042	0.00531914893617
27949	0.0053050397878
4489	0.00530035335689
11749	0.00529100529101
12188	0.00529100529101
16420	0.00529100529101
30812	0.00529100529101
48489	0.00529100529101
1931	0.00528169014085
32483	0.00526315789474
51038	0.00526315789474
949	0.00525394045534
1422	0.00522875816993
2733	0.00522875816993
25738	0.00521739130435
4675	0.00520833333333
51212	0.00520833333333
3204	0.00518134715026
54	0.00515463917526
867	0.00515463917526
41157	0.00515463917526
41227	0.00515463917526
50980	0.00515463917526
9292	0.00510204081633
26158	0.00510204081633
29902	0.00510204081633
18777	0.00509337860781
31868	0.00508905852417
40983	0.00507614213198
41010	0.00506329113924
3689	0.00505050505051
22230	0.00505050505051
22572	0.00505050505051
41452	0.00505050505051
1743	0.00503355704698
31483	0.00502512562814
38787	0.00502512562814
13317	0.005
30874	0.005
41070	0.005
44433	0.005
3288	0.00497512437811
4439	0.00497512437811
21337	0.00497512437811
35581	0.00497512437811
41031	0.00497512437811
41085	0.00497512437811
29705	0.0049504950495
32418	0.0049504950495
32738	0.0049504950495
39785	0.0049504950495
15636	0.00493827160494
3781	0.00492610837438
7956	0.00492610837438
18972	0.00492610837438
3198	0.00490196078431
18584	0.004884004884
492	0.00487804878049
2084	0.00487804878049
26863	0.00487804878049
10281	0.00486618004866
90	0.00485436893204
10653	0.00485436893204
21321	0.00485436893204
2326	0.00483870967742
4711	0.0048309178744
16209	0.0048309178744
7100	0.00481927710843
41092	0.00481927710843
2089	0.00480769230769
18456	0.00480769230769
18960	0.00479041916168
11782	0.00478468899522
26760	0.00478468899522
27529	0.00478468899522
3515	0.0047619047619
20173	0.0047619047619
28051	0.0047619047619
29287	0.0047619047619
41942	0.0047619047619
42328	0.0047619047619
27809	0.00474683544304
4695	0.00473933649289
28290	0.00473933649289
41025	0.00473933649289
41071	0.00473933649289
13339	0.00473186119874
5056	0.00471698113208
39366	0.00471698113208
18307	0.00470035252644
13111	0.00469759248385
1489	0.00469483568075
1064	0.0046875
23388	0.00467289719626
29399	0.00467289719626
25586	0.0046511627907
14750	0.00464576074332
38584	0.0046439628483
40289	0.00461893764434
41370	0.00460829493088
14369	0.00456621004566
17946	0.00454545454545
21845	0.00454545454545
22251	0.00454545454545
29444	0.00452488687783
5918	0.0045045045045
17346	0.0045045045045
3499	0.00449438202247
5204	0.00449293966624
53069	0.00448430493274
1361	0.00446428571429
3827	0.00446428571429
32823	0.00444444444444
29861	0.00443458980044
40981	0.00442477876106
6427	0.00441826215022
2840	0.00440917107584
37660	0.00440528634361
42374	0.00440528634361
4518	0.00438981562774
2722	0.00438596491228
52258	0.00438596491228
4523	0.00436681222707
33377	0.00434782608696
1632	0.004329004329
35400	0.004329004329
3280	0.00431965442765
40988	0.00431965442765
41332	0.00431965442765
1497	0.00431266846361
21523	0.00431034482759
26934	0.00431034482759
4708	0.00430416068867
40318	0.00429184549356
41134	0.00429184549356
12969	0.00428816466552
6816	0.0042735042735
32811	0.0042735042735
41274	0.0042735042735
13960	0.00425531914894
7340	0.00424628450106
2037	0.0042194092827
14604	0.0042194092827
19201	0.0042194092827
41003	0.00421052631579
1062	0.00418410041841
4876	0.00418410041841
17068	0.00418410041841
24126	0.00418410041841
28043	0.00418410041841
51724	0.00418410041841
37169	0.00416666666667
38206	0.00416666666667
41444	0.00416666666667
10920	0.00414937759336
34356	0.00414937759336
23782	0.00414078674948
29309	0.00414078674948
3531	0.00413223140496
23742	0.00413223140496
30805	0.00413223140496
37104	0.00411522633745
37762	0.00408163265306
49392	0.00408163265306
7419	0.00407608695652
2290	0.00407213496219
3059	0.00405953991881
2	0.00404858299595
9138	0.00404858299595
27404	0.00404858299595
41054	0.00404858299595
17952	0.00403225806452
39383	0.00401606425703
893	0.00401203610832
52332	0.00398406374502
28155	0.00396825396825
41164	0.00396825396825
44117	0.00395256916996
512	0.00392156862745
6803	0.00392156862745
40968	0.00392156862745
40995	0.00391134289439
23667	0.00389105058366
27358	0.00389105058366
33895	0.00387596899225
37427	0.00387596899225
31312	0.00384615384615
4396	0.00383877159309
2463	0.00381679389313
34369	0.00381679389313
6789	0.00380228136882
16956	0.00380228136882
5503	0.00379146919431
34199	0.00377358490566
41188	0.00377358490566
7312	0.00376470588235
28821	0.00375939849624
41985	0.00375939849624
2811	0.00374531835206
26416	0.00373134328358
41001	0.00373134328358
51178	0.00371747211896
18556	0.00369003690037
38790	0.00369003690037
10251	0.00367647058824
28128	0.00367647058824
29372	0.00367647058824
51041	0.00367647058824
3933	0.003663003663
21801	0.003663003663
30691	0.003663003663
41326	0.003663003663
22929	0.0036496350365
38232	0.0036496350365
50995	0.0036496350365
5231	0.00364393545029
2757	0.00363636363636
35021	0.00363636363636
921	0.0036231884058
29394	0.00361010830325
29739	0.00359712230216
29277	0.00356294536817
3139	0.00355871886121
17605	0.00355871886121
30794	0.00355871886121
41705	0.00354609929078
5157	0.00354430379747
38794	0.00354295837024
2312	0.00353356890459
25414	0.00353356890459
41061	0.00352112676056
13056	0.00350877192982
41364	0.00350877192982
38793	0.00347624565469
3747	0.00347222222222
5432	0.00347222222222
5460	0.00347222222222
6564	0.00347222222222
52018	0.00347222222222
1020	0.00346020761246
11381	0.00346020761246
32832	0.00344827586207
38293	0.00344827586207
28286	0.00342465753425
9538	0.00341588385995
3022	0.00341296928328
29724	0.00341296928328
19090	0.00340136054422
40969	0.00338983050847
50879	0.00338983050847
4655	0.00338066260987
3991	0.00337837837838
18278	0.00337837837838
2448	0.003367003367
28055	0.00334448160535
8709	0.00333778371162
37111	0.00332225913621
76	0.00331950207469
5112	0.00331345261763
34224	0.00330760749724
7261	0.00330578512397
29145	0.003300330033
2007	0.00328947368421
18699	0.00327868852459
14253	0.00326264274062
22743	0.00326264274062
34637	0.00325732899023
40965	0.00324675324675
1239	0.00323624595469
7175	0.00322580645161
24958	0.00322580645161
41258	0.00322580645161
51027	0.00322580645161
18311	0.00321888412017
6360	0.0032154340836
35049	0.0032154340836
684	0.00320512820513
12610	0.00320512820513
23999	0.00319488817891
5100	0.0031847133758
41039	0.0031847133758
2409	0.00316455696203
118	0.00314465408805
12121	0.00314465408805
7299	0.00313479623824
41126	0.00313479623824
38987	0.003125
26805	0.00311526479751
41972	0.0030959752322
900	0.00309119010819
1364	0.00308641975309
17715	0.00308641975309
41243	0.00308641975309
5616	0.00306748466258
27906	0.00306748466258
12467	0.00305810397554
17008	0.00305810397554
25113	0.00305810397554
23150	0.0030534351145
26893	0.0030487804878
41015	0.00303951367781
5643	0.0030303030303
17596	0.00302571860817
992	0.00301659125189
2344	0.00301507537688
18361	0.00301204819277
4868	0.003003003003
20542	0.00299850074963
38959	0.00299401197605
511	0.00297619047619
5120	0.00297619047619
41156	0.00297619047619
40972	0.00296735905045
17987	0.00295857988166
41000	0.00294985250737
41029	0.00294117647059
29686	0.00293255131965
34683	0.00293255131965
869	0.0029304029304
3535	0.00292397660819
29845	0.00292397660819
3239	0.00291545189504
36398	0.00291545189504
48572	0.00291545189504
3943	0.00290697674419
9656	0.0028901734104
29591	0.0028901734104
18701	0.00287356321839
37198	0.00287356321839
10250	0.00286532951289
34147	0.00286532951289
2186	0.00286123032904
23786	0.00285714285714
41068	0.002849002849
26584	0.00283687943262
25078	0.00281690140845
2745	0.0028129395218
5237	0.00280504908836
3788	0.00280112044818
34897	0.00278551532033
47774	0.00277777777778
4563	0.00277520814061
742	0.00276243093923
33634	0.00276243093923
50855	0.00276243093923
38492	0.00275103163686
3553	0.0027397260274
25453	0.00273224043716
41132	0.00273224043716
23265	0.00271739130435
51989	0.00271002710027
41097	0.0027027027027
5809	0.002700270027
29971	0.00269541778976
41050	0.00268817204301
50933	0.00266666666667
2419	0.00265604249668
21323	0.0026525198939
7442	0.00263852242744
9135	0.00263852242744
35809	0.00263157894737
14352	0.00262812089356
24522	0.00262467191601
1438	0.00261096605744
18515	0.00261096605744
41018	0.00261096605744
2381	0.0026075619296
5519	0.00258620689655
20630	0.0025706940874
1118	0.00256574727389
870	0.0025641025641
1680	0.00256081946223
11664	0.00255754475703
23688	0.00254452926209
10987	0.00253164556962
23642	0.00253164556962
42156	0.00252525252525
30899	0.00249687890137
9642	0.00247524752475
51096	0.00247524752475
41090	0.00246609124538
932	0.00245098039216
24684	0.00245098039216
39709	0.00245098039216
1380	0.0024154589372
1113	0.00240384615385
31536	0.00237529691211
3365	0.00237247924081
33678	0.00236966824645
27525	0.00235849056604
4173	0.00235294117647
27890	0.002331002331
7518	0.00230414746544
11778	0.00230414746544
8397	0.00229885057471
11675	0.00227272727273
497	0.00226757369615
562	0.00226757369615
31830	0.00226757369615
28832	0.00221729490022
3273	0.00221483942414
5000	0.00220264317181
23666	0.00220264317181
20075	0.00219298245614
16447	0.00218818380744
45223	0.00217864923747
3419	0.00212314225053
28742	0.00212089077413
11169	0.0021186440678
41058	0.00211416490486
50105	0.00211416490486
9200	0.0020964360587
1902	0.00204290091931
41355	0.00199600798403
41109	0.0019801980198
19598	0.00194805194805
9647	0.00191938579655
3527	0.0019120458891
34751	0.00190476190476
1048	0.00189035916824
40971	0.00188323917137
30269	0.00185185185185
8732	0.00183823529412
34367	0.00182481751825
2333	0.00181488203267
35136	0.0018115942029
33887	0.00178571428571
35178	0.00178571428571
39915	0.00178571428571
40962	0.00178571428571
5218	0.0017793594306
17566	0.00176991150442
40980	0.00176366843034
37737	0.00174216027875
28407	0.00172413793103
29863	0.00171821305842
41074	0.00171821305842
41116	0.00168634064081
38925	0.00167224080268
1503	0.00166666666667
38203	0.00164024056862
4121	0.00160256410256
20416	0.0016
17355	0.00158982511924
1984	0.00155520995334
868	0.00153022188217
6304	0.0015243902439
2613	0.00143061516452
3133	0.00131926121372
1628	0.00123609394314
38191	0.00116009280742
4654	0.00108459869848
4937	0.00102459016393
4916	0.000901713255185
4430	0.000740740740741
