15543	0.115384615385
59805	0.111111111111
34736	0.103448275862
43923	0.1
36938	0.0909090909091
41376	0.0909090909091
50496	0.0909090909091
60610	0.08
49819	0.0769230769231
52687	0.0769230769231
4116	0.0714285714286
26	0.0689655172414
17259	0.0689655172414
51550	0.0689655172414
26818	0.0681818181818
16040	0.0666666666667
20816	0.0666666666667
50955	0.0666666666667
5271	0.0645161290323
51976	0.0645161290323
42743	0.0625
10694	0.0612244897959
27813	0.0606060606061
22586	0.0588235294118
17104	0.0571428571429
39663	0.0566037735849
193	0.0555555555556
2011	0.0555555555556
7347	0.0555555555556
11803	0.0555555555556
11903	0.0555555555556
13051	0.0555555555556
13150	0.0555555555556
13946	0.0555555555556
14302	0.0555555555556
16590	0.0555555555556
16853	0.0555555555556
17506	0.0555555555556
18013	0.0555555555556
18052	0.0555555555556
18932	0.0555555555556
19361	0.0555555555556
20183	0.0555555555556
21005	0.0555555555556
21740	0.0555555555556
23791	0.0555555555556
25863	0.0555555555556
26664	0.0555555555556
38823	0.0555555555556
39999	0.0555555555556
43209	0.0555555555556
44744	0.0555555555556
45020	0.0555555555556
45414	0.0555555555556
49982	0.0555555555556
51192	0.0555555555556
54873	0.0555555555556
55822	0.0555555555556
56422	0.0555555555556
56759	0.0555555555556
57423	0.0555555555556
57470	0.0555555555556
60870	0.0555555555556
42346	0.0540540540541
3195	0.0533333333333
837	0.0526315789474
1320	0.0526315789474
1991	0.0526315789474
5098	0.0526315789474
6232	0.0526315789474
9599	0.0526315789474
13557	0.0526315789474
13988	0.0526315789474
14735	0.0526315789474
15572	0.0526315789474
17813	0.0526315789474
17827	0.0526315789474
20969	0.0526315789474
28140	0.0526315789474
31300	0.0526315789474
32061	0.0526315789474
32652	0.0526315789474
33867	0.0526315789474
35335	0.0526315789474
35944	0.0526315789474
36901	0.0526315789474
37631	0.0526315789474
37820	0.0526315789474
39359	0.0526315789474
41341	0.0526315789474
45541	0.0526315789474
48879	0.0526315789474
49988	0.0526315789474
51206	0.0526315789474
51277	0.0526315789474
52157	0.0526315789474
52425	0.0526315789474
53633	0.0526315789474
57904	0.0526315789474
59244	0.0526315789474
1075	0.05
1174	0.05
2105	0.05
6660	0.05
15431	0.05
15760	0.05
15930	0.05
16844	0.05
17593	0.05
18102	0.05
21329	0.05
23010	0.05
25033	0.05
25651	0.05
28651	0.05
29550	0.05
29946	0.05
31508	0.05
34206	0.05
36679	0.05
38215	0.05
39574	0.05
40799	0.05
41601	0.05
43997	0.05
47799	0.05
48380	0.05
50510	0.05
51493	0.05
51747	0.05
52594	0.05
54921	0.05
55572	0.05
55933	0.05
56866	0.05
58568	0.05
59207	0.05
60945	0.05
34505	0.0487804878049
5	0.047619047619
1341	0.047619047619
2076	0.047619047619
4805	0.047619047619
8608	0.047619047619
11420	0.047619047619
12961	0.047619047619
14443	0.047619047619
22637	0.047619047619
26689	0.047619047619
28552	0.047619047619
29221	0.047619047619
33644	0.047619047619
38388	0.047619047619
40142	0.047619047619
42709	0.047619047619
43134	0.047619047619
43458	0.047619047619
44529	0.047619047619
44906	0.047619047619
45467	0.047619047619
46196	0.047619047619
47020	0.047619047619
48059	0.047619047619
48519	0.047619047619
48959	0.047619047619
49232	0.047619047619
49412	0.047619047619
49470	0.047619047619
51108	0.047619047619
51332	0.047619047619
53052	0.047619047619
53670	0.047619047619
59582	0.047619047619
59615	0.047619047619
59892	0.047619047619
61417	0.047619047619
41484	0.046511627907
2752	0.0454545454545
2943	0.0454545454545
6313	0.0454545454545
6388	0.0454545454545
7258	0.0454545454545
7672	0.0454545454545
11067	0.0454545454545
12427	0.0454545454545
13748	0.0454545454545
13809	0.0454545454545
18173	0.0454545454545
21448	0.0454545454545
22072	0.0454545454545
22185	0.0454545454545
23600	0.0454545454545
24519	0.0454545454545
24741	0.0454545454545
25904	0.0454545454545
26492	0.0454545454545
28287	0.0454545454545
29937	0.0454545454545
31616	0.0454545454545
41077	0.0454545454545
41173	0.0454545454545
41410	0.0454545454545
42135	0.0454545454545
42174	0.0454545454545
43237	0.0454545454545
43610	0.0454545454545
43684	0.0454545454545
43866	0.0454545454545
46086	0.0454545454545
47412	0.0454545454545
48437	0.0454545454545
48440	0.0454545454545
49104	0.0454545454545
50233	0.0454545454545
51407	0.0454545454545
52676	0.0454545454545
53196	0.0454545454545
53562	0.0454545454545
55303	0.0454545454545
56620	0.0454545454545
58430	0.0454545454545
60104	0.0454545454545
60201	0.0454545454545
60283	0.0454545454545
57364	0.0444444444444
59832	0.0444444444444
897	0.0434782608696
5303	0.0434782608696
6905	0.0434782608696
8715	0.0434782608696
11364	0.0434782608696
12344	0.0434782608696
13377	0.0434782608696
13798	0.0434782608696
15011	0.0434782608696
17097	0.0434782608696
19054	0.0434782608696
22404	0.0434782608696
23860	0.0434782608696
24391	0.0434782608696
25962	0.0434782608696
31296	0.0434782608696
33582	0.0434782608696
34624	0.0434782608696
35518	0.0434782608696
35693	0.0434782608696
38000	0.0434782608696
40363	0.0434782608696
42355	0.0434782608696
48587	0.0434782608696
50549	0.0434782608696
50802	0.0434782608696
50982	0.0434782608696
51893	0.0434782608696
51928	0.0434782608696
52075	0.0434782608696
59405	0.0434782608696
6397	0.0425531914894
41587	0.0425531914894
1036	0.0416666666667
1241	0.0416666666667
1330	0.0416666666667
2022	0.0416666666667
4164	0.0416666666667
6273	0.0416666666667
7628	0.0416666666667
8237	0.0416666666667
9349	0.0416666666667
10125	0.0416666666667
11288	0.0416666666667
14304	0.0416666666667
14834	0.0416666666667
15726	0.0416666666667
17404	0.0416666666667
18407	0.0416666666667
22447	0.0416666666667
24082	0.0416666666667
25382	0.0416666666667
25924	0.0416666666667
26949	0.0416666666667
28165	0.0416666666667
28526	0.0416666666667
29019	0.0416666666667
29827	0.0416666666667
31688	0.0416666666667
32744	0.0416666666667
35266	0.0416666666667
37917	0.0416666666667
39279	0.0416666666667
39376	0.0416666666667
42178	0.0416666666667
42392	0.0416666666667
42397	0.0416666666667
42490	0.0416666666667
43241	0.0416666666667
46394	0.0416666666667
50846	0.0416666666667
50880	0.0416666666667
52433	0.0416666666667
53242	0.0416666666667
57911	0.0416666666667
59190	0.0416666666667
59910	0.0416666666667
60478	0.0416666666667
60544	0.0416666666667
42651	0.0408163265306
9052	0.04
13837	0.04
14539	0.04
14709	0.04
19010	0.04
20126	0.04
20388	0.04
24399	0.04
24504	0.04
26284	0.04
31026	0.04
35744	0.04
36162	0.04
37281	0.04
39790	0.04
40917	0.04
41128	0.04
42885	0.04
42925	0.04
43095	0.04
43278	0.04
43646	0.04
48518	0.04
50158	0.04
52287	0.04
52370	0.04
52464	0.04
53249	0.04
53589	0.04
54668	0.04
61446	0.04
53372	0.0392156862745
38661	0.038961038961
51292	0.038961038961
4905	0.0384615384615
5728	0.0384615384615
8379	0.0384615384615
9901	0.0384615384615
10290	0.0384615384615
10438	0.0384615384615
10967	0.0384615384615
12674	0.0384615384615
14898	0.0384615384615
15241	0.0384615384615
16561	0.0384615384615
18919	0.0384615384615
19522	0.0384615384615
22901	0.0384615384615
23082	0.0384615384615
23387	0.0384615384615
24530	0.0384615384615
28596	0.0384615384615
28913	0.0384615384615
30637	0.0384615384615
32046	0.0384615384615
35963	0.0384615384615
36754	0.0384615384615
37612	0.0384615384615
37816	0.0384615384615
38115	0.0384615384615
39185	0.0384615384615
39187	0.0384615384615
39427	0.0384615384615
40546	0.0384615384615
41709	0.0384615384615
42518	0.0384615384615
42898	0.0384615384615
42987	0.0384615384615
43085	0.0384615384615
43856	0.0384615384615
44450	0.0384615384615
45901	0.0384615384615
50791	0.0384615384615
53270	0.0384615384615
59708	0.0384615384615
61029	0.0384615384615
1584	0.0377358490566
19698	0.0377358490566
692	0.037037037037
2559	0.037037037037
4385	0.037037037037
5939	0.037037037037
11919	0.037037037037
11997	0.037037037037
13131	0.037037037037
13147	0.037037037037
13865	0.037037037037
15776	0.037037037037
16461	0.037037037037
20391	0.037037037037
23113	0.037037037037
26300	0.037037037037
38310	0.037037037037
40967	0.037037037037
41675	0.037037037037
42266	0.037037037037
42634	0.037037037037
44985	0.037037037037
46808	0.037037037037
49020	0.037037037037
49433	0.037037037037
49586	0.037037037037
50774	0.037037037037
51544	0.037037037037
51650	0.037037037037
51837	0.037037037037
52650	0.037037037037
54634	0.037037037037
59580	0.037037037037
13092	0.0361445783133
2051	0.0357142857143
3423	0.0357142857143
3695	0.0357142857143
6203	0.0357142857143
7659	0.0357142857143
9194	0.0357142857143
9402	0.0357142857143
10843	0.0357142857143
14982	0.0357142857143
26147	0.0357142857143
32462	0.0357142857143
36055	0.0357142857143
40700	0.0357142857143
47811	0.0357142857143
49075	0.0357142857143
49771	0.0357142857143
50395	0.0357142857143
50932	0.0357142857143
51879	0.0357142857143
52214	0.0357142857143
52277	0.0357142857143
56883	0.0357142857143
59900	0.0357142857143
2092	0.0350877192982
53320	0.0350877192982
26274	0.0348837209302
42035	0.0348837209302
1354	0.0344827586207
3301	0.0344827586207
3953	0.0344827586207
4175	0.0344827586207
7757	0.0344827586207
8745	0.0344827586207
10058	0.0344827586207
11855	0.0344827586207
13197	0.0344827586207
14541	0.0344827586207
16716	0.0344827586207
16739	0.0344827586207
18620	0.0344827586207
20811	0.0344827586207
24455	0.0344827586207
24521	0.0344827586207
27587	0.0344827586207
28540	0.0344827586207
31030	0.0344827586207
33339	0.0344827586207
34075	0.0344827586207
41288	0.0344827586207
41798	0.0344827586207
43860	0.0344827586207
46121	0.0344827586207
46282	0.0344827586207
49205	0.0344827586207
50947	0.0344827586207
51100	0.0344827586207
51545	0.0344827586207
52486	0.0344827586207
53264	0.0344827586207
55945	0.0344827586207
60105	0.0344827586207
60327	0.0344827586207
1306	0.0333333333333
2453	0.0333333333333
5984	0.0333333333333
7302	0.0333333333333
10126	0.0333333333333
12088	0.0333333333333
14734	0.0333333333333
19527	0.0333333333333
23314	0.0333333333333
24681	0.0333333333333
24953	0.0333333333333
30650	0.0333333333333
31419	0.0333333333333
31874	0.0333333333333
32615	0.0333333333333
36021	0.0333333333333
36872	0.0333333333333
42132	0.0333333333333
44749	0.0333333333333
47866	0.0333333333333
48784	0.0333333333333
49832	0.0333333333333
52972	0.0333333333333
59888	0.0333333333333
60549	0.0333333333333
42075	0.0327868852459
1061	0.0322580645161
5573	0.0322580645161
5627	0.0322580645161
6172	0.0322580645161
9173	0.0322580645161
9688	0.0322580645161
10544	0.0322580645161
11777	0.0322580645161
12645	0.0322580645161
12769	0.0322580645161
13542	0.0322580645161
16856	0.0322580645161
21612	0.0322580645161
23472	0.0322580645161
25769	0.0322580645161
31416	0.0322580645161
37788	0.0322580645161
38086	0.0322580645161
38920	0.0322580645161
42222	0.0322580645161
42274	0.0322580645161
43162	0.0322580645161
47093	0.0322580645161
50089	0.0322580645161
52242	0.0322580645161
52904	0.0322580645161
53407	0.0322580645161
54233	0.0322580645161
58115	0.0322580645161
58301	0.0322580645161
39651	0.0315789473684
1476	0.03125
2131	0.03125
3038	0.03125
3159	0.03125
6468	0.03125
8227	0.03125
9757	0.03125
10346	0.03125
11221	0.03125
14667	0.03125
15461	0.03125
16247	0.03125
18238	0.03125
19551	0.03125
20007	0.03125
20990	0.03125
22728	0.03125
23120	0.03125
23169	0.03125
23827	0.03125
26908	0.03125
29367	0.03125
32596	0.03125
32737	0.03125
33016	0.03125
34139	0.03125
41113	0.03125
41520	0.03125
41770	0.03125
42997	0.03125
48193	0.03125
50741	0.03125
50975	0.03125
51148	0.03125
51245	0.03125
51510	0.03125
51994	0.03125
52023	0.03125
52411	0.03125
60323	0.03125
60424	0.03125
14695	0.0307692307692
40503	0.0307692307692
50146	0.0307692307692
51805	0.0307692307692
616	0.030534351145
1727	0.030303030303
2053	0.030303030303
2573	0.030303030303
5273	0.030303030303
6205	0.030303030303
10377	0.030303030303
12733	0.030303030303
14406	0.030303030303
21753	0.030303030303
22660	0.030303030303
30919	0.030303030303
35569	0.030303030303
36785	0.030303030303
40188	0.030303030303
40504	0.030303030303
42874	0.030303030303
48145	0.030303030303
53173	0.030303030303
60051	0.030303030303
60513	0.030303030303
61074	0.030303030303
2137	0.0298507462687
17699	0.0298507462687
3938	0.0294117647059
5313	0.0294117647059
6201	0.0294117647059
8736	0.0294117647059
12646	0.0294117647059
16051	0.0294117647059
17110	0.0294117647059
18196	0.0294117647059
18240	0.0294117647059
19460	0.0294117647059
21310	0.0294117647059
22458	0.0294117647059
30757	0.0294117647059
33187	0.0294117647059
34077	0.0294117647059
37608	0.0294117647059
38724	0.0294117647059
41731	0.0294117647059
42659	0.0294117647059
43121	0.0294117647059
44841	0.0294117647059
51279	0.0294117647059
55367	0.0294117647059
59728	0.0294117647059
59741	0.0294117647059
60042	0.0294117647059
61046	0.0294117647059
1555	0.0289855072464
41616	0.0289855072464
41762	0.0289855072464
42626	0.0289855072464
23514	0.0288461538462
1983	0.0285714285714
3275	0.0285714285714
4442	0.0285714285714
4594	0.0285714285714
4598	0.0285714285714
10894	0.0285714285714
13099	0.0285714285714
20268	0.0285714285714
22891	0.0285714285714
22909	0.0285714285714
24221	0.0285714285714
34623	0.0285714285714
35783	0.0285714285714
40832	0.0285714285714
40886	0.0285714285714
41703	0.0285714285714
49323	0.0285714285714
51498	0.0285714285714
51924	0.0285714285714
52335	0.0285714285714
58877	0.0285714285714
60185	0.0285714285714
23643	0.0283018867925
21982	0.0281690140845
22554	0.0281690140845
29401	0.0281690140845
42618	0.0281690140845
51419	0.0281690140845
984	0.0277777777778
4656	0.0277777777778
8492	0.0277777777778
10389	0.0277777777778
11814	0.0277777777778
12838	0.0277777777778
16934	0.0277777777778
17714	0.0277777777778
18772	0.0277777777778
19903	0.0277777777778
26661	0.0277777777778
29378	0.0277777777778
32870	0.0277777777778
37938	0.0277777777778
42163	0.0277777777778
42204	0.0277777777778
42432	0.0277777777778
43037	0.0277777777778
53070	0.0277777777778
59520	0.0277777777778
59670	0.0277777777778
60996	0.0277777777778
17389	0.0275229357798
6036	0.027397260274
10633	0.027397260274
735	0.027027027027
5823	0.027027027027
9212	0.027027027027
11180	0.027027027027
11651	0.027027027027
11788	0.027027027027
14584	0.027027027027
15870	0.027027027027
19879	0.027027027027
22128	0.027027027027
28714	0.027027027027
29061	0.027027027027
29245	0.027027027027
30451	0.027027027027
31164	0.027027027027
34140	0.027027027027
34976	0.027027027027
37592	0.027027027027
37764	0.027027027027
38024	0.027027027027
39991	0.027027027027
42614	0.027027027027
46611	0.027027027027
51772	0.027027027027
52522	0.027027027027
52737	0.027027027027
59962	0.027027027027
60147	0.027027027027
35148	0.0266666666667
5408	0.0263157894737
8228	0.0263157894737
8635	0.0263157894737
18832	0.0263157894737
18926	0.0263157894737
19843	0.0263157894737
32386	0.0263157894737
33661	0.0263157894737
34738	0.0263157894737
36440	0.0263157894737
38970	0.0263157894737
41901	0.0263157894737
42498	0.0263157894737
42952	0.0263157894737
42992	0.0263157894737
43421	0.0263157894737
43504	0.0263157894737
49848	0.0263157894737
51161	0.0263157894737
51244	0.0263157894737
51508	0.0263157894737
51695	0.0263157894737
51945	0.0263157894737
53053	0.0263157894737
56073	0.0263157894737
59543	0.0263157894737
60137	0.0263157894737
13071	0.0260869565217
23275	0.025974025974
42103	0.025974025974
806	0.025641025641
1885	0.025641025641
5159	0.025641025641
7619	0.025641025641
12272	0.025641025641
13399	0.025641025641
17992	0.025641025641
21232	0.025641025641
22645	0.025641025641
30599	0.025641025641
38013	0.025641025641
42098	0.025641025641
42690	0.025641025641
42702	0.025641025641
42927	0.025641025641
43321	0.025641025641
49965	0.025641025641
51080	0.025641025641
51129	0.025641025641
51575	0.025641025641
51936	0.025641025641
51941	0.025641025641
52475	0.025641025641
52643	0.025641025641
53235	0.025641025641
59642	0.025641025641
59646	0.025641025641
59928	0.025641025641
51105	0.0253164556962
52476	0.0253164556962
51117	0.0251572327044
2826	0.025
5793	0.025
8909	0.025
15818	0.025
18642	0.025
19544	0.025
19659	0.025
22332	0.025
25701	0.025
26947	0.025
42840	0.025
42904	0.025
43387	0.025
44424	0.025
49415	0.025
50816	0.025
10439	0.0246913580247
5804	0.0245901639344
850	0.0243902439024
4309	0.0243902439024
14132	0.0243902439024
15025	0.0243902439024
20881	0.0243902439024
21142	0.0243902439024
29095	0.0243902439024
29122	0.0243902439024
31028	0.0243902439024
34647	0.0243902439024
34768	0.0243902439024
35437	0.0243902439024
40243	0.0243902439024
41133	0.0243902439024
41335	0.0243902439024
41459	0.0243902439024
41611	0.0243902439024
42667	0.0243902439024
48769	0.0243902439024
49678	0.0243902439024
51908	0.0243902439024
59864	0.0243902439024
60164	0.0243902439024
8894	0.0240963855422
41380	0.0240963855422
52231	0.0240963855422
4006	0.0238095238095
5180	0.0238095238095
5526	0.0238095238095
8742	0.0238095238095
12797	0.0238095238095
29177	0.0238095238095
33902	0.0238095238095
36107	0.0238095238095
36188	0.0238095238095
36982	0.0238095238095
38516	0.0238095238095
39853	0.0238095238095
41193	0.0238095238095
41539	0.0238095238095
42478	0.0238095238095
44190	0.0238095238095
44310	0.0238095238095
47043	0.0238095238095
51305	0.0238095238095
54960	0.0238095238095
59857	0.0238095238095
59506	0.0236686390533
52693	0.0235294117647
25332	0.0233918128655
1887	0.0232558139535
2291	0.0232558139535
3496	0.0232558139535
3516	0.0232558139535
7346	0.0232558139535
8142	0.0232558139535
12401	0.0232558139535
12964	0.0232558139535
18596	0.0232558139535
19290	0.0232558139535
23557	0.0232558139535
28334	0.0232558139535
29913	0.0232558139535
34072	0.0232558139535
36221	0.0232558139535
38665	0.0232558139535
41535	0.0232558139535
42065	0.0232558139535
42822	0.0232558139535
42977	0.0232558139535
46084	0.0232558139535
50967	0.0232558139535
51501	0.0232558139535
51536	0.0232558139535
52800	0.0232558139535
52809	0.0232558139535
59137	0.0232558139535
60108	0.0232558139535
60274	0.0232558139535
34920	0.0230769230769
8197	0.0229885057471
17948	0.0229885057471
1049	0.0227272727273
1071	0.0227272727273
1087	0.0227272727273
1558	0.0227272727273
1818	0.0227272727273
6095	0.0227272727273
12325	0.0227272727273
13534	0.0227272727273
14669	0.0227272727273
15125	0.0227272727273
15648	0.0227272727273
16806	0.0227272727273
21664	0.0227272727273
24472	0.0227272727273
25156	0.0227272727273
26313	0.0227272727273
31408	0.0227272727273
33994	0.0227272727273
35067	0.0227272727273
40620	0.0227272727273
42210	0.0227272727273
44309	0.0227272727273
50354	0.0227272727273
51186	0.0227272727273
51290	0.0227272727273
53380	0.0227272727273
59521	0.0227272727273
61218	0.0227272727273
10112	0.0223880597015
28559	0.0223880597015
2293	0.0222222222222
8663	0.0222222222222
9273	0.0222222222222
12106	0.0222222222222
12717	0.0222222222222
16458	0.0222222222222
17556	0.0222222222222
18846	0.0222222222222
31006	0.0222222222222
34360	0.0222222222222
35160	0.0222222222222
36382	0.0222222222222
42152	0.0222222222222
42995	0.0222222222222
43815	0.0222222222222
43884	0.0222222222222
51439	0.0222222222222
52059	0.0222222222222
53276	0.0222222222222
59537	0.0222222222222
60020	0.0222222222222
61147	0.0222222222222
41024	0.021978021978
2899	0.0217391304348
11063	0.0217391304348
18956	0.0217391304348
25295	0.0217391304348
27968	0.0217391304348
29452	0.0217391304348
29933	0.0217391304348
30058	0.0217391304348
38727	0.0217391304348
39189	0.0217391304348
40401	0.0217391304348
41185	0.0217391304348
42188	0.0217391304348
42300	0.0217391304348
45371	0.0217391304348
50930	0.0217391304348
51058	0.0217391304348
51219	0.0217391304348
60338	0.0217391304348
4582	0.0215827338129
51274	0.0215827338129
1788	0.0215053763441
28793	0.0215053763441
12830	0.0214285714286
2759	0.0212765957447
3542	0.0212765957447
5225	0.0212765957447
6599	0.0212765957447
9254	0.0212765957447
9331	0.0212765957447
11154	0.0212765957447
12609	0.0212765957447
21284	0.0212765957447
31374	0.0212765957447
35167	0.0212765957447
43371	0.0212765957447
47041	0.0212765957447
52377	0.0212765957447
52644	0.0212765957447
60281	0.0212765957447
6928	0.0211267605634
22731	0.0210526315789
18997	0.020979020979
523	0.0208333333333
2933	0.0208333333333
9801	0.0208333333333
12971	0.0208333333333
13073	0.0208333333333
18190	0.0208333333333
19099	0.0208333333333
25893	0.0208333333333
26526	0.0208333333333
29063	0.0208333333333
32415	0.0208333333333
33523	0.0208333333333
41735	0.0208333333333
42022	0.0208333333333
42306	0.0208333333333
44923	0.0208333333333
52624	0.0208333333333
52734	0.0208333333333
59514	0.0208333333333
60432	0.0208333333333
10266	0.020725388601
1638	0.020618556701
10013	0.020618556701
6105	0.0204081632653
11904	0.0204081632653
16929	0.0204081632653
25799	0.0204081632653
29392	0.0204081632653
31907	0.0204081632653
31954	0.0204081632653
36674	0.0204081632653
40594	0.0204081632653
41196	0.0204081632653
41201	0.0204081632653
42008	0.0204081632653
42516	0.0204081632653
42886	0.0204081632653
47456	0.0204081632653
51247	0.0204081632653
52232	0.0204081632653
52291	0.0204081632653
60999	0.0204081632653
36897	0.0202702702703
50845	0.0202429149798
10973	0.020202020202
41269	0.020202020202
885	0.02
1215	0.02
4761	0.02
6792	0.02
8621	0.02
9149	0.02
19096	0.02
26809	0.02
40096	0.02
41083	0.02
41550	0.02
48295	0.02
51262	0.02
51933	0.02
55746	0.02
632	0.0198675496689
41038	0.0198675496689
21583	0.019801980198
51209	0.019801980198
1171	0.0196078431373
5563	0.0196078431373
11135	0.0196078431373
14335	0.0196078431373
15206	0.0196078431373
19877	0.0196078431373
20261	0.0196078431373
23050	0.0196078431373
26713	0.0196078431373
36548	0.0196078431373
38983	0.0196078431373
39582	0.0196078431373
42315	0.0196078431373
43103	0.0196078431373
43637	0.0196078431373
44375	0.0196078431373
47861	0.0196078431373
50348	0.0196078431373
50482	0.0196078431373
59659	0.0196078431373
61040	0.0196078431373
51605	0.0194805194805
52283	0.0194174757282
51071	0.0193548387097
1345	0.0192307692308
2243	0.0192307692308
2600	0.0192307692308
4765	0.0192307692308
7325	0.0192307692308
8399	0.0192307692308
9207	0.0192307692308
11429	0.0192307692308
12484	0.0192307692308
13771	0.0192307692308
13927	0.0192307692308
13947	0.0192307692308
14593	0.0192307692308
18530	0.0192307692308
18755	0.0192307692308
22170	0.0192307692308
25827	0.0192307692308
25885	0.0192307692308
25974	0.0192307692308
27519	0.0192307692308
27646	0.0192307692308
37302	0.0192307692308
41230	0.0192307692308
41970	0.0192307692308
43517	0.0192307692308
51563	0.0192307692308
52357	0.0192307692308
52523	0.0192307692308
52541	0.0192307692308
59562	0.0192307692308
59788	0.0192307692308
4943	0.0190476190476
42145	0.0189873417722
1094	0.0188679245283
7251	0.0188679245283
7715	0.0188679245283
9670	0.0188679245283
10428	0.0188679245283
10958	0.0188679245283
12928	0.0188679245283
13128	0.0188679245283
15192	0.0188679245283
15447	0.0188679245283
18992	0.0188679245283
20641	0.0188679245283
26843	0.0188679245283
33927	0.0188679245283
38723	0.0188679245283
39550	0.0188679245283
41135	0.0188679245283
45776	0.0188679245283
50912	0.0188679245283
51749	0.0188679245283
52465	0.0188679245283
52511	0.0188679245283
59548	0.0188679245283
60456	0.0188679245283
45587	0.018691588785
2656	0.0185185185185
10844	0.0185185185185
11159	0.0185185185185
14859	0.0185185185185
16774	0.0185185185185
17692	0.0185185185185
19802	0.0185185185185
22569	0.0185185185185
34311	0.0185185185185
35972	0.0185185185185
41166	0.0185185185185
42568	0.0185185185185
43066	0.0185185185185
51468	0.0185185185185
11397	0.0183486238532
51680	0.0182926829268
1801	0.0181818181818
4425	0.0181818181818
8873	0.0181818181818
9421	0.0181818181818
10468	0.0181818181818
14652	0.0181818181818
15211	0.0181818181818
23190	0.0181818181818
26773	0.0181818181818
32006	0.0181818181818
38051	0.0181818181818
40869	0.0181818181818
41311	0.0181818181818
42350	0.0181818181818
42854	0.0181818181818
45163	0.0181818181818
47225	0.0181818181818
50870	0.0181818181818
13742	0.0180995475113
18403	0.018018018018
5165	0.0178571428571
9447	0.0178571428571
11946	0.0178571428571
13627	0.0178571428571
18679	0.0178571428571
20669	0.0178571428571
30869	0.0178571428571
31516	0.0178571428571
32020	0.0178571428571
35203	0.0178571428571
41599	0.0178571428571
42167	0.0178571428571
52762	0.0178571428571
53093	0.0178571428571
4611	0.0176991150442
36105	0.0176991150442
41364	0.0176056338028
2722	0.0175438596491
7281	0.0175438596491
10022	0.0175438596491
10443	0.0175438596491
23046	0.0175438596491
27649	0.0175438596491
29317	0.0175438596491
29379	0.0175438596491
31902	0.0175438596491
37695	0.0175438596491
39438	0.0175438596491
40211	0.0175438596491
41002	0.0175438596491
41479	0.0175438596491
42349	0.0175438596491
45636	0.0175438596491
49329	0.0175438596491
49431	0.0175438596491
50252	0.0175438596491
12343	0.0173913043478
52382	0.0173913043478
550	0.0172413793103
1103	0.0172413793103
1175	0.0172413793103
5330	0.0172413793103
15687	0.0172413793103
16944	0.0172413793103
20098	0.0172413793103
26741	0.0172413793103
32406	0.0172413793103
32493	0.0172413793103
35860	0.0172413793103
39341	0.0172413793103
42450	0.0172413793103
51020	0.0172413793103
51064	0.0172413793103
52058	0.0172413793103
52367	0.0172413793103
52423	0.0172413793103
21719	0.017094017094
27225	0.017094017094
1942	0.0169491525424
3002	0.0169491525424
6235	0.0169491525424
7913	0.0169491525424
10928	0.0169491525424
11661	0.0169491525424
12889	0.0169491525424
22939	0.0169491525424
24380	0.0169491525424
26596	0.0169491525424
30778	0.0169491525424
32213	0.0169491525424
34192	0.0169491525424
41471	0.0169491525424
41553	0.0169491525424
41556	0.0169491525424
41768	0.0169491525424
44588	0.0169491525424
47630	0.0169491525424
51891	0.0169491525424
52238	0.0169491525424
53348	0.0169491525424
23001	0.0168539325843
43088	0.0168067226891
890	0.0166666666667
3559	0.0166666666667
6136	0.0166666666667
13622	0.0166666666667
14439	0.0166666666667
15986	0.0166666666667
25559	0.0166666666667
32041	0.0166666666667
41245	0.0166666666667
41811	0.0166666666667
42319	0.0166666666667
51057	0.0166666666667
52235	0.0166666666667
52359	0.0166666666667
53174	0.0166666666667
20205	0.0165289256198
34724	0.0165289256198
269	0.016393442623
3107	0.016393442623
4438	0.016393442623
10961	0.016393442623
14646	0.016393442623
22896	0.016393442623
24970	0.016393442623
25475	0.016393442623
28439	0.016393442623
33782	0.016393442623
35747	0.016393442623
36494	0.016393442623
41568	0.016393442623
50527	0.016393442623
52297	0.016393442623
55194	0.016393442623
51549	0.0162601626016
61083	0.0162601626016
8724	0.0162162162162
1257	0.0161290322581
2310	0.0161290322581
10789	0.0161290322581
14663	0.0161290322581
14714	0.0161290322581
17583	0.0161290322581
33155	0.0161290322581
36976	0.0161290322581
40921	0.0161290322581
41528	0.0161290322581
52879	0.0161290322581
1168	0.015873015873
1936	0.015873015873
5267	0.015873015873
5395	0.015873015873
11353	0.015873015873
14686	0.015873015873
16593	0.015873015873
20738	0.015873015873
23395	0.015873015873
24862	0.015873015873
29515	0.015873015873
37989	0.015873015873
38564	0.015873015873
41164	0.015873015873
44152	0.015873015873
52336	0.015873015873
52934	0.015873015873
30812	0.0157894736842
1324	0.0157480314961
41284	0.0157480314961
41610	0.0157068062827
51212	0.0157068062827
982	0.015625
2865	0.015625
4630	0.015625
7942	0.015625
22247	0.015625
28450	0.015625
29786	0.015625
33830	0.015625
35708	0.015625
36934	0.015625
39657	0.015625
40848	0.015625
41469	0.015625
43034	0.015625
50973	0.015625
51965	0.015625
52843	0.015625
52864	0.015625
60001	0.015625
4675	0.0155440414508
40984	0.015503875969
1364	0.015479876161
49	0.0153846153846
63	0.0153846153846
4490	0.0153846153846
6517	0.0153846153846
12311	0.0153846153846
13098	0.0153846153846
15589	0.0153846153846
17601	0.0153846153846
23231	0.0153846153846
24046	0.0153846153846
27648	0.0153846153846
30922	0.0153846153846
32725	0.0153846153846
39847	0.0153846153846
41286	0.0153846153846
42360	0.0153846153846
42713	0.0153846153846
48926	0.0153846153846
52542	0.0153846153846
52567	0.0153846153846
59527	0.0153846153846
59734	0.0153846153846
27207	0.0152671755725
3250	0.0152284263959
817	0.0151515151515
5611	0.0151515151515
9669	0.0151515151515
14710	0.0151515151515
24740	0.0151515151515
27522	0.0151515151515
30983	0.0151515151515
32226	0.0151515151515
34823	0.0151515151515
34932	0.0151515151515
39771	0.0151515151515
42308	0.0151515151515
51844	0.0151515151515
52265	0.0151515151515
2264	0.015037593985
881	0.0149253731343
2093	0.0149253731343
3328	0.0149253731343
6221	0.0149253731343
16510	0.0149253731343
16963	0.0149253731343
25466	0.0149253731343
26724	0.0149253731343
29928	0.0149253731343
34532	0.0149253731343
36390	0.0149253731343
41251	0.0149253731343
41870	0.0149253731343
43744	0.0149253731343
43924	0.0149253731343
51133	0.0149253731343
60482	0.0149253731343
29360	0.0148514851485
38708	0.0148148148148
761	0.0147058823529
1269	0.0147058823529
4668	0.0147058823529
5538	0.0147058823529
5618	0.0147058823529
5658	0.0147058823529
12731	0.0147058823529
20165	0.0147058823529
25002	0.0147058823529
29554	0.0147058823529
40356	0.0147058823529
40541	0.0147058823529
41908	0.0147058823529
42097	0.0147058823529
42396	0.0147058823529
49313	0.0147058823529
52057	0.0147058823529
48572	0.0146198830409
13076	0.014598540146
28810	0.0145772594752
27489	0.0145719489982
1636	0.0144927536232
8372	0.0144927536232
11511	0.0144927536232
19292	0.0144927536232
29365	0.0144927536232
30751	0.0144927536232
37953	0.0144927536232
41542	0.0144927536232
46148	0.0144927536232
51875	0.0144927536232
52132	0.0144927536232
53134	0.0144927536232
27087	0.0143884892086
103	0.0142857142857
16340	0.0142857142857
41117	0.0142857142857
41334	0.0142857142857
42377	0.0142857142857
45793	0.0142857142857
50885	0.0141509433962
5535	0.0140845070423
6222	0.0140845070423
11060	0.0140845070423
11798	0.0140845070423
16281	0.0140845070423
32803	0.0140845070423
34672	0.0140845070423
37379	0.0140845070423
40689	0.0140845070423
41161	0.0140845070423
41351	0.0140845070423
51692	0.0140845070423
52450	0.0140845070423
29399	0.0139534883721
20418	0.0138888888889
28579	0.0138888888889
30635	0.0138888888889
38995	0.0138888888889
40212	0.0138888888889
41405	0.0138888888889
51571	0.0138888888889
4704	0.0137931034483
11165	0.0137614678899
287	0.013698630137
4347	0.013698630137
4787	0.013698630137
16819	0.013698630137
19597	0.013698630137
25453	0.013698630137
39320	0.013698630137
45610	0.013698630137
51415	0.013698630137
50879	0.0135593220339
2028	0.0135135135135
2490	0.0135135135135
21425	0.0135135135135
25806	0.0135135135135
29444	0.0135135135135
38375	0.0135135135135
38795	0.0135135135135
39194	0.0135135135135
41022	0.0135135135135
41633	0.0135135135135
41848	0.0135135135135
50240	0.0135135135135
51037	0.0135135135135
52121	0.0135135135135
60215	0.0135135135135
11230	0.0134529147982
3957	0.0133333333333
4104	0.0133333333333
20345	0.0133333333333
41325	0.0133333333333
52962	0.0133333333333
3436	0.0132450331126
38671	0.0132450331126
51246	0.0132450331126
2787	0.0132158590308
3178	0.0131578947368
11168	0.0131578947368
17928	0.0131578947368
26777	0.0131578947368
32770	0.0131578947368
34128	0.0131578947368
34950	0.0131578947368
36411	0.0131578947368
38713	0.0131578947368
44485	0.0131578947368
52890	0.0131578947368
42424	0.0131147540984
50875	0.0131004366812
41331	0.0130718954248
18	0.012987012987
7295	0.012987012987
13971	0.012987012987
16379	0.012987012987
21307	0.012987012987
22830	0.012987012987
23944	0.012987012987
41210	0.012987012987
41430	0.012987012987
50177	0.012987012987
50391	0.012987012987
51821	0.012987012987
52857	0.012987012987
40977	0.0128755364807
6271	0.0128205128205
7462	0.0128205128205
10601	0.0128205128205
19572	0.0128205128205
19775	0.0128205128205
23760	0.0128205128205
27031	0.0128205128205
27594	0.0128205128205
32753	0.0128205128205
35940	0.0128205128205
41818	0.0128205128205
51336	0.0128205128205
51820	0.0128205128205
52170	0.0128205128205
52255	0.0128205128205
52863	0.0128205128205
11169	0.0127659574468
14360	0.0127659574468
4337	0.0127388535032
41067	0.0127388535032
186	0.0126582278481
618	0.0126582278481
1386	0.0126582278481
2644	0.0126582278481
4147	0.0126582278481
7526	0.0126582278481
12280	0.0126582278481
18295	0.0126582278481
19521	0.0126582278481
25987	0.0126582278481
34522	0.0126582278481
42056	0.0126582278481
42295	0.0126582278481
42389	0.0126582278481
42556	0.0126582278481
50079	0.0126582278481
50994	0.0126582278481
51353	0.0126582278481
52549	0.0126582278481
3156	0.0125786163522
13063	0.0125786163522
40893	0.0125786163522
40986	0.0125786163522
35237	0.012539184953
322	0.0125
5124	0.0125
16302	0.0125
16357	0.0125
17442	0.0125
18769	0.0125
20481	0.0125
22864	0.0125
25442	0.0125
30195	0.0125
32935	0.0125
37208	0.0125
40979	0.0125
44993	0.0125
49398	0.0125
52853	0.0125
59607	0.0125
900	0.0124223602484
42335	0.0124223602484
4318	0.0123456790123
4327	0.0123456790123
5528	0.0123456790123
16920	0.0123456790123
27731	0.0123456790123
30069	0.0123456790123
41754	0.0123456790123
44335	0.0123456790123
48899	0.0123456790123
12511	0.0122699386503
27906	0.0122699386503
34676	0.0122699386503
5279	0.0121951219512
6920	0.0121951219512
13212	0.0121951219512
16919	0.0121951219512
19688	0.0121951219512
20335	0.0121951219512
23825	0.0121951219512
28545	0.0121951219512
32822	0.0121951219512
41224	0.0121951219512
51154	0.0121951219512
37114	0.0121212121212
1135	0.0121028744327
9138	0.0120967741935
41054	0.0120967741935
41074	0.0120898100173
1487	0.0120481927711
3486	0.0120481927711
16912	0.0120481927711
26659	0.0120481927711
28042	0.0120481927711
33124	0.0120481927711
33405	0.0120481927711
41571	0.0120481927711
42029	0.0120481927711
53282	0.0120481927711
50327	0.012
38663	0.0119760479042
59661	0.0119760479042
7509	0.0119047619048
20080	0.0119047619048
34621	0.0119047619048
36409	0.0119047619048
41313	0.0119047619048
41689	0.0119047619048
49465	0.0119047619048
51307	0.0119047619048
2825	0.0118343195266
44117	0.011811023622
137	0.0117647058824
767	0.0117647058824
4753	0.0117647058824
13064	0.0117647058824
17095	0.0117647058824
22873	0.0117647058824
41096	0.0117647058824
41175	0.0117647058824
50494	0.0117647058824
51937	0.0117647058824
51029	0.0116959064327
40970	0.011673151751
2321	0.0116279069767
2424	0.0116279069767
6339	0.0116279069767
7344	0.0116279069767
19465	0.0116279069767
21662	0.0116279069767
24698	0.0116279069767
25273	0.0116279069767
25384	0.0116279069767
28799	0.0116279069767
29582	0.0116279069767
30515	0.0116279069767
36736	0.0116279069767
39024	0.0116279069767
41139	0.0116279069767
41348	0.0116279069767
50291	0.0116279069767
51940	0.0116279069767
59617	0.0116279069767
3946	0.0115606936416
9647	0.0115606936416
22401	0.0115606936416
1365	0.0114942528736
11223	0.0114942528736
16770	0.0114942528736
21298	0.0114942528736
24320	0.0114942528736
50949	0.0114942528736
52072	0.0114942528736
15207	0.0114068441065
1553	0.0113636363636
29366	0.0113636363636
35275	0.0113636363636
37792	0.0113636363636
51364	0.0113636363636
51418	0.0113636363636
59507	0.0113636363636
7175	0.0113268608414
7751	0.0112994350282
955	0.0112359550562
10736	0.0112359550562
26085	0.0112359550562
31313	0.0112359550562
31850	0.0112359550562
41272	0.0112359550562
41581	0.0112359550562
42811	0.0112359550562
32188	0.0112
23285	0.0111731843575
49336	0.0111731843575
50897	0.0111731843575
1146	0.0111111111111
4149	0.0111111111111
6194	0.0111111111111
16448	0.0111111111111
24717	0.0111111111111
37806	0.0111111111111
41142	0.0111111111111
48475	0.0111111111111
50642	0.0111111111111
51229	0.0111111111111
52079	0.0111111111111
52733	0.0111111111111
44184	0.0110701107011
742	0.0110497237569
8466	0.0110497237569
2720	0.010989010989
4580	0.010989010989
4867	0.010989010989
5656	0.010989010989
29067	0.010989010989
2313	0.0109489051095
41326	0.0109489051095
11776	0.0109289617486
9251	0.0108991825613
8468	0.0108695652174
38676	0.0108695652174
39602	0.0108695652174
41249	0.0108695652174
42414	0.0108695652174
51197	0.0108695652174
53234	0.0108695652174
5116	0.0108108108108
23248	0.0108108108108
30471	0.010781671159
123	0.010752688172
5702	0.010752688172
40887	0.010752688172
51967	0.010752688172
52197	0.010752688172
37775	0.0107142857143
1231	0.0106951871658
37238	0.0106951871658
2288	0.0106382978723
17686	0.0106382978723
32130	0.0106382978723
42344	0.0106382978723
43150	0.0106382978723
43834	0.0106382978723
51250	0.0106382978723
35703	0.0106157112527
18307	0.0106007067138
41065	0.0106007067138
7460	0.010582010582
7505	0.010582010582
1931	0.0105633802817
1950	0.0105263157895
3385	0.0105263157895
3947	0.0105263157895
7390	0.0105263157895
29243	0.0105263157895
35968	0.0105263157895
41061	0.0105263157895
41608	0.0105263157895
48252	0.0105263157895
51792	0.0105263157895
51795	0.0105263157895
36967	0.0104712041885
48489	0.0104712041885
50913	0.0104712041885
29218	0.0104438642298
7739	0.0104166666667
11553	0.0104166666667
13385	0.0104166666667
17723	0.0104166666667
34191	0.0104166666667
41833	0.0104166666667
42810	0.0104166666667
5460	0.0103806228374
1256	0.0103092783505
18214	0.0103092783505
30938	0.0103092783505
30982	0.0103092783505
41490	0.0103092783505
41694	0.0103092783505
46620	0.0103092783505
49335	0.0103092783505
52576	0.0103092783505
51112	0.0102564102564
160	0.0102040816327
8519	0.0102040816327
31298	0.0102040816327
34649	0.0102040816327
37162	0.0102040816327
49985	0.0102040816327
40969	0.0101351351351
3690	0.010101010101
7124	0.010101010101
14656	0.010101010101
32058	0.010101010101
41385	0.010101010101
45076	0.010101010101
42912	0.0100334448161
256	0.01
766	0.01
8767	0.01
12719	0.01
22572	0.01
27019	0.01
33544	0.01
34104	0.01
41481	0.01
51234	0.01
17066	0.00995024875622
38787	0.00995024875622
4391	0.00990099009901
15188	0.00990099009901
17922	0.00990099009901
20752	0.00990099009901
30874	0.00990099009901
33656	0.00990099009901
37588	0.00990099009901
39286	0.00990099009901
41070	0.00990099009901
41653	0.00990099009901
44433	0.00990099009901
29145	0.00986842105263
8159	0.00985221674877
21337	0.00985221674877
32738	0.00980392156863
38338	0.00980392156863
49136	0.00980392156863
50873	0.00980392156863
51505	0.00980392156863
51892	0.00980392156863
52089	0.00980392156863
26863	0.00975609756098
34637	0.00974025974026
27033	0.00970873786408
38585	0.00970873786408
41913	0.00970873786408
51346	0.00970873786408
51869	0.00970873786408
1239	0.00967741935484
5512	0.00967741935484
26195	0.00966183574879
35958	0.0096463022508
6360	0.00961538461538
27471	0.00961538461538
31891	0.00961538461538
32711	0.00961538461538
33751	0.00961538461538
44819	0.00961538461538
29854	0.00958904109589
59604	0.00956937799043
6601	0.00952380952381
9288	0.00952380952381
42363	0.00952380952381
51901	0.00952380952381
11782	0.00947867298578
3515	0.00943396226415
5350	0.00943396226415
15009	0.00943396226415
23054	0.00943396226415
25165	0.00943396226415
27580	0.00943396226415
42328	0.00943396226415
51337	0.00943396226415
4173	0.00941176470588
4695	0.0093896713615
3575	0.00934579439252
15052	0.00934579439252
20010	0.00934579439252
20785	0.00934579439252
20802	0.00934579439252
42463	0.00934579439252
7303	0.0093023255814
25586	0.0092807424594
1975	0.00925925925926
3664	0.00925925925926
5712	0.00925925925926
23388	0.00925925925926
24088	0.00925925925926
28805	0.00925925925926
40819	0.00925925925926
41972	0.00925925925926
42555	0.00925925925926
17715	0.00923076923077
41243	0.00923076923077
34999	0.00921658986175
41521	0.00921658986175
563	0.00917431192661
1132	0.00917431192661
2544	0.00917431192661
2681	0.00917431192661
4929	0.00917431192661
9636	0.00917431192661
32784	0.00917431192661
43824	0.00917431192661
47448	0.00917431192661
47553	0.00917431192661
53039	0.00917431192661
55841	0.00917431192661
59508	0.00917431192661
12467	0.00914634146341
41370	0.00913242009132
4156	0.00909090909091
11748	0.00909090909091
11774	0.00909090909091
21694	0.00909090909091
25432	0.00909090909091
33785	0.00909090909091
41037	0.00909090909091
41137	0.00909090909091
43219	0.00909090909091
50938	0.00909090909091
51573	0.00909090909091
33621	0.00906344410876
14369	0.00904977375566
51341	0.00904977375566
18002	0.00900900900901
19695	0.00900900900901
22195	0.00900900900901
22231	0.00900900900901
33572	0.00900900900901
25431	0.00896860986547
3077	0.00892857142857
26162	0.00892857142857
28711	0.00892857142857
37190	0.00892857142857
42320	0.00892857142857
43749	0.00892857142857
53069	0.00888888888889
28832	0.00886917960089
13095	0.00884955752212
17764	0.00884955752212
29596	0.00884955752212
41084	0.00884955752212
51152	0.00884955752212
52521	0.00884955752212
34224	0.00883977900552
2840	0.00883392226148
2007	0.00879120879121
3317	0.00877192982456
9722	0.00877192982456
22031	0.00877192982456
29845	0.00874635568513
13933	0.00873362445415
25413	0.00873362445415
42374	0.00873362445415
41031	0.00870646766169
397	0.00869565217391
8839	0.00869565217391
14730	0.00869565217391
17188	0.00869565217391
22813	0.00869565217391
39039	0.00869565217391
57862	0.00869565217391
4523	0.00865800865801
2848	0.00862068965517
10369	0.00862068965517
16846	0.00862068965517
26828	0.00862068965517
31306	0.00862068965517
41236	0.00862068965517
50936	0.00862068965517
52428	0.00862068965517
12756	0.00858369098712
35400	0.00858369098712
34147	0.00857142857143
68	0.00854700854701
3986	0.00854700854701
5603	0.00854700854701
41943	0.00854700854701
50863	0.00854700854701
53200	0.00854700854701
40318	0.00851063829787
12423	0.00847457627119
18759	0.00847457627119
19126	0.00847457627119
38493	0.00847457627119
41023	0.00847457627119
41303	0.00847457627119
41322	0.00847457627119
41058	0.00845665961945
50105	0.00845665961945
41034	0.00845070422535
11655	0.00844594594595
11871	0.00840336134454
26868	0.00840336134454
39404	0.00840336134454
41003	0.00840336134454
47430	0.00840336134454
50330	0.00840336134454
51345	0.00840336134454
18960	0.00838323353293
29055	0.00836820083682
50957	0.008356545961
8729	0.00833333333333
18973	0.00833333333333
20111	0.00833333333333
33971	0.00833333333333
35951	0.00833333333333
41048	0.00833333333333
41179	0.00833333333333
41894	0.00833333333333
42973	0.00833333333333
49408	0.00833333333333
59890	0.00833333333333
25324	0.00831024930748
37111	0.00830564784053
6372	0.00829875518672
24126	0.00829875518672
9252	0.00826446280992
23782	0.00826446280992
41127	0.00826446280992
44776	0.00826446280992
1144	0.0082304526749
4937	0.0082304526749
27927	0.0082304526749
52471	0.0082304526749
216	0.00819672131148
3316	0.00819672131148
4604	0.00819672131148
11383	0.00819672131148
41111	0.00819672131148
60005	0.00819672131148
41132	0.00817438692098
37104	0.00816326530612
14253	0.00815660685155
5622	0.00815217391304
10397	0.00813008130081
22895	0.00813008130081
25416	0.00813008130081
45093	0.00813008130081
47675	0.00813008130081
51632	0.00813008130081
3059	0.00811907983762
1328	0.00806451612903
3544	0.00806451612903
6904	0.00806451612903
20506	0.00804289544236
9188	0.00803212851406
27404	0.00803212851406
30849	0.00803212851406
6218	0.008
6394	0.008
17952	0.008
21915	0.008
51232	0.008
17711	0.00798403193613
39383	0.00796812749004
888	0.00793650793651
2927	0.00793650793651
5354	0.00793650793651
22919	0.00793650793651
25930	0.00793650793651
30923	0.00793650793651
37184	0.00793650793651
41421	0.00793650793651
52332	0.00790513833992
6657	0.00787401574803
9753	0.00787401574803
21696	0.00787401574803
44486	0.00787401574803
4775	0.0078125
17015	0.0078125
33680	0.0078125
48902	0.0078125
53001	0.0078125
512	0.00778210116732
30445	0.00778210116732
83	0.0077519379845
5672	0.0077519379845
7420	0.0077519379845
21252	0.0077519379845
22351	0.0077519379845
22877	0.0077519379845
30324	0.0077519379845
34155	0.0077519379845
49397	0.0077519379845
51340	0.0077519379845
41194	0.00772200772201
44951	0.00772200772201
9184	0.00769230769231
17554	0.00769230769231
26711	0.00769230769231
34391	0.00769230769231
11664	0.00765306122449
25113	0.00764525993884
13111	0.00764256319812
1273	0.00763358778626
3826	0.00763358778626
7427	0.00763358778626
15288	0.00763358778626
31312	0.00763358778626
42019	0.00763358778626
50969	0.00763358778626
51988	0.00763358778626
23688	0.00761421319797
2898	0.00760043431053
1048	0.00758293838863
29567	0.00757575757576
41055	0.00757575757576
16956	0.00754716981132
2110	0.00751879699248
14698	0.00751879699248
41253	0.00751879699248
31483	0.0075
4518	0.00747581354442
9826	0.00746268656716
27209	0.00746268656716
30845	0.00746268656716
32246	0.00746268656716
35420	0.00746268656716
38330	0.00746268656716
41099	0.00746268656716
41693	0.00746268656716
41793	0.00746268656716
47050	0.00746268656716
4430	0.00744047619048
2171	0.00740740740741
20818	0.00740740740741
34143	0.00740740740741
41001	0.00740740740741
50941	0.00740740740741
51496	0.00740740740741
17790	0.00738007380074
51178	0.00738007380074
100	0.00735294117647
2152	0.00735294117647
3492	0.00735294117647
8732	0.00735294117647
23174	0.00735294117647
25570	0.00735294117647
32809	0.00735294117647
41095	0.00735294117647
43376	0.00735294117647
51281	0.00735294117647
53000	0.00735294117647
1117	0.00729927007299
3793	0.00729927007299
4070	0.00729927007299
10251	0.00729927007299
15782	0.00729927007299
16264	0.00729927007299
27320	0.00729927007299
29543	0.00729927007299
35920	0.00729927007299
51054	0.00729927007299
51019	0.00726392251816
2104	0.00724637681159
24688	0.00724637681159
35136	0.00724637681159
38232	0.00724637681159
41016	0.00724637681159
41063	0.00724637681159
49749	0.00724637681159
50995	0.00724637681159
35021	0.0072202166065
1113	0.00719424460432
2130	0.00719424460432
11087	0.00719424460432
22798	0.00719424460432
21734	0.00714285714286
29739	0.00714285714286
35044	0.00714285714286
43785	0.00714285714286
51158	0.00714285714286
51811	0.00714285714286
57496	0.00714285714286
5599	0.00709219858156
13633	0.00709219858156
28820	0.00709219858156
29818	0.00709219858156
32120	0.00709219858156
41489	0.00709219858156
41583	0.00705467372134
4489	0.00704225352113
9295	0.00704225352113
16228	0.00704225352113
19799	0.00704225352113
36418	0.00704225352113
41890	0.00704225352113
51225	0.00704225352113
2037	0.00702247191011
25414	0.00701754385965
13056	0.00700525394046
40987	0.00700280112045
755	0.00699300699301
18414	0.00699300699301
32318	0.00699300699301
39324	0.00699300699301
41198	0.00699300699301
12388	0.00694444444444
17904	0.00694444444444
35045	0.00694444444444
51568	0.00694444444444
22383	0.00693481276006
7518	0.00689655172414
11778	0.00689655172414
27063	0.00689655172414
34607	0.00689655172414
38820	0.00689655172414
42312	0.00689655172414
51266	0.00689655172414
4280	0.00684931506849
26602	0.00684931506849
31400	0.00684931506849
32651	0.00684931506849
32832	0.00684931506849
38293	0.00684931506849
4625	0.00680272108844
16449	0.00680272108844
21558	0.00680272108844
28286	0.00680272108844
28709	0.00680272108844
38907	0.00680272108844
42750	0.00680272108844
50963	0.00680272108844
52240	0.00680272108844
497	0.00678733031674
29724	0.00677966101695
23337	0.00675675675676
27910	0.00675675675676
41181	0.00675675675676
42609	0.00675675675676
41116	0.00674536256324
38657	0.00671140939597
40351	0.00671140939597
51006	0.00671140939597
2448	0.0066889632107
15638	0.00666666666667
34254	0.00666666666667
6954	0.00662251655629
9178	0.00662251655629
13067	0.00662251655629
7214	0.00660066006601
23011	0.00660066006601
13621	0.00657894736842
14013	0.00657894736842
16447	0.00655021834061
5012	0.00653594771242
10010	0.00653594771242
39085	0.00653594771242
41154	0.00653594771242
50915	0.00653594771242
19598	0.00651041666667
3720	0.00650195058518
9920	0.00649350649351
11519	0.00649350649351
13121	0.00649350649351
14115	0.00647249190939
3280	0.00645161290323
17301	0.00645161290323
22534	0.00645161290323
23244	0.00645161290323
26318	0.00645161290323
27715	0.00645161290323
34548	0.00645161290323
40988	0.00645161290323
41073	0.00645161290323
41332	0.00645161290323
57861	0.00645161290323
16209	0.00642054574639
13040	0.00641025641026
16784	0.00641025641026
17483	0.00641025641026
22684	0.00641025641026
41258	0.00641025641026
41596	0.00641025641026
2290	0.00640279394645
34367	0.00639853747715
12432	0.00636942675159
28742	0.00636942675159
41832	0.00636942675159
52225	0.00636942675159
17355	0.00635930047695
1918	0.00634920634921
5100	0.00632911392405
50901	0.00630914826498
10248	0.0062893081761
21311	0.0062893081761
24429	0.0062893081761
27899	0.0062893081761
51156	0.0062893081761
40962	0.00626118067979
118	0.00625
13036	0.00625
37557	0.00625
51784	0.00625
53344	0.00625
41126	0.00623052959502
17979	0.00621118012422
18129	0.00621118012422
32895	0.00621118012422
35728	0.00621118012422
38987	0.00621118012422
29309	0.00618556701031
3531	0.00617283950617
3554	0.00617283950617
19034	0.00617283950617
27865	0.00614754098361
22744	0.00614574187884
6213	0.00613496932515
19314	0.00613496932515
6304	0.00609756097561
15233	0.00609756097561
23628	0.00609756097561
27125	0.00609756097561
36392	0.00609756097561
18584	0.00609013398295
38262	0.00607902735562
4413	0.00606060606061
4739	0.00606060606061
12501	0.00606060606061
41059	0.00606060606061
254	0.00602409638554
3533	0.00602409638554
4711	0.00602409638554
41250	0.00602409638554
40982	0.00600600600601
41032	0.00600600600601
21989	0.0059880239521
50883	0.0059880239521
41355	0.00597609561753
4868	0.00597014925373
5768	0.00595238095238
28737	0.00595238095238
37680	0.00595238095238
39447	0.00593824228029
3365	0.00593119810202
511	0.00591715976331
39548	0.00591715976331
41060	0.00591715976331
41156	0.00591715976331
40972	0.00589970501475
2574	0.00588235294118
8210	0.00588235294118
17987	0.00588235294118
34967	0.00588235294118
35360	0.00588235294118
259	0.00584795321637
4743	0.00584795321637
11887	0.00584795321637
41165	0.00584795321637
51159	0.00584795321637
3535	0.00581395348837
13642	0.00581395348837
15381	0.00581395348837
22838	0.00581395348837
30762	0.00581395348837
38191	0.00580720092915
33841	0.00580270793037
41609	0.00579710144928
34858	0.00579150579151
1537	0.00578034682081
2030	0.00578034682081
10157	0.00578034682081
12194	0.00578034682081
17461	0.00578034682081
17915	0.00578034682081
28047	0.00578034682081
37409	0.00578034682081
50652	0.00578034682081
51155	0.00578034682081
21797	0.00575815738964
4764	0.00574712643678
16723	0.00574712643678
22026	0.00574712643678
25487	0.00574712643678
34121	0.00574712643678
50987	0.00574712643678
51025	0.00574712643678
30980	0.00573394495413
7349	0.00573065902579
4708	0.00572246065808
10852	0.00571428571429
14862	0.00571428571429
18701	0.00571428571429
22018	0.00571428571429
42954	0.00571428571429
50961	0.00571428571429
51168	0.00571428571429
14343	0.00568181818182
32594	0.00568181818182
11307	0.0056657223796
9720	0.00564971751412
41378	0.00564971751412
40971	0.00563909774436
5230	0.00561797752809
12149	0.00561797752809
14206	0.00561797752809
25554	0.00561797752809
29024	0.00561797752809
40992	0.00561797752809
25078	0.00560224089636
29453	0.00560224089636
47611	0.00560224089636
3369	0.00558659217877
9488	0.00558659217877
14361	0.00558659217877
33727	0.00558659217877
51485	0.00558659217877
5157	0.00557244174265
3788	0.00557103064067
9586	0.00555555555556
32087	0.00555555555556
40625	0.00555555555556
28051	0.00554675118859
3273	0.00553709856035
33862	0.00552486187845
34667	0.00552486187845
51041	0.00549450549451
11769	0.0054844606947
32612	0.0054844606947
27651	0.00547945205479
16935	0.00546448087432
28700	0.00546448087432
7317	0.0054347826087
34830	0.0054347826087
41544	0.0054347826087
7419	0.00542005420054
40976	0.00540540540541
5809	0.00540054005401
39136	0.00539291217257
11359	0.00539083557951
51989	0.00539083557951
23121	0.00537634408602
41097	0.00537634408602
52494	0.00537634408602
868	0.00536398467433
29971	0.00536193029491
3548	0.00534759358289
10792	0.00534759358289
35178	0.00534759358289
37776	0.00534759358289
41050	0.00534759358289
7472	0.00531914893617
16917	0.00531914893617
25376	0.00531914893617
34471	0.00531914893617
41013	0.00531914893617
41968	0.00531914893617
18813	0.00529100529101
38659	0.00529100529101
41404	0.00529100529101
42378	0.00529100529101
51151	0.00529100529101
40980	0.00528169014085
3133	0.00527704485488
5367	0.00526315789474
18183	0.00526315789474
25047	0.00526315789474
37993	0.00526315789474
7442	0.00524934383202
9135	0.00524934383202
16420	0.00524934383202
18661	0.00523560209424
21557	0.00523560209424
24173	0.00523560209424
949	0.00522648083624
24522	0.00522193211488
2733	0.00520833333333
11749	0.00520833333333
33879	0.00520833333333
5231	0.00520562207184
25738	0.00520381613183
14207	0.00519480519481
34073	0.00518134715026
36999	0.00518134715026
44456	0.00518134715026
51038	0.00518134715026
5519	0.0051724137931
19547	0.00516795865633
13955	0.00514579759863
867	0.00511508951407
1680	0.00511508951407
1902	0.00510725229826
870	0.00510204081633
18777	0.00508044030483
54	0.00507614213198
26599	0.00507614213198
31307	0.00507614213198
41157	0.00507614213198
41227	0.00507614213198
31868	0.00505050505051
23642	0.00503778337531
9292	0.00502512562814
16076	0.00502512562814
21507	0.00502512562814
42156	0.00502512562814
893	0.00501253132832
1743	0.00500834724541
38925	0.00500834724541
7198	0.005
23080	0.005
30899	0.00498753117207
2169	0.00497512437811
22524	0.00497512437811
37194	0.00497512437811
20800	0.0049504950495
41530	0.0049504950495
1628	0.00494437577256
7261	0.00494233937397
7974	0.00492610837438
11314	0.00492610837438
13317	0.00492610837438
51146	0.00492610837438
4439	0.00490196078431
15636	0.00490196078431
35581	0.00490196078431
41085	0.00490196078431
22743	0.00488997555012
932	0.00487804878049
32418	0.00487804878049
39709	0.00487804878049
3781	0.00485436893204
7956	0.00485436893204
18972	0.00485436893204
1853	0.0048309178744
3198	0.0048309178744
47787	0.00480769230769
5419	0.00478468899522
18456	0.00478468899522
41092	0.00478468899522
15083	0.0047619047619
41068	0.00474383301708
2089	0.00473933649289
17306	0.00473933649289
29277	0.00473933649289
5503	0.00473036896878
27529	0.00471698113208
4846	0.00469483568075
10166	0.00469483568075
29287	0.00469483568075
41308	0.00469483568075
41942	0.00469483568075
11727	0.00468164794007
4706	0.00467289719626
28290	0.00467289719626
41025	0.00467289719626
53342	0.00467289719626
1064	0.00466562986003
22971	0.004662004662
1984	0.00465838509317
5056	0.0046511627907
39366	0.0046511627907
1489	0.00462962962963
27579	0.00462962962963
38584	0.00462249614792
1739	0.0045871559633
3859	0.0045871559633
40289	0.0045871559633
41366	0.0045871559633
8397	0.0045766590389
3933	0.00457038391225
27051	0.00456621004566
41012	0.00456621004566
17596	0.00452488687783
921	0.00452079566004
562	0.00451467268623
22251	0.00451467268623
4916	0.00451263537906
1118	0.00449005772931
27535	0.00448430493274
3499	0.00446428571429
1503	0.00444938820912
5918	0.00444444444444
689	0.00443458980044
1361	0.00440528634361
5000	0.004400440044
32823	0.00438596491228
51099	0.00438596491228
19601	0.00436999271668
18172	0.00436681222707
20075	0.00436681222707
40981	0.00436681222707
41045	0.00436681222707
52697	0.00436681222707
29852	0.00434782608696
37660	0.00434782608696
41146	0.00434782608696
4654	0.00433839479393
10727	0.004329004329
50851	0.004329004329
21331	0.00431034482759
33377	0.00429184549356
39209	0.00429184549356
52055	0.00429184549356
2613	0.00428571428571
2186	0.00427960057061
37961	0.00426439232409
21523	0.00425531914894
26934	0.00425531914894
29492	0.00425531914894
40978	0.00425531914894
50937	0.00425531914894
4137	0.00424628450106
15228	0.00423728813559
29780	0.00423728813559
37392	0.00423728813559
41134	0.00423728813559
31879	0.0042194092827
41274	0.0042194092827
2745	0.00421644413212
14749	0.00420168067227
5237	0.0041958041958
37052	0.00418410041841
19201	0.00416666666667
869	0.00415343268996
15794	0.00414937759336
1062	0.00413223140496
4876	0.00413223140496
4900	0.00413223140496
17068	0.00413223140496
37169	0.00411522633745
38492	0.00411522633745
22717	0.00409836065574
41270	0.00409836065574
210	0.00408163265306
20779	0.00408163265306
30805	0.00408163265306
41353	0.00408163265306
6812	0.00406834825061
4655	0.00405542412977
38793	0.00405092592593
2	0.00403632694248
39549	0.00403225806452
49392	0.00403225806452
8709	0.004
31170	0.00398406374502
45139	0.00398406374502
47628	0.00398406374502
5112	0.00397088021178
39785	0.00394477317554
41109	0.00394477317554
10287	0.00392156862745
28155	0.00392156862745
30835	0.00392156862745
35345	0.00391134289439
41018	0.00390625
50923	0.00390625
40995	0.0038961038961
36398	0.00387972841901
6803	0.00387596899225
40968	0.00387596899225
1921	0.003861003861
27358	0.00384615384615
35847	0.00384615384615
33895	0.00383141762452
37427	0.00383141762452
38203	0.00382932166302
2463	0.00380589914367
17586	0.00380228136882
1497	0.00376546530393
13318	0.00374531835206
34199	0.00373134328358
2811	0.0037037037037
9642	0.0037037037037
13216	0.00369003690037
41090	0.00369003690037
17939	0.00367647058824
31877	0.00367647058824
3312	0.00366972477064
29992	0.003663003663
18556	0.0036496350365
38790	0.0036496350365
41208	0.0036496350365
19288	0.00363636363636
28128	0.00363636363636
29372	0.00363636363636
21801	0.0036231884058
30691	0.0036231884058
33142	0.0036231884058
2757	0.00359712230216
7062	0.00357142857143
11504	0.00357142857143
29394	0.00357142857143
21745	0.00356506238859
25405	0.00355871886121
28443	0.00355871886121
33887	0.00355871886121
39915	0.00355871886121
5218	0.00354609929078
17771	0.00354609929078
3139	0.00352112676056
17605	0.00352112676056
30794	0.00352112676056
2312	0.00351493848858
41705	0.00350877192982
13952	0.0034965034965
27890	0.00348837209302
4335	0.00348432055749
27094	0.00348432055749
4242	0.00347222222222
5432	0.003465003465
22654	0.00346020761246
28405	0.00343642611684
52018	0.00343642611684
862	0.00342465753425
11381	0.00342465753425
12969	0.0034188034188
25937	0.00340136054422
11746	0.00338983050847
3022	0.00337837837838
3445	0.00335570469799
3991	0.00334448160535
18278	0.00334448160535
2401	0.00332225913621
76	0.00331125827815
28055	0.00331125827815
31440	0.00330851943755
41106	0.003300330033
7312	0.00328792860498
18699	0.00324675324675
253	0.00323974082073
40965	0.00323886639676
6427	0.00323339212228
18311	0.00320855614973
2326	0.00320512820513
7444	0.00320512820513
8681	0.00320512820513
30625	0.00320512820513
41307	0.00319488817891
51027	0.00319488817891
4396	0.00319081046586
41039	0.00315457413249
41098	0.00315457413249
37225	0.00314465408805
2409	0.00313479623824
22643	0.00313479623824
12121	0.00311526479751
7299	0.00310559006211
30020	0.00306748466258
16927	0.00305810397554
17008	0.0030303030303
18613	0.00302571860817
5643	0.00301659125189
2344	0.00300601202405
992	0.003003003003
1655	0.00298507462687
18361	0.00298507462687
38959	0.00296735905045
11	0.00295857988166
5774	0.00293255131965
41434	0.00292397660819
39546	0.00291545189504
11232	0.00289855072464
3239	0.0028901734104
3943	0.0028818443804
3260	0.00286532951289
22579	0.00286532951289
29591	0.00286532951289
35563	0.00286415711948
4485	0.00285714285714
2142	0.002849002849
10250	0.00284090909091
3733	0.00283553875236
23786	0.0028328611898
1700	0.00282485875706
18301	0.00282485875706
26584	0.00282485875706
21906	0.00278551532033
34897	0.00276243093923
47774	0.00275482093664
22929	0.00272727272727
2333	0.00271739130435
3553	0.00271739130435
23265	0.00269541778976
38932	0.00269541778976
6689	0.00268096514745
41374	0.00266666666667
26805	0.002665482008
50933	0.0026455026455
27949	0.00262467191601
4153	0.00261096605744
35809	0.00261096605744
1422	0.0025974025974
2381	0.0025974025974
5204	0.00255754475703
20630	0.00255102040816
23481	0.00254452926209
41129	0.00253807106599
10987	0.00251256281407
41010	0.00250626566416
1119	0.00246913580247
51096	0.002457002457
10281	0.00240963855422
1380	0.00239808153477
2515	0.00237529691211
31536	0.00235849056604
33678	0.00235294117647
41071	0.00234741784038
41027	0.00234192037471
5553	0.00230946882217
14750	0.00230946882217
7300	0.00229885057471
4951	0.00228310502283
11675	0.00225733634312
31830	0.00225225225225
3827	0.00221238938053
29861	0.0021978021978
23666	0.00218818380744
1399	0.00218340611354
45223	0.0021645021645
21545	0.00215053763441
631	0.00214592274678
49394	0.00214592274678
4578	0.00213903743316
5693	0.0021186440678
7340	0.00211193241816
3419	0.00210970464135
41044	0.00210526315789
9200	0.00208986415883
19599	0.00208333333333
36394	0.00205338809035
25051	0.00202429149798
17938	0.00200803212851
34169	0.00196463654224
5673	0.00192307692308
3527	0.00190114068441
34369	0.00189393939394
34751	0.00189393939394
28821	0.00186567164179
41985	0.00186567164179
4563	0.00184331797235
30269	0.00184162062615
40999	0.00184162062615
32862	0.00183486238532
12998	0.00180505415162
17566	0.00176056338028
25098	0.00174825174825
37737	0.00173310225303
28407	0.00171526586621
29863	0.0017094017094
35049	0.00159744408946
4121	0.00159489633174
12610	0.0015923566879
20416	0.0015923566879
13339	0.00156494522692
20542	0.00149031296572
9656	0.0014367816092
33634	0.00137362637363
5420	0.00122699386503
38794	0.000881057268722
9538	0.000849617672048
