9555	0.333333333333
14871	0.333333333333
17650	0.333333333333
26928	0.333333333333
28251	0.333333333333
28618	0.333333333333
29720	0.333333333333
44568	0.333333333333
45929	0.333333333333
26114	0.25
27799	0.25
45933	0.25
36297	0.2
45536	0.2
50753	0.2
52003	0.2
6255	0.166666666667
11659	0.166666666667
11704	0.166666666667
14121	0.166666666667
21861	0.166666666667
22029	0.166666666667
29106	0.166666666667
31515	0.166666666667
37853	0.166666666667
56067	0.166666666667
56153	0.166666666667
297	0.142857142857
7515	0.142857142857
10693	0.142857142857
20073	0.142857142857
26025	0.142857142857
34226	0.142857142857
48797	0.142857142857
48841	0.142857142857
51685	0.142857142857
52001	0.142857142857
56782	0.142857142857
61260	0.142857142857
39313	0.125
42212	0.125
54744	0.125
61236	0.125
499	0.111111111111
15755	0.111111111111
16690	0.111111111111
17608	0.111111111111
22058	0.111111111111
23241	0.111111111111
38491	0.111111111111
41014	0.111111111111
42761	0.111111111111
42774	0.111111111111
7221	0.1
9904	0.1
19692	0.1
52435	0.1
60381	0.1
61090	0.1
5101	0.0909090909091
5265	0.0909090909091
11191	0.0909090909091
12441	0.0909090909091
19413	0.0909090909091
22591	0.0909090909091
46927	0.0909090909091
48123	0.0909090909091
57781	0.0909090909091
394	0.0833333333333
4182	0.0833333333333
16641	0.0833333333333
29298	0.0833333333333
56482	0.0833333333333
7447	0.0769230769231
16618	0.0769230769231
18124	0.0769230769231
43772	0.0769230769231
52277	0.0769230769231
59718	0.0769230769231
9910	0.0714285714286
29436	0.0714285714286
35540	0.0714285714286
37949	0.0714285714286
42776	0.0714285714286
45622	0.0714285714286
50438	0.0714285714286
61282	0.0714285714286
4894	0.0666666666667
6423	0.0666666666667
32207	0.0666666666667
35463	0.0666666666667
35768	0.0666666666667
40176	0.0666666666667
42988	0.0666666666667
58712	0.0666666666667
10006	0.0625
11498	0.0625
20372	0.0625
37319	0.0625
42907	0.0625
7694	0.0588235294118
15280	0.0588235294118
16513	0.0588235294118
19551	0.0588235294118
38021	0.0588235294118
41824	0.0588235294118
51686	0.0588235294118
3475	0.0555555555556
27560	0.0555555555556
32831	0.0555555555556
39247	0.0555555555556
41990	0.0555555555556
42624	0.0555555555556
60444	0.0555555555556
13146	0.0526315789474
13204	0.0526315789474
19460	0.0526315789474
24886	0.0526315789474
43189	0.0526315789474
52630	0.0526315789474
60453	0.0526315789474
3760	0.05
19087	0.05
19443	0.05
3240	0.047619047619
11218	0.047619047619
21691	0.047619047619
41588	0.047619047619
42599	0.047619047619
53070	0.047619047619
61197	0.047619047619
9657	0.0454545454545
25394	0.0454545454545
38024	0.0454545454545
40158	0.0454545454545
45639	0.0454545454545
51072	0.0454545454545
59561	0.0454545454545
1857	0.0434782608696
5940	0.0434782608696
8228	0.0434782608696
22395	0.0434782608696
56123	0.0434782608696
13727	0.0416666666667
42690	0.0416666666667
59642	0.0416666666667
15465	0.04
19191	0.04
42846	0.04
43483	0.04
47783	0.04
49449	0.04
51717	0.04
401	0.0384615384615
4309	0.0384615384615
23626	0.0384615384615
25086	0.0384615384615
38704	0.0384615384615
42829	0.0384615384615
43518	0.0384615384615
49678	0.0384615384615
24600	0.037037037037
38678	0.037037037037
10332	0.0357142857143
49285	0.0357142857143
52012	0.0357142857143
12604	0.0344827586207
26094	0.0344827586207
28461	0.0344827586207
70	0.0333333333333
2293	0.0333333333333
7656	0.0333333333333
12426	0.0333333333333
12573	0.0333333333333
24942	0.0333333333333
42597	0.0333333333333
15494	0.0322580645161
25574	0.0322580645161
11925	0.03125
19411	0.03125
29523	0.03125
53443	0.03125
35841	0.030303030303
59514	0.030303030303
37055	0.0294117647059
45900	0.0294117647059
51372	0.0294117647059
51834	0.0294117647059
52334	0.0294117647059
4891	0.0285714285714
7731	0.0285714285714
9149	0.0285714285714
24936	0.0285714285714
51601	0.0285714285714
7310	0.0277777777778
10694	0.0277777777778
26407	0.0277777777778
36483	0.0277777777778
52123	0.0277777777778
61040	0.0277777777778
10220	0.027027027027
11824	0.027027027027
24564	0.027027027027
57980	0.027027027027
4919	0.0263157894737
14390	0.0263157894737
51749	0.0263157894737
4527	0.025641025641
26817	0.025641025641
55923	0.025641025641
11761	0.025
18290	0.025
52736	0.025
2488	0.0243902439024
41431	0.0243902439024
3189	0.0238095238095
1175	0.0232558139535
5280	0.0232558139535
18107	0.0232558139535
20098	0.0232558139535
23887	0.0232558139535
39767	0.0232558139535
32524	0.0227272727273
36847	0.0227272727273
17462	0.0222222222222
53239	0.0222222222222
779	0.0217391304348
4438	0.0217391304348
30784	0.0217391304348
55194	0.0217391304348
2310	0.0212765957447
27548	0.0212765957447
52879	0.0212765957447
53396	0.0212765957447
1168	0.0208333333333
12641	0.0208333333333
28711	0.0208333333333
24087	0.0204081632653
56118	0.0204081632653
13380	0.02
33792	0.02
19962	0.0196078431373
33527	0.0196078431373
52413	0.0196078431373
52715	0.0196078431373
3328	0.0192307692308
36390	0.0192307692308
53189	0.0192307692308
4158	0.0188679245283
17699	0.0188679245283
41908	0.0188679245283
52144	0.0188679245283
8372	0.0185185185185
29365	0.0185185185185
39926	0.0185185185185
47064	0.0185185185185
103	0.0181818181818
23712	0.0181818181818
52906	0.0181818181818
45143	0.0178571428571
52392	0.0178571428571
52450	0.0178571428571
34691	0.0175438596491
50578	0.0175438596491
8965	0.0172413793103
16819	0.0172413793103
23079	0.0172413793103
26530	0.0172413793103
30679	0.0172413793103
45610	0.0172413793103
4804	0.0169491525424
5219	0.0166666666667
35920	0.0165289256198
2690	0.015873015873
27874	0.015873015873
52255	0.015873015873
17442	0.0153846153846
27707	0.0151515151515
18366	0.0149253731343
4760	0.0147058823529
33124	0.0147058823529
41143	0.0147058823529
51847	0.0147058823529
34621	0.0144927536232
41380	0.0144927536232
41689	0.0144927536232
50890	0.0144927536232
51470	0.0144927536232
28415	0.0142857142857
51937	0.0142857142857
10326	0.0140845070423
19465	0.0140845070423
41139	0.0140845070423
47918	0.0140845070423
6466	0.013698630137
12481	0.0135135135135
27387	0.0135135135135
41249	0.012987012987
34619	0.0128205128205
51967	0.0128205128205
34208	0.0126582278481
42369	0.0126582278481
51250	0.0126582278481
4398	0.0125
41778	0.0125
48252	0.0125
51795	0.0125
27537	0.0123456790123
41833	0.0123456790123
52615	0.0123456790123
60068	0.0123456790123
33523	0.0121951219512
41490	0.0121951219512
42825	0.0121951219512
21379	0.0120481927711
13258	0.0119047619048
18223	0.0119047619048
36894	0.0119047619048
43575	0.0119047619048
52711	0.0119047619048
766	0.0117647058824
15188	0.0116279069767
18234	0.0116279069767
7460	0.0114942528736
49136	0.0114942528736
14303	0.0113636363636
31299	0.0113636363636
33564	0.0113636363636
46493	0.0113636363636
17110	0.0112359550562
22170	0.0111111111111
42363	0.0111111111111
49448	0.0111111111111
52357	0.0111111111111
59562	0.0111111111111
5350	0.010989010989
29707	0.010989010989
12552	0.0108695652174
41082	0.0108695652174
33656	0.0106951871658
1132	0.0106382978723
47448	0.0106382978723
50506	0.0106382978723
53039	0.0106382978723
1821	0.0105263157895
13313	0.0105263157895
51573	0.0105263157895
52350	0.0105263157895
19695	0.0104166666667
33572	0.0104166666667
41799	0.0104166666667
32684	0.0102040816327
1739	0.00990099009901
34373	0.00990099009901
22238	0.00980392156863
13428	0.00970873786408
28298	0.00970873786408
41136	0.00970873786408
44538	0.00970873786408
39404	0.00961538461538
47430	0.00961538461538
31309	0.00952380952381
33971	0.00952380952381
41179	0.00952380952381
41826	0.00952380952381
59890	0.00952380952381
937	0.00943396226415
42374	0.00934579439252
47292	0.00934579439252
43787	0.00925925925926
47675	0.00925925925926
31875	0.00917431192661
51765	0.00909090909091
34521	0.00900900900901
392	0.00884955752212
18276	0.00884955752212
29990	0.00884955752212
5672	0.00877192982456
34155	0.00877192982456
34519	0.00877192982456
1028	0.00869565217391
2090	0.00869565217391
9184	0.00869565217391
3826	0.00862068965517
42977	0.00862068965517
18226	0.00854700854701
51666	0.00854700854701
1087	0.00840336134454
47050	0.00840336134454
23532	0.00826446280992
14277	0.00819672131148
128	0.00813008130081
2144	0.00813008130081
56100	0.00813008130081
50952	0.00806451612903
14476	0.008
43354	0.008
51164	0.008
13633	0.00793650793651
2070	0.0077519379845
51568	0.0077519379845
18836	0.00769230769231
30635	0.00769230769231
52555	0.00769230769231
4347	0.00757575757576
35535	0.00751879699248
36897	0.00740740740741
4242	0.00735294117647
14459	0.00735294117647
39085	0.00724637681159
11519	0.00719424460432
13121	0.00719424460432
38519	0.00714285714286
4337	0.00699300699301
21311	0.00694444444444
24429	0.00694444444444
13036	0.00689655172414
42145	0.00689655172414
19034	0.00680272108844
6213	0.00675675675676
10089	0.00675675675676
10844	0.00671140939597
12511	0.00671140939597
4413	0.00666666666667
12501	0.00666666666667
37114	0.00662251655629
33405	0.00657894736842
39548	0.00649350649351
27527	0.0064308681672
137	0.00641025641026
15714	0.00641025641026
30789	0.00636942675159
59506	0.00636942675159
3598	0.00632911392405
4144	0.00632911392405
16723	0.0062893081761
34121	0.0062893081761
38959	0.00623052959502
17987	0.00615384615385
3214	0.00613496932515
39360	0.00609756097561
2660	0.00606060606061
40625	0.00606060606061
40975	0.00602409638554
28712	0.0059880239521
51121	0.0059880239521
1456	0.00595238095238
41278	0.00595238095238
52383	0.00595238095238
30466	0.00588235294118
33692	0.00584795321637
52065	0.00584795321637
52494	0.00584795321637
21906	0.00583090379009
18374	0.00574712643678
452	0.00571428571429
18183	0.00571428571429
6772	0.00568181818182
18661	0.00568181818182
3842	0.00564971751412
30799	0.00564971751412
39343	0.00561797752809
44456	0.00561797752809
3204	0.00552486187845
35809	0.00544959128065
3250	0.0054347826087
22230	0.00537634408602
41452	0.00537634408602
21337	0.00529100529101
7533	0.00512820512821
15083	0.00512820512821
9625	0.00510204081633
11294	0.00507614213198
39709	0.00506329113924
3515	0.00505050505051
21978	0.00505050505051
4705	0.00502512562814
41025	0.00502512562814
20802	0.005
7303	0.00497512437811
23388	0.0049504950495
41366	0.00492610837438
41521	0.00492610837438
27051	0.00490196078431
32490	0.00487804878049
41037	0.00485436893204
17946	0.00480769230769
21845	0.00480769230769
5918	0.0047619047619
11230	0.0047619047619
18172	0.00467289719626
41045	0.00467289719626
13933	0.0046511627907
52258	0.00462962962963
39209	0.0045871559633
26934	0.00454545454545
40978	0.00454545454545
41134	0.00452488687783
6816	0.0045045045045
14360	0.0045045045045
14749	0.00448430493274
29055	0.00444444444444
41329	0.00444444444444
1062	0.00440528634361
6372	0.00440528634361
24126	0.00440528634361
33495	0.00440528634361
38206	0.00438596491228
10920	0.00436681222707
23742	0.00434782608696
37762	0.00429184549356
49392	0.00429184549356
9138	0.00425531914894
27865	0.0042194092827
52332	0.00418410041841
41164	0.00416666666667
23667	0.00408163265306
33895	0.00406504065041
40984	0.00406504065041
41109	0.00406504065041
15207	0.004
6789	0.00398406374502
41347	0.00398406374502
41188	0.00395256916996
50944	0.00392156862745
41001	0.00390625
17939	0.00389105058366
31877	0.00389105058366
39852	0.00387596899225
44184	0.00387596899225
18556	0.003861003861
28673	0.003861003861
41208	0.003861003861
21801	0.00383141762452
50864	0.00381679389313
35021	0.00380228136882
11504	0.00377358490566
28443	0.00375939849624
29739	0.00375939849624
51158	0.00375939849624
17771	0.00374531835206
12998	0.00371747211896
1676	0.00369003690037
41364	0.003663003663
6564	0.0036231884058
2312	0.00361010830325
41583	0.00361010830325
1931	0.00359066427289
18307	0.00357142857143
3445	0.00353356890459
18278	0.00352112676056
29863	0.00351493848858
2448	0.00350877192982
21772	0.00348432055749
28055	0.00348432055749
42424	0.00341296928328
41042	0.00340136054422
37111	0.00338983050847
34548	0.00337837837838
1239	0.003367003367
30625	0.003367003367
24958	0.00335570469799
41258	0.00335570469799
41307	0.00335570469799
684	0.00333333333333
52225	0.00333333333333
41039	0.00331125827815
51156	0.00328947368421
35728	0.00324675324675
38987	0.00324675324675
41972	0.0032154340836
12467	0.0031746031746
17008	0.0031746031746
26893	0.00316455696203
900	0.00314960629921
18361	0.003125
4868	0.00311526479751
6304	0.00311041990669
511	0.00308641975309
41000	0.00305810397554
39546	0.0030487804878
41165	0.0030487804878
11232	0.0030303030303
3239	0.00302114803625
40964	0.00302114803625
3943	0.00301204819277
28810	0.00301204819277
2142	0.00297619047619
10250	0.00296735905045
34147	0.00296735905045
33850	0.0028901734104
50957	0.0028901734104
41048	0.0028818443804
25324	0.00287356321839
7317	0.00282485875706
51989	0.00280112044818
28830	0.00278551532033
30471	0.00278551532033
41374	0.00277777777778
50933	0.00275482093664
38822	0.00274725274725
37993	0.00273224043716
4153	0.00271739130435
1438	0.00269541778976
19547	0.00268096514745
41018	0.0026525198939
2381	0.00264900662252
3720	0.00264200792602
23688	0.00262467191601
41010	0.00260416666667
31483	0.00258397932817
20818	0.00255102040816
15636	0.00253807106599
932	0.00252525252525
51019	0.0025
31536	0.00244498777506
41027	0.00242718446602
4173	0.00242130750605
3365	0.00240673886883
12388	0.00238663484487
4846	0.00236966824645
4951	0.00236406619385
11675	0.00233644859813
497	0.002331002331
26602	0.00229885057471
28832	0.00227790432802
23666	0.00226244343891
3273	0.00224466891134
2007	0.00221975582686
3280	0.00221238938053
40988	0.00221238938053
4654	0.002200220022
4137	0.00218818380744
12423	0.00217391304348
18311	0.00217155266015
41058	0.00216919739696
19599	0.00215053763441
28742	0.00214822771214
39549	0.00207468879668
1902	0.00206825232678
34169	0.00202429149798
11	0.002
39785	0.001998001998
34858	0.0019801980198
9647	0.00196463654224
36398	0.00196463654224
3527	0.00195694716243
17586	0.001953125
34751	0.00194931773879
40971	0.0019267822736
41068	0.00191938579655
30269	0.00189393939394
8732	0.00187969924812
51041	0.00187617260788
11769	0.00187265917603
32612	0.00187265917603
21745	0.0018281535649
35178	0.00182481751825
39915	0.00182481751825
17566	0.00180831826401
40980	0.0018018018018
25098	0.00179533213645
2840	0.00177777777778
22744	0.00177147918512
13955	0.00175438596491
2290	0.00175336060783
12969	0.00172860847018
9538	0.00172265288544
11655	0.00172117039587
7261	0.0016835016835
1503	0.00167785234899
76	0.00167364016736
14253	0.00166112956811
2326	0.0016393442623
20416	0.00163132137031
32188	0.00162337662338
27809	0.0016077170418
13339	0.00160256410256
23150	0.00155279503106
5643	0.00154083204931
17596	0.00153846153846
5157	0.00152516522623
27535	0.0015243902439
893	0.00150981378963
9656	0.0014684287812
4764	0.00146198830409
41016	0.00145666423889
50863	0.0014450867052
26584	0.0014409221902
2037	0.00142653352354
5237	0.0014245014245
7312	0.0014164305949
38492	0.00139664804469
29854	0.00138696255201
3059	0.00137174211248
20506	0.00135869565217
8709	0.00134318334453
3133	0.00134048257373
35345	0.00132625994695
1680	0.0012987012987
30899	0.00126582278481
41031	0.00125786163522
1628	0.00125470514429
18584	0.00123456790123
29277	0.00120192307692
27890	0.00118063754427
38191	0.00117647058824
38793	0.0011641443539
34224	0.00111482720178
2898	0.00109649122807
1497	0.00108166576528
7340	0.0010718113612
9200	0.00106044538706
4937	0.00103734439834
4655	0.00101591601761
2463	0.000962463907603
5503	0.000956022944551
1048	0.000955109837631
11727	0.000946073793756
4563	0.00093370681606
3933	0.000923361034164
34367	0.000921658986175
22929	0.000919963201472
921	0.000913242009132
4916	0.000911577028259
5809	0.000908265213442
40962	0.000901713255185
38794	0.000892857142857
6427	0.000883652430044
18777	0.000853970964987
22743	0.000821692686935
35563	0.000821692686935
6812	0.000821018062397
40965	0.000817661488144
28051	0.000798084596967
39136	0.00077579519007
868	0.000771604938272
19601	0.000733675715334
2745	0.00070771408351
5432	0.000698324022346
22383	0.000696378830084
5112	0.000666222518321
19598	0.000653594771242
5204	0.000644329896907
4396	0.000642673521851
13111	0.000588928150766
38203	0.000549752611325
4578	0.0005382131324
5231	0.000522193211488
869	0.000488639139995
26805	0.000446229361892
4518	0.00043956043956
