51420	0.0925925925926
60834	0.0882352941176
59405	0.0857142857143
36909	0.0833333333333
20802	0.0798122065728
47012	0.0769230769231
44035	0.0737704918033
17319	0.0666666666667
20669	0.0666666666667
39084	0.0666666666667
15197	0.0652173913043
33488	0.0634920634921
14652	0.0606060606061
12421	0.0602409638554
27342	0.0571428571429
50496	0.0555555555556
60988	0.0540540540541
28190	0.0526315789474
46680	0.0526315789474
50930	0.051724137931
51835	0.051724137931
40963	0.0512820512821
8490	0.05
15739	0.05
42031	0.05
48008	0.05
21735	0.0487804878049
51791	0.0487804878049
53791	0.0487804878049
56	0.0483870967742
880	0.047619047619
16905	0.047619047619
18620	0.047619047619
44578	0.047619047619
10124	0.046511627907
12928	0.0461538461538
2131	0.0444444444444
11329	0.0444444444444
43701	0.0444444444444
10843	0.0434782608696
38527	0.0434782608696
39085	0.0434782608696
42197	0.0434782608696
1175	0.0428571428571
44034	0.0428571428571
28788	0.0425531914894
39750	0.0425531914894
42316	0.0425531914894
45142	0.0425531914894
48621	0.0425531914894
59600	0.0425531914894
41471	0.0422535211268
51545	0.0422535211268
15204	0.0416666666667
18723	0.0416666666667
52744	0.0416666666667
32870	0.0408163265306
37938	0.0408163265306
51329	0.0408163265306
59931	0.0408163265306
30451	0.04
33975	0.0394736842105
7294	0.0392156862745
31675	0.0392156862745
38890	0.0392156862745
42992	0.0392156862745
51244	0.0392156862745
51752	0.0392156862745
14667	0.038961038961
18930	0.0384615384615
34785	0.0384615384615
41719	0.0384615384615
51119	0.0384615384615
52643	0.0384615384615
59928	0.0384615384615
61153	0.0384615384615
1542	0.0377358490566
16409	0.0377358490566
25701	0.0377358490566
40640	0.0377358490566
42846	0.0377358490566
50965	0.0377358490566
61081	0.0377358490566
31850	0.0374331550802
21142	0.037037037037
28651	0.037037037037
41094	0.037037037037
60164	0.037037037037
41113	0.0366972477064
42326	0.0366972477064
28300	0.0365853658537
34997	0.0365853658537
37752	0.0363636363636
40651	0.0363636363636
25603	0.0357142857143
38995	0.0357142857143
51585	0.0357142857143
28745	0.0352941176471
3638	0.0350877192982
29998	0.0350877192982
36888	0.0350877192982
61218	0.0350877192982
24590	0.0344827586207
36249	0.0344827586207
36382	0.0344827586207
5239	0.0338983050847
31854	0.0338983050847
51315	0.0338983050847
52868	0.0338983050847
2687	0.0333333333333
9331	0.0333333333333
22010	0.0333333333333
29409	0.0333333333333
41105	0.0333333333333
41282	0.0333333333333
42088	0.0333333333333
48253	0.0333333333333
53328	0.0333333333333
19521	0.032967032967
457	0.0327868852459
2933	0.0327868852459
6397	0.0327868852459
12971	0.0327868852459
19695	0.0327868852459
40109	0.0327868852459
41497	0.0327868852459
43959	0.0327868852459
49719	0.0327868852459
52259	0.0327868852459
58641	0.0327868852459
18769	0.0326086956522
14343	0.0324324324324
48899	0.0322580645161
34166	0.031914893617
21043	0.031746031746
52554	0.031746031746
52935	0.031746031746
24833	0.0315789473684
41571	0.0315789473684
556	0.03125
999	0.03125
1151	0.03125
2011	0.03125
2695	0.03125
2847	0.03125
3563	0.03125
3713	0.03125
4316	0.03125
4748	0.03125
5479	0.03125
6239	0.03125
7007	0.03125
7131	0.03125
7270	0.03125
8420	0.03125
8588	0.03125
10888	0.03125
11054	0.03125
13496	0.03125
15864	0.03125
17941	0.03125
19371	0.03125
20183	0.03125
20360	0.03125
21870	0.03125
22171	0.03125
22784	0.03125
24839	0.03125
26713	0.03125
30128	0.03125
30286	0.03125
31007	0.03125
31060	0.03125
34009	0.03125
34378	0.03125
35559	0.03125
36920	0.03125
38207	0.03125
38908	0.03125
40839	0.03125
40951	0.03125
41508	0.03125
41954	0.03125
42382	0.03125
43209	0.03125
43285	0.03125
43976	0.03125
45020	0.03125
45591	0.03125
46222	0.03125
47014	0.03125
47180	0.03125
47974	0.03125
49117	0.03125
49283	0.03125
49467	0.03125
49982	0.03125
50045	0.03125
51881	0.03125
52231	0.03125
53744	0.03125
54246	0.03125
54326	0.03125
54873	0.03125
55026	0.03125
55822	0.03125
56767	0.03125
56878	0.03125
57820	0.03125
58357	0.03125
58550	0.03125
58699	0.03125
58843	0.03125
59303	0.03125
59378	0.03125
60639	0.03125
13092	0.0309278350515
3949	0.0307692307692
18530	0.0307692307692
31022	0.0307692307692
52421	0.0307692307692
29582	0.030612244898
31309	0.030534351145
2517	0.030303030303
5107	0.030303030303
6232	0.030303030303
6907	0.030303030303
7112	0.030303030303
9256	0.030303030303
9811	0.030303030303
10958	0.030303030303
11415	0.030303030303
12444	0.030303030303
17885	0.030303030303
17982	0.030303030303
18096	0.030303030303
18384	0.030303030303
18596	0.030303030303
19178	0.030303030303
19258	0.030303030303
19870	0.030303030303
20824	0.030303030303
20969	0.030303030303
21960	0.030303030303
23244	0.030303030303
24505	0.030303030303
25711	0.030303030303
25774	0.030303030303
27468	0.030303030303
27616	0.030303030303
30148	0.030303030303
31514	0.030303030303
32652	0.030303030303
33650	0.030303030303
34322	0.030303030303
34659	0.030303030303
35498	0.030303030303
35827	0.030303030303
36220	0.030303030303
37446	0.030303030303
37729	0.030303030303
37820	0.030303030303
38615	0.030303030303
39558	0.030303030303
39592	0.030303030303
39659	0.030303030303
40225	0.030303030303
40287	0.030303030303
41713	0.030303030303
43168	0.030303030303
43409	0.030303030303
43628	0.030303030303
44089	0.030303030303
44200	0.030303030303
44914	0.030303030303
45272	0.030303030303
46743	0.030303030303
46760	0.030303030303
47124	0.030303030303
47536	0.030303030303
48042	0.030303030303
49340	0.030303030303
52500	0.030303030303
52761	0.030303030303
52799	0.030303030303
53030	0.030303030303
53633	0.030303030303
54863	0.030303030303
56253	0.030303030303
56268	0.030303030303
56643	0.030303030303
56689	0.030303030303
57405	0.030303030303
58614	0.030303030303
60456	0.030303030303
60940	0.030303030303
61170	0.030303030303
8197	0.03
35275	0.03
17264	0.0298507462687
19698	0.0298507462687
20747	0.0298507462687
12	0.0294117647059
341	0.0294117647059
804	0.0294117647059
2559	0.0294117647059
4020	0.0294117647059
5843	0.0294117647059
6039	0.0294117647059
6238	0.0294117647059
6508	0.0294117647059
7905	0.0294117647059
8876	0.0294117647059
10905	0.0294117647059
11929	0.0294117647059
13147	0.0294117647059
13230	0.0294117647059
13738	0.0294117647059
13792	0.0294117647059
14131	0.0294117647059
14190	0.0294117647059
14610	0.0294117647059
15930	0.0294117647059
16329	0.0294117647059
17219	0.0294117647059
17356	0.0294117647059
18102	0.0294117647059
19821	0.0294117647059
20872	0.0294117647059
22844	0.0294117647059
23176	0.0294117647059
23371	0.0294117647059
23646	0.0294117647059
23781	0.0294117647059
23871	0.0294117647059
24216	0.0294117647059
25199	0.0294117647059
25651	0.0294117647059
26754	0.0294117647059
26854	0.0294117647059
32491	0.0294117647059
32591	0.0294117647059
33496	0.0294117647059
34348	0.0294117647059
35919	0.0294117647059
36095	0.0294117647059
36804	0.0294117647059
36955	0.0294117647059
37322	0.0294117647059
37694	0.0294117647059
38131	0.0294117647059
39183	0.0294117647059
40799	0.0294117647059
40862	0.0294117647059
41192	0.0294117647059
42686	0.0294117647059
43158	0.0294117647059
43446	0.0294117647059
47385	0.0294117647059
48380	0.0294117647059
48858	0.0294117647059
49322	0.0294117647059
49855	0.0294117647059
50657	0.0294117647059
50887	0.0294117647059
50916	0.0294117647059
51370	0.0294117647059
51703	0.0294117647059
52200	0.0294117647059
52572	0.0294117647059
52877	0.0294117647059
54315	0.0294117647059
54921	0.0294117647059
55879	0.0294117647059
56069	0.0294117647059
56128	0.0294117647059
57043	0.0294117647059
57789	0.0294117647059
58015	0.0294117647059
58606	0.0294117647059
58954	0.0294117647059
59735	0.0294117647059
60411	0.0294117647059
6404	0.029197080292
4580	0.0291262135922
4464	0.0290697674419
42044	0.0289855072464
48701	0.0289855072464
51039	0.0287769784173
83	0.0285714285714
920	0.0285714285714
1194	0.0285714285714
1327	0.0285714285714
1466	0.0285714285714
2877	0.0285714285714
4160	0.0285714285714
6268	0.0285714285714
6953	0.0285714285714
7187	0.0285714285714
9894	0.0285714285714
9921	0.0285714285714
11420	0.0285714285714
11608	0.0285714285714
12778	0.0285714285714
12895	0.0285714285714
13004	0.0285714285714
14337	0.0285714285714
14443	0.0285714285714
16355	0.0285714285714
16979	0.0285714285714
17157	0.0285714285714
17249	0.0285714285714
17642	0.0285714285714
18136	0.0285714285714
18155	0.0285714285714
18635	0.0285714285714
19606	0.0285714285714
20984	0.0285714285714
21544	0.0285714285714
21641	0.0285714285714
22016	0.0285714285714
22469	0.0285714285714
23132	0.0285714285714
24552	0.0285714285714
25100	0.0285714285714
25579	0.0285714285714
27903	0.0285714285714
28916	0.0285714285714
28978	0.0285714285714
29395	0.0285714285714
29972	0.0285714285714
30652	0.0285714285714
32089	0.0285714285714
35629	0.0285714285714
36099	0.0285714285714
36903	0.0285714285714
37295	0.0285714285714
38699	0.0285714285714
39129	0.0285714285714
40122	0.0285714285714
40142	0.0285714285714
42589	0.0285714285714
43570	0.0285714285714
46100	0.0285714285714
46196	0.0285714285714
46312	0.0285714285714
47063	0.0285714285714
47091	0.0285714285714
47106	0.0285714285714
47643	0.0285714285714
47725	0.0285714285714
48660	0.0285714285714
49095	0.0285714285714
50497	0.0285714285714
51648	0.0285714285714
53670	0.0285714285714
53704	0.0285714285714
55940	0.0285714285714
56062	0.0285714285714
56158	0.0285714285714
58481	0.0285714285714
59829	0.0285714285714
60523	0.0285714285714
24606	0.0284090909091
51250	0.0283018867925
4650	0.0281690140845
23531	0.0281690140845
36429	0.0281690140845
43603	0.0281690140845
43679	0.0281690140845
871	0.0280373831776
41629	0.0280373831776
50898	0.0280373831776
52415	0.0280373831776
244	0.0277777777778
898	0.0277777777778
2274	0.0277777777778
2752	0.0277777777778
4487	0.0277777777778
5035	0.0277777777778
6102	0.0277777777778
6388	0.0277777777778
6530	0.0277777777778
6842	0.0277777777778
7258	0.0277777777778
8504	0.0277777777778
12152	0.0277777777778
13748	0.0277777777778
14523	0.0277777777778
15546	0.0277777777778
19693	0.0277777777778
19916	0.0277777777778
20306	0.0277777777778
21068	0.0277777777778
21137	0.0277777777778
21427	0.0277777777778
22773	0.0277777777778
23033	0.0277777777778
23600	0.0277777777778
23744	0.0277777777778
24124	0.0277777777778
25643	0.0277777777778
27587	0.0277777777778
27993	0.0277777777778
29248	0.0277777777778
30054	0.0277777777778
30210	0.0277777777778
30653	0.0277777777778
33264	0.0277777777778
34191	0.0277777777778
35305	0.0277777777778
39717	0.0277777777778
41553	0.0277777777778
42245	0.0277777777778
45187	0.0277777777778
45661	0.0277777777778
47200	0.0277777777778
48291	0.0277777777778
48437	0.0277777777778
48440	0.0277777777778
49224	0.0277777777778
49606	0.0277777777778
49757	0.0277777777778
51859	0.0277777777778
52351	0.0277777777778
53502	0.0277777777778
55303	0.0277777777778
56620	0.0277777777778
58216	0.0277777777778
58430	0.0277777777778
60590	0.0277777777778
60901	0.0277777777778
61208	0.0277777777778
33523	0.0275229357798
1196	0.027397260274
14019	0.027397260274
18522	0.027397260274
41811	0.027397260274
34105	0.0272727272727
233	0.027027027027
1007	0.027027027027
2497	0.027027027027
3003	0.027027027027
3091	0.027027027027
6075	0.027027027027
6577	0.027027027027
6905	0.027027027027
7208	0.027027027027
7745	0.027027027027
7818	0.027027027027
8715	0.027027027027
8990	0.027027027027
9928	0.027027027027
10160	0.027027027027
12086	0.027027027027
14994	0.027027027027
15229	0.027027027027
17097	0.027027027027
19405	0.027027027027
19668	0.027027027027
20331	0.027027027027
21305	0.027027027027
21891	0.027027027027
22033	0.027027027027
23720	0.027027027027
23879	0.027027027027
24028	0.027027027027
24891	0.027027027027
25001	0.027027027027
25962	0.027027027027
26650	0.027027027027
28026	0.027027027027
28356	0.027027027027
30784	0.027027027027
31085	0.027027027027
31296	0.027027027027
32069	0.027027027027
32148	0.027027027027
32740	0.027027027027
34835	0.027027027027
35295	0.027027027027
35518	0.027027027027
35649	0.027027027027
36303	0.027027027027
36938	0.027027027027
38059	0.027027027027
39506	0.027027027027
42287	0.027027027027
42574	0.027027027027
43197	0.027027027027
45575	0.027027027027
46141	0.027027027027
46452	0.027027027027
47069	0.027027027027
47707	0.027027027027
48340	0.027027027027
50802	0.027027027027
51613	0.027027027027
52075	0.027027027027
53925	0.027027027027
54296	0.027027027027
54714	0.027027027027
59444	0.027027027027
60189	0.027027027027
60226	0.027027027027
60266	0.027027027027
60317	0.027027027027
60439	0.027027027027
1755	0.0267857142857
8767	0.0267857142857
2284	0.0266666666667
2611	0.0263157894737
2771	0.0263157894737
2819	0.0263157894737
3095	0.0263157894737
4564	0.0263157894737
4628	0.0263157894737
5046	0.0263157894737
5278	0.0263157894737
5697	0.0263157894737
6358	0.0263157894737
9186	0.0263157894737
10887	0.0263157894737
11274	0.0263157894737
14252	0.0263157894737
16090	0.0263157894737
18305	0.0263157894737
19400	0.0263157894737
20187	0.0263157894737
20830	0.0263157894737
21429	0.0263157894737
22058	0.0263157894737
23525	0.0263157894737
24335	0.0263157894737
24593	0.0263157894737
25287	0.0263157894737
27635	0.0263157894737
27658	0.0263157894737
27730	0.0263157894737
28526	0.0263157894737
28648	0.0263157894737
29839	0.0263157894737
30376	0.0263157894737
30460	0.0263157894737
30681	0.0263157894737
31688	0.0263157894737
33781	0.0263157894737
35008	0.0263157894737
35837	0.0263157894737
37795	0.0263157894737
38564	0.0263157894737
38603	0.0263157894737
40115	0.0263157894737
40553	0.0263157894737
41589	0.0263157894737
42005	0.0263157894737
42507	0.0263157894737
43974	0.0263157894737
44318	0.0263157894737
44840	0.0263157894737
45545	0.0263157894737
45701	0.0263157894737
46964	0.0263157894737
47871	0.0263157894737
49916	0.0263157894737
49952	0.0263157894737
51122	0.0263157894737
51355	0.0263157894737
51992	0.0263157894737
52515	0.0263157894737
54297	0.0263157894737
56486	0.0263157894737
58631	0.0263157894737
58818	0.0263157894737
60378	0.0263157894737
60544	0.0263157894737
695	0.025974025974
30252	0.025974025974
43086	0.025974025974
2306	0.025641025641
2883	0.025641025641
3886	0.025641025641
4920	0.025641025641
5250	0.025641025641
5762	0.025641025641
6111	0.025641025641
6601	0.025641025641
7020	0.025641025641
9904	0.025641025641
10172	0.025641025641
10245	0.025641025641
11426	0.025641025641
12036	0.025641025641
12660	0.025641025641
14709	0.025641025641
15136	0.025641025641
16608	0.025641025641
18592	0.025641025641
18997	0.025641025641
19481	0.025641025641
20388	0.025641025641
20627	0.025641025641
21244	0.025641025641
21799	0.025641025641
22344	0.025641025641
23039	0.025641025641
23231	0.025641025641
23520	0.025641025641
29060	0.025641025641
29300	0.025641025641
32436	0.025641025641
33614	0.025641025641
36690	0.025641025641
39847	0.025641025641
41128	0.025641025641
41457	0.025641025641
41684	0.025641025641
41873	0.025641025641
42001	0.025641025641
42629	0.025641025641
42778	0.025641025641
43646	0.025641025641
43708	0.025641025641
43716	0.025641025641
45409	0.025641025641
46328	0.025641025641
46531	0.025641025641
47105	0.025641025641
48991	0.025641025641
52107	0.025641025641
52287	0.025641025641
52357	0.025641025641
52464	0.025641025641
52567	0.025641025641
52634	0.025641025641
52790	0.025641025641
52869	0.025641025641
53760	0.025641025641
59523	0.025641025641
59925	0.025641025641
60062	0.025641025641
60295	0.025641025641
60535	0.025641025641
309	0.0254237288136
9669	0.0253164556962
27517	0.0253164556962
32226	0.0253164556962
36596	0.0253164556962
38452	0.0253164556962
39310	0.0253164556962
51693	0.0253164556962
52556	0.0253164556962
52845	0.0253164556962
41655	0.0252100840336
704	0.025
2327	0.025
3328	0.025
3762	0.025
4574	0.025
5298	0.025
5746	0.025
6187	0.025
6986	0.025
6998	0.025
7113	0.025
9582	0.025
9896	0.025
9901	0.025
11763	0.025
12897	0.025
14626	0.025
16134	0.025
17010	0.025
17672	0.025
19514	0.025
19522	0.025
19888	0.025
20113	0.025
20494	0.025
22451	0.025
22591	0.025
23193	0.025
24530	0.025
27221	0.025
27788	0.025
28846	0.025
29928	0.025
32350	0.025
33500	0.025
34245	0.025
34552	0.025
36243	0.025
36412	0.025
37816	0.025
39172	0.025
39185	0.025
40251	0.025
42472	0.025
42518	0.025
42608	0.025
42929	0.025
43191	0.025
44276	0.025
45616	0.025
45624	0.025
46718	0.025
46834	0.025
48513	0.025
52330	0.025
52360	0.025
53254	0.025
53339	0.025
53442	0.025
53856	0.025
54675	0.025
56246	0.025
57324	0.025
60238	0.025
60362	0.025
60375	0.025
60522	0.025
55841	0.0247933884298
1269	0.0246913580247
32659	0.0246913580247
40356	0.0246913580247
47668	0.0246913580247
51464	0.0246913580247
38671	0.0245398773006
2062	0.0243902439024
2655	0.0243902439024
4730	0.0243902439024
5399	0.0243902439024
7038	0.0243902439024
8517	0.0243902439024
10261	0.0243902439024
11575	0.0243902439024
13865	0.0243902439024
13872	0.0243902439024
14915	0.0243902439024
16461	0.0243902439024
16557	0.0243902439024
17038	0.0243902439024
17044	0.0243902439024
17609	0.0243902439024
17665	0.0243902439024
17995	0.0243902439024
20014	0.0243902439024
20246	0.0243902439024
20502	0.0243902439024
21722	0.0243902439024
22762	0.0243902439024
22778	0.0243902439024
24427	0.0243902439024
29112	0.0243902439024
29778	0.0243902439024
30032	0.0243902439024
30840	0.0243902439024
32761	0.0243902439024
33572	0.0243902439024
34077	0.0243902439024
34349	0.0243902439024
36145	0.0243902439024
36887	0.0243902439024
41150	0.0243902439024
41384	0.0243902439024
41542	0.0243902439024
41545	0.0243902439024
42275	0.0243902439024
42793	0.0243902439024
43605	0.0243902439024
48451	0.0243902439024
49006	0.0243902439024
49433	0.0243902439024
49819	0.0243902439024
50968	0.0243902439024
51181	0.0243902439024
51618	0.0243902439024
51633	0.0243902439024
52026	0.0243902439024
52113	0.0243902439024
52650	0.0243902439024
53005	0.0243902439024
53033	0.0243902439024
58011	0.0243902439024
59289	0.0243902439024
59568	0.0243902439024
59853	0.0243902439024
60134	0.0243902439024
60628	0.0243902439024
51359	0.0241935483871
1555	0.0240963855422
14122	0.0240963855422
20376	0.0240963855422
35413	0.0240963855422
177	0.0238095238095
472	0.0238095238095
1176	0.0238095238095
1473	0.0238095238095
2029	0.0238095238095
2173	0.0238095238095
3423	0.0238095238095
3750	0.0238095238095
3931	0.0238095238095
4409	0.0238095238095
5504	0.0238095238095
8279	0.0238095238095
11550	0.0238095238095
13099	0.0238095238095
13338	0.0238095238095
15055	0.0238095238095
15154	0.0238095238095
15543	0.0238095238095
17280	0.0238095238095
17784	0.0238095238095
18476	0.0238095238095
18719	0.0238095238095
19520	0.0238095238095
25386	0.0238095238095
26478	0.0238095238095
26601	0.0238095238095
28459	0.0238095238095
29675	0.0238095238095
30281	0.0238095238095
30885	0.0238095238095
32553	0.0238095238095
34966	0.0238095238095
41715	0.0238095238095
41861	0.0238095238095
42773	0.0238095238095
43894	0.0238095238095
44787	0.0238095238095
47684	0.0238095238095
49075	0.0238095238095
50507	0.0238095238095
50697	0.0238095238095
51062	0.0238095238095
51301	0.0238095238095
51807	0.0238095238095
51930	0.0238095238095
52191	0.0238095238095
52205	0.0238095238095
52210	0.0238095238095
52482	0.0238095238095
52767	0.0238095238095
59629	0.0238095238095
59841	0.0238095238095
52536	0.0236220472441
38569	0.0235294117647
251	0.0232558139535
3740	0.0232558139535
3953	0.0232558139535
5495	0.0232558139535
6166	0.0232558139535
6522	0.0232558139535
7757	0.0232558139535
10058	0.0232558139535
10128	0.0232558139535
11473	0.0232558139535
11485	0.0232558139535
11533	0.0232558139535
12790	0.0232558139535
12860	0.0232558139535
13730	0.0232558139535
20330	0.0232558139535
20404	0.0232558139535
20966	0.0232558139535
24455	0.0232558139535
25552	0.0232558139535
26782	0.0232558139535
26826	0.0232558139535
27190	0.0232558139535
30701	0.0232558139535
32554	0.0232558139535
32752	0.0232558139535
34075	0.0232558139535
35935	0.0232558139535
36323	0.0232558139535
37949	0.0232558139535
38096	0.0232558139535
39408	0.0232558139535
40280	0.0232558139535
41673	0.0232558139535
41798	0.0232558139535
42304	0.0232558139535
43093	0.0232558139535
43096	0.0232558139535
43535	0.0232558139535
48547	0.0232558139535
49064	0.0232558139535
49205	0.0232558139535
49840	0.0232558139535
50306	0.0232558139535
51153	0.0232558139535
51626	0.0232558139535
52412	0.0232558139535
52486	0.0232558139535
53200	0.0232558139535
56683	0.0232558139535
59337	0.0232558139535
59572	0.0232558139535
59682	0.0232558139535
59732	0.0232558139535
59800	0.0232558139535
16449	0.023102310231
1853	0.0230414746544
4804	0.0229885057471
35199	0.0229885057471
52309	0.0229885057471
60215	0.0229885057471
27582	0.0229007633588
39404	0.0229007633588
382	0.0227272727273
2453	0.0227272727273
2683	0.0227272727273
2775	0.0227272727273
4400	0.0227272727273
4413	0.0227272727273
4779	0.0227272727273
6906	0.0227272727273
7302	0.0227272727273
7333	0.0227272727273
7506	0.0227272727273
8112	0.0227272727273
11827	0.0227272727273
13223	0.0227272727273
13786	0.0227272727273
15314	0.0227272727273
17259	0.0227272727273
17849	0.0227272727273
18142	0.0227272727273
18315	0.0227272727273
22523	0.0227272727273
23064	0.0227272727273
24681	0.0227272727273
29449	0.0227272727273
30965	0.0227272727273
31166	0.0227272727273
31320	0.0227272727273
31396	0.0227272727273
31874	0.0227272727273
33591	0.0227272727273
33971	0.0227272727273
34817	0.0227272727273
37570	0.0227272727273
42130	0.0227272727273
42973	0.0227272727273
43784	0.0227272727273
44580	0.0227272727273
44749	0.0227272727273
45119	0.0227272727273
46215	0.0227272727273
49420	0.0227272727273
49673	0.0227272727273
49832	0.0227272727273
50559	0.0227272727273
50858	0.0227272727273
51475	0.0227272727273
51812	0.0227272727273
51986	0.0227272727273
52679	0.0227272727273
52972	0.0227272727273
57722	0.0227272727273
57736	0.0227272727273
59888	0.0227272727273
59890	0.0227272727273
60990	0.0227272727273
2618	0.0224719101124
16969	0.0224719101124
34749	0.0224719101124
34950	0.0224719101124
36411	0.0224719101124
50883	0.0224719101124
1657	0.0222222222222
2569	0.0222222222222
2940	0.0222222222222
5030	0.0222222222222
5145	0.0222222222222
6782	0.0222222222222
8236	0.0222222222222
9845	0.0222222222222
10158	0.0222222222222
11559	0.0222222222222
11777	0.0222222222222
12645	0.0222222222222
14725	0.0222222222222
15219	0.0222222222222
16351	0.0222222222222
21463	0.0222222222222
21476	0.0222222222222
21612	0.0222222222222
23472	0.0222222222222
24387	0.0222222222222
25724	0.0222222222222
32657	0.0222222222222
34736	0.0222222222222
35381	0.0222222222222
35525	0.0222222222222
37788	0.0222222222222
38920	0.0222222222222
39588	0.0222222222222
39622	0.0222222222222
40424	0.0222222222222
40566	0.0222222222222
41494	0.0222222222222
41644	0.0222222222222
42049	0.0222222222222
42232	0.0222222222222
42342	0.0222222222222
42515	0.0222222222222
42554	0.0222222222222
43425	0.0222222222222
44953	0.0222222222222
48753	0.0222222222222
52077	0.0222222222222
52857	0.0222222222222
52920	0.0222222222222
54043	0.0222222222222
58834	0.0222222222222
59086	0.0222222222222
60085	0.0222222222222
60404	0.0222222222222
18698	0.021978021978
41620	0.021978021978
51820	0.021978021978
59906	0.021978021978
186	0.0217391304348
1179	0.0217391304348
1476	0.0217391304348
3968	0.0217391304348
5271	0.0217391304348
5645	0.0217391304348
7344	0.0217391304348
7696	0.0217391304348
9198	0.0217391304348
9757	0.0217391304348
10145	0.0217391304348
10443	0.0217391304348
11217	0.0217391304348
11221	0.0217391304348
15461	0.0217391304348
15915	0.0217391304348
16233	0.0217391304348
17054	0.0217391304348
18273	0.0217391304348
20461	0.0217391304348
20990	0.0217391304348
22350	0.0217391304348
22728	0.0217391304348
24285	0.0217391304348
27392	0.0217391304348
29367	0.0217391304348
29698	0.0217391304348
30225	0.0217391304348
33985	0.0217391304348
35260	0.0217391304348
36414	0.0217391304348
37933	0.0217391304348
40663	0.0217391304348
41395	0.0217391304348
42295	0.0217391304348
42556	0.0217391304348
43275	0.0217391304348
43923	0.0217391304348
45596	0.0217391304348
47140	0.0217391304348
48222	0.0217391304348
48933	0.0217391304348
49316	0.0217391304348
50741	0.0217391304348
50751	0.0217391304348
51171	0.0217391304348
51302	0.0217391304348
51353	0.0217391304348
51589	0.0217391304348
51976	0.0217391304348
51994	0.0217391304348
52023	0.0217391304348
3946	0.0216216216216
3684	0.0215053763441
30195	0.0215053763441
37163	0.0215053763441
38739	0.0215053763441
38899	0.0215053763441
53001	0.0214285714286
1192	0.0212765957447
2053	0.0212765957447
2573	0.0212765957447
3694	0.0212765957447
4862	0.0212765957447
5114	0.0212765957447
5205	0.0212765957447
5273	0.0212765957447
7886	0.0212765957447
9621	0.0212765957447
11243	0.0212765957447
12001	0.0212765957447
12430	0.0212765957447
12733	0.0212765957447
15429	0.0212765957447
16193	0.0212765957447
18277	0.0212765957447
18612	0.0212765957447
20513	0.0212765957447
21753	0.0212765957447
21798	0.0212765957447
22078	0.0212765957447
22660	0.0212765957447
26156	0.0212765957447
27180	0.0212765957447
27239	0.0212765957447
28246	0.0212765957447
30695	0.0212765957447
32065	0.0212765957447
33797	0.0212765957447
36723	0.0212765957447
39607	0.0212765957447
39782	0.0212765957447
41057	0.0212765957447
41502	0.0212765957447
41990	0.0212765957447
42269	0.0212765957447
42501	0.0212765957447
43586	0.0212765957447
46681	0.0212765957447
47104	0.0212765957447
47635	0.0212765957447
51610	0.0212765957447
52043	0.0212765957447
53014	0.0212765957447
53085	0.0212765957447
53248	0.0212765957447
53289	0.0212765957447
56485	0.0212765957447
60051	0.0212765957447
61074	0.0212765957447
5230	0.021164021164
7751	0.021164021164
3669	0.0210526315789
7614	0.0210526315789
10439	0.0210526315789
51087	0.0210526315789
51988	0.020979020979
607	0.0208333333333
3108	0.0208333333333
3577	0.0208333333333
5200	0.0208333333333
7963	0.0208333333333
8222	0.0208333333333
8736	0.0208333333333
10097	0.0208333333333
10573	0.0208333333333
13146	0.0208333333333
16446	0.0208333333333
17919	0.0208333333333
18240	0.0208333333333
18630	0.0208333333333
18715	0.0208333333333
19460	0.0208333333333
19656	0.0208333333333
19959	0.0208333333333
21157	0.0208333333333
22458	0.0208333333333
24368	0.0208333333333
24886	0.0208333333333
27813	0.0208333333333
30834	0.0208333333333
30866	0.0208333333333
32136	0.0208333333333
32142	0.0208333333333
33124	0.0208333333333
34818	0.0208333333333
37608	0.0208333333333
38314	0.0208333333333
39161	0.0208333333333
41055	0.0208333333333
42072	0.0208333333333
42171	0.0208333333333
45297	0.0208333333333
47206	0.0208333333333
48381	0.0208333333333
49279	0.0208333333333
51275	0.0208333333333
51448	0.0208333333333
51586	0.0208333333333
51666	0.0208333333333
52002	0.0208333333333
53260	0.0208333333333
55204	0.0208333333333
59728	0.0208333333333
60986	0.0208333333333
33762	0.0207468879668
2917	0.020618556701
5754	0.020618556701
14757	0.020618556701
43327	0.020618556701
45459	0.020618556701
52055	0.0205761316872
1763	0.0204081632653
1983	0.0204081632653
2888	0.0204081632653
3275	0.0204081632653
4598	0.0204081632653
4701	0.0204081632653
4758	0.0204081632653
17877	0.0204081632653
18265	0.0204081632653
21012	0.0204081632653
22353	0.0204081632653
22586	0.0204081632653
22909	0.0204081632653
23605	0.0204081632653
24221	0.0204081632653
24357	0.0204081632653
24721	0.0204081632653
25488	0.0204081632653
26431	0.0204081632653
29601	0.0204081632653
29623	0.0204081632653
30933	0.0204081632653
31484	0.0204081632653
34200	0.0204081632653
36208	0.0204081632653
37512	0.0204081632653
41028	0.0204081632653
41703	0.0204081632653
42373	0.0204081632653
43580	0.0204081632653
44750	0.0204081632653
46508	0.0204081632653
48524	0.0204081632653
51917	0.0204081632653
51924	0.0204081632653
51999	0.0204081632653
52621	0.0204081632653
52981	0.0204081632653
52993	0.0204081632653
53160	0.0204081632653
53251	0.0204081632653
53405	0.0204081632653
55172	0.0204081632653
61015	0.0204081632653
30901	0.0203045685279
31879	0.0202429149798
25273	0.020202020202
52693	0.020202020202
29543	0.0201342281879
37577	0.0201342281879
27171	0.0200668896321
2830	0.02
5188	0.02
8142	0.02
8423	0.02
11392	0.02
11814	0.02
12584	0.02
13353	0.02
15823	0.02
16934	0.02
17104	0.02
17714	0.02
18765	0.02
20629	0.02
25308	0.02
26661	0.02
27377	0.02
29082	0.02
29333	0.02
32516	0.02
32958	0.02
34132	0.02
34375	0.02
37623	0.02
37796	0.02
38257	0.02
39213	0.02
41020	0.02
41104	0.02
41714	0.02
42203	0.02
42458	0.02
43174	0.02
43488	0.02
46731	0.02
48532	0.02
49284	0.02
50949	0.02
51210	0.02
51264	0.02
52387	0.02
52835	0.02
53061	0.02
53070	0.02
59515	0.02
60354	0.02
5367	0.0199004975124
18183	0.0199004975124
5634	0.0198675496689
11087	0.0198675496689
1588	0.0196078431373
2124	0.0196078431373
2461	0.0196078431373
5133	0.0196078431373
6537	0.0196078431373
7605	0.0196078431373
8744	0.0196078431373
12525	0.0196078431373
13091	0.0196078431373
13633	0.0196078431373
14451	0.0196078431373
16836	0.0196078431373
16862	0.0196078431373
18217	0.0196078431373
19428	0.0196078431373
22924	0.0196078431373
23984	0.0196078431373
26313	0.0196078431373
26538	0.0196078431373
27629	0.0196078431373
31164	0.0196078431373
31371	0.0196078431373
34140	0.0196078431373
34467	0.0196078431373
34529	0.0196078431373
34851	0.0196078431373
34976	0.0196078431373
36684	0.0196078431373
37118	0.0196078431373
39749	0.0196078431373
39864	0.0196078431373
41476	0.0196078431373
42471	0.0196078431373
42775	0.0196078431373
46611	0.0196078431373
51177	0.0196078431373
51569	0.0196078431373
52041	0.0196078431373
52522	0.0196078431373
52534	0.0196078431373
59603	0.0196078431373
59962	0.0196078431373
2142	0.0194986072423
13058	0.0194805194805
18278	0.0194805194805
12831	0.0194174757282
28369	0.0194174757282
35516	0.0194174757282
41142	0.0194174757282
48475	0.0194174757282
50871	0.0194174757282
52079	0.0194174757282
52733	0.0194174757282
20818	0.0193236714976
637	0.0192307692308
762	0.0192307692308
1387	0.0192307692308
1449	0.0192307692308
2059	0.0192307692308
2679	0.0192307692308
3366	0.0192307692308
4509	0.0192307692308
5408	0.0192307692308
6343	0.0192307692308
7029	0.0192307692308
8228	0.0192307692308
8406	0.0192307692308
9188	0.0192307692308
11706	0.0192307692308
13528	0.0192307692308
14546	0.0192307692308
16118	0.0192307692308
17917	0.0192307692308
18162	0.0192307692308
19921	0.0192307692308
21407	0.0192307692308
27385	0.0192307692308
30101	0.0192307692308
33275	0.0192307692308
33999	0.0192307692308
36440	0.0192307692308
37224	0.0192307692308
37789	0.0192307692308
41227	0.0192307692308
42346	0.0192307692308
42498	0.0192307692308
42508	0.0192307692308
42952	0.0192307692308
43472	0.0192307692308
43504	0.0192307692308
44378	0.0192307692308
49745	0.0192307692308
49986	0.0192307692308
50861	0.0192307692308
51161	0.0192307692308
51568	0.0192307692308
51695	0.0192307692308
53434	0.0192307692308
56073	0.0192307692308
56123	0.0192307692308
56814	0.0192307692308
59985	0.0192307692308
60265	0.0192307692308
60556	0.0192307692308
14573	0.0190476190476
36054	0.0190476190476
51905	0.0190476190476
7198	0.0189573459716
218	0.0188679245283
4449	0.0188679245283
6576	0.0188679245283
7280	0.0188679245283
7619	0.0188679245283
9427	0.0188679245283
11658	0.0188679245283
12737	0.0188679245283
17228	0.0188679245283
17695	0.0188679245283
19081	0.0188679245283
22524	0.0188679245283
23186	0.0188679245283
24432	0.0188679245283
30599	0.0188679245283
30898	0.0188679245283
30927	0.0188679245283
34619	0.0188679245283
35537	0.0188679245283
36601	0.0188679245283
36901	0.0188679245283
37706	0.0188679245283
41418	0.0188679245283
41630	0.0188679245283
42519	0.0188679245283
42690	0.0188679245283
42702	0.0188679245283
42855	0.0188679245283
43760	0.0188679245283
45140	0.0188679245283
46056	0.0188679245283
47290	0.0188679245283
48903	0.0188679245283
49965	0.0188679245283
51883	0.0188679245283
59736	0.0188679245283
60466	0.0188679245283
14115	0.0188087774295
41530	0.018779342723
41181	0.01875
28621	0.018691588785
42369	0.018691588785
43150	0.018691588785
458	0.0185185185185
1950	0.0185185185185
2945	0.0185185185185
4877	0.0185185185185
6552	0.0185185185185
8827	0.0185185185185
10787	0.0185185185185
12403	0.0185185185185
12459	0.0185185185185
15442	0.0185185185185
18642	0.0185185185185
18954	0.0185185185185
20283	0.0185185185185
24577	0.0185185185185
24775	0.0185185185185
25803	0.0185185185185
27821	0.0185185185185
33144	0.0185185185185
38265	0.0185185185185
41608	0.0185185185185
41778	0.0185185185185
41820	0.0185185185185
43102	0.0185185185185
43532	0.0185185185185
44951	0.0185185185185
49406	0.0185185185185
49415	0.0185185185185
51717	0.0185185185185
52344	0.0185185185185
52633	0.0185185185185
23999	0.0184615384615
40541	0.0184331797235
494	0.0184049079755
819	0.0183486238532
7739	0.0183486238532
22731	0.0183486238532
175	0.0181818181818
401	0.0181818181818
850	0.0181818181818
1286	0.0181818181818
1847	0.0181818181818
2676	0.0181818181818
2942	0.0181818181818
3047	0.0181818181818
3523	0.0181818181818
4309	0.0181818181818
9258	0.0181818181818
11096	0.0181818181818
11421	0.0181818181818
15444	0.0181818181818
15458	0.0181818181818
16858	0.0181818181818
20891	0.0181818181818
22009	0.0181818181818
23521	0.0181818181818
27691	0.0181818181818
27952	0.0181818181818
28975	0.0181818181818
29122	0.0181818181818
31020	0.0181818181818
31796	0.0181818181818
33356	0.0181818181818
34005	0.0181818181818
34768	0.0181818181818
36416	0.0181818181818
37977	0.0181818181818
38654	0.0181818181818
39651	0.0181818181818
41817	0.0181818181818
42550	0.0181818181818
42667	0.0181818181818
42829	0.0181818181818
43006	0.0181818181818
48769	0.0181818181818
49257	0.0181818181818
50598	0.0181818181818
50993	0.0181818181818
51908	0.0181818181818
59649	0.0181818181818
1039	0.0180722891566
35728	0.0180722891566
160	0.018018018018
1638	0.018018018018
8519	0.018018018018
41019	0.018018018018
49985	0.018018018018
8397	0.0179775280899
22830	0.0179640718563
2277	0.0178571428571
4336	0.0178571428571
5393	0.0178571428571
9337	0.0178571428571
10344	0.0178571428571
10398	0.0178571428571
11185	0.0178571428571
11630	0.0178571428571
11812	0.0178571428571
15026	0.0178571428571
17715	0.0178571428571
20858	0.0178571428571
24600	0.0178571428571
26850	0.0178571428571
27240	0.0178571428571
28242	0.0178571428571
30259	0.0178571428571
34505	0.0178571428571
34656	0.0178571428571
36188	0.0178571428571
36926	0.0178571428571
37572	0.0178571428571
38458	0.0178571428571
41339	0.0178571428571
41723	0.0178571428571
43986	0.0178571428571
44190	0.0178571428571
44310	0.0178571428571
46201	0.0178571428571
47336	0.0178571428571
48574	0.0178571428571
50098	0.0178571428571
50533	0.0178571428571
51305	0.0178571428571
51617	0.0178571428571
51860	0.0178571428571
52009	0.0178571428571
54601	0.0178571428571
55438	0.0178571428571
59857	0.0178571428571
51071	0.0177514792899
95	0.0176991150442
17008	0.0176991150442
34865	0.0176991150442
41101	0.0176991150442
41269	0.0176991150442
2152	0.017667844523
5768	0.017578125
390	0.0175438596491
626	0.0175438596491
733	0.0175438596491
1887	0.0175438596491
2467	0.0175438596491
3516	0.0175438596491
5581	0.0175438596491
7157	0.0175438596491
10332	0.0175438596491
10837	0.0175438596491
12386	0.0175438596491
12401	0.0175438596491
12802	0.0175438596491
13110	0.0175438596491
14509	0.0175438596491
15721	0.0175438596491
17998	0.0175438596491
18338	0.0175438596491
19288	0.0175438596491
19290	0.0175438596491
19675	0.0175438596491
23071	0.0175438596491
24503	0.0175438596491
25786	0.0175438596491
26133	0.0175438596491
29913	0.0175438596491
31358	0.0175438596491
31436	0.0175438596491
31544	0.0175438596491
34072	0.0175438596491
34204	0.0175438596491
34861	0.0175438596491
35810	0.0175438596491
36221	0.0175438596491
37167	0.0175438596491
37588	0.0175438596491
38953	0.0175438596491
39286	0.0175438596491
41083	0.0175438596491
41316	0.0175438596491
41535	0.0175438596491
41669	0.0175438596491
41700	0.0175438596491
42502	0.0175438596491
42822	0.0175438596491
43134	0.0175438596491
46084	0.0175438596491
46690	0.0175438596491
51708	0.0175438596491
51975	0.0175438596491
52461	0.0175438596491
52712	0.0175438596491
52800	0.0175438596491
52856	0.0175438596491
55890	0.0175438596491
59137	0.0175438596491
60207	0.0175438596491
60274	0.0175438596491
41326	0.0174825174825
1739	0.0174672489083
3859	0.0174672489083
876	0.0173913043478
1393	0.0173913043478
3861	0.0173913043478
17383	0.0173913043478
21583	0.0173913043478
52362	0.0173913043478
52741	0.0173913043478
29861	0.017316017316
1049	0.0172413793103
1071	0.0172413793103
4647	0.0172413793103
6095	0.0172413793103
7525	0.0172413793103
12117	0.0172413793103
14303	0.0172413793103
16806	0.0172413793103
18378	0.0172413793103
18771	0.0172413793103
19034	0.0172413793103
19803	0.0172413793103
27033	0.0172413793103
27452	0.0172413793103
27856	0.0172413793103
28574	0.0172413793103
34101	0.0172413793103
35376	0.0172413793103
36259	0.0172413793103
36348	0.0172413793103
38471	0.0172413793103
39934	0.0172413793103
40620	0.0172413793103
41383	0.0172413793103
41484	0.0172413793103
41955	0.0172413793103
41974	0.0172413793103
42335	0.0172413793103
46729	0.0172413793103
46882	0.0172413793103
50940	0.0172413793103
51044	0.0172413793103
51188	0.0172413793103
51298	0.0172413793103
51579	0.0172413793103
51652	0.0172413793103
51874	0.0172413793103
60589	0.0172413793103
29739	0.0171821305842
19687	0.0171428571429
21666	0.017094017094
28749	0.017094017094
31692	0.017094017094
10844	0.0170454545455
34929	0.0170212765957
3139	0.0170068027211
1323	0.0169491525424
1411	0.0169491525424
2943	0.0169491525424
3589	0.0169491525424
3852	0.0169491525424
4739	0.0169491525424
7476	0.0169491525424
7546	0.0169491525424
7656	0.0169491525424
9273	0.0169491525424
9686	0.0169491525424
11012	0.0169491525424
11569	0.0169491525424
12784	0.0169491525424
13212	0.0169491525424
13735	0.0169491525424
16458	0.0169491525424
17239	0.0169491525424
18336	0.0169491525424
20335	0.0169491525424
20708	0.0169491525424
21373	0.0169491525424
23843	0.0169491525424
28077	0.0169491525424
28789	0.0169491525424
32757	0.0169491525424
33652	0.0169491525424
34151	0.0169491525424
35160	0.0169491525424
37302	0.0169491525424
40248	0.0169491525424
41065	0.0169491525424
41410	0.0169491525424
42152	0.0169491525424
42597	0.0169491525424
43643	0.0169491525424
47234	0.0169491525424
51175	0.0169491525424
51439	0.0169491525424
51565	0.0169491525424
53276	0.0169491525424
60020	0.0169491525424
60283	0.0169491525424
6254	0.0168067226891
14832	0.0168067226891
23514	0.0168067226891
23990	0.0168067226891
31494	0.0168067226891
36366	0.0168067226891
51707	0.0168067226891
59627	0.0168067226891
3486	0.0167597765363
924	0.0166666666667
1666	0.0166666666667
2787	0.0166666666667
2899	0.0166666666667
3742	0.0166666666667
4193	0.0166666666667
4506	0.0166666666667
5455	0.0166666666667
6961	0.0166666666667
13707	0.0166666666667
15198	0.0166666666667
15228	0.0166666666667
15717	0.0166666666667
28348	0.0166666666667
30058	0.0166666666667
35710	0.0166666666667
35723	0.0166666666667
37589	0.0166666666667
38088	0.0166666666667
38291	0.0166666666667
38605	0.0166666666667
38663	0.0166666666667
40401	0.0166666666667
40981	0.0166666666667
41082	0.0166666666667
42300	0.0166666666667
43337	0.0166666666667
50173	0.0166666666667
51253	0.0166666666667
51824	0.0166666666667
52361	0.0166666666667
52675	0.0166666666667
53267	0.0166666666667
59563	0.0166666666667
59566	0.0166666666667
59661	0.0166666666667
59832	0.0166666666667
60252	0.0166666666667
38800	0.0165745856354
10492	0.0165289256198
11378	0.0165289256198
11784	0.0165289256198
21312	0.0165289256198
32832	0.016501650165
2574	0.0164835164835
35360	0.0164835164835
252	0.016393442623
1569	0.016393442623
3413	0.016393442623
3425	0.016393442623
6383	0.016393442623
11154	0.016393442623
11235	0.016393442623
11746	0.016393442623
28396	0.016393442623
31374	0.016393442623
34879	0.016393442623
35242	0.016393442623
35549	0.016393442623
39013	0.016393442623
41049	0.016393442623
42636	0.016393442623
42989	0.016393442623
43213	0.016393442623
45717	0.016393442623
47265	0.016393442623
47335	0.016393442623
47448	0.016393442623
51159	0.016393442623
52644	0.016393442623
52774	0.016393442623
52903	0.016393442623
55861	0.016393442623
60281	0.016393442623
29453	0.016348773842
29724	0.016339869281
22104	0.0163043478261
17886	0.0162601626016
24612	0.0162601626016
50957	0.0162162162162
51699	0.0162162162162
40318	0.0161943319838
7437	0.0161290322581
13920	0.0161290322581
14360	0.0161290322581
15802	0.0161290322581
19032	0.0161290322581
21386	0.0161290322581
21933	0.0161290322581
22195	0.0161290322581
24888	0.0161290322581
26526	0.0161290322581
29835	0.0161290322581
29958	0.0161290322581
31032	0.0161290322581
35180	0.0161290322581
36060	0.0161290322581
39419	0.0161290322581
41203	0.0161290322581
41551	0.0161290322581
41735	0.0161290322581
42074	0.0161290322581
42283	0.0161290322581
42678	0.0161290322581
50337	0.0161290322581
51556	0.0161290322581
51786	0.0161290322581
59514	0.0161290322581
59691	0.0161290322581
59879	0.0161290322581
42954	0.0160427807487
51168	0.0160427807487
3077	0.016
18958	0.016
25918	0.016
37052	0.016
34241	0.0159574468085
23011	0.015923566879
20506	0.0159151193634
4488	0.015873015873
11160	0.015873015873
13120	0.015873015873
14270	0.015873015873
17764	0.015873015873
17948	0.015873015873
18763	0.015873015873
20716	0.015873015873
21712	0.015873015873
27078	0.015873015873
27218	0.015873015873
29596	0.015873015873
29645	0.015873015873
31125	0.015873015873
31954	0.015873015873
37473	0.015873015873
41336	0.015873015873
41788	0.015873015873
42516	0.015873015873
45878	0.015873015873
47456	0.015873015873
47807	0.015873015873
48238	0.015873015873
51116	0.015873015873
51152	0.015873015873
51247	0.015873015873
52232	0.015873015873
52334	0.015873015873
59815	0.015873015873
60999	0.015873015873
4900	0.0158102766798
24126	0.0158102766798
14206	0.0157894736842
40992	0.0157894736842
11	0.015763546798
3317	0.0157480314961
22031	0.0157480314961
23789	0.0157480314961
42135	0.0157480314961
51989	0.0157480314961
955	0.0157068062827
33727	0.0157068062827
41042	0.0156739811912
2707	0.015625
3025	0.015625
4327	0.015625
6634	0.015625
6752	0.015625
13086	0.015625
14209	0.015625
14347	0.015625
17188	0.015625
18334	0.015625
18610	0.015625
19301	0.015625
20779	0.015625
22563	0.015625
26174	0.015625
26837	0.015625
27859	0.015625
36743	0.015625
37780	0.015625
41550	0.015625
41892	0.015625
41961	0.015625
43755	0.015625
45481	0.015625
48295	0.015625
50897	0.015625
51139	0.015625
52886	0.015625
53110	0.015625
55950	0.015625
60445	0.015625
61215	0.015625
40975	0.0155440414508
51011	0.015503875969
51173	0.015503875969
68	0.0153846153846
3216	0.0153846153846
5946	0.0153846153846
6363	0.0153846153846
6391	0.0153846153846
8906	0.0153846153846
9052	0.0153846153846
10694	0.0153846153846
11770	0.0153846153846
14214	0.0153846153846
15206	0.0153846153846
16283	0.0153846153846
19683	0.0153846153846
20261	0.0153846153846
26741	0.0153846153846
27949	0.0153846153846
30193	0.0153846153846
33068	0.0153846153846
33305	0.0153846153846
33954	0.0153846153846
36024	0.0153846153846
38763	0.0153846153846
41172	0.0153846153846
41215	0.0153846153846
41915	0.0153846153846
42315	0.0153846153846
44375	0.0153846153846
50348	0.0153846153846
51482	0.0153846153846
51657	0.0153846153846
52123	0.0153846153846
52998	0.0153846153846
59957	0.0153846153846
41054	0.0153256704981
51655	0.015306122449
19126	0.0152671755725
900	0.015243902439
50901	0.015243902439
14207	0.0151898734177
29218	0.0151898734177
5673	0.0151802656546
75	0.0151515151515
2243	0.0151515151515
2600	0.0151515151515
3120	0.0151515151515
3828	0.0151515151515
4044	0.0151515151515
4765	0.0151515151515
9207	0.0151515151515
11824	0.0151515151515
11871	0.0151515151515
13771	0.0151515151515
13947	0.0151515151515
23248	0.0151515151515
24605	0.0151515151515
24874	0.0151515151515
25885	0.0151515151515
25930	0.0151515151515
27921	0.0151515151515
30131	0.0151515151515
31041	0.0151515151515
40030	0.0151515151515
41076	0.0151515151515
41795	0.0151515151515
41970	0.0151515151515
43222	0.0151515151515
50344	0.0151515151515
51345	0.0151515151515
51347	0.0151515151515
52523	0.0151515151515
53372	0.0151515151515
59584	0.0151515151515
60272	0.0151515151515
12121	0.0151057401813
52332	0.0150943396226
25113	0.0150829562594
41126	0.0150602409639
18973	0.015037593985
20111	0.015037593985
49408	0.015037593985
1094	0.0149253731343
3743	0.0149253731343
4919	0.0149253731343
7251	0.0149253731343
7367	0.0149253731343
7715	0.0149253731343
8774	0.0149253731343
9130	0.0149253731343
13128	0.0149253731343
13254	0.0149253731343
14390	0.0149253731343
15986	0.0149253731343
19840	0.0149253731343
26843	0.0149253731343
29318	0.0149253731343
31157	0.0149253731343
31676	0.0149253731343
31991	0.0149253731343
33788	0.0149253731343
37215	0.0149253731343
39006	0.0149253731343
39550	0.0149253731343
40036	0.0149253731343
40633	0.0149253731343
44425	0.0149253731343
50771	0.0149253731343
52898	0.0149253731343
59548	0.0149253731343
60610	0.0149253731343
11664	0.014888337469
30445	0.0148698884758
7505	0.0148514851485
18112	0.0148514851485
41243	0.0148367952522
3507	0.0148148148148
32411	0.0148148148148
33510	0.0148148148148
34724	0.0148148148148
40970	0.0148148148148
47292	0.0148148148148
18661	0.0147783251232
23667	0.0147601476015
1584	0.0147058823529
3059	0.0147058823529
3199	0.0147058823529
12753	0.0147058823529
12776	0.0147058823529
12795	0.0147058823529
13005	0.0147058823529
14646	0.0147058823529
18291	0.0147058823529
19660	0.0147058823529
22625	0.0147058823529
26652	0.0147058823529
26817	0.0147058823529
30782	0.0147058823529
36494	0.0147058823529
36798	0.0147058823529
41166	0.0147058823529
41289	0.0147058823529
41328	0.0147058823529
42073	0.0147058823529
42211	0.0147058823529
43066	0.0147058823529
43461	0.0147058823529
45345	0.0147058823529
46515	0.0147058823529
51468	0.0147058823529
52273	0.0147058823529
53158	0.0147058823529
51549	0.014598540146
61083	0.014598540146
24889	0.0145631067961
40982	0.0145348837209
1801	0.0144927536232
2480	0.0144927536232
3223	0.0144927536232
5880	0.0144927536232
6218	0.0144927536232
8873	0.0144927536232
10468	0.0144927536232
11022	0.0144927536232
11169	0.0144927536232
11854	0.0144927536232
15211	0.0144927536232
16397	0.0144927536232
18361	0.0144927536232
19320	0.0144927536232
21349	0.0144927536232
24031	0.0144927536232
26773	0.0144927536232
27500	0.0144927536232
30938	0.0144927536232
32862	0.0144927536232
34920	0.0144927536232
35703	0.0144927536232
36976	0.0144927536232
39663	0.0144927536232
42350	0.0144927536232
42854	0.0144927536232
45163	0.0144927536232
45884	0.0144927536232
46674	0.0144927536232
48996	0.0144927536232
50991	0.0144927536232
16956	0.014440433213
41347	0.014440433213
888	0.0143884892086
2927	0.0143884892086
5354	0.0143884892086
34199	0.0143369175627
41156	0.0143266475645
2215	0.0142857142857
4702	0.0142857142857
5165	0.0142857142857
12608	0.0142857142857
13271	0.0142857142857
13373	0.0142857142857
14251	0.0142857142857
14658	0.0142857142857
15820	0.0142857142857
17139	0.0142857142857
18679	0.0142857142857
20490	0.0142857142857
22876	0.0142857142857
24575	0.0142857142857
25623	0.0142857142857
26235	0.0142857142857
27516	0.0142857142857
28627	0.0142857142857
31516	0.0142857142857
38273	0.0142857142857
39126	0.0142857142857
41009	0.0142857142857
41599	0.0142857142857
42167	0.0142857142857
46469	0.0142857142857
47638	0.0142857142857
50812	0.0142857142857
58837	0.0142857142857
16076	0.0142180094787
1324	0.0141843971631
4006	0.0141843971631
33577	0.0141843971631
41284	0.0141843971631
23782	0.0141414141414
51178	0.0141342756184
1237	0.0140845070423
1369	0.0140845070423
2071	0.0140845070423
2169	0.0140845070423
4048	0.0140845070423
11232	0.0140845070423
14672	0.0140845070423
18199	0.0140845070423
18703	0.0140845070423
22143	0.0140845070423
22877	0.0140845070423
23046	0.0140845070423
25075	0.0140845070423
26047	0.0140845070423
29317	0.0140845070423
29379	0.0140845070423
33627	0.0140845070423
33830	0.0140845070423
35508	0.0140845070423
36096	0.0140845070423
41110	0.0140845070423
41379	0.0140845070423
42741	0.0140845070423
43348	0.0140845070423
44153	0.0140845070423
45636	0.0140845070423
47445	0.0140845070423
49397	0.0140845070423
49431	0.0140845070423
51777	0.0140845070423
52260	0.0140845070423
52491	0.0140845070423
52963	0.0140845070423
48572	0.0140449438202
18556	0.0140350877193
35178	0.0140350877193
2090	0.013986013986
51689	0.013986013986
44433	0.0139534883721
36392	0.0139442231076
550	0.0138888888889
1973	0.0138888888889
2092	0.0138888888889
4015	0.0138888888889
6592	0.0138888888889
8159	0.0138888888889
12819	0.0138888888889
15288	0.0138888888889
16944	0.0138888888889
20098	0.0138888888889
22362	0.0138888888889
24980	0.0138888888889
26191	0.0138888888889
28971	0.0138888888889
31705	0.0138888888889
32406	0.0138888888889
35581	0.0138888888889
37897	0.0138888888889
38232	0.0138888888889
39341	0.0138888888889
41905	0.0138888888889
48189	0.0138888888889
48498	0.0138888888889
50864	0.0138888888889
51020	0.0138888888889
51767	0.0138888888889
51799	0.0138888888889
52367	0.0138888888889
52642	0.0138888888889
52837	0.0138888888889
2312	0.0138648180243
40980	0.0138648180243
4489	0.0138408304498
35021	0.0138408304498
1942	0.013698630137
14276	0.013698630137
22939	0.013698630137
29608	0.013698630137
30119	0.013698630137
32213	0.013698630137
33267	0.013698630137
34192	0.013698630137
35152	0.013698630137
39771	0.013698630137
41485	0.013698630137
41768	0.013698630137
44704	0.013698630137
51891	0.013698630137
17771	0.0136518771331
2084	0.0136363636364
47787	0.0136363636364
616	0.0136054421769
1087	0.0136054421769
12325	0.0136054421769
22408	0.0136054421769
22479	0.0136054421769
38330	0.0136054421769
41443	0.0136054421769
47050	0.0136054421769
51212	0.0136054421769
30899	0.0135970333745
41109	0.0135658914729
30794	0.0135593220339
35045	0.0135440180587
4556	0.0135135135135
8657	0.0135135135135
12050	0.0135135135135
13125	0.0135135135135
14439	0.0135135135135
15865	0.0135135135135
17462	0.0135135135135
17986	0.0135135135135
19773	0.0135135135135
25140	0.0135135135135
28438	0.0135135135135
29431	0.0135135135135
32412	0.0135135135135
32889	0.0135135135135
39658	0.0135135135135
40126	0.0135135135135
41536	0.0135135135135
42505	0.0135135135135
51057	0.0135135135135
51449	0.0135135135135
52112	0.0135135135135
52235	0.0135135135135
53174	0.0135135135135
53239	0.0135135135135
1676	0.013468013468
9625	0.0134529147982
4951	0.0134228187919
23532	0.0134228187919
28559	0.0134228187919
32809	0.0134228187919
15306	0.0133928571429
1435	0.0133333333333
3398	0.0133333333333
5055	0.0133333333333
5144	0.0133333333333
5618	0.0133333333333
7417	0.0133333333333
7430	0.0133333333333
9444	0.0133333333333
9653	0.0133333333333
9749	0.0133333333333
10166	0.0133333333333
17007	0.0133333333333
17098	0.0133333333333
18916	0.0133333333333
24109	0.0133333333333
26924	0.0133333333333
27872	0.0133333333333
28436	0.0133333333333
35747	0.0133333333333
41205	0.0133333333333
43202	0.0133333333333
50848	0.0133333333333
51526	0.0133333333333
59533	0.0133333333333
61245	0.0133333333333
50885	0.0132743362832
2104	0.0132450331126
21550	0.0132450331126
52018	0.0132450331126
5120	0.0131964809384
5503	0.0131826741996
1690	0.0131578947368
1927	0.0131578947368
5575	0.0131578947368
6003	0.0131578947368
9685	0.0131578947368
11095	0.0131578947368
11875	0.0131578947368
14714	0.0131578947368
16943	0.0131578947368
21806	0.0131578947368
31400	0.0131578947368
34108	0.0131578947368
34694	0.0131578947368
35926	0.0131578947368
36379	0.0131578947368
36489	0.0131578947368
38925	0.0131578947368
39078	0.0131578947368
39528	0.0131578947368
42075	0.0131578947368
42099	0.0131578947368
45135	0.0131578947368
47282	0.0131578947368
50508	0.0131578947368
50952	0.0131578947368
51144	0.0131578947368
51875	0.0131578947368
52879	0.0131578947368
53122	0.0131578947368
59714	0.0131578947368
59790	0.0131578947368
3499	0.0131004366812
23388	0.0131004366812
21734	0.0130718954248
27087	0.0130718954248
30917	0.0130718954248
37111	0.0130505709625
41366	0.0130434782609
784	0.012987012987
1168	0.012987012987
1356	0.012987012987
1936	0.012987012987
5597	0.012987012987
11353	0.012987012987
12253	0.012987012987
16593	0.012987012987
17087	0.012987012987
18492	0.012987012987
18985	0.012987012987
22553	0.012987012987
23395	0.012987012987
25703	0.012987012987
28820	0.012987012987
33693	0.012987012987
34901	0.012987012987
37989	0.012987012987
38725	0.012987012987
38968	0.012987012987
41016	0.012987012987
41297	0.012987012987
41374	0.012987012987
41489	0.012987012987
43372	0.012987012987
44152	0.012987012987
44999	0.012987012987
51086	0.012987012987
52336	0.012987012987
53407	0.012987012987
28832	0.0129589632829
41370	0.0129310344828
36418	0.0129032258065
1422	0.0128865979381
3934	0.0128205128205
4630	0.0128205128205
5302	0.0128205128205
6259	0.0128205128205
7942	0.0128205128205
11798	0.0128205128205
12393	0.0128205128205
13383	0.0128205128205
14369	0.0128205128205
20075	0.0128205128205
25952	0.0128205128205
29786	0.0128205128205
30820	0.0128205128205
33051	0.0128205128205
38063	0.0128205128205
39657	0.0128205128205
41468	0.0128205128205
41469	0.0128205128205
42200	0.0128205128205
42454	0.0128205128205
43034	0.0128205128205
45202	0.0128205128205
46447	0.0128205128205
50973	0.0128205128205
51965	0.0128205128205
52531	0.0128205128205
59504	0.0128205128205
17946	0.0127659574468
7442	0.0127551020408
3933	0.0127388535032
6954	0.0127388535032
17904	0.0127388535032
28750	0.0127388535032
4708	0.0127118644068
29444	0.0127118644068
49	0.0126582278481
1680	0.0126582278481
1898	0.0126582278481
2411	0.0126582278481
4035	0.0126582278481
4195	0.0126582278481
5781	0.0126582278481
6505	0.0126582278481
13380	0.0126582278481
16913	0.0126582278481
18996	0.0126582278481
21396	0.0126582278481
24046	0.0126582278481
24610	0.0126582278481
24810	0.0126582278481
29328	0.0126582278481
33792	0.0126582278481
34607	0.0126582278481
41235	0.0126582278481
41281	0.0126582278481
41286	0.0126582278481
41321	0.0126582278481
41401	0.0126582278481
44120	0.0126582278481
51266	0.0126582278481
59759	0.0126582278481
4704	0.0125786163522
9245	0.0125786163522
18456	0.0125786163522
41154	0.0125786163522
19547	0.0125628140704
1361	0.0125523012552
13095	0.0125523012552
101	0.0125
817	0.0125
1685	0.0125
3798	0.0125
4625	0.0125
5865	0.0125
14695	0.0125
19962	0.0125
28709	0.0125
30828	0.0125
34823	0.0125
38907	0.0125
40503	0.0125
42309	0.0125
43616	0.0125
51403	0.0125
52265	0.0125
60231	0.0125
2037	0.0124653739612
52697	0.0124481327801
40962	0.0124444444444
867	0.0124378109453
27910	0.0124223602484
34548	0.0124223602484
29852	0.0123966942149
37660	0.0123966942149
1067	0.0123456790123
2028	0.0123456790123
2093	0.0123456790123
11322	0.0123456790123
12153	0.0123456790123
17969	0.0123456790123
20744	0.0123456790123
25466	0.0123456790123
28797	0.0123456790123
30952	0.0123456790123
32917	0.0123456790123
35569	0.0123456790123
35958	0.0123456790123
36390	0.0123456790123
39420	0.0123456790123
41011	0.0123456790123
41251	0.0123456790123
42291	0.0123456790123
42848	0.0123456790123
42905	0.0123456790123
43585	0.0123456790123
43744	0.0123456790123
51027	0.0123456790123
51721	0.0123456790123
52230	0.0123456790123
53189	0.0123456790123
4523	0.0122950819672
684	0.0122699386503
14515	0.0122699386503
34254	0.0122699386503
41093	0.0122699386503
52225	0.0122699386503
4937	0.0122199592668
1228	0.0121951219512
2033	0.0121951219512
3689	0.0121951219512
5820	0.0121951219512
7392	0.0121951219512
10177	0.0121951219512
12355	0.0121951219512
12731	0.0121951219512
12756	0.0121951219512
17699	0.0121951219512
22573	0.0121951219512
26608	0.0121951219512
29554	0.0121951219512
29628	0.0121951219512
29822	0.0121951219512
41184	0.0121951219512
42714	0.0121951219512
45715	0.0121951219512
51462	0.0121951219512
51497	0.0121951219512
52057	0.0121951219512
59509	0.0121951219512
40978	0.0121457489879
13119	0.0121212121212
34350	0.0121212121212
51156	0.0121212121212
632	0.0120481927711
2610	0.0120481927711
3258	0.0120481927711
4194	0.0120481927711
4216	0.0120481927711
5012	0.0120481927711
5513	0.0120481927711
5876	0.0120481927711
8372	0.0120481927711
10010	0.0120481927711
11511	0.0120481927711
12777	0.0120481927711
19292	0.0120481927711
29617	0.0120481927711
35722	0.0120481927711
37007	0.0120481927711
41607	0.0120481927711
46148	0.0120481927711
48998	0.0120481927711
50915	0.0120481927711
51282	0.0120481927711
51453	0.0120481927711
52128	0.0120481927711
52132	0.0120481927711
61046	0.0120481927711
7299	0.012012012012
23150	0.012012012012
13960	0.012
51133	0.0119904076739
9920	0.0119760479042
11519	0.0119760479042
25051	0.0119284294235
103	0.0119047619048
1490	0.0119047619048
2444	0.0119047619048
2776	0.0119047619048
4486	0.0119047619048
16379	0.0119047619048
16902	0.0119047619048
17301	0.0119047619048
17596	0.0119047619048
20676	0.0119047619048
22234	0.0119047619048
29055	0.0119047619048
32480	0.0119047619048
35953	0.0119047619048
35971	0.0119047619048
41174	0.0119047619048
42626	0.0119047619048
42643	0.0119047619048
45793	0.0119047619048
46039	0.0119047619048
51024	0.0119047619048
51821	0.0119047619048
52906	0.0119047619048
53257	0.0119047619048
57861	0.0119047619048
15794	0.0118577075099
28407	0.0118443316413
17483	0.0118343195266
27527	0.0118343195266
41596	0.0118343195266
4876	0.011811023622
6372	0.011811023622
17068	0.011811023622
33495	0.011811023622
874	0.0117647058824
1098	0.0117647058824
4289	0.0117647058824
4567	0.0117647058824
5089	0.0117647058824
5677	0.0117647058824
27906	0.0117647058824
33930	0.0117647058824
38206	0.0117647058824
39239	0.0117647058824
40689	0.0117647058824
41075	0.0117647058824
41931	0.0117647058824
43179	0.0117647058824
43210	0.0117647058824
61099	0.0117647058824
38262	0.0117302052786
4390	0.01171875
10920	0.01171875
41270	0.01171875
52471	0.01171875
11172	0.0116959064327
41353	0.011673151751
1147	0.0116279069767
1612	0.0116279069767
3964	0.0116279069767
11196	0.0116279069767
20418	0.0116279069767
21311	0.0116279069767
22554	0.0116279069767
24429	0.0116279069767
28111	0.0116279069767
34522	0.0116279069767
40212	0.0116279069767
41041	0.0116279069767
41405	0.0116279069767
51571	0.0116279069767
51575	0.0116279069767
52525	0.0116279069767
53286	0.0116279069767
1655	0.0115606936416
13036	0.0115606936416
13063	0.0115606936416
40986	0.0115606936416
51784	0.0115606936416
4868	0.0115273775216
287	0.0114942528736
1123	0.0114942528736
9201	0.0114942528736
13963	0.0114942528736
14126	0.0114942528736
16819	0.0114942528736
17979	0.0114942528736
22856	0.0114942528736
23079	0.0114942528736
32935	0.0114942528736
33678	0.0114942528736
40923	0.0114942528736
42790	0.0114942528736
44525	0.0114942528736
49398	0.0114942528736
41071	0.0114678899083
9138	0.0114503816794
7161	0.0114285714286
50845	0.0114068441065
40972	0.011396011396
3761	0.0113636363636
4074	0.0113636363636
6382	0.0113636363636
18213	0.0113636363636
19314	0.0113636363636
25806	0.0113636363636
28719	0.0113636363636
33841	0.0113636363636
35467	0.0113636363636
37186	0.0113636363636
38072	0.0113636363636
38375	0.0113636363636
39342	0.0113636363636
41633	0.0113636363636
41848	0.0113636363636
42014	0.0113636363636
48070	0.0113636363636
52121	0.0113636363636
52444	0.0113636363636
41434	0.0113314447592
18607	0.011320754717
12511	0.0112994350282
39546	0.0112994350282
25586	0.0112612612613
9647	0.0112570356473
7180	0.0112359550562
10287	0.0112359550562
11350	0.0112359550562
20345	0.0112359550562
23273	0.0112359550562
24468	0.0112359550562
27419	0.0112359550562
30835	0.0112359550562
37592	0.0112359550562
38864	0.0112359550562
40989	0.0112359550562
41072	0.0112359550562
41224	0.0112359550562
41325	0.0112359550562
41349	0.0112359550562
51053	0.0112359550562
51712	0.0112359550562
52962	0.0112359550562
5112	0.0112285336856
44117	0.0111940298507
7518	0.0111856823266
2030	0.0111731843575
3943	0.0111731843575
21204	0.0111731843575
38861	0.0111731843575
2358	0.0111111111111
3178	0.0111111111111
6803	0.0111111111111
11168	0.0111111111111
11558	0.0111111111111
14649	0.0111111111111
21989	0.0111111111111
22579	0.0111111111111
24104	0.0111111111111
29591	0.0111111111111
32770	0.0111111111111
33405	0.0111111111111
41318	0.0111111111111
41736	0.0111111111111
42354	0.0111111111111
50870	0.0111111111111
51760	0.0111111111111
51825	0.0111111111111
52890	0.0111111111111
1921	0.0110701107011
5237	0.0110497237569
39426	0.0110497237569
11675	0.0110375275938
27358	0.0110294117647
35847	0.0110294117647
497	0.011013215859
562	0.011013215859
22251	0.011013215859
18	0.010989010989
1281	0.010989010989
1508	0.010989010989
2852	0.010989010989
2874	0.010989010989
7084	0.010989010989
7449	0.010989010989
18022	0.010989010989
19208	0.010989010989
21582	0.010989010989
21913	0.010989010989
23786	0.010989010989
28734	0.010989010989
33895	0.010989010989
36395	0.010989010989
40984	0.010989010989
41210	0.010989010989
41627	0.010989010989
42883	0.010989010989
42925	0.010989010989
50177	0.010989010989
51004	0.010989010989
51641	0.010989010989
59543	0.010989010989
59681	0.010989010989
1700	0.0109589041096
8210	0.0109289617486
34967	0.0109289617486
52738	0.0109289617486
1714	0.0108695652174
3195	0.0108695652174
6415	0.0108695652174
10601	0.0108695652174
16847	0.0108695652174
19775	0.0108695652174
23760	0.0108695652174
27031	0.0108695652174
27594	0.0108695652174
28824	0.0108695652174
30269	0.0108695652174
32728	0.0108695652174
33947	0.0108695652174
35117	0.0108695652174
41818	0.0108695652174
52170	0.0108695652174
52841	0.0108695652174
52863	0.0108695652174
52874	0.0108695652174
27809	0.0108527131783
25078	0.0108401084011
15207	0.0108303249097
7411	0.0108108108108
15381	0.0108108108108
30762	0.0108108108108
40482	0.0108108108108
50939	0.010781671159
143	0.010752688172
2632	0.010752688172
2644	0.010752688172
4766	0.010752688172
13318	0.010752688172
14555	0.010752688172
15917	0.010752688172
21662	0.010752688172
30085	0.010752688172
35057	0.010752688172
37409	0.010752688172
37778	0.010752688172
38272	0.010752688172
38661	0.010752688172
42389	0.010752688172
47273	0.010752688172
50935	0.010752688172
50994	0.010752688172
51838	0.010752688172
52549	0.010752688172
59646	0.010752688172
253	0.010718113612
76	0.0107172300082
31440	0.0107084019769
22026	0.0106951871658
22401	0.0106951871658
25324	0.0106951871658
41391	0.0106951871658
2588	0.0106382978723
3534	0.0106382978723
4007	0.0106382978723
4728	0.0106382978723
6679	0.0106382978723
9252	0.0106382978723
16302	0.0106382978723
20481	0.0106382978723
22018	0.0106382978723
25442	0.0106382978723
41593	0.0106382978723
50855	0.0106382978723
51105	0.0106382978723
52946	0.0106382978723
18960	0.0106257378985
27651	0.0106100795756
42450	0.010582010582
31877	0.0105633802817
18613	0.0105580693816
3553	0.0105540897098
29277	0.010550996483
1390	0.0105263157895
2355	0.0105263157895
4318	0.0105263157895
5528	0.0105263157895
10914	0.0105263157895
21545	0.0105263157895
27864	0.0105263157895
29909	0.0105263157895
29992	0.0105263157895
39544	0.0105263157895
39852	0.0105263157895
43016	0.0105263157895
48076	0.0105263157895
51509	0.0105263157895
5622	0.010498687664
30799	0.010498687664
38790	0.0104895104895
23211	0.0104712041885
26579	0.0104712041885
38932	0.0104712041885
879	0.0104438642298
2313	0.0104166666667
6920	0.0104166666667
9488	0.0104166666667
10736	0.0104166666667
15354	0.0104166666667
27550	0.0104166666667
28982	0.0104166666667
30691	0.0104166666667
33142	0.0104166666667
33940	0.0104166666667
33964	0.0104166666667
35526	0.0104166666667
40973	0.0104166666667
41708	0.0104166666667
42813	0.0104166666667
51485	0.0104166666667
60334	0.0104166666667
29971	0.0103896103896
30471	0.0103896103896
3116	0.0103806228374
27890	0.0103686635945
9586	0.0103626943005
23285	0.0103626943005
41583	0.0103626943005
2757	0.0103448275862
22383	0.0103376981392
4510	0.0103092783505
4760	0.0103092783505
9205	0.0103092783505
9924	0.0103092783505
12423	0.0103092783505
14527	0.0103092783505
26659	0.0103092783505
38201	0.0103092783505
38307	0.0103092783505
41712	0.0103092783505
46558	0.0103092783505
51847	0.0103092783505
4399	0.0102739726027
3720	0.0102564102564
35144	0.0102564102564
21323	0.0102301790281
451	0.0102040816327
1456	0.0102040816327
3406	0.0102040816327
3582	0.0102040816327
6494	0.0102040816327
8894	0.0102040816327
20080	0.0102040816327
20290	0.0102040816327
22881	0.0102040816327
28700	0.0102040816327
33704	0.0102040816327
34621	0.0102040816327
35630	0.0102040816327
37993	0.0102040816327
49465	0.0102040816327
51307	0.0102040816327
51470	0.0102040816327
52383	0.0102040816327
25732	0.010152284264
41088	0.010152284264
7749	0.010101010101
12475	0.010101010101
16516	0.010101010101
16838	0.010101010101
29005	0.010101010101
40961	0.010101010101
40976	0.010101010101
41074	0.010101010101
41175	0.010101010101
51197	0.010101010101
1438	0.0100755667506
29309	0.010060362173
5116	0.0100502512563
50760	0.0100502512563
18414	0.0100334448161
41061	0.0100334448161
3548	0.01
10326	0.01
18192	0.01
27865	0.01
28799	0.01
32927	0.01
34149	0.01
37776	0.01
39024	0.01
40843	0.01
41100	0.01
41364	0.01
41548	0.01
41856	0.01
44233	0.01
50291	0.01
54577	0.01
59617	0.01
22654	0.00996677740864
39136	0.00995405819296
1231	0.00995024875622
41204	0.00995024875622
41968	0.00995024875622
41116	0.0099173553719
283	0.00990099009901
870	0.00990099009901
3866	0.00990099009901
4515	0.00990099009901
6573	0.00990099009901
20077	0.00990099009901
38748	0.00990099009901
41368	0.00990099009901
41404	0.00990099009901
41773	0.00990099009901
43813	0.00990099009901
52072	0.00990099009901
921	0.00987432675045
38807	0.00986842105263
7312	0.00986378581494
452	0.00985221674877
7460	0.00985221674877
1553	0.00980392156863
6466	0.00980392156863
6772	0.00980392156863
21557	0.00980392156863
24173	0.00980392156863
26274	0.00980392156863
29366	0.00980392156863
31868	0.00980392156863
34224	0.00980392156863
50959	0.00980392156863
50863	0.00979020979021
53040	0.00977198697068
26584	0.00976290097629
12188	0.00975609756098
33879	0.00975609756098
36967	0.00975609756098
41010	0.00975609756098
3022	0.00974025974026
41090	0.00973236009732
7261	0.00970873786408
27387	0.00970873786408
31313	0.00970873786408
32483	0.00970873786408
34073	0.00970873786408
41030	0.00970873786408
41272	0.00970873786408
41581	0.00970873786408
41610	0.00970873786408
42609	0.00970873786408
42811	0.00970873786408
51038	0.00970873786408
51055	0.00970873786408
50879	0.00967741935484
1497	0.00966702470462
4654	0.00966702470462
51006	0.0096463022508
40987	0.00964187327824
1146	0.00961538461538
4149	0.00961538461538
4675	0.00961538461538
15542	0.00961538461538
16448	0.00961538461538
24717	0.00961538461538
25444	0.00961538461538
26600	0.00961538461538
37806	0.00961538461538
43391	0.00961538461538
52442	0.00961538461538
2840	0.00960698689956
22744	0.00957354221062
4733	0.00956937799043
10266	0.00956937799043
51112	0.00956937799043
763	0.00952380952381
3187	0.00952380952381
3480	0.00952380952381
5698	0.00952380952381
6381	0.00952380952381
12717	0.00952380952381
15636	0.00952380952381
17556	0.00952380952381
22843	0.00952380952381
29067	0.00952380952381
31307	0.00952380952381
34095	0.00952380952381
37686	0.00952380952381
7214	0.00949367088608
24684	0.00947867298578
39709	0.00947867298578
25738	0.00946643717728
2326	0.00946372239748
28051	0.00944138473643
3250	0.00943396226415
7341	0.00943396226415
7654	0.00943396226415
8468	0.00943396226415
9142	0.00943396226415
14245	0.00943396226415
14505	0.00943396226415
18481	0.00943396226415
18604	0.00943396226415
18756	0.00943396226415
21727	0.00943396226415
22113	0.00943396226415
22121	0.00943396226415
24358	0.00943396226415
29145	0.00943396226415
29902	0.00943396226415
41024	0.00943396226415
41081	0.00943396226415
42414	0.00943396226415
43276	0.00943396226415
2216	0.0093896713615
3733	0.0093896713615
23080	0.0093896713615
42424	0.009375
896	0.00934579439252
1380	0.00934579439252
5702	0.00934579439252
8755	0.00934579439252
9609	0.00934579439252
11775	0.00934579439252
11888	0.00934579439252
13111	0.00934579439252
18317	0.00934579439252
25295	0.00934579439252
28134	0.00934579439252
29933	0.00934579439252
32923	0.00934579439252
37194	0.00934579439252
40752	0.00934579439252
41191	0.00934579439252
52197	0.00934579439252
9200	0.00933609958506
1113	0.0093023255814
2290	0.00926462072959
1068	0.00925925925926
1239	0.00925925925926
2288	0.00925925925926
3754	0.00925925925926
5512	0.00925925925926
7734	0.00925925925926
13339	0.00925925925926
16204	0.00925925925926
26572	0.00925925925926
28793	0.00925925925926
30625	0.00925925925926
33656	0.00925925925926
41070	0.00925925925926
50979	0.00925925925926
51146	0.00925925925926
41467	0.00923787528868
41307	0.00923076923077
3288	0.00921658986175
4439	0.00921658986175
21337	0.00921658986175
6360	0.00920245398773
40971	0.00919117647059
1064	0.00917431192661
3385	0.00917431192661
3947	0.00917431192661
10463	0.00917431192661
29243	0.00917431192661
35968	0.00917431192661
43371	0.00917431192661
18972	0.00913242009132
41027	0.00913242009132
44978	0.00913242009132
51697	0.00913242009132
41039	0.00911854103343
4173	0.00911161731207
1015	0.00909090909091
2745	0.00909090909091
11050	0.00909090909091
13385	0.00909090909091
29816	0.00909090909091
35698	0.00909090909091
37225	0.00909090909091
41213	0.00909090909091
52991	0.00909090909091
61042	0.00909090909091
28405	0.00907029478458
2409	0.00906344410876
22643	0.00906344410876
14352	0.00905562742561
19598	0.00905562742561
492	0.00904977375566
26195	0.00904977375566
12824	0.00900900900901
21375	0.00900900900901
26874	0.00900900900901
41490	0.00900900900901
41525	0.00900900900901
41694	0.00900900900901
46620	0.00900900900901
52576	0.00900900900901
53065	0.00900900900901
41018	0.00899742930591
7300	0.00896860986547
38987	0.0089552238806
32612	0.00894454382826
2089	0.00892857142857
2245	0.00892857142857
2410	0.00892857142857
18231	0.00892857142857
27687	0.00892857142857
31995	0.00892857142857
32700	0.00892857142857
33990	0.00892857142857
39473	0.00892857142857
52029	0.00892857142857
5643	0.00891530460624
4396	0.0089058524173
11782	0.00888888888889
992	0.00887573964497
30020	0.00887573964497
12998	0.00886524822695
13935	0.00886524822695
1364	0.00884955752212
3515	0.00884955752212
3690	0.00884955752212
4430	0.00884955752212
11262	0.00884955752212
12182	0.00884955752212
12970	0.00884955752212
13006	0.00884955752212
13258	0.00884955752212
14656	0.00884955752212
32058	0.00884955752212
40641	0.00884955752212
41222	0.00884955752212
41271	0.00884955752212
41385	0.00884955752212
41649	0.00884955752212
41942	0.00884955752212
42328	0.00884955752212
43575	0.00884955752212
45076	0.00884955752212
48221	0.00884955752212
52416	0.00884955752212
52711	0.00884955752212
59133	0.00884955752212
6427	0.00883132175449
4695	0.00881057268722
28290	0.00881057268722
41171	0.00881057268722
8901	0.00877192982456
12467	0.00877192982456
28610	0.00877192982456
33544	0.00877192982456
39366	0.00877192982456
41481	0.00877192982456
41555	0.00877192982456
42704	0.00877192982456
51234	0.00877192982456
1489	0.00873362445415
41015	0.00872093023256
5218	0.00869565217391
17922	0.00869565217391
18234	0.00869565217391
22426	0.00869565217391
24164	0.00869565217391
33621	0.00869565217391
48910	0.00869565217391
49210	0.00869565217391
55746	0.00869565217391
19601	0.00868935553946
34999	0.00865800865801
36398	0.00865384615385
38793	0.00865051903114
377	0.00862068965517
913	0.00862068965517
27051	0.00862068965517
38338	0.00862068965517
50873	0.00862068965517
52089	0.00862068965517
11165	0.00858369098712
2898	0.00856531049251
13056	0.00856164383562
511	0.00854700854701
3488	0.00854700854701
3619	0.00854700854701
4578	0.00854700854701
4752	0.00854700854701
31962	0.00854700854701
34443	0.00854700854701
38585	0.00854700854701
41037	0.00854700854701
41086	0.00854700854701
41239	0.00854700854701
41913	0.00854700854701
51346	0.00854700854701
1628	0.00853658536585
9642	0.00853658536585
949	0.00853242320819
17611	0.00851063829787
20529	0.00851063829787
51341	0.00851063829787
12969	0.00848896434635
2247	0.00847457627119
3182	0.00847457627119
4764	0.00847457627119
17110	0.00847457627119
21845	0.00847457627119
22601	0.00847457627119
27045	0.00847457627119
31891	0.00847457627119
41634	0.00847457627119
41068	0.00845864661654
45223	0.00845665961945
41029	0.00845070422535
13742	0.0084388185654
25431	0.0084388185654
38795	0.0084388185654
26805	0.00843694493783
1048	0.00842696629213
29686	0.00842696629213
6632	0.00840336134454
11230	0.00840336134454
12484	0.00840336134454
13927	0.00840336134454
13943	0.00840336134454
17346	0.00840336134454
22170	0.00840336134454
41200	0.00840336134454
42363	0.00840336134454
42931	0.00840336134454
48608	0.00840336134454
49448	0.00840336134454
631	0.0083857442348
3239	0.00837988826816
7340	0.00837696335079
41332	0.00836820083682
11727	0.00834879406308
5350	0.00833333333333
10890	0.00833333333333
15009	0.00833333333333
27580	0.00833333333333
29707	0.00833333333333
35486	0.00833333333333
41103	0.00833333333333
41480	0.00833333333333
51079	0.00833333333333
51337	0.00833333333333
37961	0.00831600831601
51099	0.00829875518672
4485	0.00828729281768
7349	0.00828729281768
4137	0.00828157349896
5432	0.00827586206897
3575	0.00826446280992
5728	0.00826446280992
9715	0.00826446280992
15052	0.00826446280992
18172	0.00826446280992
20785	0.00826446280992
25169	0.00826446280992
33716	0.00826446280992
42463	0.00826446280992
13933	0.0082304526749
42374	0.0082304526749
2722	0.00819672131148
6305	0.00819672131148
11307	0.00819672131148
11760	0.00819672131148
21227	0.00819672131148
29356	0.00819672131148
40819	0.00819672131148
42555	0.00819672131148
42799	0.00819672131148
45587	0.00819672131148
46277	0.00819672131148
50875	0.00819672131148
50884	0.00819672131148
1743	0.00818330605565
21331	0.00816326530612
1132	0.00813008130081
2544	0.00813008130081
2681	0.00813008130081
2848	0.00813008130081
9636	0.00813008130081
25554	0.00813008130081
39209	0.00813008130081
41034	0.00813008130081
41206	0.00813008130081
43824	0.00813008130081
53039	0.00813008130081
59508	0.00813008130081
35400	0.0080971659919
2333	0.00809352517986
21906	0.00808625336927
1902	0.00808080808081
694	0.00806451612903
1753	0.00806451612903
1821	0.00806451612903
4541	0.00806451612903
4998	0.00806451612903
11397	0.00806451612903
11774	0.00806451612903
13891	0.00806451612903
21694	0.00806451612903
33785	0.00806451612903
34933	0.00806451612903
40977	0.00806451612903
41091	0.00806451612903
41137	0.00806451612903
41426	0.00806451612903
42483	0.00806451612903
50937	0.00806451612903
50938	0.00806451612903
51573	0.00806451612903
29854	0.00805369127517
41134	0.00803212851406
38191	0.00801832760596
3531	0.00801603206413
4644	0.008
6816	0.008
7419	0.008
22231	0.008
32811	0.008
38493	0.008
40869	0.008
52062	0.008
14253	0.00797448165869
8709	0.0079575596817
11145	0.00793650793651
18403	0.00793650793651
26162	0.00793650793651
26863	0.00793650793651
28141	0.00793650793651
28711	0.00793650793651
29583	0.00793650793651
37190	0.00793650793651
42194	0.00793650793651
43749	0.00793650793651
47475	0.00793650793651
48978	0.00793650793651
2127	0.00790513833992
19201	0.00790513833992
216	0.00789473684211
4057	0.00787401574803
7317	0.00787401574803
24971	0.00787401574803
25453	0.00787401574803
26251	0.00787401574803
32684	0.00787401574803
41606	0.00787401574803
47633	0.00787401574803
52521	0.00787401574803
16209	0.00786163522013
4121	0.00784929356358
1062	0.0078431372549
12610	0.00783699059561
2145	0.0078125
2639	0.0078125
4611	0.0078125
11359	0.0078125
36105	0.0078125
39288	0.0078125
39785	0.0078125
43828	0.0078125
5593	0.00779727095517
1144	0.00778210116732
22717	0.00778210116732
27927	0.00778210116732
34356	0.00778210116732
34519	0.00778210116732
15373	0.00777202072539
17711	0.00776699029126
4655	0.00776502363268
1503	0.0077519379845
2361	0.0077519379845
22813	0.0077519379845
27649	0.0077519379845
37156	0.0077519379845
41002	0.0077519379845
41050	0.0077519379845
2381	0.00769230769231
2733	0.00769230769231
10369	0.00769230769231
18643	0.00769230769231
29790	0.00769230769231
31306	0.00769230769231
50933	0.00769230769231
50936	0.00769230769231
37762	0.00766283524904
5204	0.00764331210191
1272	0.00763358778626
3986	0.00763358778626
5113	0.00763358778626
10340	0.00763358778626
13071	0.00763358778626
13124	0.00763358778626
31895	0.00763358778626
38203	0.00762942779292
16420	0.00761421319797
5000	0.00760869565217
27404	0.00760456273764
30849	0.00760456273764
868	0.00759878419453
4153	0.00759493670886
35809	0.00759493670886
17952	0.00757575757576
21719	0.00757575757576
28298	0.00757575757576
30880	0.00757575757576
31720	0.00757575757576
41023	0.00757575757576
41322	0.00757575757576
41338	0.00757575757576
44538	0.00757575757576
52368	0.00757575757576
869	0.00757390666992
18777	0.00755033557047
39383	0.00754716981132
50327	0.00754716981132
26602	0.00753579502638
26868	0.00751879699248
31011	0.00751879699248
34145	0.00751879699248
39027	0.00751879699248
39210	0.00751879699248
41640	0.00751879699248
50330	0.00751879699248
12017	0.0074812967581
6304	0.00747384155456
8729	0.00746268656716
14275	0.00746268656716
25091	0.00746268656716
26279	0.00746268656716
41225	0.00746268656716
52056	0.00746268656716
4518	0.00743006993007
34369	0.00742115027829
34751	0.00742115027829
5221	0.00740740740741
19313	0.00740740740741
26310	0.00740740740741
29855	0.00740740740741
38818	0.00740740740741
41245	0.00740740740741
512	0.00738007380074
1135	0.00737463126844
3316	0.00735294117647
4604	0.00735294117647
14525	0.00735294117647
17299	0.00735294117647
20205	0.00735294117647
23688	0.00735294117647
47503	0.00735294117647
60005	0.00735294117647
20542	0.00734214390602
27535	0.00734214390602
17147	0.00732600732601
28821	0.0073126142596
41985	0.0073126142596
2164	0.00729927007299
2367	0.00729927007299
13829	0.00729927007299
25416	0.00729927007299
37427	0.00729927007299
37947	0.00729927007299
51632	0.00729927007299
5420	0.00728155339806
4005	0.00727272727273
9826	0.00727272727273
22743	0.00726978998384
6812	0.00726392251816
1328	0.00724637681159
3565	0.00724637681159
5804	0.00724637681159
10803	0.00724637681159
12167	0.00724637681159
24803	0.00724637681159
25240	0.00724637681159
31312	0.00724637681159
31483	0.00724637681159
31875	0.00724637681159
35245	0.00724637681159
34367	0.00722673893406
40999	0.0072202166065
22929	0.00721370604148
10789	0.00719424460432
18563	0.00719424460432
18584	0.00719424460432
21915	0.00719424460432
37599	0.00719424460432
51765	0.00719424460432
59505	0.00719424460432
3312	0.00718132854578
6789	0.00716845878136
3006	0.00714285714286
15720	0.00714285714286
20647	0.00714285714286
25305	0.00714285714286
30923	0.00714285714286
34521	0.00714285714286
41253	0.00714285714286
41421	0.00714285714286
5809	0.00712377560107
41188	0.00711743772242
6657	0.00709219858156
14686	0.00709219858156
20738	0.00709219858156
21696	0.00709219858156
44351	0.00709219858156
52188	0.00709219858156
9656	0.0070821529745
27489	0.00705467372134
5157	0.00705289672544
392	0.00704225352113
4775	0.00704225352113
17015	0.00704225352113
28285	0.00704225352113
41001	0.00704225352113
41354	0.00704225352113
59919	0.00704225352113
51019	0.00702576112412
39447	0.00701754385965
5672	0.00699300699301
7420	0.00699300699301
11489	0.00699300699301
15325	0.00699300699301
41095	0.00699300699301
41425	0.00699300699301
51030	0.00699300699301
53361	0.00699300699301
2	0.00698602794411
893	0.0069825436409
4846	0.00698215671063
28673	0.00696864111498
1117	0.00694444444444
1362	0.00694444444444
2344	0.00694444444444
17554	0.00694444444444
26711	0.00694444444444
29372	0.00694444444444
34391	0.00694444444444
35563	0.00694444444444
40334	0.00694444444444
53114	0.00694444444444
2515	0.00692840646651
31138	0.00692041522491
106	0.00689655172414
1273	0.00689655172414
3826	0.00689655172414
7357	0.00689655172414
7427	0.00689655172414
22941	0.00689655172414
42019	0.00689655172414
42977	0.00689655172414
50969	0.00689655172414
39602	0.00687285223368
25098	0.00686106346484
25810	0.00684931506849
27207	0.00684931506849
27934	0.00684931506849
29567	0.00684931506849
50881	0.00684931506849
51313	0.00684931506849
7062	0.00682593856655
995	0.00680272108844
1167	0.00680272108844
8246	0.00680272108844
14502	0.00680272108844
14698	0.00680272108844
42302	0.00680272108844
42308	0.00680272108844
51158	0.00680272108844
5599	0.00675675675676
13149	0.00675675675676
19792	0.00675675675676
26437	0.00675675675676
39478	0.00675675675676
41099	0.00675675675676
41693	0.00675675675676
41793	0.00675675675676
5553	0.00674157303371
24017	0.00673400673401
5231	0.00672877846791
1954	0.00671140939597
2171	0.00671140939597
3865	0.00671140939597
13955	0.00671140939597
41108	0.00671140939597
41705	0.00671140939597
41819	0.00671140939597
42545	0.00671140939597
51496	0.00671140939597
13952	0.0066889632107
25414	0.0066889632107
100	0.00666666666667
1169	0.00666666666667
3492	0.00666666666667
25570	0.00666666666667
26173	0.00666666666667
38708	0.00666666666667
43376	0.00666666666667
51118	0.00666666666667
53000	0.00666666666667
761	0.00662251655629
3793	0.00662251655629
4070	0.00662251655629
14277	0.00662251655629
15782	0.00662251655629
16264	0.00662251655629
27048	0.00662251655629
35920	0.00662251655629
51054	0.00662251655629
60331	0.00662251655629
2463	0.00659133709981
128	0.00657894736842
2144	0.00657894736842
3426	0.00657894736842
3747	0.00657894736842
5460	0.00657894736842
13076	0.00657894736842
31830	0.00657894736842
49749	0.00657894736842
1020	0.00655737704918
11381	0.00655737704918
2130	0.00653594771242
2850	0.00653594771242
12646	0.00653594771242
22798	0.00653594771242
2419	0.00651890482399
25937	0.00651465798046
10162	0.00649350649351
22621	0.00649350649351
28286	0.00649350649351
49403	0.00649350649351
51164	0.00649350649351
51709	0.00649350649351
57496	0.00649350649351
2007	0.00647948164147
689	0.00646551724138
4582	0.00645161290323
7451	0.00645161290323
11004	0.00645161290323
32120	0.00645161290323
36037	0.00645161290323
39323	0.00645161290323
42270	0.00645161290323
51274	0.00645161290323
40969	0.0064308681672
35345	0.00641848523748
5884	0.00641025641026
12830	0.00641025641026
16194	0.00641025641026
16831	0.00641025641026
23666	0.00639658848614
40995	0.00639386189258
755	0.00636942675159
17315	0.00636942675159
32318	0.00636942675159
40344	0.00636942675159
41161	0.00636942675159
42912	0.00636942675159
18311	0.00634249471459
2070	0.00632911392405
6928	0.00632911392405
14518	0.00632911392405
35039	0.00632911392405
41106	0.00632911392405
43178	0.00632911392405
7175	0.00629921259843
18836	0.0062893081761
26486	0.0062893081761
38820	0.0062893081761
42312	0.0062893081761
52555	0.0062893081761
49394	0.00627615062762
3280	0.0062630480167
40988	0.0062630480167
4280	0.00625
51393	0.00625
17355	0.00622083981337
42750	0.00621118012422
50963	0.00621118012422
51415	0.00621118012422
52240	0.00621118012422
5693	0.00619834710744
23337	0.00617283950617
40847	0.00617283950617
41044	0.00616016427105
7444	0.00615384615385
8681	0.00615384615385
41058	0.00614754098361
9646	0.00613496932515
15114	0.00613496932515
20573	0.00613496932515
24958	0.00613496932515
27288	0.00613496932515
37201	0.00613496932515
38657	0.00613496932515
40351	0.00613496932515
41258	0.00613496932515
41287	0.00613496932515
554	0.00609756097561
2829	0.00609756097561
36897	0.00609756097561
41031	0.00609756097561
1984	0.00608828006088
1918	0.00607902735562
3957	0.00606060606061
4513	0.00606060606061
27642	0.00606060606061
3436	0.00602409638554
14013	0.00602409638554
28156	0.00602409638554
51246	0.00602409638554
36394	0.0060120240481
17928	0.0059880239521
41038	0.0059880239521
35237	0.00597014925373
6781	0.00595238095238
12585	0.00595238095238
26098	0.00595238095238
40979	0.00595238095238
22534	0.00591715976331
26318	0.00591715976331
27715	0.00591715976331
41066	0.00591715976331
44847	0.00591715976331
41972	0.00589970501475
16784	0.00588235294118
16927	0.00588235294118
17938	0.00588235294118
34109	0.00588235294118
51605	0.00588235294118
4418	0.00584795321637
14833	0.00584795321637
41832	0.00584795321637
4337	0.00581395348837
10096	0.00581395348837
41355	0.00581395348837
46722	0.00581395348837
618	0.00578034682081
10248	0.00578034682081
17152	0.00578034682081
18967	0.00578034682081
27899	0.00578034682081
41032	0.00576368876081
32453	0.00574712643678
36364	0.00574712643678
41672	0.00574712643678
42145	0.00574712643678
1118	0.00572883513686
3729	0.00572519083969
17637	0.00571428571429
18129	0.00571428571429
24457	0.00571428571429
32895	0.00571428571429
38959	0.00571428571429
14750	0.00570125427594
3554	0.00568181818182
15851	0.00568181818182
26059	0.00568181818182
36078	0.00568181818182
41246	0.00568181818182
51117	0.00568181818182
4135	0.00564971751412
6213	0.00564971751412
10089	0.00564971751412
17987	0.00564971751412
34858	0.00563909774436
41000	0.0056338028169
15233	0.00561797752809
23628	0.00561797752809
34676	0.00561797752809
40965	0.00561797752809
41165	0.00561797752809
2613	0.00561009817672
21797	0.00560747663551
34683	0.00560224089636
384	0.00558659217877
12501	0.00558659217877
29845	0.00558659217877
38758	0.00558659217877
41059	0.00558659217877
3527	0.00557620817844
41609	0.00557103064067
254	0.00555555555556
1389	0.00555555555556
28047	0.00555555555556
28810	0.00555555555556
37114	0.00555555555556
43200	0.00555555555556
37392	0.00554785020804
4508	0.00552486187845
16912	0.00552486187845
18283	0.00552486187845
18701	0.00549450549451
26566	0.00549450549451
33780	0.00549450549451
37680	0.00549450549451
4563	0.00547945205479
7509	0.00546448087432
39548	0.00546448087432
3273	0.00545256270447
2825	0.0054347826087
137	0.00540540540541
2934	0.00540540540541
11887	0.00540540540541
13064	0.00540540540541
15714	0.00540540540541
17625	0.00540540540541
18340	0.00540540540541
47611	0.00539083557951
13642	0.00537634408602
22838	0.00537634408602
30789	0.00537634408602
34217	0.00537634408602
51029	0.00537634408602
59506	0.00537634408602
3788	0.00536193029491
4916	0.00535236396075
3297	0.00534759358289
11769	0.00534759358289
17461	0.00534759358289
25384	0.00534759358289
50652	0.00534759358289
51145	0.00534759358289
51155	0.00534759358289
16723	0.00531914893617
22805	0.00531914893617
25332	0.00531914893617
34121	0.00531914893617
51025	0.00531914893617
742	0.00529100529101
10852	0.00529100529101
35136	0.00529100529101
40489	0.00529100529101
50961	0.00529100529101
11000	0.00523560209424
41062	0.00523560209424
41132	0.00523560209424
21745	0.00522648083624
28742	0.00522466039707
33887	0.00521739130435
29024	0.00520833333333
36710	0.00520833333333
3133	0.00518134715026
3369	0.00518134715026
39360	0.00518134715026
51394	0.00518134715026
17566	0.0051724137931
2660	0.00515463917526
19897	0.00515463917526
23001	0.00515463917526
40625	0.00515463917526
1931	0.00512820512821
6194	0.00512820512821
13660	0.00512820512821
16917	0.00512820512821
22070	0.00512820512821
34667	0.00512820512821
27723	0.00510204081633
28712	0.00510204081633
38822	0.00510204081633
37737	0.00509337860781
16935	0.00507614213198
19338	0.00507614213198
41278	0.00507614213198
11776	0.00505050505051
41544	0.00505050505051
30802	0.00502512562814
51213	0.00502512562814
33692	0.005
52065	0.005
8724	0.00497512437811
40887	0.00497512437811
41177	0.00497512437811
7472	0.0049504950495
34471	0.0049504950495
37238	0.0049504950495
39510	0.0049504950495
41546	0.0049504950495
20630	0.00493827160494
11655	0.00493421052632
17277	0.00492610837438
18374	0.00492610837438
38659	0.00492610837438
41129	0.004914004914
25047	0.00490196078431
32042	0.00487804878049
1119	0.00486618004866
10987	0.00486618004866
23642	0.00486618004866
30812	0.00485436893204
50913	0.00485436893204
39343	0.0048309178744
44456	0.0048309178744
2865	0.00480769230769
23373	0.00480769230769
30982	0.00478468899522
3204	0.0047619047619
26599	0.00473933649289
41157	0.00473933649289
50980	0.00473933649289
4711	0.00473372781065
23174	0.00472813238771
932	0.00471698113208
39358	0.00469483568075
20416	0.0046875
40983	0.00467289719626
3365	0.004662004662
22230	0.0046511627907
22572	0.0046511627907
17066	0.00462962962963
20800	0.00462962962963
38787	0.00462962962963
41102	0.00462962962963
7974	0.00460829493088
11314	0.00460829493088
13317	0.00460829493088
18307	0.00460829493088
41085	0.0045871559633
20173	0.0045766590389
31536	0.0045766590389
29705	0.00456621004566
32418	0.00456621004566
32738	0.00456621004566
3781	0.00454545454545
7956	0.00454545454545
27525	0.00454545454545
41047	0.00454545454545
30980	0.00450958286359
9761	0.0045045045045
41223	0.0045045045045
2595	0.00448430493274
5419	0.00448430493274
21321	0.00448430493274
27471	0.00448430493274
37689	0.00448430493274
7533	0.00446428571429
59604	0.00446428571429
11778	0.00444444444444
11294	0.00442477876106
26760	0.00442477876106
27529	0.00442477876106
21978	0.00440528634361
29287	0.00440528634361
41308	0.00440528634361
4705	0.00438596491228
41025	0.00438596491228
53342	0.00438596491228
5056	0.00436681222707
38794	0.00436681222707
7303	0.00434782608696
14716	0.00434782608696
1309	0.00431034482759
41521	0.00431034482759
3827	0.00430107526882
21458	0.00429184549356
1399	0.00424628450106
9538	0.00421229991575
5918	0.00418410041841
53069	0.00416666666667
32823	0.00413223140496
41045	0.00411522633745
25413	0.00409836065574
10727	0.00408163265306
50851	0.00408163265306
19599	0.00405679513185
33634	0.00405405405405
27255	0.00403225806452
21523	0.00401606425703
26934	0.00401606425703
29492	0.00401606425703
29780	0.004
41274	0.00398406374502
14749	0.00396825396825
2785	0.00393700787402
14604	0.00393700787402
31882	0.00392156862745
28043	0.00390625
51724	0.00390625
37115	0.00389105058366
210	0.003861003861
23742	0.003861003861
30805	0.003861003861
37104	0.00384615384615
28633	0.00383141762452
34169	0.00383141762452
49392	0.00381679389313
31170	0.00377358490566
47628	0.00377358490566
41164	0.00371747211896
4339	0.0037037037037
17586	0.0037037037037
50923	0.0037037037037
40968	0.00367647058824
20875	0.0036496350365
41194	0.0036496350365
47637	0.0036231884058
51041	0.00356506238859
2110	0.00355871886121
26508	0.00354609929078
50944	0.00352112676056
26416	0.00350877192982
17790	0.0034965034965
17939	0.0034965034965
37426	0.00349040139616
44184	0.00348432055749
11201	0.00347222222222
39915	0.00347222222222
41208	0.00347222222222
10251	0.00346020761246
28128	0.00346020761246
21801	0.00344827586207
11504	0.00340136054422
25405	0.00338983050847
28443	0.00338983050847
37775	0.00337837837838
17605	0.00335570469799
29863	0.00334448160535
4335	0.00332225913621
7390	0.00332225913621
41417	0.00328947368421
6564	0.00327868852459
38293	0.00325732899023
21558	0.00323624595469
19090	0.0032154340836
3445	0.00320512820513
3991	0.00319488817891
2448	0.0031847133758
2401	0.0031746031746
1928	0.00311526479751
5100	0.00302114803625
41067	0.00302114803625
38584	0.00301204819277
41403	0.00299401197605
118	0.00298507462687
27128	0.00297619047619
5616	0.00291545189504
5774	0.00281690140845
2186	0.00279329608939
3535	0.00278551532033
40964	0.00277777777778
3260	0.00275482093664
37198	0.0027397260274
10250	0.00273224043716
34147	0.00273224043716
34897	0.00265957446809
41048	0.00265957446809
47774	0.0026525198939
34830	0.00261096605744
9251	0.00260416666667
41097	0.00258397932817
5519	0.00254885301614
9135	0.00252525252525
24522	0.00251256281407
18515	0.0025
36999	0.00249376558603
23481	0.002457002457
35514	0.002457002457
42156	0.00242130750605
51096	0.00237529691211
10281	0.002331002331
7100	0.00230946882217
41092	0.00230946882217
12388	0.00223214285714
40289	0.00221729490022
16447	0.00210970464135
3419	0.00204918032787
41003	0.00202839756592
39549	0.00195694716243
8732	0.0017825311943
35049	0.0015625
32188	0.0015503875969
38492	0.00134228187919
