4071	0.125
25304	0.0909090909091
26248	0.0909090909091
13936	0.0833333333333
10408	0.08
51577	0.0740740740741
17565	0.0714285714286
20870	0.0714285714286
41718	0.0666666666667
47293	0.0645161290323
2003	0.0625
2741	0.0625
7689	0.0625
9228	0.0625
9583	0.0625
11764	0.0625
12063	0.0625
14850	0.0625
15008	0.0625
17538	0.0625
18032	0.0625
19148	0.0625
20474	0.0625
31983	0.0625
37453	0.0625
37531	0.0625
39502	0.0625
40186	0.0625
40567	0.0625
43791	0.0625
44990	0.0625
47279	0.0625
48118	0.0625
48432	0.0625
48491	0.0625
49181	0.0625
49709	0.0625
50400	0.0625
53025	0.0625
53600	0.0625
53688	0.0625
54606	0.0625
55498	0.0625
56684	0.0625
57293	0.0625
57805	0.0625
57808	0.0625
60103	0.0625
60363	0.0625
60408	0.0625
61251	0.0625
5353	0.0606060606061
11392	0.0606060606061
19182	0.0606060606061
49747	0.0606060606061
42811	0.0602409638554
171	0.0588235294118
502	0.0588235294118
1787	0.0588235294118
2517	0.0588235294118
3850	0.0588235294118
4896	0.0588235294118
4953	0.0588235294118
8889	0.0588235294118
9166	0.0588235294118
12926	0.0588235294118
13189	0.0588235294118
13347	0.0588235294118
16304	0.0588235294118
18419	0.0588235294118
18519	0.0588235294118
18943	0.0588235294118
19817	0.0588235294118
20520	0.0588235294118
21381	0.0588235294118
22147	0.0588235294118
22758	0.0588235294118
24722	0.0588235294118
25149	0.0588235294118
26746	0.0588235294118
27887	0.0588235294118
28528	0.0588235294118
29038	0.0588235294118
29207	0.0588235294118
33133	0.0588235294118
34133	0.0588235294118
34706	0.0588235294118
35244	0.0588235294118
36989	0.0588235294118
37222	0.0588235294118
37631	0.0588235294118
39118	0.0588235294118
42205	0.0588235294118
43375	0.0588235294118
45967	0.0588235294118
46342	0.0588235294118
46611	0.0588235294118
48155	0.0588235294118
49065	0.0588235294118
49355	0.0588235294118
50619	0.0588235294118
51293	0.0588235294118
52544	0.0588235294118
53918	0.0588235294118
55088	0.0588235294118
56666	0.0588235294118
58733	0.0588235294118
61067	0.0588235294118
25844	0.0571428571429
2279	0.0555555555556
2502	0.0555555555556
9183	0.0555555555556
10696	0.0555555555556
11213	0.0555555555556
13303	0.0555555555556
13439	0.0555555555556
14242	0.0555555555556
14305	0.0555555555556
14519	0.0555555555556
14985	0.0555555555556
15063	0.0555555555556
18540	0.0555555555556
19622	0.0555555555556
19886	0.0555555555556
19910	0.0555555555556
20879	0.0555555555556
22698	0.0555555555556
22927	0.0555555555556
23155	0.0555555555556
24898	0.0555555555556
32443	0.0555555555556
32903	0.0555555555556
33497	0.0555555555556
33504	0.0555555555556
35840	0.0555555555556
36209	0.0555555555556
36297	0.0555555555556
36545	0.0555555555556
36741	0.0555555555556
37168	0.0555555555556
41151	0.0555555555556
41749	0.0555555555556
42134	0.0555555555556
45447	0.0555555555556
45970	0.0555555555556
47173	0.0555555555556
49439	0.0555555555556
52812	0.0555555555556
53950	0.0555555555556
55651	0.0555555555556
58165	0.0555555555556
59153	0.0555555555556
59998	0.0555555555556
44401	0.0540540540541
44462	0.0540540540541
3355	0.0526315789474
4816	0.0526315789474
6588	0.0526315789474
6833	0.0526315789474
7385	0.0526315789474
9479	0.0526315789474
9847	0.0526315789474
12895	0.0526315789474
13166	0.0526315789474
16214	0.0526315789474
18617	0.0526315789474
18975	0.0526315789474
19183	0.0526315789474
19398	0.0526315789474
20029	0.0526315789474
22189	0.0526315789474
23491	0.0526315789474
26007	0.0526315789474
28329	0.0526315789474
28429	0.0526315789474
29559	0.0526315789474
29744	0.0526315789474
31369	0.0526315789474
31381	0.0526315789474
32473	0.0526315789474
35009	0.0526315789474
36016	0.0526315789474
38699	0.0526315789474
41006	0.0526315789474
41789	0.0526315789474
41831	0.0526315789474
42293	0.0526315789474
43152	0.0526315789474
43408	0.0526315789474
44291	0.0526315789474
45075	0.0526315789474
47217	0.0526315789474
48341	0.0526315789474
49843	0.0526315789474
53349	0.0526315789474
54931	0.0526315789474
59654	0.0526315789474
59738	0.0526315789474
60440	0.0526315789474
801	0.05
5917	0.05
7374	0.05
7428	0.05
8376	0.05
8603	0.05
8639	0.05
16401	0.05
18148	0.05
18152	0.05
18984	0.05
19410	0.05
19934	0.05
24007	0.05
25528	0.05
27812	0.05
28373	0.05
28915	0.05
29832	0.05
30942	0.05
32363	0.05
33039	0.05
34125	0.05
34895	0.05
37492	0.05
39357	0.05
40576	0.05
40845	0.05
41324	0.05
43247	0.05
43341	0.05
44471	0.05
45182	0.05
45718	0.05
45831	0.05
46159	0.05
47157	0.05
47204	0.05
47601	0.05
51306	0.05
51904	0.05
54588	0.05
55903	0.05
58430	0.05
58651	0.05
60126	0.05
60182	0.05
19511	0.0487804878049
23	0.047619047619
2843	0.047619047619
5674	0.047619047619
10508	0.047619047619
12354	0.047619047619
13277	0.047619047619
14495	0.047619047619
14838	0.047619047619
16793	0.047619047619
20940	0.047619047619
20970	0.047619047619
21888	0.047619047619
22826	0.047619047619
25001	0.047619047619
27919	0.047619047619
30261	0.047619047619
31002	0.047619047619
31296	0.047619047619
32015	0.047619047619
34447	0.047619047619
34977	0.047619047619
39079	0.047619047619
41538	0.047619047619
42448	0.047619047619
46780	0.047619047619
48006	0.047619047619
48366	0.047619047619
48760	0.047619047619
48876	0.047619047619
49591	0.047619047619
49835	0.047619047619
51235	0.047619047619
52266	0.047619047619
55407	0.047619047619
59983	0.047619047619
60145	0.047619047619
60338	0.046511627907
6189	0.0454545454545
6534	0.0454545454545
9331	0.0454545454545
17591	0.0454545454545
26408	0.0454545454545
28526	0.0454545454545
29019	0.0454545454545
29693	0.0454545454545
33096	0.0454545454545
37835	0.0454545454545
40362	0.0454545454545
42265	0.0454545454545
42798	0.0454545454545
46628	0.0454545454545
49853	0.0454545454545
50532	0.0454545454545
50846	0.0454545454545
54985	0.0454545454545
57108	0.0454545454545
57840	0.0454545454545
57841	0.0454545454545
59619	0.0454545454545
59932	0.0454545454545
60102	0.0454545454545
60228	0.0454545454545
3014	0.0434782608696
3529	0.0434782608696
6110	0.0434782608696
8668	0.0434782608696
13604	0.0434782608696
14270	0.0434782608696
15439	0.0434782608696
22948	0.0434782608696
24504	0.0434782608696
26752	0.0434782608696
29101	0.0434782608696
32373	0.0434782608696
33031	0.0434782608696
34396	0.0434782608696
34969	0.0434782608696
35389	0.0434782608696
43095	0.0434782608696
43716	0.0434782608696
44414	0.0434782608696
45675	0.0434782608696
47337	0.0434782608696
50581	0.0434782608696
53366	0.0434782608696
55846	0.0434782608696
58462	0.0434782608696
59938	0.0434782608696
60149	0.0434782608696
60181	0.0434782608696
61178	0.0434782608696
239	0.0416666666667
385	0.0416666666667
1161	0.0416666666667
8580	0.0416666666667
8624	0.0416666666667
9569	0.0416666666667
12415	0.0416666666667
16387	0.0416666666667
19931	0.0416666666667
23469	0.0416666666667
26665	0.0416666666667
29604	0.0416666666667
32171	0.0416666666667
32177	0.0416666666667
32908	0.0416666666667
36412	0.0416666666667
39484	0.0416666666667
40090	0.0416666666667
43085	0.0416666666667
44396	0.0416666666667
50920	0.0416666666667
51130	0.0416666666667
51362	0.0416666666667
51388	0.0416666666667
52338	0.0416666666667
52504	0.0416666666667
52739	0.0416666666667
53389	0.0416666666667
56282	0.0416666666667
57629	0.0416666666667
58742	0.0416666666667
2278	0.0408163265306
56215	0.0408163265306
31692	0.040404040404
167	0.04
1114	0.04
2042	0.04
2054	0.04
2532	0.04
4472	0.04
5396	0.04
5827	0.04
7471	0.04
7608	0.04
9206	0.04
9244	0.04
11358	0.04
12484	0.04
16641	0.04
17855	0.04
19854	0.04
20391	0.04
22582	0.04
24782	0.04
25150	0.04
29443	0.04
29892	0.04
29977	0.04
33206	0.04
33803	0.04
41545	0.04
41815	0.04
43526	0.04
43878	0.04
46808	0.04
51367	0.04
52026	0.04
52117	0.04
53379	0.04
54249	0.04
59571	0.04
61449	0.04
15021	0.0392156862745
29785	0.0392156862745
534	0.0384615384615
2638	0.0384615384615
4046	0.0384615384615
4204	0.0384615384615
8615	0.0384615384615
8733	0.0384615384615
10500	0.0384615384615
12742	0.0384615384615
14068	0.0384615384615
19882	0.0384615384615
20090	0.0384615384615
23008	0.0384615384615
23370	0.0384615384615
24596	0.0384615384615
25362	0.0384615384615
25591	0.0384615384615
27053	0.0384615384615
27298	0.0384615384615
29477	0.0384615384615
32295	0.0384615384615
32716	0.0384615384615
36629	0.0384615384615
41540	0.0384615384615
42215	0.0384615384615
43558	0.0384615384615
50966	0.0384615384615
53294	0.0384615384615
53402	0.0384615384615
54914	0.0384615384615
57812	0.0384615384615
58346	0.0384615384615
59900	0.0384615384615
59964	0.0384615384615
1753	0.0380952380952
3749	0.0377358490566
9447	0.0377358490566
536	0.037037037037
713	0.037037037037
4116	0.037037037037
4958	0.037037037037
5495	0.037037037037
6522	0.037037037037
11554	0.037037037037
11677	0.037037037037
13438	0.037037037037
16716	0.037037037037
16826	0.037037037037
19704	0.037037037037
21400	0.037037037037
22709	0.037037037037
25552	0.037037037037
26978	0.037037037037
27733	0.037037037037
28022	0.037037037037
32570	0.037037037037
39408	0.037037037037
41677	0.037037037037
43008	0.037037037037
43223	0.037037037037
47199	0.037037037037
49344	0.037037037037
51981	0.037037037037
53190	0.037037037037
53264	0.037037037037
59598	0.037037037037
60105	0.037037037037
29291	0.0363636363636
51368	0.0363636363636
26	0.0357142857143
211	0.0357142857143
5442	0.0357142857143
6148	0.0357142857143
6521	0.0357142857143
8112	0.0357142857143
8765	0.0357142857143
10899	0.0357142857143
13138	0.0357142857143
22345	0.0357142857143
24877	0.0357142857143
27044	0.0357142857143
28083	0.0357142857143
30093	0.0357142857143
30119	0.0357142857143
33723	0.0357142857143
34896	0.0357142857143
37570	0.0357142857143
41442	0.0357142857143
41868	0.0357142857143
42988	0.0357142857143
46550	0.0357142857143
49213	0.0357142857143
50301	0.0357142857143
51990	0.0357142857143
55740	0.0357142857143
60508	0.0357142857143
300	0.0344827586207
5627	0.0344827586207
9173	0.0344827586207
9688	0.0344827586207
9760	0.0344827586207
19956	0.0344827586207
20816	0.0344827586207
25026	0.0344827586207
27917	0.0344827586207
31487	0.0344827586207
38546	0.0344827586207
42222	0.0344827586207
46973	0.0344827586207
47059	0.0344827586207
48120	0.0344827586207
48569	0.0344827586207
51920	0.0344827586207
52067	0.0344827586207
53225	0.0344827586207
59783	0.0344827586207
59922	0.0344827586207
1690	0.0338983050847
31970	0.0338983050847
2288	0.0333333333333
4742	0.0333333333333
5270	0.0333333333333
6396	0.0333333333333
9209	0.0333333333333
10341	0.0333333333333
11329	0.0333333333333
12754	0.0333333333333
17446	0.0333333333333
24526	0.0333333333333
29306	0.0333333333333
31027	0.0333333333333
32035	0.0333333333333
32737	0.0333333333333
33985	0.0333333333333
34240	0.0333333333333
46423	0.0333333333333
51148	0.0333333333333
51245	0.0333333333333
51433	0.0333333333333
51686	0.0333333333333
52306	0.0333333333333
59956	0.0333333333333
311	0.0322580645161
5273	0.0322580645161
6041	0.0322580645161
7439	0.0322580645161
7466	0.0322580645161
9110	0.0322580645161
13630	0.0322580645161
17662	0.0322580645161
18543	0.0322580645161
20074	0.0322580645161
20795	0.0322580645161
25392	0.0322580645161
27462	0.0322580645161
30695	0.0322580645161
32831	0.0322580645161
33114	0.0322580645161
36131	0.0322580645161
39247	0.0322580645161
40816	0.0322580645161
41057	0.0322580645161
41502	0.0322580645161
42486	0.0322580645161
42501	0.0322580645161
42710	0.0322580645161
44483	0.0322580645161
45271	0.0322580645161
46083	0.0322580645161
47458	0.0322580645161
50922	0.0322580645161
51610	0.0322580645161
51927	0.0322580645161
52143	0.0322580645161
52591	0.0322580645161
52810	0.0322580645161
53401	0.0322580645161
50924	0.031914893617
35030	0.031746031746
41069	0.031746031746
34136	0.0315789473684
3493	0.03125
3577	0.03125
4249	0.03125
5469	0.03125
9450	0.03125
13435	0.03125
13787	0.03125
14297	0.03125
14373	0.03125
14465	0.03125
16446	0.03125
18715	0.03125
22741	0.03125
25070	0.03125
36627	0.03125
39523	0.03125
40826	0.03125
43091	0.03125
46897	0.03125
47206	0.03125
48231	0.03125
48381	0.03125
49057	0.03125
55204	0.03125
61072	0.03125
468	0.030303030303
4598	0.030303030303
5368	0.030303030303
7237	0.030303030303
11536	0.030303030303
16086	0.030303030303
20268	0.030303030303
21718	0.030303030303
21829	0.030303030303
24934	0.030303030303
26037	0.030303030303
28247	0.030303030303
29617	0.030303030303
30675	0.030303030303
37512	0.030303030303
43236	0.030303030303
43380	0.030303030303
44539	0.030303030303
46122	0.030303030303
48154	0.030303030303
48442	0.030303030303
52134	0.030303030303
52783	0.030303030303
53151	0.030303030303
59837	0.030303030303
60116	0.030303030303
60242	0.030303030303
15730	0.0298507462687
23284	0.0298507462687
36112	0.0298507462687
280	0.0294117647059
1157	0.0294117647059
5986	0.0294117647059
9517	0.0294117647059
9754	0.0294117647059
23669	0.0294117647059
24079	0.0294117647059
25066	0.0294117647059
26606	0.0294117647059
28522	0.0294117647059
29082	0.0294117647059
29641	0.0294117647059
41565	0.0294117647059
41588	0.0294117647059
41714	0.0294117647059
42432	0.0294117647059
43179	0.0294117647059
43816	0.0294117647059
49284	0.0294117647059
51239	0.0294117647059
51358	0.0294117647059
52371	0.0294117647059
52696	0.0294117647059
55055	0.0294117647059
5679	0.0289855072464
349	0.0285714285714
503	0.0285714285714
533	0.0285714285714
735	0.0285714285714
4253	0.0285714285714
6355	0.0285714285714
9201	0.0285714285714
12574	0.0285714285714
14451	0.0285714285714
17894	0.0285714285714
21880	0.0285714285714
24580	0.0285714285714
25610	0.0285714285714
26067	0.0285714285714
29012	0.0285714285714
29032	0.0285714285714
29061	0.0285714285714
29245	0.0285714285714
29465	0.0285714285714
31858	0.0285714285714
34467	0.0285714285714
41476	0.0285714285714
41837	0.0285714285714
42878	0.0285714285714
48031	0.0285714285714
48110	0.0285714285714
49879	0.0285714285714
51177	0.0285714285714
52737	0.0285714285714
59550	0.0285714285714
830	0.0281690140845
1602	0.0277777777778
5183	0.0277777777778
7294	0.0277777777778
10828	0.0277777777778
19080	0.0277777777778
25143	0.0277777777778
29252	0.0277777777778
30115	0.0277777777778
30139	0.0277777777778
38890	0.0277777777778
40377	0.0277777777778
42039	0.0277777777778
42992	0.0277777777778
43239	0.0277777777778
46546	0.0277777777778
49564	0.0277777777778
50644	0.0277777777778
50861	0.0277777777778
51110	0.0277777777778
51414	0.0277777777778
52474	0.0277777777778
52941	0.0277777777778
59833	0.0277777777778
59985	0.0277777777778
60095	0.0277777777778
11168	0.027397260274
38713	0.027397260274
1885	0.027027027027
5076	0.027027027027
9427	0.027027027027
11435	0.027027027027
13399	0.027027027027
19081	0.027027027027
28718	0.027027027027
29041	0.027027027027
29304	0.027027027027
30898	0.027027027027
30927	0.027027027027
32722	0.027027027027
35426	0.027027027027
36056	0.027027027027
36809	0.027027027027
39642	0.027027027027
39835	0.027027027027
41430	0.027027027027
41630	0.027027027027
42927	0.027027027027
46489	0.027027027027
51562	0.027027027027
52585	0.027027027027
55031	0.027027027027
35022	0.0266666666667
49889	0.0266666666667
8510	0.0263157894737
8827	0.0263157894737
11625	0.0263157894737
12306	0.0263157894737
13840	0.0263157894737
15465	0.0263157894737
16074	0.0263157894737
16317	0.0263157894737
16409	0.0263157894737
17195	0.0263157894737
25701	0.0263157894737
25803	0.0263157894737
25920	0.0263157894737
28626	0.0263157894737
29858	0.0263157894737
30335	0.0263157894737
31460	0.0263157894737
35501	0.0263157894737
36255	0.0263157894737
37580	0.0263157894737
37786	0.0263157894737
42846	0.0263157894737
43387	0.0263157894737
43532	0.0263157894737
43872	0.0263157894737
47144	0.0263157894737
47561	0.0263157894737
52115	0.0263157894737
53004	0.0263157894737
60167	0.0263157894737
60547	0.0263157894737
50330	0.0260869565217
30651	0.025974025974
2942	0.025641025641
9667	0.025641025641
10722	0.025641025641
15348	0.025641025641
15458	0.025641025641
18713	0.025641025641
22264	0.025641025641
27864	0.025641025641
32125	0.025641025641
36422	0.025641025641
38197	0.025641025641
41611	0.025641025641
41667	0.025641025641
41725	0.025641025641
42190	0.025641025641
43006	0.025641025641
43518	0.025641025641
51183	0.025641025641
51379	0.025641025641
51816	0.025641025641
52546	0.025641025641
18366	0.0253164556962
44270	0.0253164556962
51154	0.0253164556962
3839	0.025
5207	0.025
10595	0.025
11630	0.025
20466	0.025
20541	0.025
29177	0.025
32228	0.025
32499	0.025
33902	0.025
34252	0.025
36188	0.025
36617	0.025
36761	0.025
42433	0.025
47336	0.025
48574	0.025
51617	0.025
52709	0.025
59556	0.025
50890	0.0246913580247
50911	0.0246913580247
5354	0.0245901639344
30	0.0243902439024
72	0.0243902439024
501	0.0243902439024
4774	0.0243902439024
10421	0.0243902439024
12802	0.0243902439024
12953	0.0243902439024
15293	0.0243902439024
19662	0.0243902439024
23438	0.0243902439024
24052	0.0243902439024
25786	0.0243902439024
26005	0.0243902439024
28334	0.0243902439024
28951	0.0243902439024
29913	0.0243902439024
34861	0.0243902439024
35052	0.0243902439024
41669	0.0243902439024
44257	0.0243902439024
50967	0.0243902439024
51975	0.0243902439024
52809	0.0243902439024
55890	0.0243902439024
57831	0.0243902439024
58864	0.0243902439024
43522	0.0240963855422
51343	0.0240963855422
1092	0.0238095238095
1558	0.0238095238095
3126	0.0238095238095
4647	0.0238095238095
8659	0.0238095238095
16806	0.0238095238095
29998	0.0238095238095
41974	0.0238095238095
47598	0.0238095238095
48494	0.0238095238095
48650	0.0238095238095
51186	0.0238095238095
70	0.0232558139535
6124	0.0232558139535
7476	0.0232558139535
9273	0.0232558139535
16394	0.0232558139535
17361	0.0232558139535
35160	0.0232558139535
41742	0.0232558139535
44369	0.0232558139535
44493	0.0232558139535
44560	0.0232558139535
45184	0.0232558139535
51435	0.0232558139535
53298	0.0232558139535
59236	0.0232558139535
52442	0.0229885057471
2975	0.0227272727273
21271	0.0227272727273
23658	0.0227272727273
25574	0.0227272727273
26818	0.0227272727273
27968	0.0227272727273
29452	0.0227272727273
35059	0.0227272727273
41962	0.0227272727273
50930	0.0227272727273
51106	0.0227272727273
57521	0.0227272727273
59832	0.0227272727273
59	0.0222222222222
1304	0.0222222222222
4661	0.0222222222222
10295	0.0222222222222
11061	0.0222222222222
11087	0.0222222222222
11925	0.0222222222222
12609	0.0222222222222
25436	0.0222222222222
27268	0.0222222222222
29343	0.0222222222222
31374	0.0222222222222
34879	0.0222222222222
40996	0.0222222222222
42636	0.0222222222222
47041	0.0222222222222
50951	0.0222222222222
51098	0.0222222222222
51967	0.0222222222222
52136	0.0222222222222
53443	0.0222222222222
60341	0.0222222222222
51283	0.021978021978
13920	0.0217391304348
18562	0.0217391304348
18749	0.0217391304348
19099	0.0217391304348
27685	0.0217391304348
29416	0.0217391304348
30133	0.0217391304348
31032	0.0217391304348
35883	0.0217391304348
36064	0.0217391304348
36125	0.0217391304348
41199	0.0217391304348
41629	0.0217391304348
42022	0.0217391304348
42716	0.0217391304348
43722	0.0217391304348
43959	0.0217391304348
44112	0.0217391304348
51242	0.0217391304348
51316	0.0217391304348
52713	0.0217391304348
53991	0.0217391304348
60731	0.0217391304348
30793	0.0215827338129
41161	0.0215827338129
39265	0.0215053763441
28750	0.0214285714286
338	0.0212765957447
1501	0.0212765957447
11673	0.0212765957447
11904	0.0212765957447
17789	0.0212765957447
20716	0.0212765957447
21903	0.0212765957447
28165	0.0212765957447
31125	0.0212765957447
31663	0.0212765957447
41888	0.0212765957447
42008	0.0212765957447
42516	0.0212765957447
42949	0.0212765957447
44176	0.0212765957447
44456	0.0212765957447
45277	0.0212765957447
45900	0.0212765957447
56	0.0208333333333
387	0.0208333333333
885	0.0208333333333
16562	0.0208333333333
19965	0.0208333333333
21043	0.0208333333333
24936	0.0208333333333
25046	0.0208333333333
30231	0.0208333333333
31471	0.0208333333333
35391	0.0208333333333
39682	0.0208333333333
41254	0.0208333333333
42651	0.0208333333333
51077	0.0208333333333
51933	0.0208333333333
55096	0.0208333333333
59785	0.0208333333333
34865	0.020618556701
7310	0.0204081632653
8906	0.0204081632653
9235	0.0204081632653
15471	0.0204081632653
25297	0.0204081632653
30311	0.0204081632653
31007	0.0204081632653
39582	0.0204081632653
43475	0.0204081632653
49571	0.0204081632653
51034	0.0204081632653
51751	0.0204081632653
59882	0.0204081632653
61040	0.0204081632653
34145	0.0202429149798
3828	0.02
10400	0.02
13261	0.02
16802	0.02
24605	0.02
25827	0.02
26502	0.02
27646	0.02
28667	0.02
31022	0.02
32584	0.02
35577	0.02
38019	0.02
41086	0.02
41163	0.02
42093	0.02
45105	0.02
51224	0.02
51979	0.02
52589	0.02
51676	0.0198675496689
2595	0.0196078431373
4200	0.0196078431373
6601	0.0196078431373
6632	0.0196078431373
8088	0.0196078431373
22858	0.0196078431373
28542	0.0196078431373
31399	0.0196078431373
31514	0.0196078431373
33312	0.0196078431373
37302	0.0196078431373
40633	0.0196078431373
43003	0.0196078431373
48973	0.0196078431373
51749	0.0196078431373
52281	0.0196078431373
52357	0.0196078431373
1505	0.0192307692308
2211	0.0192307692308
12753	0.0192307692308
14859	0.0192307692308
16955	0.0192307692308
17204	0.0192307692308
19660	0.0192307692308
20747	0.0192307692308
23090	0.0192307692308
26652	0.0192307692308
26817	0.0192307692308
30484	0.0192307692308
32794	0.0192307692308
34971	0.0192307692308
37587	0.0192307692308
38649	0.0192307692308
41289	0.0192307692308
41386	0.0192307692308
41923	0.0192307692308
41951	0.0192307692308
42206	0.0192307692308
51466	0.0192307692308
51620	0.0192307692308
53158	0.0192307692308
41555	0.0190476190476
8	0.0188679245283
3223	0.0188679245283
14652	0.0188679245283
23190	0.0188679245283
26773	0.0188679245283
28323	0.0188679245283
32006	0.0188679245283
40862	0.0188679245283
41192	0.0188679245283
41359	0.0188679245283
42919	0.0188679245283
45163	0.0188679245283
50991	0.0188679245283
51647	0.0188679245283
52838	0.0188679245283
1821	0.018691588785
4620	0.018691588785
5165	0.0185185185185
7115	0.0185185185185
7513	0.0185185185185
15820	0.0185185185185
22231	0.0185185185185
22876	0.0185185185185
22949	0.0185185185185
24373	0.0185185185185
24575	0.0185185185185
33775	0.0185185185185
41948	0.0185185185185
42318	0.0185185185185
45890	0.0185185185185
49413	0.0185185185185
21989	0.0184049079755
1237	0.0181818181818
3189	0.0181818181818
25075	0.0181818181818
26275	0.0181818181818
37695	0.0181818181818
42349	0.0181818181818
44153	0.0181818181818
52491	0.0181818181818
17690	0.018018018018
515	0.0178571428571
1175	0.0178571428571
4015	0.0178571428571
4983	0.0178571428571
6958	0.0178571428571
11384	0.0178571428571
16944	0.0178571428571
18107	0.0178571428571
18172	0.0178571428571
22813	0.0178571428571
22946	0.0178571428571
27649	0.0178571428571
32493	0.0178571428571
35860	0.0178571428571
39137	0.0178571428571
40482	0.0178571428571
41007	0.0178571428571
41730	0.0178571428571
42317	0.0178571428571
48452	0.0178571428571
48498	0.0178571428571
51767	0.0178571428571
51799	0.0178571428571
52697	0.0178571428571
25384	0.0177514792899
12343	0.0176991150442
16846	0.0176991150442
7393	0.0175438596491
9897	0.0175438596491
21656	0.0175438596491
22663	0.0175438596491
32213	0.0175438596491
37856	0.0175438596491
41553	0.0175438596491
41768	0.0175438596491
45412	0.0175438596491
46121	0.0175438596491
51299	0.0175438596491
52055	0.0175438596491
57828	0.0175438596491
1632	0.0174672489083
32594	0.0174418604651
29780	0.017316017316
1196	0.0172413793103
6982	0.0172413793103
15865	0.0172413793103
17462	0.0172413793103
17817	0.0172413793103
23117	0.0172413793103
27582	0.0172413793103
29431	0.0172413793103
32041	0.0172413793103
39226	0.0172413793103
51015	0.0172413793103
51294	0.0172413793103
51339	0.0172413793103
49408	0.017094017094
44599	0.0170454545455
644	0.0169491525424
1435	0.0169491525424
3398	0.0169491525424
6075	0.0169491525424
10961	0.0169491525424
24109	0.0169491525424
28436	0.0169491525424
39884	0.0169491525424
51724	0.0168776371308
5311	0.0168067226891
11383	0.0168067226891
21690	0.0168067226891
34724	0.0168067226891
42753	0.0168067226891
2284	0.0166666666667
7425	0.0166666666667
32720	0.0166666666667
38575	0.0166666666667
41212	0.0166666666667
41625	0.0166666666667
42075	0.0166666666667
47282	0.0166666666667
47294	0.0166666666667
47431	0.0166666666667
51632	0.0166666666667
51857	0.0166666666667
30802	0.0165745856354
3544	0.0165289256198
1356	0.016393442623
1936	0.016393442623
2611	0.016393442623
11348	0.016393442623
12253	0.016393442623
12849	0.016393442623
16593	0.016393442623
16958	0.016393442623
25115	0.016393442623
26657	0.016393442623
26660	0.016393442623
33693	0.016393442623
33781	0.016393442623
40630	0.016393442623
43723	0.016393442623
44999	0.016393442623
45701	0.016393442623
51232	0.016393442623
51775	0.016393442623
7472	0.0163043478261
15720	0.0162601626016
452	0.0161290322581
3538	0.0161290322581
7722	0.0161290322581
25952	0.0161290322581
30820	0.0161290322581
39657	0.0161290322581
39985	0.0161290322581
40848	0.0161290322581
40997	0.0161290322581
41275	0.0161290322581
50973	0.0161290322581
33577	0.016
53001	0.016
36967	0.0159574468085
1898	0.015873015873
4195	0.015873015873
4967	0.015873015873
8226	0.015873015873
9923	0.015873015873
11401	0.015873015873
11489	0.015873015873
14667	0.015873015873
16501	0.015873015873
16913	0.015873015873
17601	0.015873015873
20642	0.015873015873
21750	0.015873015873
27643	0.015873015873
31911	0.015873015873
33792	0.015873015873
33926	0.015873015873
17554	0.0157480314961
41682	0.0157480314961
53114	0.0157480314961
20875	0.0156862745098
101	0.015625
3826	0.015625
7293	0.015625
11535	0.015625
27517	0.015625
32084	0.015625
33481	0.015625
34792	0.015625
51616	0.015625
51673	0.015625
51738	0.015625
52265	0.015625
60231	0.015625
13403	0.0153846153846
17969	0.0153846153846
28735	0.0153846153846
33166	0.0153846153846
34532	0.0153846153846
41656	0.0153846153846
42427	0.0153846153846
42905	0.0153846153846
42942	0.0153846153846
43924	0.0153846153846
50907	0.0153846153846
16956	0.0153256704981
12325	0.0152671755725
22408	0.0152671755725
47050	0.0152671755725
1228	0.0151515151515
2137	0.0151515151515
10177	0.0151515151515
16433	0.0151515151515
17699	0.0151515151515
41102	0.0151515151515
41976	0.0151515151515
42097	0.0151515151515
42941	0.0151515151515
45715	0.0151515151515
52144	0.0151515151515
52940	0.0151515151515
44433	0.0150753768844
1169	0.015037593985
4194	0.0149253731343
8372	0.0149253731343
11511	0.0149253731343
34576	0.0149253731343
51054	0.0149253731343
51453	0.0149253731343
51925	0.0149253731343
53164	0.0149253731343
2144	0.0148148148148
29845	0.0147492625369
2850	0.0147058823529
3858	0.0147058823529
16305	0.0147058823529
20376	0.0147058823529
28300	0.0147058823529
30930	0.0147058823529
32480	0.0147058823529
34524	0.0147058823529
35262	0.0147058823529
37845	0.0147058823529
41174	0.0147058823529
41984	0.0147058823529
42626	0.0147058823529
52928	0.0147058823529
21734	0.014598540146
30917	0.014598540146
41152	0.014598540146
53	0.0144927536232
2578	0.0144927536232
4409	0.0144927536232
5484	0.0144927536232
7073	0.0144927536232
13451	0.0144927536232
25336	0.0144927536232
25405	0.0144927536232
31608	0.0144927536232
32432	0.0144927536232
37379	0.0144927536232
38332	0.0144927536232
39239	0.0144927536232
41298	0.0144927536232
41576	0.0144927536232
43210	0.0144927536232
43414	0.0144927536232
46742	0.0144927536232
47136	0.0144927536232
51692	0.0144927536232
16194	0.0143884892086
18301	0.014367816092
5161	0.0142857142857
16722	0.0142857142857
17315	0.0142857142857
19416	0.0142857142857
20418	0.0142857142857
28290	0.0142857142857
29401	0.0142857142857
40212	0.0142857142857
41405	0.0142857142857
46509	0.0142857142857
53286	0.0142857142857
59547	0.0142857142857
7413	0.0141843971631
1097	0.0140845070423
1123	0.0140845070423
12421	0.0140845070423
24058	0.0140845070423
42191	0.0140845070423
43251	0.0140845070423
44525	0.0140845070423
51266	0.0140845070423
52239	0.0140845070423
4644	0.0140056022409
6564	0.013986013986
51393	0.013986013986
52018	0.013986013986
2490	0.0138888888889
4074	0.0138888888889
4804	0.0138888888889
18213	0.0138888888889
25806	0.0138888888889
27070	0.0138888888889
28719	0.0138888888889
30828	0.0138888888889
37186	0.0138888888889
39342	0.0138888888889
41633	0.0138888888889
44602	0.0138888888889
52121	0.0138888888889
41181	0.0137931034483
4481	0.013698630137
6315	0.013698630137
6906	0.013698630137
9646	0.013698630137
15870	0.013698630137
24468	0.013698630137
28458	0.013698630137
29573	0.013698630137
36193	0.013698630137
37201	0.013698630137
38864	0.013698630137
51220	0.013698630137
2829	0.0136054421769
36897	0.0136054421769
2282	0.0135135135135
2618	0.0135135135135
5810	0.0135135135135
34128	0.0135135135135
42912	0.0135135135135
44485	0.0135135135135
50900	0.0135135135135
34350	0.0134228187919
1000	0.0133333333333
2610	0.0133333333333
2852	0.0133333333333
12777	0.0133333333333
18022	0.0133333333333
19843	0.0133333333333
21582	0.0133333333333
21913	0.0133333333333
23944	0.0133333333333
25472	0.0133333333333
27952	0.0133333333333
28734	0.0133333333333
29746	0.0133333333333
31393	0.0133333333333
37747	0.0133333333333
41180	0.0133333333333
41210	0.0133333333333
43630	0.0133333333333
50915	0.0133333333333
52641	0.0133333333333
53029	0.0133333333333
57430	0.0133333333333
59543	0.0133333333333
59681	0.0133333333333
12585	0.0132450331126
2690	0.0131578947368
10046	0.0131578947368
12454	0.0131578947368
16847	0.0131578947368
23275	0.0131578947368
28824	0.0131578947368
31008	0.0131578947368
32728	0.0131578947368
35940	0.0131578947368
38194	0.0131578947368
41066	0.0131578947368
41073	0.0131578947368
52874	0.0131578947368
57861	0.0131578947368
16784	0.0130718954248
186	0.012987012987
4147	0.012987012987
4561	0.012987012987
14823	0.012987012987
29492	0.012987012987
30085	0.012987012987
35057	0.012987012987
42295	0.012987012987
42556	0.012987012987
50079	0.012987012987
51071	0.012987012987
51589	0.012987012987
52549	0.012987012987
4337	0.0129032258065
5693	0.0129032258065
10096	0.0129032258065
3684	0.0128205128205
4007	0.0128205128205
5206	0.0128205128205
10248	0.0128205128205
15264	0.0128205128205
22864	0.0128205128205
37163	0.0128205128205
40645	0.0128205128205
51102	0.0128205128205
51105	0.0128205128205
52629	0.0128205128205
52946	0.0128205128205
61411	0.0128205128205
41552	0.0127388535032
41403	0.0126984126984
3860	0.0126582278481
4318	0.0126582278481
5528	0.0126582278481
14181	0.0126582278481
17979	0.0126582278481
34788	0.0126582278481
38642	0.0126582278481
51509	0.0126582278481
51117	0.0125786163522
6920	0.0125
10920	0.0125
27173	0.0125
34166	0.0125
41708	0.0125
42813	0.0125
15233	0.0124223602484
652	0.0123456790123
712	0.0123456790123
4510	0.0123456790123
7884	0.0123456790123
14511	0.0123456790123
20335	0.0123456790123
28456	0.0123456790123
254	0.0122699386503
37114	0.0122699386503
41250	0.0122699386503
51019	0.0122249388753
3406	0.0121951219512
8894	0.0121951219512
22881	0.0121951219512
25555	0.0121951219512
33405	0.0121951219512
35679	0.0121951219512
40208	0.0121951219512
41409	0.0121951219512
49024	0.0121951219512
32453	0.0121212121212
39426	0.0121212121212
456	0.0120481927711
9032	0.0120481927711
25930	0.0120481927711
29005	0.0120481927711
51615	0.0120481927711
51937	0.0120481927711
52981	0.0120481927711
2825	0.0119760479042
8210	0.0119760479042
2321	0.0119047619048
4227	0.0119047619048
6339	0.0119047619048
16073	0.0119047619048
30515	0.0119047619048
32927	0.0119047619048
41100	0.0119047619048
42649	0.0119047619048
52102	0.0119047619048
30762	0.0118343195266
34217	0.0118343195266
4515	0.0117647058824
7344	0.0117647058824
10328	0.0117647058824
11223	0.0117647058824
18596	0.0117647058824
20077	0.0117647058824
34190	0.0117647058824
34659	0.0117647058824
39213	0.0117647058824
50949	0.0117647058824
51699	0.0117647058824
52072	0.0117647058824
52276	0.0117647058824
52613	0.0117647058824
28810	0.0116959064327
34121	0.0116959064327
40984	0.011673151751
1553	0.0116279069767
22018	0.0116279069767
26274	0.0116279069767
35701	0.0116279069767
50961	0.0116279069767
51418	0.0116279069767
59507	0.0116279069767
2142	0.0115606936416
34241	0.0115606936416
21715	0.0114942528736
26313	0.0114942528736
26890	0.0114942528736
27387	0.0114942528736
30913	0.0114942528736
31313	0.0114942528736
37046	0.0114942528736
42182	0.0114942528736
42642	0.0114942528736
43920	0.0114942528736
41347	0.0114503816794
22251	0.0114155251142
4149	0.0113636363636
20089	0.0113636363636
30619	0.0113636363636
34199	0.0113636363636
41188	0.0113636363636
51394	0.0113636363636
20675	0.0112994350282
3499	0.0112866817156
4867	0.0112359550562
5656	0.0112359550562
5698	0.0112359550562
17556	0.0112359550562
19506	0.0112359550562
34095	0.0112359550562
37686	0.0112359550562
41880	0.0112359550562
48237	0.0112359550562
17790	0.0111940298507
8466	0.0111731843575
41095	0.0111524163569
1740	0.0111111111111
7301	0.0111111111111
7654	0.0111111111111
8468	0.0111111111111
14505	0.0111111111111
19338	0.0111111111111
21727	0.0111111111111
22113	0.0111111111111
22121	0.0111111111111
36054	0.0111111111111
38676	0.0111111111111
41024	0.0111111111111
41249	0.0111111111111
42040	0.0111111111111
52383	0.0111111111111
53234	0.0111111111111
123	0.010989010989
218	0.010989010989
5702	0.010989010989
7280	0.010989010989
18317	0.010989010989
5116	0.0109289617486
23121	0.0109289617486
1788	0.0108695652174
5371	0.0108695652174
7734	0.0108695652174
10082	0.0108695652174
41533	0.0108695652174
42344	0.0108695652174
42468	0.0108695652174
43834	0.0108695652174
39510	0.0108108108108
37961	0.010775862069
871	0.010752688172
3385	0.010752688172
9588	0.010752688172
10463	0.010752688172
17277	0.010752688172
29243	0.010752688172
41711	0.010752688172
51000	0.010752688172
51792	0.010752688172
51795	0.010752688172
50933	0.0107238605898
5367	0.0106951871658
18112	0.0106951871658
1015	0.0106382978723
4873	0.0106382978723
6440	0.0106382978723
13385	0.0106382978723
22731	0.0106382978723
24173	0.0106382978723
29816	0.0106382978723
33143	0.0106382978723
40985	0.0106382978723
52991	0.0106382978723
18414	0.0106007067138
1256	0.0105263157895
4452	0.0105263157895
6542	0.0105263157895
34073	0.0105263157895
41694	0.0105263157895
49335	0.0105263157895
53065	0.0105263157895
160	0.0104166666667
3205	0.0104166666667
27687	0.0104166666667
34105	0.0104166666667
37162	0.0104166666667
41019	0.0104166666667
41113	0.0104166666667
13955	0.0103806228374
4733	0.0103626943005
10266	0.0103626943005
8189	0.0103092783505
14656	0.0103092783505
17570	0.0103092783505
31307	0.0103092783505
37752	0.0103092783505
41227	0.0103092783505
41649	0.0103092783505
48221	0.0103092783505
52416	0.0103092783505
766	0.0102040816327
9292	0.0102040816327
9502	0.0102040816327
33544	0.0102040816327
41269	0.0102040816327
51234	0.0102040816327
23080	0.010152284264
22426	0.010101010101
24164	0.010101010101
30185	0.010101010101
37194	0.010101010101
37588	0.010101010101
48910	0.010101010101
52560	0.010101010101
52564	0.010101010101
53168	0.010101010101
55746	0.010101010101
41106	0.0100334448161
50863	0.0100143061516
913	0.01
5574	0.01
17767	0.01
33645	0.01
33656	0.01
38338	0.01
41070	0.01
45381	0.01
51505	0.01
51892	0.01
52362	0.01
156	0.00990099009901
3619	0.00990099009901
4752	0.00990099009901
26592	0.00990099009901
29705	0.00990099009901
18699	0.00986842105263
1853	0.00980392156863
3194	0.00980392156863
27045	0.00980392156863
31891	0.00980392156863
32711	0.00980392156863
41634	0.00980392156863
51590	0.00980392156863
53194	0.00980392156863
7444	0.00974025974026
5673	0.00972762645914
1323	0.00970873786408
9288	0.00970873786408
35958	0.00970873786408
37689	0.00970873786408
41200	0.00970873786408
41307	0.00970873786408
41618	0.00970873786408
42363	0.00970873786408
51901	0.00970873786408
16209	0.00969305331179
15083	0.00966183574879
9647	0.00965250965251
309	0.00961538461538
14832	0.00961538461538
23990	0.00961538461538
31494	0.00961538461538
41103	0.00961538461538
51707	0.00961538461538
17586	0.00959692898273
41039	0.00958466453674
10166	0.00952380952381
12552	0.00952380952381
15052	0.00952380952381
20785	0.00952380952381
29533	0.00952380952381
33716	0.00952380952381
41082	0.00952380952381
41308	0.00952380952381
43337	0.00952380952381
51156	0.00952380952381
4836	0.00943396226415
11760	0.00943396226415
21312	0.00943396226415
24088	0.00943396226415
29356	0.00943396226415
39366	0.00943396226415
42555	0.00943396226415
35728	0.00940438871473
1489	0.0093896713615
563	0.00934579439252
1132	0.00934579439252
9636	0.00934579439252
29399	0.00934579439252
32784	0.00934579439252
45717	0.00934579439252
50506	0.00934579439252
34999	0.0093023255814
21694	0.00925925925926
27051	0.00925925925926
41012	0.00925925925926
51573	0.00925925925926
32490	0.00921658986175
32612	0.00920810313076
2381	0.00917431192661
19695	0.00917431192661
34943	0.00917431192661
41935	0.00917431192661
17611	0.00913242009132
13935	0.00912408759124
14233	0.00909090909091
26162	0.00909090909091
28141	0.00909090909091
29583	0.00909090909091
32626	0.00909090909091
41032	0.00909090909091
42320	0.00909090909091
51359	0.00909090909091
1655	0.00906344410876
34929	0.00904977375566
4868	0.00903614457831
20542	0.00903614457831
37426	0.00902527075812
17346	0.00900900900901
24971	0.00900900900901
41606	0.00900900900901
42053	0.00900900900901
2639	0.00892857142857
4611	0.00892857142857
397	0.00884955752212
2361	0.00884955752212
2787	0.00884955752212
8839	0.00884955752212
11250	0.00884955752212
14730	0.00884955752212
17188	0.00884955752212
27859	0.00884955752212
43325	0.00884955752212
50553	0.00884955752212
52536	0.00884955752212
57862	0.00884955752212
29686	0.00882352941176
25413	0.00881057268722
16447	0.00879120879121
71	0.00877192982456
10646	0.00877192982456
31306	0.00877192982456
50936	0.00877192982456
51011	0.00877192982456
45223	0.00875273522976
21331	0.00873362445415
68	0.00869565217391
1272	0.00869565217391
2848	0.00869565217391
3986	0.00869565217391
13124	0.00869565217391
22238	0.00869565217391
22579	0.00869565217391
31895	0.00869565217391
39209	0.00869565217391
40411	0.00869565217391
41172	0.00869565217391
51854	0.00869565217391
41090	0.0086741016109
4485	0.00867052023121
19126	0.00862068965517
21523	0.00862068965517
27225	0.00862068965517
34147	0.00862068965517
41023	0.00862068965517
41303	0.00862068965517
41322	0.00862068965517
44538	0.00862068965517
6816	0.00854700854701
7645	0.00854700854701
31879	0.00854700854701
39210	0.00854700854701
39404	0.00854700854701
41274	0.00854700854701
47430	0.00854700854701
13960	0.00851063829787
20111	0.00847457627119
25091	0.00847457627119
29453	0.00847457627119
42973	0.00847457627119
5237	0.00845070422535
21906	0.00845070422535
2127	0.0084388185654
19201	0.0084388185654
41329	0.0084388185654
15986	0.00840336134454
19313	0.00840336134454
27925	0.00840336134454
33850	0.00840336134454
44281	0.00836820083682
25324	0.008356545961
3507	0.00833333333333
32411	0.00833333333333
47292	0.00833333333333
4390	0.00829875518672
34519	0.00829875518672
36394	0.00829875518672
41270	0.00829875518672
210	0.00826446280992
2367	0.00826446280992
13829	0.00826446280992
25416	0.00826446280992
26199	0.00826446280992
41328	0.00826446280992
41353	0.00826446280992
47675	0.00826446280992
41499	0.0082304526749
2353	0.00819672131148
10803	0.00819672131148
35245	0.00819672131148
6218	0.00813008130081
9104	0.00813008130081
10789	0.00813008130081
21915	0.00813008130081
39549	0.00813008130081
40562	0.00813008130081
15373	0.00810810810811
9138	0.0080971659919
2344	0.00807265388496
3006	0.00806451612903
17952	0.00806451612903
25834	0.00806451612903
30923	0.00806451612903
30980	0.00806451612903
34521	0.00806451612903
37184	0.00806451612903
41421	0.00806451612903
47628	0.00806451612903
6657	0.008
14686	0.008
19429	0.008
21696	0.008
41392	0.008
52188	0.008
10287	0.00793650793651
18276	0.00793650793651
28155	0.00793650793651
28285	0.00793650793651
30835	0.00793650793651
33680	0.00793650793651
4339	0.00790513833992
13339	0.00789889415482
2071	0.00787401574803
5672	0.00787401574803
21252	0.00787401574803
22351	0.00787401574803
41411	0.00787401574803
53361	0.00787401574803
1921	0.0078125
9184	0.0078125
26711	0.0078125
34391	0.0078125
27358	0.00778210116732
35847	0.00778210116732
41194	0.00778210116732
2094	0.0077519379845
15288	0.0077519379845
33895	0.0077519379845
38078	0.0077519379845
42019	0.0077519379845
42977	0.0077519379845
5000	0.00774336283186
867	0.00773195876289
21797	0.00772200772201
2905	0.00769230769231
9471	0.00769230769231
11664	0.00769230769231
27934	0.00769230769231
51666	0.00769230769231
8246	0.00763358778626
31868	0.00763358778626
41279	0.00763358778626
42308	0.00763358778626
23642	0.00761421319797
42156	0.00759493670886
616	0.00757575757576
4136	0.00757575757576
21742	0.00757575757576
27209	0.00757575757576
35420	0.00757575757576
39478	0.00757575757576
1135	0.00755287009063
2171	0.00751879699248
30899	0.00751879699248
34143	0.00751879699248
41108	0.00751879699248
41536	0.00751879699248
41819	0.00751879699248
42545	0.00751879699248
2811	0.00749063670412
10047	0.00746268656716
10112	0.00746268656716
25570	0.00746268656716
26173	0.00746268656716
26416	0.00746268656716
51281	0.00746268656716
20818	0.00744416873449
31877	0.00743494423792
38080	0.00743494423792
761	0.00740740740741
2152	0.00740740740741
3793	0.00740740740741
4070	0.00740740740741
14277	0.00740740740741
16264	0.00740740740741
37577	0.00740740740741
18556	0.00738007380074
128	0.00735294117647
2104	0.00735294117647
11769	0.00735294117647
13076	0.00735294117647
21550	0.00735294117647
31138	0.00732600732601
33142	0.00732600732601
41326	0.00732600732601
38232	0.00729927007299
35136	0.00727272727273
10162	0.00724637681159
14476	0.00724637681159
43354	0.00724637681159
49403	0.00724637681159
51709	0.00724637681159
1113	0.00722891566265
29394	0.0072202166065
11004	0.00719424460432
25440	0.00719424460432
28820	0.00719424460432
32120	0.00719424460432
41398	0.00719424460432
42270	0.00719424460432
51158	0.00719424460432
4708	0.00718390804598
41467	0.00717703349282
40962	0.00717488789238
5884	0.00714285714286
9295	0.00714285714286
16228	0.00714285714286
16831	0.00714285714286
51225	0.00714285714286
755	0.00709219858156
12393	0.00709219858156
31864	0.00709219858156
40344	0.00709219858156
41198	0.00709219858156
2312	0.0070796460177
2840	0.00706713780919
25414	0.00706713780919
2070	0.00704225352113
7095	0.00704225352113
7390	0.00704225352113
14518	0.00704225352113
17904	0.00704225352113
27094	0.00704225352113
35039	0.00704225352113
43178	0.00704225352113
51568	0.00704225352113
4242	0.00701754385965
18997	0.00699300699301
34607	0.00699300699301
38820	0.00699300699301
42312	0.00699300699301
52555	0.00699300699301
7300	0.00696055684455
3747	0.00694444444444
4280	0.00694444444444
4347	0.00689655172414
4977	0.00689655172414
32832	0.00689655172414
38293	0.00689655172414
38907	0.00689655172414
50963	0.00689655172414
27226	0.00684931506849
27910	0.00684931506849
497	0.00681818181818
31830	0.00681818181818
15114	0.00680272108844
38657	0.00680272108844
39874	0.00680272108844
40351	0.00680272108844
41011	0.00680272108844
42609	0.00680272108844
554	0.00675675675676
14515	0.00675675675676
15638	0.00675675675676
18278	0.00675675675676
34254	0.00675675675676
13067	0.00671140939597
51254	0.00671140939597
28055	0.0066889632107
6954	0.00666666666667
13119	0.00666666666667
14013	0.00666666666667
17318	0.00666666666667
28832	0.00666666666667
38671	0.00666666666667
51246	0.00666666666667
632	0.00662251655629
1039	0.00657894736842
1990	0.00657894736842
9920	0.00657894736842
13121	0.00657894736842
26098	0.00657894736842
41154	0.00657894736842
1422	0.00653594771242
2733	0.00653594771242
14253	0.00653594771242
17301	0.00653594771242
27715	0.00653594771242
51821	0.00653594771242
3720	0.00651890482399
14115	0.00651465798046
35047	0.00649350649351
41596	0.00649350649351
51605	0.00649350649351
5512	0.00647249190939
5089	0.00645161290323
12432	0.00645161290323
14833	0.00645161290323
24958	0.00645161290323
41258	0.00645161290323
41832	0.00645161290323
51027	0.00645161290323
684	0.00641025641026
11172	0.00641025641026
41093	0.00641025641026
46722	0.00641025641026
618	0.00636942675159
5100	0.00636942675159
11169	0.00636942675159
18967	0.00636942675159
23440	0.00636942675159
33922	0.00636942675159
41044	0.00636942675159
921	0.00635208711434
13036	0.00632911392405
22643	0.00632911392405
27809	0.00632911392405
36364	0.00632911392405
40893	0.00632911392405
40986	0.00632911392405
41672	0.00632911392405
42145	0.00632911392405
16368	0.0062893081761
17637	0.0062893081761
18129	0.0062893081761
20591	0.0062893081761
49398	0.0062893081761
41126	0.00626959247649
3554	0.00625
5715	0.00625
19034	0.00625
36078	0.00625
41246	0.00625
22383	0.00624566273421
19687	0.00621118012422
35019	0.00621118012422
35199	0.00621118012422
3531	0.00619834710744
12511	0.00617283950617
34676	0.00617283950617
1902	0.00614754098361
13212	0.00613496932515
12467	0.00611620795107
38262	0.00611620795107
3533	0.00609756097561
24606	0.00609756097561
41940	0.00609756097561
51680	0.00609756097561
17938	0.00607287449393
3486	0.00606060606061
46832	0.00606060606061
50883	0.00606060606061
4711	0.006038647343
26566	0.00602409638554
28737	0.00602409638554
33780	0.00602409638554
37680	0.00602409638554
38663	0.00602409638554
40942	0.00602409638554
27535	0.00600600600601
7509	0.0059880239521
511	0.00595238095238
41109	0.00595238095238
52738	0.00595238095238
39785	0.00594059405941
137	0.00591715976331
4743	0.00591715976331
5774	0.00591715976331
11887	0.00591715976331
15714	0.00591715976331
3729	0.00590551181102
259	0.00588235294118
13642	0.00588235294118
15381	0.00588235294118
18815	0.00588235294118
22104	0.00588235294118
22838	0.00588235294118
41029	0.00588235294118
41165	0.00588235294118
51029	0.00588235294118
1537	0.00584795321637
3297	0.00584795321637
3535	0.00584795321637
17461	0.00584795321637
51838	0.00584795321637
3239	0.00583090379009
76	0.00581878636741
2030	0.00581395348837
16723	0.00581395348837
22026	0.00581395348837
22805	0.00581395348837
25332	0.00581395348837
25487	0.00581395348837
28047	0.00581395348837
41391	0.00581395348837
50987	0.00581395348837
2588	0.00578034682081
5204	0.00578034682081
6679	0.00578034682081
10852	0.00578034682081
14862	0.00578034682081
40489	0.00578034682081
41593	0.00578034682081
51168	0.00578034682081
5231	0.00573514077164
10250	0.00573065902579
34369	0.00572519083969
1390	0.00571428571429
9720	0.00571428571429
11000	0.00571428571429
23786	0.00571428571429
41378	0.00571428571429
3733	0.00569800569801
5230	0.00568181818182
7751	0.00568181818182
12149	0.00568181818182
26579	0.00568181818182
26584	0.00568181818182
36710	0.00568181818182
40992	0.00568181818182
37392	0.00567375886525
3369	0.00564971751412
10736	0.00564971751412
14361	0.00564971751412
20527	0.00564971751412
31850	0.00564971751412
33727	0.00564971751412
39360	0.00564971751412
41034	0.00564971751412
47611	0.0056338028169
9586	0.00561797752809
19897	0.00561797752809
23001	0.00561797752809
32087	0.00561797752809
35162	0.00561797752809
50897	0.00561797752809
51120	0.00561797752809
50939	0.00560224089636
13660	0.00558659217877
22070	0.00558659217877
33862	0.00558659217877
34667	0.00558659217877
40975	0.00558659217877
50957	0.00558659217877
1503	0.00557413600892
30269	0.00556586270872
5432	0.00556328233658
4563	0.00556070435589
27723	0.00555555555556
28712	0.00555555555556
35144	0.00555555555556
742	0.00552486187845
1170	0.00552486187845
1456	0.00552486187845
8732	0.00552486187845
41278	0.00552486187845
51041	0.00551470588235
11776	0.00549450549451
41544	0.00549450549451
51655	0.00549450549451
16516	0.00546448087432
25453	0.00546448087432
34830	0.00546448087432
40976	0.00546448087432
51197	0.00546448087432
51213	0.00546448087432
2333	0.00545950864422
12998	0.00545454545455
5622	0.00544959128065
30799	0.00544959128065
23248	0.0054347826087
38932	0.0054347826087
50760	0.0054347826087
253	0.00542299349241
11359	0.00542005420054
5809	0.00541027953111
3548	0.00540540540541
8724	0.00540540540541
10792	0.00540540540541
51211	0.00540540540541
28830	0.00539083557951
30471	0.00539083557951
1231	0.00537634408602
21745	0.00537634408602
25376	0.00537634408602
37238	0.00537634408602
41050	0.00537634408602
41546	0.00537634408602
41968	0.00537634408602
20506	0.00536193029491
41404	0.00534759358289
51151	0.00534759358289
35563	0.00533661740558
7460	0.00531914893617
7505	0.00531914893617
18183	0.00531914893617
25047	0.00531914893617
18613	0.00531511009871
28742	0.00531349628055
7340	0.00530785562633
21323	0.0053050397878
3133	0.00529100529101
18661	0.00529100529101
32042	0.00529100529101
7442	0.00527704485488
3842	0.00526315789474
11749	0.00526315789474
12188	0.00526315789474
30812	0.00526315789474
48489	0.00526315789474
50913	0.00526315789474
949	0.00524475524476
16273	0.00523560209424
37737	0.00523560209424
39343	0.00523560209424
51038	0.00523560209424
1438	0.00522193211488
23373	0.00520833333333
4430	0.00520446096654
19547	0.00519480519481
4675	0.00518134715026
25891	0.00518134715026
30982	0.00518134715026
41074	0.00516351118761
51112	0.00515463917526
12969	0.00514579759863
4937	0.00513874614594
54	0.00512820512821
9538	0.00512820512821
23481	0.00512820512821
41157	0.00512820512821
50980	0.00512820512821
4396	0.00512163892446
41129	0.00511508951407
16076	0.00507614213198
21507	0.00507614213198
29902	0.00507614213198
36686	0.00507614213198
39358	0.00507614213198
2216	0.00505050505051
7198	0.00505050505051
40983	0.00505050505051
41010	0.00505050505051
3689	0.00503778337531
2169	0.00502512562814
22230	0.00502512562814
41452	0.00502512562814
17066	0.005
37111	0.00498338870432
13317	0.00497512437811
51146	0.00497512437811
7261	0.00495867768595
11	0.0049504950495
4439	0.0049504950495
21337	0.0049504950495
41085	0.0049504950495
5420	0.00493827160494
15636	0.00492610837438
32738	0.00492610837438
23174	0.004914004914
3781	0.00490196078431
7956	0.00490196078431
41047	0.00490196078431
44978	0.00490196078431
51697	0.00490196078431
22743	0.00489795918367
26863	0.00487012987013
492	0.00485436893204
9761	0.00485436893204
47787	0.00485436893204
1497	0.00485175202156
90	0.0048309178744
1380	0.0048309178744
10653	0.0048309178744
12824	0.0048309178744
7533	0.00480769230769
59604	0.00480769230769
18456	0.0048
18960	0.00478468899522
52029	0.00478468899522
11782	0.0047619047619
15306	0.0047619047619
27529	0.0047619047619
3515	0.00473933649289
12182	0.00473933649289
21978	0.00473933649289
41942	0.00473933649289
42328	0.00473933649289
4695	0.00471698113208
4706	0.00471698113208
27525	0.00471698113208
41025	0.00471698113208
41027	0.00471698113208
50885	0.00471698113208
4173	0.00470588235294
4846	0.00470219435737
5056	0.00469483568075
18307	0.00469483568075
20802	0.00469483568075
1064	0.00468018720749
8709	0.00467601870407
1984	0.00467289719626
14716	0.00467289719626
2290	0.00465386852821
5553	0.0046511627907
5112	0.00464190981432
25586	0.0046403712297
38793	0.00463768115942
1739	0.00462962962963
3859	0.00462962962963
34525	0.00462962962963
41366	0.00462962962963
7518	0.00460829493088
11778	0.00460829493088
21458	0.00460829493088
40289	0.00460829493088
868	0.00460122699387
8397	0.00459770114943
11165	0.0045871559633
6304	0.00458015267176
23150	0.00458015267176
34367	0.00457038391225
41037	0.00456621004566
5643	0.00454545454545
20529	0.00454545454545
51341	0.00454545454545
562	0.00453514739229
17946	0.00452488687783
21845	0.00452488687783
29444	0.0045045045045
38795	0.0045045045045
5918	0.00448430493274
5120	0.00446428571429
3827	0.00445434298441
26805	0.00445434298441
1361	0.00444444444444
13095	0.00444444444444
51099	0.00442477876106
34224	0.00441014332966
23666	0.00440528634361
40981	0.00440528634361
4655	0.00439783491204
22744	0.00438981562774
2007	0.00438596491228
13933	0.00438596491228
20075	0.00438596491228
29852	0.00438596491228
37660	0.00438596491228
10727	0.00436681222707
50851	0.00436681222707
50875	0.00436681222707
51721	0.00436681222707
4654	0.00434782608696
25738	0.00434027777778
9656	0.00433526011561
33377	0.004329004329
12756	0.00431034482759
27255	0.00431034482759
35400	0.00431034482759
4578	0.00429184549356
18311	0.00429184549356
40977	0.00429184549356
40978	0.00429184549356
50937	0.00429184549356
40318	0.0042735042735
41140	0.0042735042735
4137	0.00426439232409
15228	0.00425531914894
38493	0.00425531914894
3419	0.00424628450106
12423	0.00423728813559
14749	0.00423728813559
18777	0.00423728813559
50105	0.00422832980973
33762	0.0042194092827
37052	0.0042194092827
2037	0.00421348314607
14604	0.00420168067227
41003	0.00420168067227
9200	0.00419727177335
15794	0.00418410041841
1062	0.00416666666667
4900	0.00416666666667
6372	0.00416666666667
33495	0.00416666666667
38206	0.00414937759336
41444	0.00414937759336
31440	0.00414593698176
27927	0.00413223140496
29309	0.00413223140496
38492	0.0041265474553
6427	0.00412128348543
4327	0.00411522633745
20779	0.00411522633745
23742	0.00411522633745
30805	0.00411522633745
27865	0.0041067761807
37104	0.00409836065574
41041	0.00409836065574
51173	0.00408163265306
25051	0.0040733197556
7419	0.00407055630936
40965	0.00405844155844
5157	0.00405063291139
2	0.00404448938322
9188	0.00403225806452
27404	0.00403225806452
41054	0.00403225806452
31170	0.00401606425703
45139	0.00401606425703
50845	0.00401606425703
893	0.00401002506266
50327	0.004
2419	0.00398406374502
18607	0.00398406374502
5768	0.00397614314115
28051	0.00396196513471
34169	0.00395256916996
14352	0.00394218134034
44117	0.00393700787402
50923	0.00393700787402
869	0.0039100684262
512	0.00390625
6803	0.00390625
30445	0.00390625
19598	0.00390117035111
40970	0.00389105058366
36398	0.00388726919339
17147	0.00387596899225
44951	0.00387596899225
34858	0.00386847195358
37427	0.003861003861
1118	0.00385109114249
4005	0.00384615384615
47637	0.00384615384615
31312	0.00383141762452
2463	0.00381315538608
34920	0.00380228136882
26602	0.00379939209726
6789	0.00378787878788
2110	0.00377358490566
41253	0.00377358490566
41985	0.00375234521576
50944	0.00373134328358
13216	0.00371747211896
41001	0.00371747211896
1628	0.00371287128713
17939	0.0037037037037
39852	0.00369003690037
44184	0.00369003690037
28673	0.00367647058824
41208	0.00367647058824
1117	0.003663003663
10251	0.003663003663
19288	0.003663003663
28128	0.003663003663
29372	0.003663003663
40334	0.003663003663
3933	0.00365965233303
21801	0.0036496350365
30691	0.0036496350365
22929	0.00364630811304
19601	0.0036443148688
3116	0.00363636363636
50864	0.00363636363636
2757	0.0036231884058
4916	0.00361336946703
4399	0.00359712230216
11504	0.00359712230216
29739	0.00358422939068
17771	0.00357142857143
33887	0.00357142857143
5218	0.00355871886121
29277	0.00355871886121
3139	0.00354609929078
17605	0.00354609929078
30794	0.00354609929078
17566	0.00353982300885
38794	0.00353982300885
41705	0.00353356890459
40980	0.00352733686067
41583	0.00352733686067
1676	0.00352112676056
4489	0.00352112676056
13952	0.00352112676056
13111	0.00351699882767
2745	0.00351617440225
25098	0.00351493848858
1931	0.00350877192982
27890	0.0034965034965
41368	0.00346020761246
51212	0.00346020761246
5519	0.00344827586207
11381	0.00344827586207
28407	0.00344827586207
28405	0.00344431687715
29863	0.00343642611684
31400	0.00343642611684
25937	0.00342465753425
39585	0.00342465753425
11746	0.00341296928328
16449	0.00341296928328
53040	0.00341296928328
3022	0.00340136054422
29724	0.00340136054422
19090	0.00338983050847
3445	0.00337837837838
50879	0.00337837837838
11655	0.00337268128162
41116	0.00337268128162
3991	0.003367003367
51006	0.003367003367
1743	0.00334448160535
2401	0.00334448160535
21772	0.00333333333333
3273	0.00332225913621
7214	0.00331125827815
29145	0.00328947368421
1928	0.00327868852459
41042	0.00325732899023
34637	0.00324675324675
34548	0.00323624595469
1239	0.00322580645161
30625	0.00322580645161
35049	0.00321027287319
4121	0.00320512820513
6360	0.00320512820513
12610	0.0032
1918	0.0031847133758
23999	0.0031847133758
32188	0.0031847133758
41067	0.0031746031746
41098	0.0031746031746
2409	0.00315457413249
12121	0.00313479623824
27128	0.003125
35237	0.003125
1364	0.00307692307692
16927	0.00307692307692
27527	0.00307692307692
4518	0.00306748466258
5616	0.00305810397554
27906	0.00305810397554
17008	0.0030487804878
41015	0.0030303030303
17596	0.00302114803625
33621	0.00302114803625
40982	0.00301204819277
40972	0.00295857988166
14140	0.00294117647059
41000	0.00294117647059
41434	0.00294117647059
11232	0.00291545189504
40964	0.00290697674419
48572	0.00290697674419
41016	0.0028901734104
3260	0.0028818443804
29591	0.0028818443804
7349	0.00287356321839
37198	0.00286532951289
2613	0.00286123032904
41068	0.00284629981025
11307	0.00284090909091
1048	0.00283553875236
40987	0.0027972027972
41048	0.00277777777778
47774	0.00277008310249
33634	0.00275862068966
27651	0.00274725274725
3553	0.00273224043716
7317	0.00272479564033
41132	0.00272479564033
23265	0.00271002710027
879	0.0027027027027
51989	0.0027027027027
6689	0.00269541778976
41374	0.00268096514745
38822	0.0026525198939
27949	0.00263852242744
16420	0.00263157894737
4153	0.00262467191601
24522	0.00261780104712
41018	0.0026075619296
29218	0.00260416666667
40995	0.00260078023407
36999	0.0025974025974
12017	0.00258397932817
20630	0.0025641025641
35514	0.00255754475703
23688	0.00253807106599
31483	0.0025
41031	0.00247831474597
1119	0.00247524752475
51096	0.00246913580247
51133	0.00246913580247
932	0.00244498777506
24684	0.00244498777506
6812	0.00244100895037
18584	0.00243309002433
10281	0.00242130750605
7100	0.00239808153477
41092	0.00239808153477
2515	0.00238663484487
39447	0.00237247924081
3365	0.00236966824645
20173	0.00236966824645
31536	0.00236966824645
41071	0.00235849056604
7312	0.00234852043213
38191	0.00232018561485
14750	0.00231481481481
35045	0.00231481481481
11675	0.00226757369615
689	0.00222222222222
29861	0.00220750551876
1399	0.00219298245614
38203	0.00218698742482
631	0.00215517241379
40988	0.00215053763441
41332	0.00215053763441
35703	0.00211416490486
41058	0.00210970464135
23782	0.0020618556701
36392	0.0020325203252
41355	0.00199203187251
33841	0.00193423597679
3527	0.00190839694656
34751	0.00190114068441
5503	0.00189035916824
40971	0.00187969924812
28821	0.00187265917603
11727	0.00187090739008
40999	0.00184842883549
32862	0.00184162062615
3312	0.00183823529412
27489	0.00180505415162
35178	0.0017825311943
7175	0.0016077170418
2326	0.0016051364366
20416	0.00159744408946
39136	0.00153727901614
992	0.0015037593985
4764	0.00143472022956
2186	0.00142653352354
29854	0.00136239782016
3059	0.00134770889488
1680	0.00127713920817
9642	0.00123456790123
