24434	0.333333333333
13836	0.25
8161	0.2
34624	0.166666666667
22904	0.142857142857
45601	0.142857142857
15140	0.125
17491	0.125
58767	0.125
32049	0.0909090909091
34743	0.0833333333333
13240	0.0769230769231
15050	0.0769230769231
45583	0.0769230769231
27279	0.0714285714286
53079	0.0666666666667
39607	0.0625
10769	0.0588235294118
19492	0.0588235294118
32805	0.0526315789474
49284	0.0526315789474
11651	0.05
21880	0.05
25393	0.05
34976	0.05
52073	0.05
43323	0.047619047619
47880	0.0454545454545
5817	0.0434782608696
34768	0.0416666666667
43006	0.0416666666667
42416	0.04
42441	0.04
3496	0.0384615384615
31436	0.0384615384615
27743	0.0357142857143
32757	0.0357142857143
52675	0.0344827586207
58641	0.0322580645161
39422	0.03125
41892	0.030303030303
2941	0.0294117647059
9207	0.0285714285714
45105	0.0285714285714
51248	0.0285714285714
52421	0.0285714285714
51199	0.0277777777778
14859	0.027027027027
25525	0.027027027027
35972	0.027027027027
41386	0.027027027027
18290	0.0263157894737
19595	0.0263157894737
51370	0.0263157894737
42087	0.025641025641
49413	0.025641025641
42317	0.0243902439024
182	0.0232558139535
17064	0.0232558139535
2310	0.0222222222222
41033	0.0222222222222
39751	0.0217391304348
52623	0.0217391304348
52904	0.0217391304348
21347	0.0212765957447
43034	0.0212765957447
18108	0.0204081632653
36596	0.0204081632653
51462	0.0196078431373
52239	0.0178571428571
54435	0.0175438596491
6906	0.0172413793103
29010	0.0172413793103
42675	0.0169491525424
20315	0.0166666666667
38989	0.016393442623
26659	0.0151515151515
52693	0.0144927536232
43813	0.0142857142857
6693	0.0140845070423
4867	0.0135135135135
9142	0.0133333333333
43276	0.0133333333333
43834	0.012987012987
60068	0.0126582278481
1256	0.0125
33990	0.0123456790123
38338	0.0117647058824
4836	0.010989010989
4156	0.010752688172
34096	0.010752688172
10340	0.01
41704	0.01
15986	0.00961538461538
14525	0.00952380952381
31656	0.00943396226415
5354	0.00917431192661
38701	0.00917431192661
52331	0.00877192982456
13149	0.00854700854701
35920	0.00833333333333
41063	0.00826446280992
27087	0.00813008130081
43414	0.00806451612903
755	0.00793650793651
31864	0.00793650793651
38820	0.0078125
1752	0.00769230769231
41066	0.00724637681159
24429	0.00704225352113
4508	0.00666666666667
39548	0.00657894736842
51699	0.00641025641026
16723	0.00636942675159
10736	0.00617283950617
20527	0.00617283950617
32087	0.00613496932515
35162	0.00613496932515
40625	0.00613496932515
16935	0.00602409638554
41040	0.0059880239521
41204	0.00584795321637
51151	0.00581395348837
18661	0.00574712643678
3250	0.00549450549451
26158	0.00549450549451
2216	0.00546448087432
32738	0.00531914893617
44978	0.00529100529101
27471	0.00520833333333
52029	0.00515463917526
5056	0.00505050505051
21458	0.0049504950495
28812	0.0049504950495
41012	0.0049504950495
17611	0.00487804878049
5918	0.00480769230769
53069	0.00478468899522
25413	0.00469483568075
52055	0.00462962962963
50937	0.0045871559633
41140	0.00456621004566
18759	0.00454545454545
38206	0.00442477876106
37104	0.00436681222707
26508	0.00398406374502
51158	0.00378787878788
30794	0.00374531835206
25414	0.00371747211896
27094	0.0037037037037
31400	0.0036231884058
42912	0.00352112676056
29145	0.00346020761246
41154	0.00344827586207
5512	0.00338983050847
35237	0.00327868852459
41972	0.00323624595469
27527	0.00322580645161
41434	0.00307692307692
3535	0.0030487804878
3239	0.00303951367781
41609	0.00303951367781
28047	0.0030303030303
18701	0.00299401197605
41132	0.00284090909091
9251	0.0028328611898
30799	0.0028328611898
879	0.00281690140845
51989	0.00281690140845
6689	0.00280898876404
15373	0.00280112044818
28830	0.00280112044818
7442	0.0027397260274
1438	0.00271002710027
14207	0.00271002710027
51096	0.0025641025641
7100	0.00248756218905
41092	0.00248756218905
41027	0.00243902439024
4173	0.00243309002433
7518	0.00238095238095
8397	0.00237529691211
562	0.00234192037471
4137	0.0021978021978
15228	0.00219298245614
3419	0.00218818380744
19599	0.00215982721382
23782	0.00212765957447
36394	0.00212765957447
3527	0.00196463654224
17586	0.00196078431373
13935	0.00186219739292
41074	0.00176056338028
1743	0.00171232876712
18456	0.0016339869281
900	0.00157728706625
5643	0.0015455950541
17596	0.00154320987654
992	0.00153846153846
37392	0.001443001443
3059	0.00137551581843
2381	0.00132625994695
41090	0.00125313283208
4711	0.00122399020808
14750	0.00117647058824
253	0.00109769484083
18311	0.00108695652174
7340	0.00107411385607
1902	0.00103519668737
11	0.001001001001
39785	0.001
36398	0.000983284169125
41068	0.000960614793468
3733	0.000958772770853
1048	0.000956937799043
3933	0.000925069380204
22929	0.000921658986175
38794	0.000894454382826
25738	0.000876424189308
12969	0.000865051903114
18777	0.000855431993157
31440	0.000836820083682
40965	0.000819000819001
28051	0.000799360511591
4846	0.000789889415482
18613	0.000764525993884
4430	0.000748502994012
2745	0.000708717221828
22383	0.000697350069735
19598	0.00065445026178
1118	0.000645994832041
5204	0.000645161290323
2290	0.000584453535944
1503	0.000559284116331
38203	0.000550357732526
4578	0.000538793103448
7312	0.000472143531634
4518	0.000439947206335
35563	0.000411015207563
4655	0.000338638672536
6427	0.000294550810015
869	0.000244379276637
