5482	0.25
15305	0.25
17760	0.25
21447	0.25
23329	0.25
30271	0.25
34230	0.25
34836	0.25
36712	0.25
47539	0.25
49100	0.25
54048	0.25
942	0.2
25132	0.2
47004	0.2
54734	0.2
2993	0.166666666667
6481	0.166666666667
9023	0.166666666667
16452	0.166666666667
29994	0.166666666667
31521	0.166666666667
33456	0.166666666667
36209	0.166666666667
42564	0.166666666667
50547	0.166666666667
53098	0.166666666667
54519	0.166666666667
55396	0.166666666667
17157	0.142857142857
19476	0.142857142857
25713	0.142857142857
33644	0.142857142857
34220	0.142857142857
41186	0.142857142857
56663	0.142857142857
1859	0.125
3350	0.125
16633	0.125
29426	0.125
35543	0.125
2855	0.111111111111
16485	0.111111111111
16645	0.111111111111
20715	0.111111111111
24028	0.111111111111
35355	0.111111111111
38620	0.111111111111
40866	0.111111111111
47597	0.111111111111
50115	0.111111111111
59749	0.111111111111
6273	0.1
14428	0.1
18294	0.1
30031	0.1
32353	0.1
57841	0.1
8668	0.0909090909091
19692	0.0909090909091
21077	0.0909090909091
48721	0.0909090909091
50554	0.0909090909091
53709	0.0909090909091
60174	0.0909090909091
1963	0.0833333333333
4606	0.0833333333333
6986	0.0833333333333
10477	0.0833333333333
12844	0.0833333333333
18357	0.0833333333333
32914	0.0833333333333
35557	0.0833333333333
37258	0.0833333333333
42898	0.0833333333333
13985	0.0769230769231
19679	0.0769230769231
25206	0.0769230769231
37731	0.0769230769231
38746	0.0769230769231
41675	0.0769230769231
46160	0.0769230769231
53735	0.0769230769231
55805	0.0769230769231
59831	0.0769230769231
25480	0.0714285714286
35251	0.0714285714286
39460	0.0714285714286
914	0.0666666666667
27190	0.0666666666667
27304	0.0666666666667
29288	0.0666666666667
32755	0.0666666666667
40706	0.0666666666667
45885	0.0666666666667
51153	0.0666666666667
12088	0.0625
42289	0.0625
42982	0.0625
46183	0.0625
50471	0.0625
206	0.0588235294118
3532	0.0588235294118
7887	0.0588235294118
26124	0.0588235294118
42342	0.0588235294118
42873	0.0588235294118
43668	0.0588235294118
5485	0.0555555555556
6468	0.0555555555556
18273	0.0555555555556
42965	0.0555555555556
42986	0.0555555555556
46327	0.0555555555556
51245	0.0555555555556
29027	0.0540540540541
10311	0.0526315789474
19531	0.0526315789474
27510	0.0526315789474
31364	0.0526315789474
36785	0.0526315789474
39247	0.0526315789474
17958	0.05
22683	0.05
33318	0.05
37864	0.05
39750	0.05
41966	0.05
4758	0.047619047619
6698	0.047619047619
7237	0.047619047619
12115	0.047619047619
32036	0.047619047619
34536	0.047619047619
43132	0.047619047619
52837	0.046511627907
33587	0.0454545454545
35036	0.0454545454545
3545	0.0434782608696
17006	0.0434782608696
41517	0.0434782608696
51963	0.0434782608696
13442	0.0416666666667
21744	0.0416666666667
13988	0.04
19118	0.04
21232	0.04
30705	0.04
2317	0.0384615384615
41301	0.0384615384615
42153	0.0384615384615
49449	0.0384615384615
23405	0.037037037037
28651	0.037037037037
37977	0.037037037037
43006	0.037037037037
3839	0.0357142857143
10398	0.0357142857143
11190	0.0357142857143
26013	0.0357142857143
26850	0.0357142857143
42112	0.0357142857143
43566	0.0357142857143
13379	0.0344827586207
28676	0.0344827586207
293	0.0333333333333
330	0.0333333333333
4286	0.0333333333333
11858	0.0333333333333
15125	0.0333333333333
15881	0.0333333333333
48807	0.0333333333333
8663	0.0322580645161
27271	0.0322580645161
44560	0.0322580645161
25325	0.03125
31854	0.03125
35166	0.03125
38727	0.03125
33102	0.030303030303
34832	0.030303030303
35204	0.030303030303
51740	0.030303030303
24355	0.0294117647059
40792	0.0294117647059
41558	0.0294117647059
51398	0.0294117647059
25626	0.0285714285714
31308	0.0285714285714
31907	0.0285714285714
32522	0.0285714285714
32962	0.0285714285714
36674	0.0285714285714
42886	0.0285714285714
44145	0.0285714285714
60999	0.0285714285714
22563	0.0277777777778
26841	0.0277777777778
41892	0.0277777777778
51364	0.027397260274
2744	0.027027027027
5554	0.027027027027
20439	0.027027027027
52771	0.027027027027
41797	0.0263157894737
50849	0.0263157894737
15192	0.025641025641
43717	0.025641025641
43066	0.025
461	0.0243902439024
8873	0.0243902439024
24981	0.0243902439024
13306	0.0238095238095
13627	0.0238095238095
29212	0.0238095238095
39126	0.0238095238095
50585	0.0238095238095
28828	0.0232558139535
550	0.0227272727273
4650	0.0227272727273
37897	0.0227272727273
42401	0.0227272727273
42701	0.0227272727273
43679	0.0227272727273
12889	0.0222222222222
14276	0.0222222222222
44704	0.0222222222222
3114	0.0217391304348
23648	0.0217391304348
52235	0.0217391304348
1850	0.0212765957447
2831	0.0212765957447
25012	0.0212765957447
1	0.0208333333333
1257	0.0208333333333
3820	0.0208333333333
9685	0.0208333333333
14714	0.0208333333333
30864	0.0208333333333
41212	0.0208333333333
42196	0.0208333333333
51474	0.0208333333333
53122	0.0208333333333
9598	0.0204081632653
15515	0.0204081632653
16958	0.0204081632653
39751	0.0204081632653
43277	0.0204081632653
28450	0.02
28938	0.02
36475	0.02
42405	0.02
12394	0.0196078431373
21396	0.0196078431373
14695	0.0192307692308
39310	0.0192307692308
33166	0.0188679245283
45859	0.0188679245283
60482	0.0188679245283
24420	0.0185185185185
29628	0.0185185185185
52573	0.0185185185185
5368	0.0181818181818
11511	0.0181818181818
39926	0.0181818181818
43890	0.0181818181818
4635	0.0178571428571
15850	0.0178571428571
23284	0.0178571428571
35953	0.0178571428571
52928	0.0178571428571
5106	0.0175438596491
5677	0.0175438596491
13338	0.0175438596491
17275	0.0175438596491
32432	0.0175438596491
35961	0.0175438596491
40689	0.0175438596491
41145	0.0175438596491
52017	0.0175438596491
52392	0.0175438596491
22554	0.0172413793103
41169	0.0172413793103
41994	0.0172413793103
43298	0.0172413793103
2354	0.0169491525424
14126	0.0169491525424
19597	0.0169491525424
41273	0.0169491525424
42409	0.0166666666667
15870	0.016393442623
2358	0.0161290322581
10110	0.0161290322581
36120	0.015873015873
52020	0.015873015873
7462	0.015625
8259	0.015625
35022	0.015625
52255	0.015625
11119	0.0153846153846
52549	0.0153846153846
59646	0.0153846153846
2276	0.0151515151515
15264	0.0151515151515
16302	0.0151515151515
52946	0.0151515151515
26175	0.0149253731343
4513	0.0147058823529
51087	0.0147058823529
2610	0.0144927536232
4760	0.0144927536232
28042	0.0144927536232
41428	0.0144927536232
41712	0.0144927536232
2776	0.0142857142857
6494	0.0142857142857
20080	0.0142857142857
26762	0.0142857142857
34621	0.0142857142857
40208	0.0142857142857
41409	0.0142857142857
47995	0.0142857142857
51196	0.0142857142857
4502	0.0138888888889
23440	0.0138888888889
44136	0.0138888888889
47918	0.0138888888889
3866	0.013698630137
7346	0.013698630137
31634	0.013698630137
51978	0.013698630137
4464	0.0136054421769
26274	0.0135135135135
41272	0.0133333333333
1146	0.0131578947368
4149	0.0131578947368
41343	0.0131578947368
48475	0.0131578947368
6381	0.012987012987
22843	0.012987012987
41880	0.012987012987
21727	0.0128205128205
36054	0.0128205128205
5702	0.0126582278481
34619	0.0126582278481
38287	0.0126582278481
10082	0.0125
42954	0.0125
43834	0.0125
1950	0.0123456790123
3542	0.0123456790123
7739	0.0121951219512
25221	0.0121951219512
35698	0.0121951219512
1256	0.0120481927711
26874	0.0120481927711
50984	0.0120481927711
53060	0.0120481927711
2245	0.0119047619048
41340	0.0119047619048
11262	0.0117647058824
34136	0.0117647058824
37752	0.0117647058824
40641	0.0117647058824
52711	0.0117647058824
51211	0.0116279069767
41653	0.0114942528736
49210	0.0114942528736
53168	0.0114942528736
38338	0.0113636363636
51505	0.0113636363636
52741	0.0113636363636
156	0.0112359550562
5916	0.0112359550562
31962	0.0112359550562
34443	0.0112359550562
41239	0.0112359550562
52645	0.0112359550562
3182	0.0111111111111
11866	0.010989010989
13943	0.010989010989
42363	0.010989010989
4943	0.0108695652174
5350	0.0108695652174
30806	0.0108695652174
4770	0.010752688172
42463	0.010752688172
10492	0.0106382978723
2681	0.0105263157895
28396	0.0105263157895
4620	0.0104166666667
41935	0.0103092783505
4512	0.0102040816327
18403	0.0102040816327
24922	0.0102040816327
29583	0.0102040816327
24971	0.010101010101
47633	0.010101010101
53342	0.0100502512563
14730	0.00990099009901
27649	0.00990099009901
51139	0.00990099009901
34373	0.00980392156863
5603	0.00970873786408
22238	0.00970873786408
41704	0.00970873786408
51854	0.00970873786408
12503	0.00961538461538
41023	0.00961538461538
52368	0.00961538461538
41225	0.00943396226415
52056	0.00943396226415
1655	0.00940438871473
18134	0.00934579439252
14525	0.00925925925926
17299	0.00925925925926
34724	0.00925925925926
47503	0.00925925925926
60005	0.00925925925926
2164	0.00917431192661
11239	0.00917431192661
25416	0.00917431192661
37947	0.00917431192661
59611	0.00917431192661
12167	0.00909090909091
21523	0.00909090909091
36976	0.00900900900901
2927	0.00892857142857
20647	0.00892857142857
37052	0.00892857142857
44351	0.00884955752212
28043	0.00881057268722
1232	0.00877192982456
21377	0.00877192982456
41284	0.00877192982456
15325	0.00869565217391
33830	0.00869565217391
26711	0.00862068965517
37762	0.00858369098712
19111	0.00854700854701
13418	0.00847457627119
42302	0.00840336134454
22690	0.00833333333333
11297	0.00826446280992
34143	0.00826446280992
41536	0.00826446280992
25570	0.00819672131148
28559	0.00819672131148
20875	0.00816326530612
27320	0.00813008130081
128	0.00806451612903
49749	0.00806451612903
11095	0.008
11004	0.00787401574803
41489	0.00787401574803
43414	0.00787401574803
5884	0.0078125
755	0.0077519379845
11060	0.0077519379845
40344	0.0077519379845
2070	0.00769230769231
6928	0.00769230769231
51568	0.00769230769231
4035	0.00763358778626
42312	0.00763358778626
42750	0.00751879699248
27910	0.00746268656716
27288	0.00740740740741
38657	0.00740740740741
39874	0.00740740740741
2829	0.00735294117647
13621	0.00724637681159
14013	0.00724637681159
34350	0.00724637681159
1020	0.0072202166065
632	0.00719424460432
12585	0.00714285714286
16379	0.00709219858156
17301	0.00709219858156
22534	0.00709219858156
23244	0.00709219858156
26318	0.00709219858156
27715	0.00709219858156
41066	0.00709219858156
44847	0.00709219858156
17483	0.00704225352113
35047	0.00704225352113
4418	0.00699300699301
10096	0.00694444444444
6444	0.00689655172414
23299	0.00689655172414
24429	0.00689655172414
13063	0.00684931506849
42145	0.00684931506849
49398	0.00680272108844
12511	0.00666666666667
27125	0.00666666666667
1389	0.00657894736842
37114	0.00657894736842
41126	0.00651465798046
26566	0.00649350649351
456	0.00645161290323
7509	0.00645161290323
2574	0.00641025641026
35360	0.00641025641026
4743	0.00636942675159
107	0.00632911392405
18815	0.00632911392405
23415	0.00632911392405
3297	0.0062893081761
3598	0.0062893081761
51145	0.0062893081761
51699	0.0062893081761
14343	0.00617283950617
34241	0.00617283950617
13120	0.00613496932515
17948	0.00613496932515
5230	0.00609756097561
19897	0.00602409638554
22070	0.0059880239521
52638	0.0059880239521
4485	0.00597014925373
8466	0.00595238095238
35144	0.00595238095238
11307	0.00589970501475
25732	0.00588235294118
30802	0.00584795321637
30901	0.00581395348837
52494	0.00581395348837
3788	0.00579710144928
10792	0.00578034682081
41048	0.00576368876081
25376	0.00574712643678
17277	0.00571428571429
7460	0.00568181818182
7505	0.00568181818182
18183	0.00568181818182
3553	0.0056657223796
32612	0.00562851782364
30812	0.00561797752809
34073	0.00558659217877
39343	0.00558659217877
51038	0.00558659217877
4733	0.00549450549451
29902	0.00540540540541
23080	0.00537634408602
2169	0.00534759358289
37194	0.00534759358289
870	0.00529100529101
23481	0.00529100529101
33656	0.00529100529101
41070	0.00529100529101
4439	0.00526315789474
8159	0.00526315789474
31868	0.00523560209424
32738	0.00523560209424
7956	0.00520833333333
18972	0.00520833333333
41047	0.00520833333333
44978	0.00520833333333
1853	0.00518134715026
9761	0.00515463917526
15083	0.00510204081633
9625	0.00507614213198
52029	0.00507614213198
10166	0.00502512562814
12182	0.00502512562814
4695	0.005
5056	0.00497512437811
41555	0.00497512437811
14716	0.0049504950495
23388	0.00492610837438
41366	0.00490196078431
41012	0.00487804878049
41370	0.00485436893204
22971	0.00481927710843
17611	0.00480769230769
5553	0.00478468899522
38795	0.0047619047619
53069	0.00471698113208
25113	0.00467289719626
562	0.004662004662
52697	0.0046511627907
50875	0.00460829493088
12756	0.00454545454545
41091	0.00452488687783
20075	0.0045045045045
41140	0.0045045045045
18759	0.00448430493274
31882	0.00440528634361
4876	0.00438596491228
6372	0.00438596491228
17068	0.00438596491228
24126	0.00438596491228
41444	0.00436681222707
10920	0.00434782608696
11169	0.00434782608696
34519	0.00434782608696
4327	0.004329004329
23742	0.004329004329
37392	0.00432276657061
41041	0.00431034482759
41499	0.00431034482759
17952	0.0042194092827
34145	0.00418410041841
36392	0.00417536534447
52332	0.00416666666667
28155	0.00414937759336
41164	0.00414937759336
4339	0.00413223140496
6803	0.00409836065574
17147	0.00406504065041
27358	0.00406504065041
15207	0.00398406374502
34920	0.00398406374502
3720	0.00396301188904
41253	0.00395256916996
2811	0.00390625
13216	0.00389105058366
2152	0.003861003861
44184	0.003861003861
10251	0.00383141762452
19288	0.00383141762452
2313	0.00381679389313
38232	0.00380228136882
50995	0.00380228136882
2757	0.00378787878788
29394	0.00375939849624
11769	0.00374531835206
25405	0.00374531835206
51158	0.00374531835206
37775	0.00373134328358
17605	0.0037037037037
30794	0.0037037037037
18414	0.003663003663
27094	0.003663003663
4242	0.0036496350365
3747	0.00361010830325
52018	0.00361010830325
40980	0.0036036036036
11381	0.00359712230216
13056	0.00357781753131
25937	0.00357142857143
53040	0.00355871886121
3022	0.00354609929078
3445	0.00352112676056
29863	0.00350877192982
2401	0.00348432055749
6954	0.00346020761246
41106	0.00346020761246
23011	0.00344827586207
1928	0.00341296928328
42424	0.00340136054422
1239	0.00335570469799
8681	0.00335570469799
35958	0.00334448160535
6360	0.00333333333333
684	0.00332225913621
1918	0.00331125827815
26863	0.00330578512397
5100	0.003300330033
11481	0.003300330033
41098	0.003300330033
22643	0.00327868852459
7299	0.00324675324675
35728	0.00323624595469
13339	0.00320512820513
30020	0.00320512820513
41972	0.00320512820513
16927	0.00319488817891
27527	0.00319488817891
41243	0.00319488817891
27906	0.0031746031746
17008	0.00316455696203
38262	0.00316455696203
26893	0.00315457413249
900	0.00314465408805
41015	0.00314465408805
32453	0.00311526479751
38959	0.0030959752322
5643	0.00308166409861
992	0.00306748466258
2344	0.0030487804878
41029	0.00303951367781
11232	0.00302114803625
3239	0.00301204819277
40964	0.00301204819277
28047	0.003003003003
22579	0.00298507462687
18301	0.00294117647059
19601	0.00293901542983
9656	0.00293685756241
41034	0.00291545189504
50939	0.0028901734104
41068	0.00287907869482
34897	0.00287356321839
4644	0.00286532951289
742	0.002849002849
27651	0.00284090909091
7317	0.00281690140845
34830	0.00281690140845
41132	0.00281690140845
879	0.00279329608939
29971	0.00277777777778
41374	0.00277008310249
37993	0.00272479564033
4153	0.00271002710027
35809	0.00271002710027
24522	0.0027027027027
1438	0.00268817204301
18515	0.00268817204301
38794	0.00268096514745
19547	0.00267379679144
2840	0.00266666666667
867	0.0026455026455
11664	0.00263157894737
41129	0.00263157894737
41010	0.0025974025974
18777	0.0025641025641
51133	0.00254452926209
41031	0.00251572327044
1119	0.00251256281407
31440	0.00250836120401
10281	0.00249376558603
51019	0.00249376558603
1380	0.00248138957816
22743	0.00246710526316
2515	0.002457002457
33678	0.00243309002433
27525	0.00242130750605
41027	0.00242130750605
3365	0.00240384615385
35045	0.00238095238095
7300	0.00237529691211
7518	0.00236406619385
11778	0.00236406619385
4951	0.00235849056604
8397	0.00235849056604
14750	0.00234741784038
11675	0.002331002331
868	0.0023166023166
689	0.00228310502283
3827	0.00228310502283
23666	0.00225733634312
1399	0.00225225225225
3273	0.00224215246637
34224	0.00222965440357
21545	0.00221729490022
49394	0.00221238938053
41332	0.00220750551876
4654	0.0021978021978
3419	0.00217391304348
1497	0.0021645021645
41003	0.00215053763441
19599	0.00214592274678
36394	0.00211416490486
4937	0.00207468879668
41355	0.00204081632653
41109	0.00202429149798
34169	0.0020202020202
3527	0.001953125
17586	0.00194931773879
34751	0.00194552529183
40971	0.00192307692308
11727	0.00189214758751
40999	0.00189035916824
3312	0.00187969924812
51041	0.00187265917603
12998	0.00185185185185
37426	0.0018315018315
11201	0.00182149362477
35178	0.00182149362477
39915	0.00182149362477
2312	0.00179856115108
41583	0.00179856115108
25098	0.00179211469534
949	0.0017793594306
37737	0.00177619893428
4518	0.00175978882534
25738	0.00174978127734
5519	0.00173913043478
9538	0.00172117039587
41116	0.00171821305842
1743	0.00170357751278
38925	0.00170357751278
37111	0.00168918918919
76	0.00167224080268
2326	0.00163666121113
40965	0.00163532297629
12610	0.00162866449511
32188	0.00162074554295
28051	0.00159616919393
1984	0.00158227848101
4846	0.00157728706625
38584	0.00156985871272
6304	0.0015503875969
23150	0.0015503875969
26602	0.00153022188217
18613	0.00152671755725
27535	0.00152207001522
4430	0.00149476831091
4764	0.0014598540146
2613	0.00145348837209
2186	0.00145137880987
50863	0.001443001443
5237	0.00142247510669
40987	0.00142045454545
2745	0.00141542816702
33634	0.00140056022409
22383	0.00139275766017
29854	0.00138504155125
7419	0.00137551581843
3059	0.0013698630137
20506	0.00135685210312
2419	0.00134589502019
8709	0.00134228187919
5112	0.00133244503664
35345	0.00132450331126
41018	0.00132275132275
2381	0.00132100396301
2733	0.00132100396301
19598	0.00130718954248
1680	0.00129701686122
1118	0.00129032258065
1628	0.00125313283208
18584	0.00123304562269
4711	0.00121951219512
18960	0.00120918984281
39447	0.00120192307692
27890	0.00117924528302
6427	0.00117820324006
38793	0.00116346713205
28405	0.00116144018583
1503	0.00111731843575
5000	0.0011135857461
2898	0.00109529025192
253	0.00109409190372
18311	0.00108342361863
5231	0.00104438642298
5157	0.0010157440325
893	0.0010055304173
11	0.000998003992016
36398	0.000980392156863
869	0.000977517106549
3733	0.000956022944551
5503	0.000955109837631
1048	0.000954198473282
7312	0.000943396226415
4563	0.000932835820896
3933	0.000922509225092
34367	0.000920810313076
22929	0.000919117647059
4916	0.000910746812386
5809	0.000907441016334
40962	0.000900900900901
26805	0.000892458723784
22744	0.000884173297966
12969	0.000862812769629
35563	0.00082135523614
6812	0.000820344544709
39136	0.00077519379845
5432	0.000697836706211
4655	0.000676818950931
5204	0.00064391500322
13111	0.00058858151854
2290	0.000583430571762
38203	0.000549450549451
4578	0.000537923614847
