30600	0.285714285714
1018	0.166666666667
1130	0.166666666667
3076	0.166666666667
8387	0.166666666667
20470	0.166666666667
23753	0.166666666667
26358	0.166666666667
27126	0.166666666667
32218	0.166666666667
36962	0.166666666667
40241	0.166666666667
42605	0.166666666667
53657	0.166666666667
54947	0.166666666667
55252	0.166666666667
55774	0.166666666667
56258	0.166666666667
57078	0.166666666667
57099	0.166666666667
57284	0.166666666667
59852	0.166666666667
3560	0.142857142857
8696	0.142857142857
9243	0.142857142857
11762	0.142857142857
15916	0.142857142857
15964	0.142857142857
20307	0.142857142857
24598	0.142857142857
24814	0.142857142857
25294	0.142857142857
29579	0.142857142857
31201	0.142857142857
31464	0.142857142857
32361	0.142857142857
35456	0.142857142857
44605	0.142857142857
46002	0.142857142857
57405	0.142857142857
59074	0.142857142857
6245	0.125
9141	0.125
23646	0.125
24986	0.125
24996	0.125
26783	0.125
26973	0.125
36588	0.125
37818	0.125
38062	0.125
39330	0.125
47306	0.125
48419	0.125
50063	0.125
50296	0.125
50779	0.125
55761	0.125
60152	0.125
2839	0.111111111111
5564	0.111111111111
6236	0.111111111111
7612	0.111111111111
9846	0.111111111111
11035	0.111111111111
17326	0.111111111111
22853	0.111111111111
26630	0.111111111111
30924	0.111111111111
40142	0.111111111111
41779	0.111111111111
42239	0.111111111111
46545	0.111111111111
47370	0.111111111111
48009	0.111111111111
54019	0.111111111111
61075	0.111111111111
1014	0.1
1724	0.1
6471	0.1
14955	0.1
15534	0.1
17722	0.1
21953	0.1
30653	0.1
44918	0.1
48440	0.1
50114	0.1
56576	0.1
58879	0.1
9418	0.0952380952381
8252	0.0909090909091
14994	0.0909090909091
20331	0.0909090909091
20940	0.0909090909091
26001	0.0909090909091
34120	0.0909090909091
42212	0.0909090909091
42423	0.0909090909091
50579	0.0909090909091
57614	0.0909090909091
57687	0.0909090909091
9742	0.0833333333333
19057	0.0833333333333
24367	0.0833333333333
33308	0.0833333333333
41505	0.0833333333333
42665	0.0833333333333
52515	0.0833333333333
61247	0.0833333333333
266	0.0769230769231
4308	0.0769230769231
13035	0.0769230769231
16772	0.0769230769231
19741	0.0769230769231
24955	0.0769230769231
29912	0.0769230769231
31127	0.0769230769231
32034	0.0769230769231
32806	0.0769230769231
39340	0.0769230769231
40402	0.0769230769231
43541	0.0769230769231
44420	0.0769230769231
51174	0.0769230769231
59678	0.0769230769231
2868	0.0714285714286
8446	0.0714285714286
14690	0.0714285714286
28479	0.0714285714286
41464	0.0714285714286
46237	0.0714285714286
51830	0.0714285714286
52606	0.0714285714286
16641	0.0666666666667
18397	0.0666666666667
18987	0.0666666666667
25274	0.0666666666667
26628	0.0666666666667
29605	0.0666666666667
31990	0.0666666666667
43050	0.0666666666667
53107	0.0666666666667
57613	0.0666666666667
60428	0.0666666666667
472	0.0625
531	0.0625
5456	0.0625
11222	0.0625
14794	0.0625
20483	0.0625
20500	0.0625
42668	0.0625
1289	0.0588235294118
7790	0.0588235294118
9910	0.0588235294118
10904	0.0588235294118
13897	0.0588235294118
26573	0.0588235294118
27304	0.0588235294118
31194	0.0588235294118
33030	0.0588235294118
41416	0.0588235294118
41673	0.0588235294118
42164	0.0588235294118
42314	0.0588235294118
45212	0.0588235294118
55896	0.0588235294118
60640	0.0588235294118
4400	0.0555555555556
11340	0.0555555555556
14852	0.0555555555556
22836	0.0555555555556
31701	0.0555555555556
34896	0.0555555555556
38154	0.0555555555556
40929	0.0555555555556
42301	0.0555555555556
51075	0.0555555555556
1879	0.0526315789474
2485	0.0526315789474
2664	0.0526315789474
4613	0.0526315789474
9506	0.0526315789474
10006	0.0526315789474
16856	0.0526315789474
16953	0.0526315789474
31487	0.0526315789474
41644	0.0526315789474
47059	0.0526315789474
50089	0.0526315789474
59971	0.0526315789474
60233	0.0526315789474
1179	0.05
3990	0.05
8207	0.05
8731	0.05
9664	0.05
21705	0.05
23120	0.05
33122	0.05
37933	0.05
45081	0.05
49422	0.05
250	0.047619047619
1187	0.047619047619
20362	0.047619047619
39084	0.047619047619
41502	0.047619047619
45271	0.047619047619
47458	0.047619047619
48882	0.047619047619
52609	0.047619047619
52686	0.047619047619
59960	0.047619047619
45890	0.046511627907
6201	0.0454545454545
9054	0.0454545454545
19540	0.0454545454545
21587	0.0454545454545
24368	0.0454545454545
29716	0.0454545454545
36161	0.0454545454545
39374	0.0454545454545
47659	0.0454545454545
59668	0.0454545454545
685	0.0434782608696
4598	0.0434782608696
11272	0.0434782608696
31484	0.0434782608696
34110	0.0434782608696
43132	0.0434782608696
44467	0.0434782608696
37938	0.0416666666667
43768	0.0416666666667
47978	0.0416666666667
25259	0.04
28714	0.04
31164	0.04
33808	0.04
43180	0.04
45460	0.04
48110	0.04
52272	0.04
52429	0.04
1253	0.0384615384615
11706	0.0384615384615
13442	0.0384615384615
13965	0.0384615384615
20169	0.0384615384615
25143	0.0384615384615
32386	0.0384615384615
32685	0.0384615384615
33048	0.0384615384615
39082	0.0384615384615
39332	0.0384615384615
40607	0.0384615384615
41439	0.0384615384615
42670	0.0384615384615
51063	0.0384615384615
59518	0.0384615384615
2820	0.037037037037
4738	0.037037037037
13727	0.037037037037
17228	0.037037037037
29304	0.037037037037
39835	0.037037037037
40772	0.037037037037
43321	0.037037037037
38082	0.0357142857143
43231	0.0357142857143
46058	0.0357142857143
49060	0.0357142857143
60167	0.0357142857143
6179	0.0344827586207
11380	0.0344827586207
13210	0.0344827586207
17448	0.0344827586207
38704	0.0344827586207
49257	0.0344827586207
60320	0.0344827586207
11236	0.0333333333333
15026	0.0333333333333
25637	0.0333333333333
28242	0.0333333333333
34660	0.0333333333333
50098	0.0333333333333
51387	0.0333333333333
2291	0.0322580645161
5581	0.0322580645161
7157	0.0322580645161
14004	0.0322580645161
15721	0.0322580645161
20657	0.0322580645161
33622	0.0322580645161
41451	0.0322580645161
50954	0.0322580645161
52800	0.0322580645161
42354	0.031746031746
6095	0.03125
7660	0.03125
23106	0.03125
35025	0.03125
41911	0.03125
59521	0.03125
7656	0.030303030303
8609	0.030303030303
18846	0.030303030303
2072	0.0294117647059
27416	0.0294117647059
28808	0.0294117647059
45237	0.0294117647059
50343	0.0294117647059
50518	0.0294117647059
52688	0.0294117647059
37665	0.0285714285714
41510	0.0285714285714
52847	0.0285714285714
52903	0.0285714285714
523	0.0277777777778
9058	0.0277777777778
23341	0.0277777777778
41735	0.0277777777778
43262	0.0277777777778
51398	0.0277777777778
59707	0.0277777777778
59909	0.0277777777778
40998	0.027027027027
14209	0.0263157894737
26841	0.0263157894737
41495	0.0263157894737
42567	0.0263157894737
52554	0.0263157894737
1171	0.025641025641
3048	0.025641025641
5547	0.025641025641
9358	0.025641025641
10488	0.025641025641
11386	0.025641025641
14214	0.025641025641
15471	0.025641025641
18834	0.025641025641
18959	0.025641025641
23050	0.025641025641
31107	0.025641025641
33305	0.025641025641
39400	0.025641025641
51896	0.025641025641
59957	0.025641025641
41081	0.0253164556962
18317	0.025
24605	0.025
41612	0.025
49609	0.025
51248	0.025
2196	0.0243902439024
20992	0.0243902439024
22922	0.0243902439024
26843	0.0243902439024
28976	0.0243902439024
30792	0.0243902439024
42339	0.0243902439024
42866	0.0243902439024
51926	0.0243902439024
4276	0.0238095238095
12753	0.0238095238095
17204	0.0238095238095
34311	0.0238095238095
36798	0.0238095238095
41951	0.0238095238095
45994	0.0238095238095
51466	0.0238095238095
52930	0.0238095238095
2410	0.0235294117647
9822	0.0232558139535
42634	0.0232558139535
42919	0.0232558139535
52772	0.0232558139535
778	0.0227272727273
1814	0.0227272727273
15869	0.0227272727273
18679	0.0227272727273
28588	0.0227272727273
3189	0.0222222222222
14672	0.0222222222222
23046	0.0222222222222
41872	0.0222222222222
52491	0.0222222222222
41634	0.021978021978
2272	0.0217391304348
5280	0.0217391304348
34094	0.0217391304348
51386	0.0217391304348
52176	0.0217391304348
53317	0.0217391304348
2542	0.0212765957447
13870	0.0212765957447
14276	0.0212765957447
15602	0.0212765957447
26596	0.0212765957447
29608	0.0212765957447
41655	0.0212765957447
45412	0.0212765957447
12873	0.0208333333333
15865	0.0208333333333
43910	0.0208333333333
51449	0.0208333333333
52235	0.0208333333333
59872	0.0208333333333
4541	0.020618556701
3427	0.0204081632653
3915	0.0204081632653
5458	0.0204081632653
18916	0.0204081632653
37591	0.0204081632653
9221	0.02
27684	0.02
39078	0.02
40921	0.02
41033	0.02
43835	0.02
51857	0.02
887	0.0196078431373
27236	0.0196078431373
42652	0.0196078431373
43723	0.0196078431373
5626	0.0192307692308
16378	0.0192307692308
26772	0.0192307692308
33051	0.0192307692308
40997	0.0192307692308
42454	0.0192307692308
42474	0.0192307692308
6505	0.0188679245283
12311	0.0188679245283
21345	0.0188679245283
23143	0.0188679245283
39847	0.0188679245283
41321	0.0188679245283
44120	0.0188679245283
52542	0.0188679245283
22018	0.0186335403727
28074	0.0185185185185
35030	0.0185185185185
36596	0.0185185185185
41069	0.0185185185185
52413	0.0185185185185
17948	0.0184049079755
3328	0.0181818181818
35569	0.0181818181818
39420	0.0181818181818
42942	0.0181818181818
3040	0.0178571428571
29628	0.0178571428571
41976	0.0178571428571
51462	0.0178571428571
1199	0.0175438596491
1636	0.0175438596491
6657	0.0175438596491
33113	0.0175438596491
34576	0.0175438596491
43890	0.0175438596491
1490	0.0172413793103
15730	0.0172413793103
41117	0.0172413793103
4409	0.0169491525424
13338	0.0169491525424
32803	0.0169491525424
46742	0.0169491525424
51498	0.0169491525424
8246	0.0166666666667
30672	0.0166666666667
1646	0.016393442623
30679	0.016393442623
38682	0.016393442623
41273	0.016393442623
41577	0.016393442623
7421	0.0161290322581
27070	0.0161290322581
42460	0.0161290322581
53048	0.0161290322581
4075	0.015873015873
7180	0.015873015873
20345	0.015873015873
52962	0.015873015873
34950	0.015625
38713	0.015625
41262	0.015625
41318	0.015625
42576	0.015625
50249	0.015625
52319	0.015625
16831	0.015503875969
1000	0.0153846153846
1281	0.0153846153846
7295	0.0153846153846
20315	0.0153846153846
28734	0.0153846153846
36120	0.0153846153846
41161	0.0153846153846
42925	0.0153846153846
172	0.0151515151515
2411	0.0151515151515
2460	0.0151515151515
27594	0.0151515151515
30635	0.0151515151515
31008	0.0151515151515
33947	0.0151515151515
35940	0.0151515151515
4705	0.015
4561	0.0149253731343
14823	0.0149253731343
38272	0.0149253731343
50994	0.0149253731343
40847	0.0148148148148
15264	0.0147058823529
16302	0.0147058823529
30651	0.0147058823529
34103	0.0147058823529
40645	0.0147058823529
51105	0.0147058823529
52629	0.0147058823529
52853	0.0147058823529
18145	0.0144927536232
30069	0.0144927536232
6920	0.0142857142857
18838	0.0142857142857
28982	0.0142857142857
41708	0.0142857142857
3253	0.0140845070423
26659	0.0140845070423
27052	0.0140845070423
46558	0.0140845070423
59731	0.0140845070423
1180	0.0138888888889
1877	0.0138888888889
14353	0.0138888888889
14757	0.0138888888889
21870	0.0138888888889
35630	0.0138888888889
39336	0.0138888888889
41114	0.0138888888889
51470	0.0138888888889
59558	0.0138888888889
51937	0.013698630137
52196	0.013698630137
2321	0.0135135135135
11069	0.0135135135135
18139	0.0135135135135
28799	0.0135135135135
36736	0.0135135135135
39024	0.0135135135135
41433	0.0135135135135
43522	0.0135135135135
44136	0.0135135135135
50291	0.0135135135135
51940	0.0135135135135
4515	0.0133333333333
6693	0.0131578947368
59944	0.0131578947368
30913	0.012987012987
4149	0.0128205128205
10220	0.0128205128205
16145	0.0128205128205
43391	0.0128205128205
50642	0.0128205128205
52442	0.0128205128205
52733	0.0128205128205
763	0.0126582278481
3187	0.0126582278481
5698	0.0126582278481
19506	0.0126582278481
35431	0.0126582278481
18756	0.0125
19420	0.0125
21727	0.0125
41533	0.0121951219512
51193	0.0121951219512
51283	0.0121951219512
10463	0.0120481927711
14361	0.0120481927711
51000	0.0120481927711
11050	0.0119047619048
52817	0.0119047619048
26874	0.0117647058824
27691	0.0117647058824
41490	0.0117647058824
41525	0.0117647058824
41694	0.0117647058824
41544	0.0116959064327
3205	0.0116279069767
21379	0.0116279069767
33990	0.0116279069767
49985	0.0116279069767
36894	0.0114942528736
40641	0.0114942528736
41222	0.0114942528736
52416	0.0114942528736
42704	0.0113636363636
51234	0.0113636363636
20752	0.0112359550562
24164	0.0112359550562
49210	0.0112359550562
3861	0.0111111111111
17383	0.0111111111111
42249	0.0111111111111
52089	0.0111111111111
5637	0.010989010989
5916	0.010989010989
18327	0.010989010989
27033	0.010989010989
51044	0.010989010989
10266	0.0109289617486
4174	0.0108695652174
22396	0.0108695652174
22601	0.0108695652174
27045	0.0108695652174
31307	0.0108695652174
13943	0.010752688172
22170	0.010752688172
36686	0.010752688172
51563	0.010752688172
51901	0.010752688172
309	0.0106382978723
10890	0.0106382978723
51707	0.0106382978723
9715	0.0105263157895
20010	0.0105263157895
25027	0.0105263157895
29533	0.0105263157895
41167	0.0105263157895
42514	0.0105263157895
4836	0.0104166666667
11784	0.0104166666667
50884	0.0104166666667
40541	0.0103626943005
1853	0.0103092783505
2544	0.0103092783505
43824	0.0103092783505
50506	0.0103092783505
4620	0.0102040816327
11397	0.0102040816327
12824	0.0102040816327
19695	0.010101010101
26531	0.010101010101
52062	0.010101010101
18958	0.01
32074	0.01
51359	0.01
24971	0.00990099009901
32684	0.00990099009901
41807	0.00980392156863
6634	0.00970873786408
8839	0.00970873786408
27859	0.00970873786408
37156	0.00970873786408
39002	0.00970873786408
6330	0.00961538461538
18643	0.00961538461538
31306	0.00961538461538
5113	0.00952380952381
17946	0.00952380952381
34929	0.00947867298578
28298	0.00943396226415
44538	0.00943396226415
26403	0.00934579439252
32823	0.0093023255814
18973	0.00925925925926
34210	0.00925925925926
41826	0.00925925925926
49408	0.00925925925926
26310	0.00917431192661
38818	0.00917431192661
259	0.00911854103343
3316	0.00909090909091
5311	0.00909090909091
14525	0.00909090909091
47503	0.00909090909091
11239	0.00900900900901
14646	0.00900900900901
41091	0.00900900900901
24803	0.00892857142857
6218	0.00884955752212
18563	0.00884955752212
21915	0.00884955752212
40562	0.00884955752212
2927	0.00877192982456
5354	0.00877192982456
6404	0.00877192982456
15720	0.00877192982456
392	0.00862068965517
18276	0.00862068965517
21377	0.00862068965517
33680	0.00862068965517
42262	0.00862068965517
46619	0.00862068965517
48902	0.00862068965517
51039	0.00862068965517
83	0.00854700854701
49397	0.00854700854701
51340	0.00854700854701
1362	0.00847457627119
53114	0.00847457627119
41132	0.00845070422535
2094	0.00840336134454
3826	0.00840336134454
50969	0.00840336134454
2905	0.00833333333333
13418	0.00833333333333
41055	0.00833333333333
53377	0.00833333333333
1167	0.00826446280992
5552	0.00819672131148
26437	0.00819672131148
27209	0.00819672131148
35420	0.00819672131148
39478	0.00819672131148
6803	0.00816326530612
1921	0.00813008130081
41108	0.00813008130081
41536	0.00813008130081
51496	0.00813008130081
100	0.00806451612903
3492	0.00806451612903
26173	0.00806451612903
32809	0.00806451612903
43376	0.00806451612903
761	0.008
28294	0.008
35920	0.008
3426	0.00793650793651
13076	0.00793650793651
20630	0.00793650793651
41347	0.00790513833992
5575	0.00787401574803
22798	0.00787401574803
51875	0.00787401574803
53134	0.00787401574803
27087	0.0078125
43785	0.0078125
49403	0.0078125
51164	0.0078125
51811	0.0078125
7451	0.0077519379845
38790	0.00766283524904
1117	0.00763358778626
11060	0.00763358778626
28128	0.00763358778626
7413	0.00757575757576
35021	0.00754716981132
11504	0.00749063670412
37775	0.00743494423792
52240	0.00740740740741
37800	0.00735294117647
2028	0.00729927007299
20573	0.00729927007299
38657	0.00729927007299
554	0.00724637681159
2829	0.00724637681159
3698	0.00719424460432
14459	0.00719424460432
52018	0.00719424460432
3436	0.00714285714286
28156	0.00714285714286
39085	0.00709219858156
50915	0.00709219858156
29724	0.00706713780919
42609	0.00704225352113
9762	0.00699300699301
41073	0.00699300699301
57861	0.00699300699301
2401	0.00694444444444
10096	0.00684931506849
46722	0.00684931506849
51575	0.00680272108844
40986	0.00675675675676
42145	0.00675675675676
16368	0.00671140939597
20591	0.00671140939597
8681	0.0066889632107
7161	0.00666666666667
36078	0.00666666666667
42335	0.00666666666667
41093	0.00662251655629
52225	0.00662251655629
15233	0.00657894736842
384	0.00653594771242
38758	0.00653594771242
21204	0.00649350649351
24373	0.00649350649351
38861	0.00649350649351
41940	0.00649350649351
16912	0.00645161290323
18283	0.00645161290323
38987	0.00645161290323
50870	0.00645161290323
23222	0.00641025641026
38663	0.00641025641026
59661	0.00641025641026
35360	0.00632911392405
15714	0.0062893081761
15381	0.00625
36392	0.00625
7344	0.00621118012422
17461	0.00621118012422
37409	0.00621118012422
3946	0.00617283950617
18835	0.00617283950617
25487	0.00617283950617
51168	0.00613496932515
14140	0.00607902735562
11000	0.00606060606061
41062	0.00606060606061
41165	0.00606060606061
36710	0.00602409638554
3369	0.0059880239521
20675	0.00595238095238
23285	0.00595238095238
29591	0.00595238095238
32087	0.00595238095238
51120	0.00595238095238
33862	0.00591715976331
40975	0.00591715976331
52638	0.00591715976331
9647	0.00588235294118
19338	0.00584795321637
28700	0.00584795321637
38763	0.00584795321637
2613	0.00582241630277
51655	0.00581395348837
24970	0.00578034682081
775	0.00574712643678
23248	0.00574712643678
33692	0.00574712643678
50760	0.00574712643678
41048	0.00573065902579
3548	0.00571428571429
51211	0.00571428571429
7472	0.00568181818182
34471	0.00568181818182
41968	0.00568181818182
18813	0.00564971751412
38659	0.00564971751412
7460	0.00561797752809
18112	0.00561797752809
25453	0.00561797752809
879	0.00557103064067
12188	0.00555555555556
30812	0.00555555555556
48489	0.00555555555556
30471	0.00554016620499
34073	0.00552486187845
39343	0.00552486187845
25891	0.00546448087432
30938	0.00546448087432
26599	0.00540540540541
41227	0.00540540540541
50980	0.00540540540541
1438	0.00536193029491
26158	0.00534759358289
29902	0.00534759358289
36999	0.00534759358289
7198	0.00531914893617
40983	0.00531914893617
20800	0.00526315789474
41102	0.00526315789474
30874	0.00523560209424
3781	0.00515463917526
11655	0.00515463917526
51697	0.00515463917526
492	0.00510204081633
10653	0.00507614213198
27471	0.00507614213198
37689	0.00507614213198
9625	0.00502512562814
17306	0.00502512562814
15306	0.005
26760	0.005
27529	0.005
3515	0.00497512437811
21978	0.00497512437811
41308	0.00497512437811
41942	0.00497512437811
28290	0.0049504950495
50885	0.0049504950495
1113	0.00492610837438
5056	0.00492610837438
28610	0.00492610837438
41555	0.00492610837438
7303	0.00490196078431
29399	0.00487804878049
1739	0.00485436893204
41366	0.00485436893204
41012	0.0048309178744
41370	0.00480769230769
22971	0.00479616306954
13742	0.00471698113208
38795	0.00471698113208
40289	0.00471698113208
11230	0.00469483568075
31830	0.0046403712297
51099	0.00462962962963
2787	0.00460829493088
17596	0.00460829493088
27535	0.00456621004566
50851	0.00456621004566
50875	0.00456621004566
5809	0.00454545454545
2848	0.00452488687783
40411	0.00452488687783
52055	0.00452488687783
35400	0.0045045045045
20075	0.00448430493274
21523	0.00448430493274
29492	0.00448430493274
40978	0.00448430493274
50937	0.00448430493274
6816	0.00444444444444
14360	0.00444444444444
18759	0.00444444444444
32811	0.00444444444444
38493	0.00444444444444
41274	0.00444444444444
14749	0.00442477876106
2785	0.00438596491228
19201	0.00438596491228
41329	0.00438596491228
37961	0.00437636761488
1062	0.00434782608696
4876	0.00434782608696
37115	0.004329004329
41044	0.004329004329
22717	0.00431034482759
34356	0.00431034482759
34519	0.00431034482759
52471	0.00431034482759
23742	0.00429184549356
39483	0.00429184549356
41353	0.00429184549356
41499	0.0042735042735
23782	0.0042194092827
27404	0.00420168067227
33634	0.00420168067227
17952	0.00418410041841
47628	0.00418410041841
25930	0.00414937759336
10287	0.00411522633745
30835	0.00411522633745
17711	0.0040733197556
512	0.00406504065041
30445	0.00406504065041
41109	0.0040404040404
27358	0.00403225806452
40984	0.00401606425703
2381	0.00396301188904
40995	0.00395778364116
3720	0.00395256916996
33841	0.00395256916996
34920	0.00395256916996
16956	0.00393700787402
34751	0.00388349514563
50944	0.00387596899225
13216	0.003861003861
17790	0.00384615384615
31877	0.00384615384615
44184	0.00383141762452
5503	0.0038240917782
28673	0.00381679389313
19288	0.00380228136882
40334	0.00380228136882
30899	0.00379266750948
2313	0.00378787878788
30691	0.00378787878788
31138	0.00378787878788
50864	0.00377358490566
50995	0.00377358490566
3312	0.00375234521576
8732	0.00374531835206
7062	0.00373134328358
29394	0.00373134328358
35136	0.00369003690037
41065	0.003663003663
25414	0.0036496350365
21745	0.00364298724954
18414	0.00363636363636
27094	0.00363636363636
39447	0.00360576923077
27171	0.00359712230216
41417	0.00359712230216
41583	0.00359066427289
4489	0.00358422939068
41368	0.00358422939068
11381	0.00357142857143
31400	0.00355871886121
38293	0.00355871886121
25937	0.00354609929078
11746	0.00353356890459
21558	0.00353356890459
53040	0.00353356890459
3022	0.00352112676056
51212	0.00352112676056
28407	0.00350877192982
13955	0.0034965034965
40969	0.0034965034965
51006	0.00348432055749
42912	0.00346020761246
41106	0.00343642611684
23011	0.00342465753425
29145	0.00340136054422
18699	0.00337837837838
41042	0.003367003367
14115	0.00335570469799
34637	0.00335570469799
34548	0.00334448160535
34224	0.00334075723831
7444	0.00333333333333
2007	0.00332225913621
24958	0.00332225913621
35958	0.00332225913621
41258	0.00332225913621
41307	0.00332225913621
51027	0.00332225913621
6360	0.00331125827815
5100	0.00327868852459
4121	0.00325732899023
20416	0.00325203252033
18456	0.00324675324675
118	0.00323624595469
12121	0.00323624595469
17355	0.0032310177706
35728	0.0032154340836
40979	0.0032154340836
13339	0.00319488817891
1364	0.0031746031746
16927	0.0031746031746
12467	0.00314465408805
38584	0.00313479623824
4937	0.00310880829016
40982	0.00310559006211
25113	0.0031007751938
6304	0.0030959752322
23150	0.0030959752322
4868	0.00308641975309
511	0.00305810397554
40972	0.0030487804878
5774	0.00303951367781
17987	0.00303951367781
41000	0.0030303030303
41434	0.0030303030303
39546	0.00302114803625
29686	0.00301204819277
29845	0.003003003003
41609	0.00299401197605
48572	0.00299401197605
3943	0.00298507462687
28047	0.00298507462687
28810	0.00298507462687
3260	0.00296735905045
4485	0.00295857988166
2142	0.00294985250737
36398	0.00294117647059
9656	0.00292825768668
2186	0.00289855072464
41034	0.00289855072464
26584	0.00287356321839
50939	0.00287356321839
3733	0.00286806883365
34897	0.00285714285714
4644	0.002849002849
2037	0.00284495021337
40987	0.00283687943262
742	0.0028328611898
3553	0.00280898876404
34830	0.00280112044818
4563	0.00279850746269
23265	0.00278551532033
38492	0.00278551532033
38932	0.00278551532033
11359	0.00277777777778
15373	0.00276243093923
22929	0.00275735294118
2333	0.00274725274725
50933	0.00273224043716
38822	0.00272479564033
21323	0.00271739130435
27949	0.00271002710027
37993	0.00271002710027
7442	0.0027027027027
9135	0.0027027027027
16420	0.0027027027027
35809	0.00269541778976
4578	0.00269251480883
24522	0.00268817204301
8709	0.00268456375839
14207	0.00267379679144
18515	0.00267379679144
14352	0.00265957446809
19547	0.00265957446809
41018	0.00264200792602
2733	0.00263852242744
870	0.00262467191601
23688	0.00260416666667
23642	0.00259067357513
1118	0.00258064516129
18777	0.00255972696246
20818	0.00253164556962
15636	0.00251889168766
23174	0.00251256281407
24684	0.00250626566416
39709	0.00250626566416
9642	0.00250312891114
5420	0.00249376558603
41090	0.00249376558603
51019	0.00248138957816
22743	0.00246305418719
7100	0.002457002457
40965	0.00245098039216
27525	0.00240963855422
41027	0.00240963855422
4173	0.00240384615385
3365	0.00239808153477
7300	0.00236406619385
7518	0.00235294117647
4951	0.00234741784038
14750	0.00234192037471
39136	0.00232558139535
28405	0.00232018561485
497	0.00231481481481
562	0.00231481481481
26602	0.00229357798165
3499	0.00228832951945
23666	0.00224719101124
1399	0.00224215246637
5000	0.00222469410456
45223	0.00222222222222
631	0.00220264317181
19601	0.00219941348974
253	0.00218579234973
4137	0.00217391304348
5693	0.00217391304348
41058	0.00215517241379
28742	0.00214132762313
2745	0.0021216407355
9200	0.0021164021164
29309	0.00210526315789
3531	0.00210084033613
5231	0.00208877284595
22383	0.00208768267223
25051	0.00207468879668
1902	0.0020618556701
39549	0.0020618556701
2344	0.00202634245187
893	0.00201106083459
3729	0.002
5112	0.00199733688415
19598	0.00195950359242
3527	0.00194552529183
17586	0.00194174757282
34369	0.00193798449612
11727	0.00188857412653
7312	0.00188679245283
32862	0.00187617260788
51041	0.00186567164179
32612	0.00186219739292
12998	0.00184501845018
27489	0.00183823529412
921	0.00182315405652
11201	0.00181488203267
33887	0.00181488203267
5218	0.00180831826401
17566	0.00179856115108
2312	0.00179211469534
40980	0.00179211469534
26805	0.00178491744757
1931	0.0017825311943
13056	0.0017793594306
949	0.00177304964539
13111	0.00176574455562
4518	0.00175824175824
2290	0.00175029171529
5519	0.00173611111111
1743	0.00169779286927
37111	0.0016835016835
1503	0.00167504187605
14253	0.00165289256198
38203	0.00164835164835
35563	0.00164271047228
6812	0.0016393442623
7175	0.0016339869281
2326	0.00163132137031
16209	0.00162866449511
35049	0.00162866449511
12610	0.00162337662338
1497	0.00162074554295
27809	0.0016
1064	0.00157977883096
1984	0.00157728706625
900	0.00156494522692
5643	0.00153374233129
18613	0.0015243902439
5120	0.00150602409639
4430	0.00149253731343
869	0.00146627565982
4764	0.00145560407569
50863	0.00143884892086
37392	0.00143266475645
5237	0.00141843971631
29854	0.00138121546961
7419	0.00137174211248
4655	0.00135363790186
20506	0.00135317997294
2419	0.00134228187919
3133	0.00133511348465
35345	0.00132100396301
1422	0.00131752305665
5204	0.001287001287
4396	0.0012836970475
4711	0.00121654501217
18960	0.00120627261761
29277	0.00119760479042
6427	0.00117750956727
27890	0.00117647058824
38191	0.00117233294256
38793	0.00116211504939
30980	0.00115740740741
3273	0.00111731843575
4654	0.00109529025192
18311	0.00108108108108
7340	0.00106837606838
2	0.0010183299389
5157	0.00101471334348
11	0.000996015936255
41068	0.000956022944551
1048	0.000952380952381
3933	0.000920810313076
34367	0.000919117647059
4916	0.000909090909091
40962	0.00089928057554
38794	0.000890471950134
25738	0.00087260034904
12969	0.000861326442722
76	0.000834028356964
31440	0.000833333333333
28051	0.000796178343949
4846	0.000786782061369
41016	0.000726216412491
