20775	0.5
50220	0.5
53796	0.5
54026	0.5
12865	0.333333333333
29669	0.333333333333
29676	0.333333333333
31884	0.333333333333
42685	0.333333333333
49687	0.333333333333
14053	0.25
27738	0.25
29925	0.2
34416	0.2
37395	0.2
37696	0.2
33946	0.166666666667
49990	0.166666666667
60364	0.166666666667
4757	0.142857142857
7644	0.142857142857
11312	0.125
42765	0.125
44840	0.125
40820	0.111111111111
43412	0.111111111111
48581	0.111111111111
50404	0.111111111111
4574	0.1
53233	0.1
668	0.0909090909091
59538	0.0909090909091
4618	0.0833333333333
29442	0.0833333333333
35691	0.0833333333333
21060	0.0769230769231
48547	0.0769230769231
52467	0.0769230769231
7481	0.0666666666667
18791	0.0666666666667
28291	0.0666666666667
36257	0.0666666666667
58290	0.0666666666667
59745	0.0666666666667
1468	0.0625
23992	0.0625
59416	0.0625
26804	0.0526315789474
5496	0.05
14599	0.05
18105	0.05
51239	0.05
59670	0.05
18063	0.047619047619
41839	0.0454545454545
42498	0.0454545454545
51570	0.0434782608696
46058	0.0416666666667
4587	0.04
31020	0.04
1181	0.0384615384615
60451	0.0384615384615
14004	0.037037037037
35161	0.037037037037
42655	0.037037037037
60207	0.037037037037
7388	0.0357142857143
12604	0.0357142857143
52185	0.0357142857143
268	0.0344827586207
8735	0.0344827586207
1666	0.0333333333333
24348	0.0333333333333
51098	0.0322580645161
23629	0.03125
51786	0.03125
59909	0.03125
7310	0.0285714285714
18521	0.0285714285714
51751	0.0285714285714
6788	0.0277777777778
12570	0.0277777777778
53191	0.0277777777778
59584	0.0277777777778
27076	0.027027027027
1895	0.0263157894737
16955	0.0263157894737
50991	0.025641025641
19657	0.025
4983	0.0238095238095
32406	0.0238095238095
57828	0.0232558139535
8657	0.0227272727273
19773	0.0227272727273
23117	0.0227272727273
44031	0.0227272727273
3796	0.0222222222222
5055	0.0222222222222
4630	0.0208333333333
43034	0.0208333333333
46447	0.0208333333333
27508	0.0204081632653
30018	0.0204081632653
30922	0.0204081632653
31911	0.0204081632653
41235	0.0204081632653
6024	0.02
34823	0.02
51738	0.02
59509	0.0192307692308
3996	0.0188679245283
16902	0.0185185185185
1123	0.0175438596491
7197	0.0175438596491
12421	0.0175438596491
52034	0.0175438596491
26529	0.0169491525424
41438	0.0169491525424
52345	0.0169491525424
40307	0.0161290322581
29804	0.015873015873
50994	0.015873015873
51589	0.015873015873
17442	0.015625
5528	0.0153846153846
18145	0.0153846153846
652	0.0149253731343
29095	0.0149253731343
38201	0.0149253731343
25555	0.0147058823529
51307	0.0147058823529
51937	0.0144927536232
18139	0.0142857142857
34149	0.0142857142857
39024	0.0142857142857
44136	0.0142857142857
42811	0.013698630137
22121	0.0131578947368
1788	0.0128205128205
13394	0.0125
27691	0.0123456790123
49985	0.0121951219512
50924	0.0121951219512
41222	0.0120481927711
14303	0.0114942528736
34443	0.0114942528736
38585	0.0114942528736
3194	0.0113636363636
29707	0.0111111111111
51228	0.0111111111111
40819	0.0108695652174
50884	0.0108695652174
50506	0.010752688172
18958	0.0104166666667
4611	0.0102040816327
8839	0.010101010101
37156	0.010101010101
41322	0.00980392156863
39210	0.00970873786408
26310	0.00952380952381
11383	0.00943396226415
34724	0.00943396226415
3544	0.00925925925926
17583	0.00917431192661
2927	0.00909090909091
3006	0.00909090909091
6657	0.00900900900901
392	0.00892857142857
9471	0.00862068965517
38330	0.00847457627119
34143	0.00840336134454
1169	0.00833333333333
35039	0.0078125
26486	0.0077519379845
51393	0.00769230769231
23337	0.00757575757576
51158	0.00757575757576
2028	0.00751879699248
34254	0.00746268656716
51254	0.00740740740741
14013	0.00735294117647
43473	0.00714285714286
51071	0.00709219858156
46722	0.00704225352113
49398	0.00689655172414
35199	0.00680272108844
38861	0.00666666666667
4508	0.00662251655629
21989	0.00662251655629
7509	0.00653594771242
59506	0.00641025641026
25487	0.00632911392405
41391	0.00632911392405
42954	0.0062893081761
42450	0.00625
9720	0.00621118012422
40992	0.00617283950617
1456	0.0059880239521
28700	0.0059880239521
5116	0.00588235294118
52065	0.00588235294118
39510	0.00581395348837
17277	0.00578034682081
3842	0.00568181818182
36967	0.00568181818182
39343	0.00564971751412
51038	0.00564971751412
16076	0.00546448087432
26158	0.00546448087432
13317	0.00534759358289
30874	0.00534759358289
41070	0.00534759358289
21321	0.00518134715026
52029	0.00512820512821
11294	0.00510204081633
11782	0.00510204081633
4695	0.00505050505051
1489	0.005
34929	0.00480769230769
50851	0.0046511627907
21331	0.00462962962963
40318	0.00454545454545
4876	0.00442477876106
20779	0.00436681222707
37104	0.00434782608696
37762	0.00431034482759
45139	0.00425531914894
50845	0.00425531914894
34145	0.0042194092827
30835	0.00418410041841
44117	0.00416666666667
41194	0.00409836065574
34369	0.00391389432485
17939	0.00390625
28673	0.00387596899225
1117	0.003861003861
4399	0.00378787878788
30794	0.00373134328358
7390	0.00369003690037
19090	0.00355871886121
3445	0.00354609929078
23011	0.00347222222222
18699	0.00342465753425
35958	0.003367003367
51027	0.003367003367
38987	0.00325732899023
13339	0.0032154340836
27527	0.0032154340836
40972	0.00308641975309
41000	0.00306748466258
259	0.00305810397554
39546	0.00305810397554
29845	0.00303951367781
28047	0.00302114803625
3260	0.003003003003
10250	0.00297619047619
29453	0.00292397660819
50939	0.00290697674419
4644	0.0028818443804
3553	0.00284090909091
15373	0.00279329608939
21323	0.00274725274725
7442	0.00273224043716
19547	0.00268817204301
23481	0.0026525198939
23688	0.00263157894737
31868	0.00262467191601
23642	0.00261780104712
51019	0.00250626566416
1380	0.00249376558603
1113	0.00248138957816
20173	0.00245098039216
3365	0.00240963855422
22251	0.00233644859813
31830	0.00233644859813
1399	0.00226244343891
16447	0.00225225225225
631	0.00222222222222
40988	0.00221729490022
15228	0.00218818380744
35703	0.00217864923747
23782	0.00212314225053
36394	0.00212314225053
5768	0.00204081632653
33841	0.00198807157058
5673	0.00198412698413
3527	0.00196078431373
1048	0.00191387559809
30269	0.00189753320683
51041	0.00187969924812
11769	0.00187617260788
35136	0.00185528756957
21745	0.0018315018315
40980	0.00180505415162
41583	0.00180505415162
37737	0.0017825311943
41116	0.00172413793103
7261	0.00168634064081
7175	0.00164473684211
4121	0.00163666121113
12610	0.0016339869281
32188	0.00162601626016
27809	0.00161030595813
6304	0.00155520995334
5643	0.00154320987654
17596	0.00154083204931
992	0.00153609831029
18613	0.00152905198777
5120	0.00151515151515
4708	0.00145772594752
5237	0.00142653352354
5432	0.0013986013986
38492	0.0013986013986
7419	0.00137931034483
3059	0.00137362637363
20506	0.00136054421769
14352	0.00133511348465
5112	0.00133422281521
35345	0.00132802124834
1422	0.00132450331126
5420	0.00125156445557
41090	0.00125156445557
18960	0.00121212121212
39447	0.00120481927711
29277	0.00120336943442
18307	0.00118906064209
38191	0.00117785630153
2290	0.00116890707189
2007	0.00110987791343
7340	0.00107296137339
5231	0.00104547830633
4937	0.00103842159917
2	0.00102249488753
5157	0.00101677681749
41068	0.000959692898273
5503	0.000956937799043
4563	0.000934579439252
34367	0.000922509225092
2333	0.000917431192661
5809	0.000909090909091
40962	0.000902527075812
2840	0.000888888888889
22744	0.00088573959256
5519	0.000870322019147
12969	0.000864304235091
18777	0.000854700854701
76	0.000836820083682
22743	0.000822368421053
6812	0.000821692686935
28051	0.000798722044728
4846	0.000789265982636
4430	0.00074794315632
4655	0.000677277345073
1118	0.000645577792124
13111	0.000589275191514
6427	0.000589101620029
1503	0.000558971492454
1497	0.000540832882639
893	0.000503018108652
869	0.000488758553275
7312	0.000471920717319
26805	0.000446428571429
4518	0.000439753737907
35563	0.000410846343468
