41105	0.181818181818
999	0.111111111111
6855	0.111111111111
7007	0.111111111111
16915	0.111111111111
20301	0.111111111111
20895	0.111111111111
21735	0.111111111111
22742	0.111111111111
26317	0.111111111111
30011	0.111111111111
30314	0.111111111111
37423	0.111111111111
42382	0.111111111111
44629	0.111111111111
49283	0.111111111111
55272	0.111111111111
55900	0.111111111111
58349	0.111111111111
60368	0.111111111111
4353	0.1
13141	0.1
20639	0.1
22135	0.1
35498	0.1
36851	0.1
36880	0.1
40638	0.1
43040	0.1
43270	0.1
44269	0.1
49509	0.1
49627	0.1
53030	0.1
54912	0.1
56689	0.1
59318	0.1
6238	0.0909090909091
6508	0.0909090909091
11411	0.0909090909091
14190	0.0909090909091
29364	0.0909090909091
32540	0.0909090909091
33361	0.0909090909091
36955	0.0909090909091
38036	0.0909090909091
38337	0.0909090909091
43169	0.0909090909091
43446	0.0909090909091
45498	0.0909090909091
46206	0.0909090909091
50878	0.0909090909091
51243	0.0909090909091
52572	0.0909090909091
55377	0.0909090909091
55422	0.0909090909091
56069	0.0909090909091
57789	0.0909090909091
60021	0.0909090909091
920	0.0833333333333
1439	0.0833333333333
3805	0.0833333333333
7385	0.0833333333333
12281	0.0833333333333
12895	0.0833333333333
15946	0.0833333333333
16355	0.0833333333333
19289	0.0833333333333
23081	0.0833333333333
26708	0.0833333333333
28096	0.0833333333333
30632	0.0833333333333
32743	0.0833333333333
40122	0.0833333333333
42589	0.0833333333333
44761	0.0833333333333
44775	0.0833333333333
44934	0.0833333333333
46312	0.0833333333333
48017	0.0833333333333
49452	0.0833333333333
53140	0.0833333333333
53474	0.0833333333333
54117	0.0833333333333
60523	0.0833333333333
60619	0.0833333333333
244	0.0769230769231
3844	0.0769230769231
4372	0.0769230769231
6102	0.0769230769231
6293	0.0769230769231
12152	0.0769230769231
17759	0.0769230769231
20306	0.0769230769231
24194	0.0769230769231
27993	0.0769230769231
30636	0.0769230769231
30734	0.0769230769231
32162	0.0769230769231
37610	0.0769230769231
44409	0.0769230769231
49224	0.0769230769231
49606	0.0769230769231
51374	0.0769230769231
52307	0.0769230769231
59516	0.0769230769231
318	0.0714285714286
1855	0.0714285714286
6050	0.0714285714286
6480	0.0714285714286
6577	0.0714285714286
7068	0.0714285714286
10305	0.0714285714286
14495	0.0714285714286
15742	0.0714285714286
18178	0.0714285714286
22882	0.0714285714286
28706	0.0714285714286
28772	0.0714285714286
33528	0.0714285714286
42574	0.0714285714286
43197	0.0714285714286
44846	0.0714285714286
51613	0.0714285714286
51915	0.0714285714286
59405	0.0714285714286
7615	0.0666666666667
8190	0.0666666666667
9186	0.0666666666667
12486	0.0666666666667
15812	0.0666666666667
16405	0.0666666666667
20671	0.0666666666667
22860	0.0666666666667
26756	0.0666666666667
30376	0.0666666666667
44318	0.0666666666667
57841	0.0666666666667
61247	0.0666666666667
2306	0.0625
3869	0.0625
4782	0.0625
9162	0.0625
9940	0.0625
13354	0.0625
13890	0.0625
35598	0.0625
36410	0.0625
42629	0.0625
43460	0.0625
44414	0.0625
51400	0.0625
2393	0.0588235294118
7105	0.0588235294118
14526	0.0588235294118
16954	0.0588235294118
20494	0.0588235294118
23379	0.0588235294118
28072	0.0588235294118
28846	0.0588235294118
31946	0.0588235294118
33500	0.0588235294118
39427	0.0588235294118
40963	0.0588235294118
42307	0.0588235294118
45862	0.0588235294118
51270	0.0588235294118
51727	0.0588235294118
52827	0.0588235294118
59672	0.0588235294118
7038	0.0555555555556
10903	0.0555555555556
11133	0.0555555555556
14313	0.0555555555556
15739	0.0555555555556
17038	0.0555555555556
17609	0.0555555555556
22764	0.0555555555556
27290	0.0555555555556
27518	0.0555555555556
29112	0.0555555555556
30032	0.0555555555556
35421	0.0555555555556
43361	0.0555555555556
51618	0.0555555555556
51658	0.0555555555556
52026	0.0555555555556
52752	0.0555555555556
29323	0.0526315789474
29675	0.0526315789474
41064	0.0526315789474
41784	0.0526315789474
42867	0.0526315789474
43894	0.0526315789474
50761	0.0526315789474
51807	0.0526315789474
255	0.05
936	0.05
4567	0.05
10904	0.05
15711	0.05
16905	0.05
20319	0.05
21400	0.05
23714	0.05
24455	0.05
32554	0.05
34743	0.05
34988	0.05
37440	0.05
38179	0.05
51626	0.05
53190	0.05
56683	0.05
4400	0.047619047619
5442	0.047619047619
6854	0.047619047619
7333	0.047619047619
8112	0.047619047619
22199	0.047619047619
23314	0.047619047619
24728	0.047619047619
32134	0.047619047619
37570	0.047619047619
47732	0.047619047619
48185	0.047619047619
57736	0.047619047619
52500	0.046511627907
4613	0.0454545454545
25388	0.0454545454545
33354	0.0454545454545
50089	0.0454545454545
60047	0.0454545454545
60404	0.0454545454545
11217	0.0434782608696
11221	0.0434782608696
11329	0.0434782608696
19630	0.0434782608696
20622	0.0434782608696
27736	0.0434782608696
33363	0.0434782608696
45732	0.0434782608696
48571	0.0434782608696
58837	0.0434782608696
42197	0.0425531914894
1091	0.0416666666667
3642	0.0416666666667
4703	0.0416666666667
5205	0.0416666666667
18532	0.0416666666667
21754	0.0416666666667
23500	0.0416666666667
27239	0.0416666666667
42231	0.0416666666667
44483	0.0416666666667
51610	0.0416666666667
51714	0.0416666666667
52609	0.0416666666667
34192	0.0408163265306
9418	0.04
10097	0.04
24886	0.04
28374	0.04
37608	0.04
41277	0.04
41470	0.04
43569	0.04
44638	0.04
55367	0.04
59600	0.04
60293	0.04
60986	0.04
16870	0.0384615384615
21012	0.0384615384615
22218	0.0384615384615
24934	0.0384615384615
31182	0.0384615384615
32306	0.0384615384615
44825	0.0384615384615
5188	0.037037037037
26549	0.037037037037
27282	0.037037037037
34117	0.037037037037
37883	0.037037037037
37938	0.037037037037
41714	0.037037037037
42203	0.037037037037
43339	0.037037037037
43488	0.037037037037
43816	0.037037037037
50914	0.037037037037
51210	0.037037037037
51264	0.037037037037
61197	0.037037037037
21396	0.0363636363636
35316	0.0363636363636
2288	0.0361445783133
2124	0.0357142857143
5823	0.0357142857143
7407	0.0357142857143
13091	0.0357142857143
18348	0.0357142857143
26538	0.0357142857143
31371	0.0357142857143
34976	0.0357142857143
35135	0.0357142857143
36770	0.0357142857143
39749	0.0357142857143
41629	0.0357142857143
45460	0.0357142857143
51177	0.0357142857143
51486	0.0357142857143
51569	0.0357142857143
51773	0.0357142857143
52038	0.0357142857143
52728	0.0357142857143
54916	0.0357142857143
61230	0.0357142857143
4837	0.0344827586207
7294	0.0344827586207
12054	0.0344827586207
14384	0.0344827586207
14546	0.0344827586207
16790	0.0344827586207
21116	0.0344827586207
22390	0.0344827586207
32913	0.0344827586207
34518	0.0344827586207
37789	0.0344827586207
45113	0.0344827586207
53434	0.0344827586207
3258	0.0338983050847
51282	0.0338983050847
9117	0.0333333333333
32480	0.0333333333333
37845	0.0333333333333
37913	0.0333333333333
38436	0.0333333333333
42690	0.0333333333333
42698	0.0333333333333
42702	0.0333333333333
44030	0.0333333333333
51409	0.0333333333333
53116	0.0333333333333
59928	0.0333333333333
46832	0.0324675324675
2317	0.0322580645161
6552	0.0322580645161
12403	0.0322580645161
24775	0.0322580645161
38721	0.0322580645161
50816	0.0322580645161
175	0.03125
1286	0.03125
1847	0.03125
9667	0.03125
17449	0.03125
21709	0.03125
22009	0.03125
22054	0.03125
23321	0.03125
24336	0.03125
27528	0.03125
32125	0.03125
36701	0.03125
39584	0.03125
43675	0.03125
51481	0.03125
59943	0.03125
844	0.030303030303
10344	0.030303030303
11009	0.030303030303
11812	0.030303030303
15026	0.030303030303
42064	0.030303030303
42466	0.030303030303
43566	0.030303030303
50098	0.030303030303
626	0.0294117647059
29257	0.0294117647059
39232	0.0294117647059
44257	0.0294117647059
46690	0.0294117647059
51585	0.0294117647059
51975	0.0294117647059
60207	0.0294117647059
20996	0.0289855072464
293	0.0285714285714
3638	0.0285714285714
12117	0.0285714285714
30964	0.0285714285714
35067	0.0285714285714
42852	0.0285714285714
45089	0.0285714285714
46729	0.0285714285714
50631	0.0285714285714
51420	0.0285714285714
51652	0.0285714285714
1411	0.0277777777778
3852	0.0277777777778
4124	0.0277777777778
18336	0.0277777777778
31006	0.0277777777778
32029	0.0277777777778
32775	0.0277777777778
36382	0.0277777777778
43287	0.0277777777778
51565	0.0277777777778
59537	0.0277777777778
60071	0.0277777777778
60315	0.0277777777778
30866	0.027397260274
4155	0.027027027027
21870	0.027027027027
26855	0.027027027027
29452	0.027027027027
31403	0.027027027027
35166	0.027027027027
45459	0.027027027027
50110	0.027027027027
51219	0.027027027027
51824	0.027027027027
51835	0.027027027027
56812	0.027027027027
59563	0.027027027027
1569	0.0263157894737
7789	0.0263157894737
29523	0.0263157894737
34463	0.0263157894737
35549	0.0263157894737
41049	0.0263157894737
60463	0.0263157894737
3431	0.025641025641
23281	0.025641025641
25096	0.025641025641
31860	0.025641025641
34441	0.025641025641
36060	0.025641025641
41203	0.025641025641
41650	0.025641025641
43959	0.025641025641
50337	0.025641025641
6910	0.025
14137	0.025
25799	0.025
31907	0.025
31954	0.025
35907	0.025
36726	0.025
41888	0.025
47807	0.025
48238	0.025
51247	0.025
52232	0.025
53242	0.025
885	0.0243902439024
8248	0.0243902439024
25400	0.0243902439024
34862	0.0243902439024
40054	0.0243902439024
41698	0.0243902439024
42688	0.0243902439024
55950	0.0243902439024
34619	0.0240963855422
3216	0.0238095238095
5563	0.0238095238095
25006	0.0238095238095
28692	0.0238095238095
31696	0.0238095238095
47861	0.0238095238095
49571	0.0238095238095
52998	0.0238095238095
59659	0.0238095238095
62	0.0232558139535
2278	0.0232558139535
2600	0.0232558139535
12570	0.0232558139535
18292	0.0232558139535
26502	0.0232558139535
31022	0.0232558139535
33488	0.0232558139535
35577	0.0232558139535
45283	0.0232558139535
49597	0.0232558139535
51224	0.0232558139535
51327	0.0232558139535
26874	0.0229885057471
4022	0.0227272727273
9130	0.0227272727273
12928	0.0227272727273
13103	0.0227272727273
16445	0.0227272727273
26843	0.0227272727273
28976	0.0227272727273
31514	0.0227272727273
32503	0.0227272727273
33312	0.0227272727273
41247	0.0227272727273
42207	0.0227272727273
17204	0.0222222222222
20747	0.0222222222222
34986	0.0222222222222
36798	0.0222222222222
53158	0.0222222222222
876	0.0217391304348
1801	0.0217391304348
2559	0.0217391304348
10750	0.0217391304348
14652	0.0217391304348
26773	0.0217391304348
27500	0.0217391304348
3666	0.0212765957447
13271	0.0212765957447
19321	0.0212765957447
22876	0.0212765957447
28627	0.0212765957447
29212	0.0212765957447
40993	0.0212765957447
42318	0.0212765957447
47638	0.0212765957447
48224	0.0212765957447
4048	0.0208333333333
14672	0.0208333333333
26047	0.0208333333333
31494	0.0208333333333
32710	0.0208333333333
35508	0.0208333333333
42349	0.0208333333333
45636	0.0208333333333
48358	0.0208333333333
4650	0.0204081632653
5881	0.0204081632653
10050	0.0204081632653
11172	0.0204081632653
18107	0.0204081632653
22946	0.0204081632653
23141	0.0204081632653
32892	0.0204081632653
34094	0.0204081632653
35130	0.0204081632653
37001	0.0204081632653
38574	0.0204081632653
51023	0.0204081632653
53320	0.0204081632653
2681	0.020202020202
3002	0.02
14276	0.02
22939	0.02
25439	0.02
36356	0.02
41485	0.02
41553	0.02
56324	0.02
57828	0.02
285	0.0196078431373
1196	0.0196078431373
14019	0.0196078431373
14439	0.0196078431373
15865	0.0196078431373
17064	0.0196078431373
17331	0.0196078431373
21912	0.0196078431373
37542	0.0196078431373
53174	0.0196078431373
53239	0.0196078431373
20669	0.0194174757282
29596	0.0194174757282
17007	0.0192307692308
28349	0.0192307692308
30272	0.0192307692308
39884	0.0192307692308
51297	0.0192307692308
52459	0.0192307692308
17188	0.0190476190476
6003	0.0188679245283
9685	0.0188679245283
35926	0.0188679245283
42099	0.0188679245283
51983	0.0188679245283
5603	0.018691588785
1936	0.0185185185185
12253	0.0185185185185
15515	0.0185185185185
24431	0.0185185185185
30681	0.0185185185185
34165	0.0185185185185
37795	0.0185185185185
38595	0.0185185185185
39458	0.0185185185185
43723	0.0185185185185
52336	0.0185185185185
52934	0.0185185185185
60086	0.0185185185185
16723	0.0184049079755
11404	0.0181818181818
23765	0.0181818181818
36475	0.0181818181818
51060	0.0181818181818
5781	0.0178571428571
8226	0.0178571428571
12311	0.0178571428571
39848	0.0178571428571
51394	0.0178571428571
52542	0.0178571428571
3798	0.0175438596491
5865	0.0175438596491
36596	0.0175438596491
51549	0.0175438596491
51693	0.0175438596491
52845	0.0175438596491
16935	0.0174418604651
1067	0.0172413793103
11322	0.0172413793103
14354	0.0172413793103
28735	0.0172413793103
30952	0.0172413793103
36390	0.0172413793103
42291	0.0172413793103
45891	0.0172413793103
52230	0.0172413793103
55981	0.0172413793103
31340	0.017094017094
29822	0.0169491525424
41388	0.0169491525424
41908	0.0169491525424
42941	0.0169491525424
47668	0.0169491525424
51464	0.0169491525424
52940	0.0169491525424
18199	0.0168067226891
41411	0.0168067226891
7505	0.0167597765363
2062	0.0166666666667
4194	0.0166666666667
5513	0.0166666666667
29778	0.0166666666667
36145	0.0166666666667
46148	0.0166666666667
52128	0.0166666666667
3826	0.0165289256198
42977	0.0165289256198
4486	0.016393442623
22234	0.016393442623
26558	0.016393442623
27207	0.016393442623
28300	0.016393442623
34658	0.016393442623
34997	0.016393442623
41762	0.016393442623
43543	0.016393442623
2578	0.0161290322581
4289	0.0161290322581
7073	0.0161290322581
22479	0.0161290322581
31608	0.0161290322581
37379	0.0161290322581
51498	0.0161290322581
52392	0.0161290322581
61099	0.0161290322581
20418	0.015873015873
38569	0.015873015873
41405	0.015873015873
4746	0.015625
18387	0.015625
19816	0.015625
28745	0.015625
43251	0.015625
52239	0.015625
22798	0.015503875969
830	0.0153846153846
4074	0.0153846153846
18213	0.0153846153846
27087	0.0153846153846
34652	0.0153846153846
35467	0.0153846153846
51274	0.0152671755725
4481	0.0151515151515
15870	0.0151515151515
16364	0.0151515151515
29573	0.0151515151515
33890	0.0151515151515
41349	0.0151515151515
29530	0.0149253731343
34950	0.0149253731343
39851	0.0149253731343
51825	0.0149253731343
52890	0.0149253731343
50885	0.0147783251232
7084	0.0147058823529
11430	0.0147058823529
22681	0.0147058823529
32974	0.0147058823529
41916	0.0147058823529
51641	0.0147058823529
2690	0.0144927536232
6271	0.0144927536232
7693	0.0144927536232
32753	0.0144927536232
33947	0.0144927536232
35535	0.0144927536232
52682	0.0144927536232
53328	0.0144927536232
59906	0.0144927536232
15114	0.0143884892086
186	0.0142857142857
2644	0.0142857142857
7526	0.0142857142857
11119	0.0142857142857
15917	0.0142857142857
25987	0.0142857142857
42295	0.0142857142857
322	0.0140845070423
34276	0.0140845070423
35541	0.0140845070423
38671	0.0140845070423
38899	0.0140845070423
40645	0.0140845070423
52629	0.0140845070423
53136	0.0140845070423
59607	0.0140845070423
61411	0.0140845070423
38642	0.0138888888889
51509	0.0138888888889
3787	0.013698630137
4374	0.013698630137
6920	0.013698630137
28545	0.013698630137
35047	0.013698630137
35526	0.013698630137
39713	0.013698630137
51154	0.013698630137
52227	0.013698630137
652	0.0135135135135
14527	0.0135135135135
18699	0.0135135135135
26659	0.0135135135135
41571	0.0135135135135
451	0.0133333333333
2917	0.0133333333333
20290	0.0133333333333
33704	0.0133333333333
39336	0.0133333333333
41313	0.0133333333333
41409	0.0133333333333
43327	0.0133333333333
49465	0.0133333333333
51307	0.0133333333333
52231	0.0133333333333
18759	0.0132743362832
49398	0.0132450331126
4753	0.0131578947368
23605	0.0131578947368
39722	0.0131578947368
40961	0.0131578947368
43338	0.0131578947368
50992	0.0131578947368
52884	0.0131578947368
27125	0.012987012987
29582	0.012987012987
34149	0.012987012987
36736	0.012987012987
41450	0.012987012987
41548	0.012987012987
42649	0.012987012987
44233	0.012987012987
4515	0.0128205128205
8142	0.0128205128205
11223	0.0128205128205
18596	0.0128205128205
43200	0.0128205128205
46731	0.0128205128205
49401	0.0128205128205
8197	0.0126582278481
59944	0.0126582278481
39548	0.0125786163522
30849	0.0125523012552
2825	0.0125
8210	0.0125
10607	0.0125
37046	0.0125
40477	0.0125
42642	0.0125
4743	0.0124223602484
11887	0.0124223602484
17625	0.0124223602484
4149	0.0123456790123
12831	0.0123456790123
16448	0.0123456790123
28369	0.0123456790123
34531	0.0123456790123
35229	0.0123456790123
50642	0.0123456790123
51229	0.0123456790123
52332	0.0123456790123
52733	0.0123456790123
12194	0.0122699386503
3187	0.0121951219512
6381	0.0121951219512
37686	0.0121951219512
51025	0.0121951219512
14573	0.0120481927711
42414	0.0120481927711
51905	0.0120481927711
7280	0.0119047619048
8755	0.0119047619048
14206	0.0119047619048
28134	0.0119047619048
38287	0.0119047619048
41191	0.0119047619048
1068	0.0117647058824
2660	0.0117647058824
7734	0.0117647058824
31220	0.0117647058824
51250	0.0117647058824
52638	0.0116959064327
871	0.0116279069767
24316	0.0116279069767
35144	0.0116279069767
52415	0.0116279069767
50944	0.011583011583
819	0.0114942528736
42810	0.0114942528736
39852	0.0114503816794
10343	0.0113636363636
41694	0.0113636363636
3205	0.0112359550562
7472	0.0112359550562
8519	0.0112359550562
21379	0.0112359550562
33990	0.0112359550562
34105	0.0112359550562
37752	0.0111111111111
59133	0.0111111111111
30471	0.0110497237569
1755	0.010989010989
3842	0.010989010989
33544	0.010989010989
34104	0.010989010989
34865	0.010989010989
41101	0.010989010989
18234	0.0108695652174
37588	0.0108695652174
41083	0.0108695652174
41653	0.0108695652174
48910	0.0108695652174
49210	0.0108695652174
913	0.010752688172
6748	0.010752688172
27171	0.010752688172
41417	0.010752688172
50873	0.010752688172
51044	0.0106382978723
16449	0.0105633802817
2247	0.0105263157895
22396	0.0105263157895
31891	0.0105263157895
41452	0.0104712041885
6601	0.0104166666667
22170	0.0104166666667
39727	0.0104166666667
41200	0.0104166666667
49791	0.0104166666667
52357	0.0104166666667
10890	0.0103092783505
15009	0.0103092783505
23054	0.0103092783505
23990	0.0103092783505
27580	0.0103092783505
41103	0.0103092783505
23011	0.0102389078498
3575	0.0102040816327
5455	0.0102040816327
12552	0.0102040816327
19922	0.0102040816327
20785	0.0102040816327
41655	0.0102040816327
43542	0.0102040816327
4836	0.010101010101
6305	0.010101010101
10492	0.010101010101
42555	0.010101010101
45587	0.010101010101
90	0.0100502512563
14381	0.01
47448	0.01
59508	0.01
2089	0.00995024875622
694	0.00990099009901
4156	0.00990099009901
13891	0.00990099009901
33785	0.00990099009901
50938	0.00990099009901
17389	0.00980392156863
22195	0.00980392156863
40869	0.00980392156863
52062	0.00980392156863
59684	0.00980392156863
6428	0.00970873786408
29583	0.00970873786408
42194	0.00970873786408
51359	0.00970873786408
26251	0.00961538461538
51152	0.00961538461538
2145	0.00952380952381
9722	0.00952380952381
36105	0.00952380952381
41715	0.00952380952381
41037	0.00947867298578
2361	0.00943396226415
6634	0.00943396226415
20529	0.00943396226415
30949	0.00943396226415
39002	0.00943396226415
43325	0.00943396226415
18643	0.00934579439252
5918	0.0093023255814
22238	0.00925925925926
26741	0.00925925925926
41943	0.00925925925926
51854	0.00925925925926
19126	0.00917431192661
30880	0.00917431192661
44538	0.00917431192661
51099	0.00917431192661
18172	0.00913242009132
4044	0.00909090909091
27582	0.00909090909091
31011	0.00909090909091
41640	0.00909090909091
51345	0.00909090909091
8729	0.00900900900901
17566	0.00900900900901
20111	0.00900900900901
21331	0.00900900900901
34210	0.00900900900901
35951	0.00900900900901
41826	0.00900900900901
49408	0.00900900900901
59890	0.00900900900901
39209	0.00896860986547
5221	0.00892857142857
12756	0.00892857142857
29855	0.00892857142857
3507	0.00884955752212
17299	0.00884955752212
32411	0.00884955752212
42753	0.00884955752212
47292	0.00884955752212
25416	0.00877192982456
41328	0.00877192982456
47675	0.00877192982456
1700	0.00874635568513
1328	0.00869565217391
3544	0.00869565217391
3565	0.00869565217391
29055	0.00869565217391
25078	0.00864553314121
6372	0.00862068965517
6394	0.00862068965517
24126	0.00862068965517
2927	0.00854700854701
5354	0.00854700854701
20647	0.00854700854701
22919	0.00854700854701
30923	0.00854700854701
41421	0.00854700854701
1096	0.00847457627119
44351	0.00847457627119
52188	0.00847457627119
4006	0.00840336134454
4775	0.00840336134454
18205	0.00840336134454
41354	0.00840336134454
53001	0.00840336134454
9138	0.00833333333333
22351	0.00833333333333
41425	0.00833333333333
41642	0.00833333333333
49397	0.00833333333333
51030	0.00833333333333
31170	0.00829875518672
17554	0.00826446280992
51689	0.00826446280992
41374	0.00824175824176
7357	0.00819672131148
7427	0.00819672131148
15288	0.00819672131148
22319	0.00819672131148
51988	0.00819672131148
52331	0.00819672131148
2905	0.00813008130081
18226	0.00813008130081
27934	0.00813008130081
51666	0.00813008130081
1167	0.00806451612903
14698	0.00806451612903
39771	0.00806451612903
42302	0.00806451612903
24522	0.00804289544236
616	0.008
4136	0.008
22408	0.008
22690	0.008
26437	0.008
28379	0.008
38330	0.008
41099	0.008
3865	0.00793650793651
9818	0.00793650793651
51496	0.00793650793651
3492	0.00787401574803
25570	0.00787401574803
29543	0.0078125
37577	0.0078125
2110	0.00778210116732
2104	0.0077519379845
2144	0.0077519379845
3426	0.0077519379845
5575	0.00769230769231
51875	0.00769230769231
41001	0.00766283524904
10162	0.00763358778626
41152	0.00763358778626
57496	0.00763358778626
16340	0.00757575757576
42270	0.00757575757576
19288	0.00754716981132
13058	0.00751879699248
16228	0.00751879699248
30585	0.00751879699248
33142	0.00751879699248
755	0.00746268656716
28750	0.00740740740741
29394	0.00740740740741
35039	0.00740740740741
18997	0.00735294117647
26486	0.00735294117647
38820	0.00735294117647
42312	0.00735294117647
9245	0.00729927007299
4347	0.00724637681159
4625	0.00724637681159
28709	0.00724637681159
30828	0.00724637681159
42750	0.00724637681159
4335	0.0072202166065
27910	0.00719424460432
4489	0.00715563506261
2028	0.00714285714286
27288	0.00714285714286
40351	0.00714285714286
5460	0.00711743772242
6564	0.00711743772242
554	0.00709219858156
2829	0.00709219858156
14515	0.00709219858156
36897	0.00709219858156
27890	0.00707547169811
4951	0.00702576112412
3436	0.00699300699301
632	0.00694444444444
12777	0.00694444444444
50915	0.00694444444444
18278	0.00692041522491
51006	0.00692041522491
6781	0.00689655172414
25444	0.00689655172414
2401	0.00687285223368
14122	0.00684931506849
22534	0.00684931506849
22830	0.00684931506849
38194	0.00684931506849
41066	0.00684931506849
44847	0.00684931506849
51676	0.00684931506849
51821	0.00684931506849
41106	0.00682593856655
13040	0.00680272108844
17483	0.00680272108844
22684	0.00680272108844
41832	0.00675675675676
51071	0.00675675675676
4337	0.00671140939597
10096	0.00671140939597
46722	0.00671140939597
41042	0.0066889632107
10248	0.00666666666667
14115	0.00666666666667
21311	0.00666666666667
52525	0.00666666666667
40893	0.00662251655629
40986	0.00662251655629
16368	0.00657894736842
17637	0.00657894736842
18129	0.00657894736842
32935	0.00657894736842
52225	0.00655737704918
3554	0.00653594771242
4464	0.00653594771242
7161	0.00653594771242
51117	0.00653594771242
41067	0.00651465798046
19687	0.00649350649351
35199	0.00649350649351
50901	0.00649350649351
2409	0.00647249190939
22643	0.00647249190939
23628	0.00645161290323
4413	0.00641025641026
7299	0.00641025641026
12501	0.00641025641026
20335	0.00641025641026
41059	0.00641025641026
21204	0.00636942675159
37114	0.00636942675159
50883	0.00632911392405
37680	0.0062893081761
39426	0.0062893081761
59661	0.0062893081761
5616	0.00626959247649
456	0.00625
38262	0.00625
41060	0.00625
34967	0.00621118012422
35360	0.00621118012422
41015	0.00621118012422
52738	0.00621118012422
2934	0.00617283950617
32453	0.00615384615385
22104	0.00613496932515
34217	0.00613496932515
40482	0.00613496932515
3297	0.00609756097561
3598	0.00609756097561
10443	0.00609756097561
17915	0.00609756097561
37409	0.00609756097561
50652	0.00609756097561
51155	0.00609756097561
51699	0.00609756097561
51838	0.00609756097561
10852	0.00602409638554
40489	0.00602409638554
259	0.00600600600601
29686	0.0059880239521
32594	0.0059880239521
11232	0.00597014925373
1390	0.00595238095238
3239	0.00595238095238
13120	0.00595238095238
17948	0.00595238095238
27218	0.00595238095238
40964	0.00595238095238
48572	0.00595238095238
2030	0.00593471810089
3943	0.00593471810089
26579	0.00591715976331
40992	0.00591715976331
9488	0.00588235294118
19897	0.00584795321637
49336	0.00584795321637
51120	0.00584795321637
17586	0.00581395348837
8466	0.00578034682081
28712	0.00578034682081
1456	0.00574712643678
41278	0.00574712643678
40971	0.0057361376673
3788	0.00571428571429
11776	0.00571428571429
30466	0.00568181818182
4644	0.0056657223796
5116	0.00564971751412
23248	0.00564971751412
30901	0.00564971751412
50760	0.00564971751412
10792	0.00561797752809
51211	0.00561797752809
216	0.00558659217877
1231	0.00558659217877
41204	0.00558659217877
41546	0.00558659217877
41968	0.00558659217877
7317	0.00557103064067
38492	0.00556328233658
6573	0.00555555555556
8229	0.00555555555556
18813	0.00555555555556
38932	0.00554016620499
452	0.00552486187845
24173	0.00549450549451
29971	0.00549450549451
32042	0.00549450549451
4916	0.00546448087432
16917	0.00544959128065
16273	0.0054347826087
33887	0.0054347826087
41610	0.0054347826087
44456	0.0054347826087
51038	0.0054347826087
5218	0.00541516245487
2865	0.00540540540541
24889	0.00540540540541
16420	0.00537634408602
28742	0.00535331905782
3204	0.00534759358289
54	0.00531914893617
949	0.00530973451327
37737	0.00530035335689
1422	0.00527009222661
21507	0.00526315789474
26158	0.00526315789474
29902	0.00526315789474
3720	0.00525624178712
13955	0.00522648083624
896	0.00520833333333
11664	0.00520833333333
22230	0.00520833333333
17066	0.00518134715026
38787	0.00518134715026
41530	0.00518134715026
7974	0.00515463917526
13317	0.00515463917526
30874	0.00515463917526
44433	0.00515463917526
51146	0.00515463917526
3689	0.00512820512821
29360	0.00512820512821
35581	0.00512820512821
41085	0.00512820512821
41116	0.00512820512821
29705	0.00510204081633
51697	0.00507614213198
2344	0.00506585612969
30899	0.00504413619168
51133	0.00503778337531
47787	0.00502512562814
23174	0.005
27471	0.005
37689	0.005
39709	0.00498753117207
17306	0.0049504950495
52029	0.0049504950495
26760	0.00492610837438
1380	0.004914004914
3515	0.00490196078431
12182	0.00490196078431
29287	0.00490196078431
7100	0.00488997555012
4695	0.00487804878049
4705	0.00487804878049
4706	0.00487804878049
16209	0.00487804878049
41025	0.00487804878049
2515	0.00486618004866
28610	0.00485436893204
39366	0.00485436893204
41071	0.00480769230769
39447	0.00479616306954
1309	0.00478468899522
3859	0.00478468899522
34999	0.00478468899522
41521	0.00478468899522
41370	0.00473933649289
5553	0.00472813238771
14369	0.00469483568075
21845	0.00467289719626
25431	0.0046511627907
29444	0.0046511627907
11675	0.00461893764434
22929	0.00459136822773
17596	0.0045871559633
32823	0.00456621004566
2787	0.00454545454545
27535	0.00454545454545
40981	0.00454545454545
25413	0.00452488687783
29852	0.00452488687783
5120	0.00451127819549
10727	0.0045045045045
28832	0.0045045045045
50851	0.0045045045045
50875	0.0045045045045
52258	0.0045045045045
35400	0.00444444444444
21523	0.00442477876106
40977	0.00442477876106
45223	0.00442477876106
22744	0.00441696113074
41140	0.00440528634361
6816	0.00438596491228
31879	0.00438596491228
13960	0.00436681222707
4764	0.00436046511628
5693	0.004329004329
41329	0.004329004329
31882	0.00431034482759
4900	0.00429184549356
17068	0.00429184549356
33495	0.00429184549356
51724	0.00429184549356
38206	0.0042735042735
4390	0.00425531914894
10920	0.00425531914894
19599	0.00425531914894
34356	0.00425531914894
34519	0.00425531914894
41353	0.00423728813559
51173	0.00420168067227
9188	0.00414937759336
27404	0.00414937759336
17952	0.00413223140496
50845	0.00413223140496
39383	0.00411522633745
3059	0.00409276944065
30835	0.00406504065041
20506	0.00405405405405
41355	0.00404858299595
30445	0.00401606425703
40968	0.00401606425703
1921	0.004
40970	0.004
5112	0.00399467376831
20875	0.00398406374502
23667	0.00398406374502
35847	0.00398406374502
37427	0.00396825396825
47637	0.00395256916996
40995	0.00394218134034
9647	0.00389105058366
41347	0.00389105058366
13318	0.00387596899225
41253	0.00387596899225
34199	0.003861003861
34369	0.003861003861
2811	0.00383141762452
28821	0.00380228136882
41985	0.00380228136882
51178	0.00380228136882
29992	0.00378787878788
18556	0.00377358490566
38790	0.00377358490566
1117	0.00375939849624
10251	0.00375939849624
40334	0.00375939849624
40999	0.00375234521576
1628	0.00374531835206
2313	0.00374531835206
30691	0.00374531835206
38232	0.00373134328358
50995	0.00373134328358
8732	0.00372439478585
11769	0.00371057513915
3933	0.0036832412523
25405	0.00367647058824
29739	0.00367647058824
4711	0.00364520048603
24017	0.00363636363636
30794	0.00363636363636
41705	0.0036231884058
40962	0.00359712230216
41061	0.00359712230216
4242	0.00358422939068
41364	0.00358422939068
2312	0.00357142857143
40980	0.00357142857143
25098	0.00355871886121
3747	0.00354609929078
41368	0.00354609929078
2840	0.00354295837024
11381	0.00353356890459
38807	0.00353356890459
31400	0.00352112676056
25937	0.00350877192982
39585	0.00350877192982
28407	0.00349040139616
3022	0.00348432055749
19090	0.00347222222222
42609	0.00347222222222
5519	0.00346921075455
2448	0.00343642611684
9538	0.00343347639485
42912	0.00342465753425
21772	0.00341296928328
7214	0.00338983050847
1743	0.00338409475465
6444	0.00337837837838
42424	0.00334448160535
34224	0.00332963374029
8681	0.003300330033
41307	0.00328947368421
26863	0.00327868852459
2898	0.00327510917031
2326	0.00325203252033
35049	0.00324675324675
41039	0.00324675324675
4121	0.0032414910859
18311	0.00323974082073
12610	0.00323624595469
37225	0.00323624595469
5204	0.0032175032175
41403	0.0032154340836
12121	0.00320512820513
40979	0.0031847133758
30020	0.00315457413249
4846	0.00314712824548
1984	0.00314465408805
16927	0.00314465408805
27527	0.00314465408805
900	0.00312012480499
17008	0.00311526479751
26893	0.00310559006211
25113	0.00308641975309
1655	0.00306748466258
2	0.0030518819939
38959	0.0030487804878
4655	0.00304774805283
41156	0.0030303030303
20542	0.00302571860817
40972	0.00302114803625
17987	0.00301204819277
14140	0.003003003003
41000	0.003003003003
41434	0.003003003003
39546	0.00299401197605
28810	0.00295857988166
22579	0.00294117647059
4485	0.00293255131965
7349	0.00293255131965
19601	0.00292825768668
2142	0.00292397660819
18701	0.00292397660819
37198	0.00292397660819
23786	0.00290697674419
2463	0.00287631831256
25554	0.00287356321839
41034	0.00287356321839
47611	0.00286532951289
3733	0.00285986653956
21906	0.00285714285714
37392	0.00285714285714
50939	0.002849002849
2037	0.0028328611898
2745	0.00282485875706
25324	0.00282485875706
742	0.00280898876404
9252	0.00280898876404
3553	0.00278551532033
25453	0.00277777777778
34830	0.00277777777778
41132	0.00277777777778
5622	0.00277008310249
30799	0.00277008310249
23265	0.00276243093923
879	0.00275482093664
11359	0.00275482093664
29854	0.00275482093664
34367	0.00275482093664
6689	0.00274725274725
41097	0.00274725274725
921	0.00272975432211
5809	0.0027149321267
27949	0.00268817204301
9135	0.00268096514745
35809	0.00267379679144
1438	0.0026525198939
18515	0.0026525198939
29218	0.0026525198939
6427	0.00265095729013
36999	0.0026455026455
19547	0.00263852242744
35345	0.00263504611331
12017	0.00263157894737
41018	0.00263157894737
2381	0.00262812089356
2733	0.00262812089356
867	0.00261096605744
35514	0.00260416666667
41129	0.0025974025974
23688	0.00258397932817
1118	0.00257566001288
10987	0.0025706940874
41010	0.0025641025641
18777	0.00255319148936
31483	0.00254452926209
15636	0.0025
41031	0.0025
24684	0.00248756218905
5420	0.00248447204969
35563	0.00246305418719
51019	0.00246305418719
22743	0.002457002457
18584	0.00245398773006
41092	0.00243902439024
41467	0.00242130750605
31536	0.00240963855422
27525	0.00239234449761
3365	0.00238948626045
29277	0.00238948626045
22971	0.00237529691211
7312	0.00235626767201
12388	0.00235294117647
25586	0.00235294117647
35045	0.00235294117647
13111	0.00235155790711
7300	0.00234741784038
38191	0.00233918128655
40289	0.00233644859813
8397	0.002331002331
28405	0.00231213872832
30980	0.00230946882217
22251	0.00229885057471
31830	0.00229885057471
3827	0.00225733634312
23666	0.00223214285714
20075	0.00222222222222
16447	0.00221729490022
21545	0.00219298245614
631	0.00218818380744
4654	0.00218579234973
40988	0.00218340611354
41332	0.00218340611354
253	0.00217864923747
37961	0.00216919739696
1497	0.00215866162979
3419	0.00215053763441
11169	0.00214592274678
35703	0.00214592274678
41044	0.00214592274678
50105	0.00214132762313
33762	0.00213675213675
7340	0.00213219616205
41003	0.00212765957447
9200	0.00210970464135
3531	0.00208768267223
27865	0.002079002079
4937	0.00206398348813
25051	0.0020618556701
36392	0.0020618556701
1902	0.00205549845838
17711	0.0020202020202
5768	0.00201207243461
41109	0.00200400801603
34169	0.002
11	0.00198807157058
39785	0.00198609731877
33841	0.00196078431373
34858	0.00195694716243
869	0.00195455655998
21797	0.00194552529183
34751	0.0019267822736
5503	0.00190294957184
1048	0.00190114068441
30269	0.00187265917603
51041	0.00185528756957
12998	0.00183486238532
35136	0.0018315018315
2333	0.00182481751825
21745	0.00180831826401
35178	0.00180505415162
26805	0.0017825311943
41583	0.0017825311943
13056	0.00176991150442
51212	0.00174825174825
2290	0.00174723354688
25738	0.00174216027875
38793	0.00174114915844
29863	0.00173611111111
11655	0.00170357751278
38925	0.00168918918919
37111	0.00167504187605
1503	0.00167224080268
7261	0.00166666666667
38203	0.0016456390565
6812	0.00163532297629
7175	0.00162601626016
18456	0.00161290322581
4578	0.0016111707841
32188	0.0016077170418
17355	0.0016051364366
28051	0.00158982511924
1064	0.00157232704403
5231	0.00156331422616
39136	0.0015455950541
6304	0.00153846153846
23150	0.00153846153846
868	0.00153727901614
5643	0.00152671755725
26602	0.0015243902439
18613	0.00152091254753
992	0.00151975683891
893	0.00150526843954
4430	0.00148920327625
2186	0.0014409221902
26584	0.00142857142857
5237	0.00141242937853
40987	0.00141043723554
33634	0.00139082058414
7419	0.00136612021858
8709	0.00133779264214
2419	0.00133689839572
3133	0.00132978723404
4518	0.00131636682756
19598	0.00130293159609
4396	0.00128122998078
1119	0.00124688279302
41090	0.00124069478908
18307	0.00117924528302
5000	0.00110741971207
5157	0.00101317122594
36398	0.000975609756098
41068	0.00095328884652
11727	0.000940733772342
4563	0.000928505106778
38794	0.00088809946714
12969	0.00085910652921
76	0.000831946755408
40965	0.000813669650122
41016	0.000724637681159
22383	0.000693481276006
