1787	0.5
16745	0.5
19651	0.5
36851	0.5
43405	0.5
359	0.333333333333
19622	0.333333333333
30454	0.333333333333
8427	0.25
13626	0.25
50069	0.25
1178	0.2
5592	0.2
6250	0.2
8504	0.2
34632	0.2
7920	0.166666666667
12331	0.166666666667
18933	0.166666666667
22528	0.166666666667
32470	0.166666666667
40691	0.166666666667
45575	0.166666666667
30127	0.142857142857
33425	0.142857142857
4224	0.125
5163	0.125
13426	0.111111111111
36404	0.111111111111
409	0.1
4244	0.1
27029	0.0909090909091
42139	0.0909090909091
43172	0.0909090909091
33339	0.0833333333333
12871	0.0769230769231
2602	0.0714285714286
49735	0.0666666666667
19650	0.0625
46137	0.0625
30533	0.0588235294118
27696	0.0555555555556
29161	0.0555555555556
32306	0.0555555555556
37408	0.0526315789474
37623	0.0526315789474
48731	0.05
2911	0.047619047619
16790	0.047619047619
32844	0.047619047619
22698	0.0454545454545
17448	0.0416666666667
33356	0.0416666666667
36422	0.0416666666667
36617	0.04
41663	0.04
50651	0.04
51665	0.04
24503	0.0384615384615
26133	0.0384615384615
59137	0.0384615384615
24472	0.037037037037
36382	0.0357142857143
41981	0.0344827586207
6383	0.0333333333333
12971	0.0322580645161
42085	0.03125
57790	0.03125
17440	0.030303030303
52160	0.030303030303
41612	0.0285714285714
9130	0.0277777777778
44425	0.0277777777778
30484	0.027027027027
34311	0.027027027027
40875	0.027027027027
37381	0.0263157894737
42087	0.025641025641
43164	0.025641025641
40126	0.0232558139535
41275	0.0212765957447
30922	0.0208333333333
41281	0.0208333333333
6221	0.02
19996	0.0192307692308
34997	0.0188679245283
5484	0.0185185185185
41405	0.0181818181818
52666	0.0175438596491
51319	0.0172413793103
30209	0.016393442623
44335	0.015625
28456	0.0151515151515
51884	0.0149253731343
35275	0.0140845070423
28369	0.013698630137
45199	0.013698630137
1528	0.0133333333333
21727	0.0133333333333
3754	0.012987012987
3385	0.0128205128205
41608	0.0128205128205
11553	0.0126582278481
51869	0.0116279069767
39727	0.0113636363636
309	0.0112359550562
36366	0.0112359550562
18002	0.0106382978723
22195	0.0106382978723
41935	0.0106382978723
52536	0.0102040816327
7645	0.00980392156863
8729	0.00970873786408
52056	0.00970873786408
11383	0.00952380952381
39140	0.00943396226415
53001	0.00900900900901
1028	0.00884955752212
10047	0.00840336134454
9295	0.008
31864	0.00793650793651
4035	0.0078125
30635	0.0078125
4347	0.00769230769231
40847	0.00763358778626
4513	0.00746268656716
24429	0.00704225352113
35019	0.00684931506849
10157	0.00641025641026
12149	0.00621118012422
41088	0.0059880239521
5116	0.00591715976331
25047	0.00578034682081
16273	0.00568181818182
37194	0.0054347826087
1489	0.00502512562814
1309	0.00497512437811
51341	0.00487804878049
38795	0.0048309178744
12756	0.00460829493088
40318	0.00456621004566
31879	0.00454545454545
32811	0.00454545454545
19201	0.00448430493274
4876	0.00444444444444
4900	0.00444444444444
37762	0.004329004329
47628	0.0042735042735
44117	0.00418410041841
40968	0.00414937759336
2313	0.003861003861
31138	0.003861003861
41326	0.003861003861
39602	0.00383141762452
41705	0.00373134328358
13952	0.00371747211896
32832	0.0036231884058
11746	0.00359712230216
16449	0.00359712230216
3445	0.00355871886121
42424	0.00343642611684
8681	0.00338983050847
6360	0.003367003367
684	0.00335570469799
4868	0.00313479623824
29686	0.00305810397554
11232	0.0030487804878
28047	0.0030303030303
3260	0.00301204819277
7349	0.003003003003
742	0.00287356321839
28830	0.00280112044818
24522	0.00272479564033
1438	0.00271002710027
36999	0.0027027027027
3689	0.00261096605744
15636	0.00255102040816
41071	0.00244498777506
4173	0.00243309002433
31830	0.00234192037471
21545	0.00223214285714
34169	0.0020325203252
3312	0.00189035916824
12998	0.00186219739292
35178	0.0018315018315
2312	0.00180831826401
37737	0.00178571428571
41116	0.00172711571675
16209	0.00164203612479
900	0.00157728706625
23150	0.00155763239875
20542	0.00152905198777
4764	0.00146627565982
2186	0.00145772594752
50863	0.00144927536232
3720	0.00132275132275
9642	0.00125786163522
3365	0.00120481927711
18307	0.00119047619048
4654	0.0011013215859
253	0.00109769484083
4937	0.0010395010395
11	0.001001001001
11727	0.000947867298578
22929	0.000921658986175
5809	0.00090991810737
12969	0.000865051903114
18777	0.000855431993157
76	0.000837520938023
18613	0.000764525993884
4430	0.000748502994012
1118	0.000645994832041
5204	0.000645161290323
13111	0.000589622641509
5231	0.000522739153163
7312	0.000472143531634
26805	0.00044662795891
4518	0.000439947206335
4655	0.000338638672536
6427	0.000294550810015
869	0.000244379276637
