37329	0.25
28387	0.227272727273
8107	0.2
872	0.166666666667
6669	0.166666666667
16257	0.166666666667
19029	0.166666666667
21466	0.166666666667
26141	0.166666666667
26443	0.166666666667
28272	0.166666666667
31067	0.166666666667
33529	0.166666666667
35125	0.166666666667
36051	0.166666666667
37896	0.166666666667
39861	0.166666666667
43710	0.166666666667
46692	0.166666666667
46733	0.166666666667
55122	0.166666666667
55816	0.166666666667
6084	0.142857142857
6421	0.142857142857
9674	0.142857142857
12357	0.142857142857
14038	0.142857142857
15576	0.142857142857
18024	0.142857142857
20160	0.142857142857
22816	0.142857142857
32614	0.142857142857
37902	0.142857142857
42557	0.142857142857
46786	0.142857142857
48974	0.142857142857
50820	0.142857142857
53865	0.142857142857
54797	0.142857142857
57369	0.142857142857
58042	0.142857142857
40438	0.133333333333
10551	0.125
17028	0.125
18744	0.125
19953	0.125
20202	0.125
23691	0.125
23896	0.125
25043	0.125
26623	0.125
28103	0.125
29882	0.125
34666	0.125
35457	0.125
35796	0.125
37932	0.125
42439	0.125
44710	0.125
45247	0.125
47173	0.125
47615	0.125
48375	0.125
49539	0.125
49785	0.125
54315	0.125
57186	0.125
58015	0.125
59080	0.125
15128	0.117647058824
1652	0.111111111111
8664	0.111111111111
9504	0.111111111111
15422	0.111111111111
26989	0.111111111111
34416	0.111111111111
39802	0.111111111111
46365	0.111111111111
52133	0.111111111111
53460	0.111111111111
58233	0.111111111111
61234	0.111111111111
17352	0.105263157895
575	0.1
1091	0.1
1367	0.1
8728	0.1
11495	0.1
20553	0.1
20987	0.1
24852	0.1
25990	0.1
26188	0.1
29737	0.1
30653	0.1
32066	0.1
39029	0.1
43615	0.1
48376	0.1
50821	0.1
53972	0.1
18695	0.0952380952381
3960	0.0909090909091
7510	0.0909090909091
20428	0.0909090909091
21030	0.0909090909091
39691	0.0909090909091
53471	0.0909090909091
54714	0.0909090909091
59444	0.0909090909091
10309	0.0833333333333
10401	0.0833333333333
17551	0.0833333333333
21484	0.0833333333333
21866	0.0833333333333
26756	0.0833333333333
29110	0.0833333333333
31165	0.0833333333333
38586	0.0833333333333
42665	0.0833333333333
48888	0.0833333333333
50408	0.0833333333333
58818	0.0833333333333
59510	0.0833333333333
4285	0.0769230769231
12036	0.0769230769231
15434	0.0769230769231
28250	0.0769230769231
29685	0.0769230769231
32806	0.0769230769231
34899	0.0769230769231
36231	0.0769230769231
42288	0.0769230769231
43716	0.0769230769231
44780	0.0769230769231
46856	0.0769230769231
1548	0.0714285714286
2685	0.0714285714286
3776	0.0714285714286
5298	0.0714285714286
5952	0.0714285714286
15828	0.0714285714286
21096	0.0714285714286
22901	0.0714285714286
23082	0.0714285714286
26227	0.0714285714286
27788	0.0714285714286
36337	0.0714285714286
42937	0.0714285714286
43293	0.0714285714286
43808	0.0714285714286
44897	0.0714285714286
1029	0.0666666666667
6395	0.0666666666667
6937	0.0666666666667
11919	0.0666666666667
11997	0.0666666666667
12350	0.0666666666667
14670	0.0666666666667
17763	0.0666666666667
19170	0.0666666666667
19743	0.0666666666667
40555	0.0666666666667
41422	0.0666666666667
42065	0.0666666666667
51658	0.0666666666667
52026	0.0666666666667
2390	0.0625
5186	0.0625
6234	0.0625
9402	0.0625
9673	0.0625
14068	0.0625
19520	0.0625
23524	0.0625
25480	0.0625
31286	0.0625
37217	0.0625
40331	0.0625
48247	0.0625
54389	0.0625
4506	0.0606060606061
11473	0.0588235294118
11485	0.0588235294118
11925	0.0588235294118
12266	0.0588235294118
16655	0.0588235294118
28022	0.0588235294118
30028	0.0588235294118
48460	0.0588235294118
59800	0.0588235294118
2061	0.0555555555556
3184	0.0555555555556
3313	0.0555555555556
5339	0.0555555555556
12301	0.0555555555556
14734	0.0555555555556
15330	0.0555555555556
17259	0.0555555555556
32713	0.0555555555556
35768	0.0555555555556
40176	0.0555555555556
40398	0.0555555555556
42251	0.0555555555556
42988	0.0555555555556
51338	0.0555555555556
51577	0.0555555555556
59940	0.0555555555556
206	0.0526315789474
5573	0.0526315789474
8684	0.0526315789474
9671	0.0526315789474
9845	0.0526315789474
15208	0.0526315789474
17099	0.0526315789474
19956	0.0526315789474
25026	0.0526315789474
26919	0.0526315789474
27054	0.0526315789474
33231	0.0526315789474
35381	0.0526315789474
38008	0.0526315789474
42232	0.0526315789474
42446	0.0526315789474
44842	0.0526315789474
47308	0.0526315789474
50094	0.0526315789474
53038	0.0526315789474
58301	0.0526315789474
58885	0.0526315789474
59150	0.0526315789474
3663	0.05
8619	0.05
9535	0.05
24560	0.05
27736	0.05
38733	0.05
48305	0.05
52023	0.05
52248	0.05
50792	0.0487804878049
7815	0.047619047619
15340	0.047619047619
25729	0.047619047619
40409	0.047619047619
48145	0.047619047619
60587	0.047619047619
28627	0.046511627907
8033	0.0454545454545
21157	0.0454545454545
24059	0.0454545454545
26123	0.0454545454545
28185	0.0454545454545
29043	0.0454545454545
29668	0.0454545454545
31880	0.0454545454545
34514	0.0454545454545
39328	0.0454545454545
43789	0.0454545454545
51279	0.0454545454545
5263	0.0434782608696
17879	0.0434782608696
24721	0.0434782608696
26037	0.0434782608696
26739	0.0434782608696
32036	0.0434782608696
42121	0.0434782608696
43065	0.0434782608696
43132	0.0434782608696
43142	0.0434782608696
56611	0.0434782608696
60185	0.0434782608696
41255	0.0425531914894
1969	0.0416666666667
3292	0.0416666666667
12133	0.0416666666667
33874	0.0416666666667
34132	0.0416666666667
36399	0.0416666666667
42510	0.0416666666667
43284	0.0416666666667
43768	0.0416666666667
51839	0.0416666666667
52031	0.0416666666667
61197	0.0416666666667
43835	0.0408163265306
503	0.04
1016	0.04
5252	0.04
5395	0.04
10327	0.04
31176	0.04
37445	0.04
47420	0.04
762	0.0384615384615
3461	0.0384615384615
6399	0.0384615384615
8635	0.0384615384615
10868	0.0384615384615
12483	0.0384615384615
14452	0.0384615384615
15733	0.0384615384615
16118	0.0384615384615
25143	0.0384615384615
32685	0.0384615384615
33463	0.0384615384615
34738	0.0384615384615
40607	0.0384615384615
45137	0.0384615384615
45138	0.0384615384615
52448	0.0384615384615
60137	0.0384615384615
7184	0.037037037037
7334	0.037037037037
8542	0.037037037037
34318	0.037037037037
37706	0.037037037037
42098	0.037037037037
46117	0.037037037037
51570	0.037037037037
52237	0.037037037037
12731	0.0363636363636
1082	0.0357142857143
4948	0.0357142857143
18737	0.0357142857143
21257	0.0357142857143
25803	0.0357142857143
27314	0.0357142857143
38082	0.0357142857143
43532	0.0357142857143
46767	0.0357142857143
49415	0.0357142857143
50816	0.0357142857143
175	0.0344827586207
8964	0.0344827586207
10501	0.0344827586207
17612	0.0344827586207
33110	0.0344827586207
38704	0.0344827586207
41665	0.0344827586207
41835	0.0344827586207
42672	0.0344827586207
43006	0.0344827586207
49257	0.0344827586207
49678	0.0344827586207
50993	0.0344827586207
52915	0.0344827586207
53215	0.0344827586207
59605	0.0344827586207
3511	0.0333333333333
7841	0.0333333333333
11630	0.0333333333333
22618	0.0333333333333
40621	0.0333333333333
42064	0.0333333333333
42112	0.0333333333333
43357	0.0333333333333
60451	0.0333333333333
4774	0.0322580645161
9759	0.0322580645161
12964	0.0322580645161
19675	0.0322580645161
20101	0.0322580645161
25603	0.0322580645161
31115	0.0322580645161
35161	0.0322580645161
37033	0.0322580645161
41492	0.0322580645161
44257	0.0322580645161
51708	0.0322580645161
52690	0.0322580645161
52809	0.0322580645161
6018	0.03125
7660	0.03125
13961	0.03125
21664	0.03125
33937	0.03125
42038	0.03125
42824	0.03125
42852	0.03125
555	0.030303030303
2598	0.030303030303
9273	0.030303030303
32439	0.030303030303
43884	0.030303030303
59646	0.030303030303
16348	0.0294117647059
35166	0.0294117647059
42188	0.0294117647059
5279	0.0289855072464
1958	0.0285714285714
10190	0.0285714285714
11235	0.0285714285714
16617	0.0285714285714
18535	0.0285714285714
21284	0.0285714285714
22498	0.0285714285714
29343	0.0285714285714
34463	0.0285714285714
40996	0.0285714285714
45205	0.0285714285714
51893	0.0285714285714
52104	0.0285714285714
52903	0.0285714285714
53443	0.0285714285714
60026	0.0285714285714
60463	0.0285714285714
41313	0.0281690140845
1799	0.0277777777778
8061	0.0277777777778
9058	0.0277777777778
10922	0.0277777777778
19032	0.0277777777778
34441	0.0277777777778
35841	0.0277777777778
36125	0.0277777777778
41566	0.0277777777778
44923	0.0277777777778
50985	0.0277777777778
59587	0.0277777777778
61148	0.0277777777778
25273	0.027397260274
43522	0.027397260274
948	0.027027027027
7433	0.027027027027
11904	0.027027027027
39536	0.027027027027
41888	0.027027027027
45878	0.027027027027
53044	0.027027027027
57790	0.027027027027
6752	0.0263157894737
8621	0.0263157894737
26837	0.0263157894737
30760	0.0263157894737
36731	0.0263157894737
50483	0.0263157894737
52699	0.0263157894737
59785	0.0263157894737
61215	0.0263157894737
6363	0.025641025641
7710	0.025641025641
28825	0.025641025641
41317	0.025641025641
61040	0.025641025641
2600	0.025
4305	0.025
14593	0.025
18317	0.025
23318	0.025
25316	0.025
27921	0.025
29648	0.025
53191	0.025
34208	0.0246913580247
4022	0.0243902439024
7367	0.0243902439024
10316	0.0243902439024
23227	0.0243902439024
41283	0.0243902439024
41713	0.0243902439024
43003	0.0243902439024
45776	0.0243902439024
1584	0.0238095238095
5135	0.0238095238095
16774	0.0238095238095
16955	0.0238095238095
19660	0.0238095238095
28514	0.0238095238095
33896	0.0238095238095
41166	0.0238095238095
42206	0.0238095238095
42572	0.0238095238095
50185	0.0238095238095
51468	0.0238095238095
8873	0.0232558139535
32215	0.0232558139535
41051	0.0232558139535
41763	0.0232558139535
51195	0.0232558139535
52772	0.0232558139535
778	0.0227272727273
14658	0.0227272727273
22876	0.0227272727273
28191	0.0227272727273
41372	0.0227272727273
46441	0.0227272727273
52762	0.0227272727273
41610	0.0224719101124
4048	0.0222222222222
5916	0.0222222222222
14672	0.0222222222222
15843	0.0222222222222
19606	0.0222222222222
28828	0.0222222222222
35508	0.0222222222222
38527	0.0222222222222
41110	0.0222222222222
41379	0.0222222222222
22946	0.0217391304348
23141	0.0217391304348
28971	0.0217391304348
39137	0.0217391304348
39341	0.0217391304348
51020	0.0217391304348
51901	0.0217391304348
52642	0.0217391304348
53317	0.0217391304348
56368	0.0217391304348
1354	0.0212765957447
7393	0.0212765957447
14276	0.0212765957447
17301	0.0212765957447
22663	0.0212765957447
24380	0.0212765957447
51891	0.0212765957447
57828	0.0212765957447
1682	0.0208333333333
29538	0.0208333333333
36941	0.0208333333333
40126	0.0208333333333
51449	0.0208333333333
3398	0.0204081632653
5144	0.0204081632653
6075	0.0204081632653
11123	0.0204081632653
52297	0.0204081632653
32626	0.020202020202
35019	0.0201342281879
27548	0.02
38523	0.02
38778	0.02
41883	0.02
47431	0.02
2639	0.019801980198
1168	0.0196078431373
18625	0.0196078431373
18985	0.0196078431373
21248	0.0196078431373
22553	0.0196078431373
982	0.0192307692308
16378	0.0192307692308
32631	0.0192307692308
39657	0.0192307692308
40848	0.0192307692308
41469	0.0192307692308
41541	0.0192307692308
52843	0.0192307692308
4195	0.0188679245283
11672	0.0188679245283
12194	0.0188679245283
16501	0.0188679245283
24610	0.0188679245283
24810	0.0188679245283
39848	0.0188679245283
51345	0.0188679245283
18108	0.0185185185185
33552	0.0185185185185
42309	0.0185185185185
51693	0.0185185185185
52556	0.0185185185185
3316	0.0183486238532
1067	0.0181818181818
18427	0.0181818181818
25466	0.0181818181818
32917	0.0181818181818
34532	0.0181818181818
36390	0.0181818181818
41656	0.0181818181818
41710	0.0181818181818
12167	0.018018018018
40356	0.0178571428571
41388	0.0178571428571
41908	0.0178571428571
42396	0.0178571428571
51464	0.0178571428571
4216	0.0175438596491
5513	0.0175438596491
11511	0.0175438596491
17691	0.0175438596491
36635	0.0175438596491
52132	0.0175438596491
1555	0.0172413793103
35953	0.0172413793103
35971	0.0172413793103
37845	0.0172413793103
41762	0.0172413793103
42377	0.0172413793103
1098	0.0169491525424
2094	0.0169491525424
5677	0.0169491525424
7427	0.0169491525424
8198	0.0169491525424
8279	0.0169491525424
17735	0.0169491525424
38350	0.0169491525424
40689	0.0169491525424
41145	0.0169491525424
41298	0.0169491525424
44787	0.0169491525424
46742	0.0169491525424
61099	0.0169491525424
30294	0.0166666666667
39771	0.0166666666667
41693	0.0165289256198
4656	0.016393442623
7197	0.016393442623
16819	0.016393442623
43251	0.016393442623
59578	0.016393442623
21425	0.0161290322581
22050	0.0161290322581
27048	0.0161290322581
35467	0.0161290322581
38375	0.0161290322581
48070	0.0161290322581
51037	0.0161290322581
52444	0.0161290322581
42399	0.015873015873
2282	0.015625
2358	0.015625
3581	0.015625
26233	0.015625
32770	0.015625
36411	0.015625
13058	0.015503875969
17295	0.0153846153846
17315	0.0153846153846
21582	0.0153846153846
51004	0.0153846153846
51641	0.0153846153846
52641	0.0153846153846
53184	0.0153846153846
172	0.0151515151515
12454	0.0151515151515
27594	0.0151515151515
30973	0.0151515151515
52170	0.0151515151515
186	0.0149253731343
7526	0.0149253731343
42295	0.0149253731343
19965	0.0148148148148
16302	0.0147058823529
22864	0.0147058823529
52476	0.0147058823529
59607	0.0147058823529
29756	0.0144927536232
51852	0.0144927536232
4374	0.0142857142857
19688	0.0142857142857
41038	0.0142857142857
60334	0.0142857142857
41122	0.0140845070423
41712	0.0140845070423
8894	0.0138888888889
27379	0.0138888888889
40569	0.0138888888889
767	0.013698630137
4753	0.013698630137
7749	0.013698630137
24429	0.013698630137
28415	0.013698630137
29005	0.013698630137
51937	0.013698630137
52525	0.013698630137
18139	0.0135135135135
18192	0.0135135135135
41856	0.0135135135135
51940	0.0135135135135
2316	0.0133333333333
8142	0.0133333333333
16770	0.0133333333333
22241	0.0133333333333
26567	0.0133333333333
39213	0.0133333333333
41773	0.0133333333333
50949	0.0133333333333
34676	0.0132450331126
730	0.0131578947368
51364	0.0131578947368
30913	0.012987012987
31313	0.012987012987
40477	0.012987012987
41030	0.012987012987
40942	0.0129032258065
12800	0.0128205128205
34225	0.0128205128205
50642	0.0128205128205
5656	0.0126582278481
1740	0.0125
14505	0.0125
18481	0.0125
41249	0.0125
42414	0.0125
43276	0.0125
30835	0.0124481327801
8755	0.0123456790123
11888	0.0123456790123
14862	0.0123456790123
18326	0.0123456790123
28134	0.0123456790123
32923	0.0123456790123
32130	0.0121951219512
34486	0.0121951219512
50979	0.0121951219512
1950	0.0120481927711
52415	0.0120481927711
29816	0.0119047619048
33143	0.0119047619048
40985	0.0119047619048
1256	0.0117647058824
39651	0.0117647058824
42825	0.0117647058824
50984	0.0117647058824
53065	0.0117647058824
1638	0.0116279069767
18974	0.0116279069767
31298	0.0116279069767
41113	0.0116279069767
41340	0.0116279069767
51197	0.0116279069767
11262	0.0114942528736
17570	0.0114942528736
34136	0.0114942528736
36894	0.0114942528736
37752	0.0114942528736
41382	0.0114942528736
48221	0.0114942528736
8767	0.0113636363636
9502	0.0113636363636
10973	0.0113636363636
42378	0.0113636363636
42704	0.0113636363636
51234	0.0113636363636
452	0.0112994350282
5367	0.0112994350282
22589	0.0112359550562
24164	0.0112359550562
34168	0.0112359550562
41083	0.0112359550562
377	0.0111111111111
6748	0.0111111111111
51505	0.0111111111111
52741	0.0111111111111
23373	0.0110497237569
16802	0.010989010989
26592	0.010989010989
27094	0.010989010989
30982	0.010989010989
27949	0.0109289617486
28749	0.0108695652174
31692	0.0108695652174
3294	0.010752688172
6601	0.010752688172
6632	0.010752688172
22170	0.010752688172
37302	0.010752688172
39358	0.010752688172
52357	0.010752688172
7198	0.0106951871658
4943	0.0106382978723
5350	0.0106382978723
28486	0.0106382978723
4770	0.0105263157895
5455	0.0105263157895
9715	0.0105263157895
43542	0.0105263157895
3664	0.0104166666667
5712	0.0104166666667
11784	0.0104166666667
24088	0.0104166666667
29705	0.0104166666667
41078	0.0104166666667
52891	0.0104166666667
40541	0.0103626943005
47265	0.0103092783505
47448	0.0103092783505
50506	0.0103092783505
2084	0.0102564102564
90	0.0102040816327
1753	0.0102040816327
2595	0.0102040816327
4541	0.0102040816327
4620	0.0102040816327
10653	0.0102040816327
17886	0.0102040816327
21694	0.0102040816327
34933	0.0102040816327
59604	0.010152284264
7513	0.010101010101
33572	0.010101010101
34943	0.010101010101
52062	0.010101010101
3077	0.01
6428	0.01
18403	0.01
41942	0.01
42328	0.01
51359	0.01
4695	0.00995024875622
17764	0.00990099009901
24971	0.00990099009901
26251	0.00990099009901
39366	0.00990099009901
47633	0.00990099009901
23789	0.00980392156863
43828	0.00980392156863
20511	0.00970873786408
39039	0.00970873786408
43325	0.00970873786408
50553	0.00970873786408
57862	0.00970873786408
71	0.00961538461538
10646	0.00961538461538
12343	0.00961538461538
26828	0.00961538461538
34373	0.00961538461538
50936	0.00961538461538
52382	0.00961538461538
5113	0.00952380952381
5603	0.00952380952381
21845	0.00952380952381
41704	0.00952380952381
53200	0.00952380952381
11230	0.00943396226415
13428	0.00943396226415
28298	0.00943396226415
30880	0.00943396226415
4044	0.00934579439252
7645	0.00934579439252
39404	0.00934579439252
32823	0.0093023255814
26279	0.00925925925926
31309	0.00925925925926
41156	0.00923076923077
937	0.00917431192661
18134	0.00917431192661
29855	0.00917431192661
41245	0.00917431192661
44776	0.00917431192661
14140	0.00914634146341
4604	0.00909090909091
21690	0.00909090909091
33510	0.00909090909091
42753	0.00909090909091
12756	0.00904977375566
10045	0.00900900900901
11239	0.00900900900901
14646	0.00900900900901
43787	0.00900900900901
6904	0.00892857142857
18563	0.00884955752212
36976	0.00884955752212
3006	0.00877192982456
15720	0.00877192982456
25305	0.00877192982456
30923	0.00877192982456
34521	0.00877192982456
2215	0.00869565217391
14686	0.00869565217391
19429	0.00869565217391
1324	0.00862068965517
21377	0.00862068965517
28285	0.00862068965517
42262	0.00862068965517
7420	0.00854700854701
11489	0.00854700854701
34155	0.00854700854701
49397	0.00854700854701
53361	0.00854700854701
30849	0.0084388185654
13098	0.00840336134454
17952	0.00840336134454
42977	0.00840336134454
52331	0.00840336134454
4658	0.00833333333333
41055	0.00833333333333
995	0.00826446280992
6352	0.00826446280992
44117	0.0082304526749
4136	0.00819672131148
12325	0.00819672131148
13149	0.00819672131148
19792	0.00819672131148
22408	0.00819672131148
22690	0.00819672131148
3865	0.00813008130081
50941	0.00813008130081
27358	0.0080971659919
1169	0.00806451612903
10047	0.00806451612903
15825	0.00806451612903
4005	0.00803212851406
4070	0.008
27409	0.008
28294	0.008
37577	0.008
128	0.00793650793651
34920	0.00793650793651
2130	0.00787401574803
11087	0.00787401574803
13318	0.00787401574803
43354	0.0078125
49403	0.0078125
51164	0.0078125
51811	0.0078125
13633	0.0077519379845
41398	0.0077519379845
19799	0.00769230769231
30585	0.00769230769231
39852	0.00769230769231
6222	0.00763358778626
28128	0.00763358778626
41161	0.00763358778626
41468	0.00763358778626
7413	0.00757575757576
30269	0.00757575757576
30635	0.00751879699248
52555	0.00751879699248
4704	0.00746268656716
28443	0.00746268656716
37775	0.00743494423792
1752	0.00740740740741
28709	0.00740740740741
42750	0.00740740740741
51415	0.00740740740741
52240	0.00740740740741
27226	0.00735294117647
41181	0.00735294117647
13952	0.00732600732601
15114	0.00729927007299
33887	0.00729927007299
39874	0.00729927007299
41011	0.00729927007299
41061	0.00729927007299
41364	0.00727272727273
2829	0.00724637681159
15638	0.00724637681159
14459	0.00719424460432
1020	0.00716845878136
3436	0.00714285714286
31400	0.00714285714286
51246	0.00714285714286
5012	0.00709219858156
27952	0.00709219858156
50915	0.00709219858156
1039	0.00704225352113
1990	0.00704225352113
9920	0.00704225352113
11519	0.00704225352113
42609	0.00704225352113
38194	0.00699300699301
57861	0.00699300699301
16784	0.00694444444444
34109	0.00694444444444
874	0.00689655172414
28832	0.00681818181818
5206	0.00680272108844
10248	0.00680272108844
21311	0.00680272108844
23299	0.00680272108844
27899	0.00680272108844
34522	0.00680272108844
51575	0.00680272108844
13063	0.00675675675676
36364	0.00675675675676
41552	0.00675675675676
51784	0.00675675675676
20591	0.00671140939597
41246	0.00666666666667
51117	0.00666666666667
6360	0.00664451827243
12511	0.00657894736842
15233	0.00657894736842
23628	0.00657894736842
384	0.00653594771242
712	0.00653594771242
40989	0.00653594771242
41403	0.00651465798046
1389	0.00649350649351
41058	0.00649350649351
33405	0.00645161290323
38987	0.00645161290323
50870	0.00645161290323
26566	0.00641025641026
33780	0.00641025641026
42531	0.00641025641026
1364	0.00636942675159
7509	0.00636942675159
41060	0.00636942675159
2825	0.00632911392405
8210	0.00632911392405
34967	0.00632911392405
41015	0.00626959247649
22104	0.00625
22838	0.00625
30762	0.00625
40482	0.00625
10157	0.00621118012422
11128	0.00621118012422
17915	0.00621118012422
25384	0.00621118012422
50652	0.00621118012422
51145	0.00621118012422
51699	0.00621118012422
25487	0.00617283950617
51025	0.00617283950617
511	0.00613496932515
2588	0.00613496932515
6679	0.00613496932515
10852	0.00613496932515
40489	0.00613496932515
41593	0.00613496932515
259	0.00606060606061
41378	0.00606060606061
34683	0.00604229607251
29845	0.00602409638554
40992	0.00602409638554
2030	0.0059880239521
10736	0.0059880239521
51394	0.0059880239521
2660	0.00595238095238
20675	0.00595238095238
22579	0.00595238095238
23285	0.00595238095238
40625	0.00595238095238
44599	0.00595238095238
22070	0.00591715976331
8466	0.00588235294118
51121	0.00588235294118
11307	0.0058651026393
38763	0.00584795321637
25732	0.00581395348837
41088	0.00581395348837
29453	0.00579710144928
30466	0.00578034682081
30802	0.00578034682081
51213	0.00578034682081
50939	0.00576368876081
775	0.00574712643678
5116	0.00574712643678
33692	0.00574712643678
50760	0.00574712643678
50957	0.00574712643678
8724	0.00571428571429
47774	0.00571428571429
37238	0.00568181818182
41204	0.00568181818182
41968	0.00568181818182
27651	0.0056657223796
8229	0.00564971751412
17277	0.00564971751412
38659	0.00564971751412
51151	0.00564971751412
3553	0.0056338028169
18112	0.00561797752809
34830	0.00561797752809
11769	0.00560747663551
32612	0.00560747663551
11749	0.00555555555556
41097	0.00555555555556
32483	0.00552486187845
34073	0.00552486187845
4733	0.0054347826087
10266	0.0054347826087
18311	0.00542888165038
17566	0.00541516245487
36686	0.00534759358289
19547	0.00533333333333
23080	0.00531914893617
11314	0.00523560209424
41070	0.00523560209424
44433	0.00523560209424
32418	0.00518134715026
32738	0.00518134715026
3781	0.00515463917526
18972	0.00515463917526
51697	0.00515463917526
1853	0.00512820512821
492	0.00510204081633
26195	0.00510204081633
21321	0.00507614213198
39709	0.00502512562814
52029	0.00502512562814
11294	0.005
27529	0.005
3515	0.00497512437811
10166	0.00497512437811
12182	0.00497512437811
28290	0.0049504950495
41025	0.0049504950495
7303	0.00490196078431
23388	0.00487804878049
29399	0.00487804878049
34999	0.00485436893204
41521	0.00485436893204
27051	0.0048309178744
41012	0.0048309178744
32490	0.00480769230769
14369	0.0047619047619
51341	0.0047619047619
25586	0.00475059382423
7518	0.00471698113208
11778	0.00471698113208
34929	0.00471698113208
40289	0.00471698113208
5918	0.00469483568075
53069	0.00467289719626
11675	0.0046511627907
31830	0.0046403712297
51099	0.00462962962963
5643	0.00461538461538
41045	0.00460829493088
37660	0.0045871559633
51721	0.00456621004566
2848	0.00452488687783
40411	0.00452488687783
52055	0.00452488687783
27255	0.0045045045045
1399	0.00449438202247
3273	0.00448430493274
41140	0.00446428571429
18759	0.00444444444444
38493	0.00444444444444
41274	0.00444444444444
13960	0.00442477876106
14749	0.00442477876106
49394	0.00441501103753
37052	0.00440528634361
40988	0.00440528634361
2785	0.00438596491228
14604	0.00438596491228
19201	0.00438596491228
21648	0.00436681222707
31882	0.00436681222707
5693	0.00435729847495
6372	0.00434782608696
28043	0.00434782608696
3419	0.00433839479393
37115	0.004329004329
50863	0.004329004329
26584	0.00431654676259
1144	0.00431034482759
4390	0.00431034482759
10920	0.00431034482759
22717	0.00431034482759
27927	0.00431034482759
210	0.00429184549356
28742	0.00429184549356
37104	0.0042735042735
23782	0.0042194092827
29309	0.0042194092827
36394	0.0042194092827
27404	0.00420168067227
31170	0.00418410041841
50845	0.00418410041841
25051	0.004158004158
52332	0.00413223140496
4339	0.00409836065574
6803	0.00406504065041
30445	0.00406504065041
40968	0.00406504065041
23667	0.00403225806452
35847	0.00403225806452
41194	0.00403225806452
44951	0.00403225806452
3133	0.00401606425703
31312	0.00398406374502
2381	0.00396301188904
34858	0.00394477317554
6789	0.00393700787402
16956	0.00393700787402
21797	0.00392156862745
9647	0.00391389432485
3527	0.00389863547758
1680	0.00389105058366
2811	0.00387596899225
26416	0.003861003861
2463	0.00384985563041
38080	0.00384615384615
29992	0.00383141762452
44184	0.00383141762452
28673	0.00381679389313
1117	0.00380228136882
9826	0.00380228136882
29372	0.00380228136882
40334	0.00380228136882
30691	0.00378787878788
41326	0.00378787878788
38232	0.00377358490566
35021	0.00375939849624
4399	0.00373134328358
29739	0.00371747211896
17771	0.0037037037037
18584	0.00369913686806
13935	0.00369685767098
3933	0.00369344413666
5599	0.00369003690037
17605	0.00367647058824
30794	0.00367647058824
1676	0.0036496350365
4335	0.00363636363636
22654	0.00361010830325
27171	0.00359712230216
5460	0.00358422939068
6564	0.00358422939068
52018	0.00358422939068
862	0.00357142857143
2840	0.00355239786856
25937	0.00354609929078
16449	0.00353356890459
21558	0.00353356890459
19090	0.00350877192982
3991	0.00348432055749
18278	0.00348432055749
28405	0.00348432055749
51006	0.00348432055749
12969	0.00345423143351
28055	0.00344827586207
41106	0.00343642611684
41116	0.00343053173242
23011	0.00342465753425
29145	0.00340136054422
41154	0.00338983050847
42424	0.00337837837838
14115	0.00335570469799
34224	0.00334075723831
1239	0.00333333333333
7444	0.00333333333333
8681	0.00333333333333
30625	0.00333333333333
2007	0.00332225913621
24958	0.00332225913621
35958	0.00332225913621
51027	0.00332225913621
38203	0.00330214639516
684	0.003300330033
26863	0.00329489291598
1918	0.00328947368421
23999	0.00328947368421
5100	0.00327868852459
11481	0.00327868852459
41098	0.00327868852459
50901	0.00326797385621
35049	0.00326264274062
2409	0.00325732899023
118	0.00323624595469
12121	0.00323624595469
35237	0.00322580645161
40979	0.0032154340836
27809	0.00320512820513
13339	0.00319488817891
41972	0.0031847133758
9200	0.00317796610169
16927	0.0031746031746
27527	0.0031746031746
41243	0.0031746031746
5616	0.00315457413249
17008	0.00314465408805
33621	0.00311526479751
40982	0.00310559006211
1655	0.0030959752322
6304	0.0030959752322
18361	0.0030959752322
4868	0.00308641975309
38959	0.00307692307692
40972	0.0030487804878
5774	0.00303951367781
39546	0.00302114803625
41029	0.00302114803625
41165	0.00302114803625
29686	0.00301204819277
3535	0.003003003003
40964	0.00299401197605
41609	0.00299401197605
29591	0.00296735905045
4485	0.00295857988166
37198	0.00294985250737
1700	0.00292397660819
4708	0.00290275761974
47611	0.0028901734104
3788	0.00287356321839
3733	0.00286806883365
33850	0.00286532951289
34897	0.00285714285714
41048	0.00285714285714
4644	0.002849002849
25324	0.002849002849
40987	0.00283687943262
11727	0.00283553875236
50855	0.0028328611898
25453	0.00280112044818
4563	0.00279850746269
5622	0.00279329608939
9251	0.00279329608939
30799	0.00279329608939
23265	0.00278551532033
38932	0.00278551532033
11359	0.00277777777778
51989	0.00277777777778
29854	0.00276625172891
15373	0.00276243093923
30471	0.00276243093923
34367	0.00276243093923
41050	0.00275482093664
41374	0.00275482093664
4916	0.00273224043716
50933	0.00273224043716
5809	0.002722323049
37993	0.00271002710027
16420	0.0027027027027
4153	0.00269541778976
4578	0.00269251480883
38794	0.00267618198037
1438	0.00267379679144
29218	0.00267379679144
36999	0.00266666666667
5112	0.00266489007328
12017	0.0026525198939
35345	0.0026455026455
41018	0.00264200792602
867	0.00263157894737
20630	0.00263157894737
23481	0.00262467191601
35514	0.00262467191601
25738	0.00262237762238
11664	0.00261780104712
41129	0.00261780104712
5231	0.00261233019854
23688	0.00260416666667
23642	0.00259067357513
3689	0.00257731958763
5204	0.00257731958763
31483	0.0025641025641
51133	0.00253164556962
30899	0.00252525252525
893	0.00251509054326
41031	0.00250941028858
932	0.00250626566416
1119	0.00250626566416
24684	0.00250626566416
31440	0.0025041736227
5420	0.00249376558603
10281	0.00248138957816
51019	0.00248138957816
1380	0.00246913580247
35563	0.00246609124538
41092	0.002457002457
27525	0.00240963855422
22971	0.00239234449761
28051	0.00239234449761
4846	0.00236406619385
7300	0.00236406619385
7312	0.0023596035866
13111	0.00235571260306
4951	0.00234741784038
8397	0.00234741784038
38191	0.00234741784038
2290	0.00233508464682
497	0.00231481481481
562	0.00231481481481
868	0.00231303006939
18613	0.00228832951945
689	0.00227272727273
3827	0.00227272727273
20075	0.00223713646532
21545	0.00220750551876
631	0.00220264317181
3280	0.0021978021978
41332	0.0021978021978
253	0.00218579234973
41016	0.00218181818182
41044	0.00215982721382
41003	0.00214132762313
19599	0.00213675213675
27865	0.00209205020921
36392	0.00207468879668
39549	0.0020618556701
5593	0.00204081632653
2	0.00203873598369
5768	0.00202429149798
41109	0.00201612903226
3729	0.002
39785	0.00199203187251
33841	0.00197238658777
36398	0.00195886385896
34369	0.00193798449612
34751	0.00193798449612
1118	0.00193423597679
4396	0.0019267822736
41068	0.00191387559809
28821	0.00190839694656
1048	0.00190657769304
3312	0.00187265917603
51041	0.00186567164179
21745	0.00181818181818
11201	0.00181488203267
39915	0.00181488203267
5218	0.00180831826401
40980	0.00179211469534
25098	0.00178571428571
1931	0.0017825311943
13056	0.0017793594306
6427	0.00176730486009
4518	0.00175824175824
13955	0.00174520069808
29863	0.00174520069808
38793	0.00174418604651
5519	0.00173611111111
11655	0.00171232876712
18777	0.00170502983802
38925	0.00169779286927
4655	0.00169262017603
37111	0.0016835016835
1503	0.00167504187605
7261	0.00167504187605
22743	0.00164068908942
40965	0.00163265306122
12610	0.00162337662338
18456	0.00162074554295
1064	0.00157977883096
1984	0.00157728706625
900	0.00156494522692
38584	0.00156494522692
25113	0.0015479876161
17596	0.00153139356815
26602	0.00152788388083
992	0.00152671755725
1135	0.0015243902439
5157	0.00152284263959
5120	0.00150602409639
4430	0.00149253731343
869	0.00146627565982
2186	0.00144717800289
37392	0.00143266475645
5237	0.00141843971631
2745	0.00141342756184
33634	0.00139664804469
7419	0.00137174211248
3059	0.00136612021858
20506	0.00135317997294
2419	0.00134228187919
8709	0.00134048257373
1422	0.00131752305665
2733	0.00131752305665
40995	0.00131578947368
3720	0.00131406044678
19598	0.00130548302872
1628	0.00125
41090	0.00124533001245
4711	0.00121654501217
18960	0.00120627261761
39447	0.00119904076739
3365	0.00119760479042
29277	0.00119760479042
18307	0.00118343195266
30980	0.00115740740741
5000	0.00111111111111
4654	0.00109529025192
2898	0.00109289617486
1497	0.00107991360691
7340	0.00106837606838
4937	0.00103412616339
1902	0.0010298661174
2344	0.00101214574899
11	0.000996015936255
22929	0.000917431192661
2333	0.00091407678245
921	0.000910746812386
40962	0.00089928057554
22744	0.000882612533098
9538	0.000858369098712
76	0.000834028356964
6812	0.000819000819001
39136	0.00077399380805
19601	0.000732064421669
5432	0.000696864111498
22383	0.000694927032662
26805	0.000445632798574
