752	0.333333333333
6063	0.333333333333
16712	0.333333333333
21668	0.333333333333
30926	0.333333333333
37616	0.333333333333
48762	0.333333333333
6755	0.25
14231	0.25
14386	0.25
20817	0.25
25181	0.25
27678	0.25
28118	0.25
12885	0.2
17202	0.2
27769	0.2
40860	0.2
56364	0.2
57457	0.2
57557	0.2
22562	0.166666666667
24371	0.166666666667
27329	0.166666666667
39129	0.166666666667
50176	0.166666666667
55219	0.166666666667
61287	0.166666666667
7805	0.142857142857
11647	0.142857142857
20250	0.142857142857
23875	0.142857142857
30097	0.142857142857
38582	0.142857142857
40841	0.142857142857
41941	0.142857142857
42644	0.142857142857
46086	0.142857142857
4258	0.125
6324	0.125
23860	0.125
25173	0.125
40691	0.125
50206	0.125
52221	0.125
20258	0.111111111111
30460	0.111111111111
31791	0.111111111111
33233	0.111111111111
35647	0.111111111111
47289	0.111111111111
4920	0.1
5866	0.1
22083	0.1
36231	0.1
45640	0.1
51628	0.1
58950	0.1
11763	0.0909090909091
12761	0.0909090909091
13701	0.0909090909091
16374	0.0909090909091
26856	0.0909090909091
29324	0.0909090909091
30733	0.0909090909091
36821	0.0909090909091
40055	0.0909090909091
42735	0.0909090909091
46457	0.0909090909091
3926	0.0833333333333
20246	0.0833333333333
28958	0.0833333333333
41987	0.0833333333333
52668	0.0833333333333
53018	0.0833333333333
12030	0.0769230769231
13117	0.0769230769231
30281	0.0769230769231
31631	0.0769230769231
33228	0.0769230769231
42758	0.0769230769231
45887	0.0769230769231
46027	0.0769230769231
49786	0.0769230769231
7511	0.0714285714286
13524	0.0714285714286
26782	0.0714285714286
32166	0.0714285714286
34731	0.0714285714286
36546	0.0714285714286
37192	0.0714285714286
43223	0.0714285714286
2683	0.0666666666667
32980	0.0666666666667
33807	0.0666666666667
49132	0.0666666666667
11678	0.0625
29121	0.0625
20435	0.0588235294118
22350	0.0588235294118
26908	0.0588235294118
34139	0.0588235294118
35028	0.0588235294118
35195	0.0588235294118
36414	0.0588235294118
45648	0.0588235294118
1715	0.0555555555556
8375	0.0555555555556
15014	0.0555555555556
19779	0.0555555555556
27462	0.0555555555556
30695	0.0555555555556
46137	0.0555555555556
46972	0.0555555555556
47585	0.0555555555556
1240	0.0526315789474
1436	0.0526315789474
22568	0.0526315789474
32136	0.0526315789474
317	0.05
3921	0.05
26061	0.05
32306	0.05
42604	0.05
60242	0.05
1969	0.047619047619
2830	0.047619047619
29378	0.047619047619
41843	0.047619047619
45273	0.047619047619
14451	0.0454545454545
14492	0.0454545454545
26070	0.0454545454545
33808	0.0454545454545
34976	0.0454545454545
1607	0.0434782608696
3820	0.0434782608696
17360	0.0434782608696
41839	0.0434782608696
12737	0.0416666666667
45220	0.0416666666667
52237	0.0416666666667
3074	0.04
52518	0.04
850	0.0384615384615
17448	0.0384615384615
24336	0.0384615384615
36559	0.0384615384615
42763	0.0384615384615
43675	0.0384615384615
50536	0.0384615384615
39030	0.037037037037
51305	0.037037037037
29700	0.0357142857143
31436	0.0357142857143
32869	0.0357142857143
41373	0.0357142857143
46690	0.0357142857143
58864	0.0357142857143
60207	0.0357142857143
2437	0.0344827586207
4286	0.0344827586207
14669	0.0344827586207
16093	0.0344827586207
6378	0.0333333333333
11569	0.0333333333333
34151	0.0333333333333
17069	0.0322580645161
26818	0.0322580645161
28808	0.0322580645161
35723	0.0322580645161
45118	0.0322580645161
13295	0.03125
35549	0.03125
41534	0.03125
52377	0.03125
22765	0.030303030303
35841	0.030303030303
43722	0.030303030303
52713	0.030303030303
59587	0.030303030303
10952	0.0294117647059
42085	0.0294117647059
885	0.0285714285714
2707	0.0285714285714
41254	0.0285714285714
5563	0.0277777777778
12948	0.0277777777778
16283	0.0277777777778
20439	0.0277777777778
20536	0.0277777777778
43805	0.0277777777778
165	0.027027027027
2712	0.027027027027
13771	0.027027027027
41214	0.027027027027
49597	0.027027027027
56215	0.027027027027
8582	0.0263157894737
12928	0.0263157894737
28976	0.0263157894737
31157	0.0263157894737
35359	0.0263157894737
52511	0.0263157894737
25254	0.025641025641
27596	0.025641025641
34208	0.025641025641
43371	0.0253164556962
3223	0.025
18161	0.025
38051	0.025
52592	0.025
32020	0.0243902439024
41599	0.0243902439024
3690	0.0240963855422
8754	0.0238095238095
20085	0.0238095238095
22982	0.0238095238095
42741	0.0238095238095
16560	0.0232558139535
56368	0.0232558139535
7393	0.0227272727273
12889	0.0227272727273
17110	0.0227272727273
22663	0.0227272727273
32524	0.0227272727273
4556	0.0222222222222
7182	0.0222222222222
29431	0.0222222222222
51057	0.0222222222222
51622	0.0222222222222
2831	0.0217391304348
1927	0.0212765957447
11875	0.0212765957447
5704	0.0208333333333
18495	0.0208333333333
23395	0.0208333333333
27236	0.0208333333333
33693	0.0208333333333
33781	0.0208333333333
43277	0.0208333333333
45701	0.0208333333333
27282	0.0204081632653
29332	0.0204081632653
52864	0.0204081632653
39847	0.02
41321	0.02
59759	0.02
5865	0.0196078431373
6024	0.0196078431373
13428	0.0196078431373
42959	0.0196078431373
4524	0.0192307692308
11322	0.0192307692308
52230	0.0192307692308
4668	0.0188679245283
5820	0.0188679245283
28201	0.0188679245283
1199	0.0185185185185
15608	0.0185185185185
19292	0.0185185185185
30751	0.0185185185185
41542	0.0185185185185
103	0.0181818181818
1490	0.0181818181818
36112	0.0181818181818
41117	0.0181818181818
13451	0.0178571428571
41351	0.0178571428571
34691	0.0175438596491
8965	0.0172413793103
12421	0.0172413793103
39320	0.0172413793103
34652	0.0169491525424
52121	0.0169491525424
11350	0.0166666666667
15870	0.0166666666667
36193	0.0166666666667
41072	0.0166666666667
5145	0.0161290322581
7295	0.0161290322581
25472	0.0161290322581
25700	0.0161290322581
42259	0.0161290322581
10601	0.015873015873
19775	0.015873015873
52170	0.015873015873
23230	0.0153846153846
29756	0.0151515151515
4374	0.0149253731343
16919	0.0149253731343
19688	0.0149253731343
27173	0.0149253731343
45354	0.0149253731343
4510	0.0147058823529
14527	0.0147058823529
42029	0.0147058823529
14353	0.0144927536232
20080	0.0144927536232
45459	0.0144927536232
50929	0.0144927536232
13092	0.0142857142857
41096	0.0142857142857
43338	0.0142857142857
51071	0.0141843971631
4502	0.0140845070423
10326	0.0140845070423
16073	0.0140845070423
29582	0.0140845070423
51940	0.0140845070423
1365	0.0138888888889
34190	0.0138888888889
41147	0.0138888888889
51978	0.0138888888889
37046	0.0135135135135
10220	0.0133333333333
35516	0.0133333333333
52442	0.0133333333333
29067	0.0131578947368
9142	0.012987012987
14245	0.012987012987
18756	0.012987012987
53234	0.012987012987
7280	0.0128205128205
28134	0.0128205128205
29933	0.0128205128205
48676	0.0128205128205
31220	0.0126582278481
51250	0.0126582278481
24316	0.0125
41629	0.0125
42450	0.0125
27537	0.0123456790123
35698	0.0123456790123
41525	0.0121951219512
33990	0.0120481927711
34649	0.0120481927711
41113	0.0120481927711
11262	0.0119047619048
17570	0.0119047619048
41271	0.0119047619048
41382	0.0119047619048
52711	0.0119047619048
256	0.0117647058824
34104	0.0117647058824
52494	0.0117647058824
17922	0.0116279069767
18234	0.0116279069767
913	0.0114942528736
38338	0.0114942528736
45381	0.0114942528736
18378	0.0113636363636
34443	0.0113636363636
50913	0.0113636363636
3182	0.0112359550562
31692	0.0112359550562
49448	0.0111111111111
29707	0.010989010989
33716	0.0108695652174
43337	0.0108695652174
21312	0.010752688172
23643	0.010752688172
4620	0.0105263157895
21694	0.0105263157895
1853	0.0104712041885
50250	0.0102040816327
2639	0.010101010101
20636	0.010101010101
37060	0.010101010101
50553	0.01
71	0.00990099009901
44035	0.00990099009901
41012	0.00985221674877
41322	0.00970873786408
40030	0.00961538461538
8729	0.00952380952381
21690	0.00934579439252
47292	0.00934579439252
60005	0.00934579439252
6394	0.00909090909091
10789	0.00909090909091
26674	0.00909090909091
888	0.00900900900901
6404	0.00900900900901
1096	0.00892857142857
1232	0.00884955752212
53001	0.00884955752212
59919	0.00884955752212
83	0.00877192982456
7420	0.00877192982456
106	0.00862068965517
19111	0.00862068965517
27934	0.00854700854701
42302	0.00847457627119
1087	0.00840336134454
12325	0.00840336134454
30845	0.00840336134454
9818	0.00833333333333
50941	0.00833333333333
3492	0.00826446280992
51281	0.00826446280992
5618	0.00819672131148
14277	0.00819672131148
56100	0.00813008130081
2130	0.00806451612903
2850	0.00806451612903
5575	0.00806451612903
14476	0.008
21734	0.008
11004	0.00793650793651
25440	0.00793650793651
41398	0.00793650793651
42270	0.00793650793651
12830	0.00787401574803
16194	0.00787401574803
41468	0.0078125
29992	0.00778210116732
6928	0.0077519379845
50995	0.00766283524904
1752	0.00757575757576
4977	0.00757575757576
11504	0.00757575757576
50963	0.00757575757576
23337	0.00751879699248
27226	0.00751879699248
27910	0.00751879699248
27288	0.00746268656716
14515	0.00740740740741
34254	0.00740740740741
14459	0.00735294117647
34350	0.00729927007299
39085	0.00724637681159
16449	0.00716845878136
51676	0.00714285714286
7214	0.00694444444444
18967	0.00694444444444
24429	0.00694444444444
53344	0.00689655172414
32935	0.00684931506849
23666	0.00681818181818
3554	0.00680272108844
19687	0.00675675675676
35199	0.00675675675676
10844	0.00671140939597
12511	0.00671140939597
384	0.00666666666667
12501	0.00666666666667
38861	0.00662251655629
41250	0.00662251655629
4508	0.00657894736842
26566	0.00653594771242
33780	0.00653594771242
37680	0.00653594771242
7509	0.00649350649351
2825	0.00645161290323
13064	0.00641025641026
15381	0.00636942675159
1537	0.00632911392405
3297	0.00632911392405
18835	0.0062893081761
51025	0.0062893081761
32087	0.00606060606061
50897	0.00606060606061
40975	0.00602409638554
6417	0.0059880239521
28712	0.0059880239521
51121	0.0059880239521
19338	0.00595238095238
52383	0.00595238095238
24970	0.00588235294118
775	0.00584795321637
23248	0.00584795321637
41204	0.00578034682081
18813	0.00574712643678
42378	0.00574712643678
18183	0.00571428571429
34073	0.00561797752809
39343	0.00561797752809
41610	0.00561797752809
44456	0.00561797752809
10266	0.00552486187845
26599	0.00549450549451
26158	0.0054347826087
29902	0.0054347826087
14207	0.00540540540541
23080	0.00540540540541
2169	0.00537634408602
7974	0.00531914893617
33656	0.00531914893617
51146	0.00531914893617
32738	0.00526315789474
18972	0.00523560209424
40541	0.00523560209424
41047	0.00523560209424
41116	0.00518134715026
51133	0.00511508951407
11294	0.00507614213198
26760	0.00507614213198
27529	0.00507614213198
42328	0.00505050505051
53342	0.00502512562814
41092	0.00496277915633
23388	0.0049504950495
32490	0.00487804878049
41370	0.00487804878049
14369	0.0048309178744
17611	0.0048309178744
21845	0.00480769230769
5918	0.0047619047619
11230	0.0047619047619
32823	0.00469483568075
41146	0.0046511627907
50851	0.00462962962963
51721	0.00462962962963
52055	0.0045871559633
40978	0.00454545454545
6816	0.0045045045045
32811	0.0045045045045
41274	0.0045045045045
4900	0.00440528634361
17068	0.00440528634361
33495	0.00440528634361
37115	0.00438596491228
34356	0.00436681222707
210	0.00434782608696
4327	0.00434782608696
20779	0.00434782608696
41003	0.00431965442765
37762	0.00429184549356
18607	0.00420168067227
39027	0.00420168067227
10287	0.00416666666667
4339	0.00414937759336
30445	0.00411522633745
40970	0.00409836065574
17147	0.00408163265306
37427	0.00406504065041
31312	0.00403225806452
26508	0.00395256916996
34199	0.00395256916996
17939	0.00389105058366
2152	0.00387596899225
28128	0.00384615384615
21801	0.00383141762452
30691	0.00383141762452
41326	0.00383141762452
2757	0.00380228136882
3312	0.00377358490566
30794	0.00371747211896
41364	0.003663003663
35178	0.0036563071298
41417	0.00363636363636
3747	0.0036231884058
4489	0.0036036036036
21558	0.00357142857143
28286	0.00357142857143
53040	0.00357142857143
27890	0.00355029585799
19090	0.00354609929078
51212	0.00353982300885
3991	0.00352112676056
2401	0.0034965034965
21772	0.00348432055749
28055	0.00348432055749
23011	0.00346020761246
6444	0.00344827586207
34548	0.00337837837838
41258	0.00335570469799
6360	0.00334448160535
684	0.00333333333333
23999	0.00332225913621
41067	0.00331125827815
4654	0.00330396475771
27128	0.00325732899023
27527	0.00320512820513
5616	0.0031847133758
25113	0.00311526479751
1135	0.00306748466258
14140	0.00305810397554
39546	0.0030487804878
41029	0.0030487804878
3943	0.00301204819277
7349	0.00298507462687
10250	0.00296735905045
4708	0.00291545189504
21906	0.00290697674419
3788	0.00289855072464
33850	0.0028901734104
50957	0.0028901734104
50855	0.00285714285714
27651	0.002849002849
5622	0.00281690140845
11359	0.00280112044818
6689	0.00279329608939
29971	0.00278551532033
41374	0.00277777777778
35809	0.00271739130435
18515	0.00269541778976
19547	0.00268096514745
12017	0.00267379679144
2840	0.00266903914591
20630	0.0026525198939
23688	0.00262467191601
3689	0.0025974025974
31483	0.00258397932817
20818	0.00255102040816
15636	0.00253807106599
932	0.00252525252525
41031	0.00251889168766
1119	0.00251572327044
9642	0.00251256281407
40965	0.002457002457
41467	0.002457002457
33678	0.00243902439024
27525	0.00242718446602
4173	0.00242130750605
22971	0.00240963855422
25586	0.00238663484487
7300	0.00238095238095
7518	0.00236966824645
38191	0.00235571260306
11675	0.00233644859813
497	0.002331002331
562	0.002331002331
31830	0.002331002331
39136	0.002331002331
28405	0.0023282887078
689	0.00228832951945
20075	0.00225225225225
3273	0.00224466891134
3280	0.00221238938053
37961	0.0021978021978
4137	0.00218818380744
12423	0.00217391304348
41058	0.00216919739696
23782	0.0021186440678
36394	0.0021186440678
27865	0.00210526315789
17711	0.00204498977505
41355	0.00204498977505
33841	0.00198412698413
21797	0.00196850393701
9647	0.00196463654224
5204	0.00193548387097
40971	0.0019267822736
28821	0.00191938579655
41985	0.00191938579655
3733	0.00191570881226
11727	0.00189393939394
30269	0.00189393939394
40999	0.00189393939394
51041	0.00187617260788
11769	0.00187265917603
27489	0.00184842883549
4916	0.00182481751825
11201	0.00182481751825
39915	0.00182481751825
2312	0.0018018018018
40980	0.0018018018018
949	0.0017825311943
37737	0.0017793594306
13955	0.00175438596491
29863	0.00175438596491
41074	0.00175438596491
5519	0.00174064403829
7261	0.0016835016835
1503	0.00167785234899
2326	0.0016393442623
12610	0.00163132137031
20416	0.00163132137031
18456	0.00162866449511
32188	0.00162337662338
17355	0.00162074554295
1984	0.00158478605388
38584	0.00157232704403
5231	0.00156821745949
23150	0.00155279503106
868	0.0015444015444
27535	0.0015243902439
4764	0.00146198830409
2613	0.00145560407569
2037	0.00142653352354
33634	0.00140252454418
5432	0.00139762403913
22383	0.001393728223
2419	0.00134770889488
8709	0.00134318334453
3133	0.00134048257373
40995	0.00132100396301
4518	0.00131984161901
3720	0.00131926121372
1680	0.0012987012987
1118	0.00129115558425
4396	0.00128617363344
1628	0.00125470514429
5420	0.00125
4711	0.001221001221
18960	0.00121065375303
39447	0.00120336943442
13111	0.00117855038303
2898	0.00109649122807
253	0.00109529025192
18311	0.00108459869848
1497	0.00108166576528
4578	0.00107700592353
7340	0.0010718113612
4937	0.00103734439834
2344	0.0010152284264
11	0.000999000999001
39785	0.000998003992016
36398	0.000981354268891
41068	0.000958772770853
1048	0.000955109837631
7312	0.000943841434639
4563	0.00093370681606
3933	0.000923361034164
34367	0.000921658986175
2333	0.000916590284143
26805	0.000892857142857
38794	0.000892857142857
22744	0.000884955752212
6427	0.000883652430044
25738	0.00087489063867
18777	0.000853970964987
76	0.000836120401338
6812	0.000821018062397
4846	0.000788643533123
26602	0.000765110941086
18613	0.000763358778626
4430	0.000747384155456
869	0.000733137829912
41016	0.000727802037846
2745	0.00070771408351
4655	0.000677048070413
5112	0.000666222518321
19598	0.000653594771242
2290	0.000583771161705
38793	0.000581733566027
38203	0.000549752611325
5157	0.000507872016252
893	0.000502765208648
35563	0.00041067761807
