8971	0.166666666667
16542	0.166666666667
21605	0.166666666667
25084	0.166666666667
32057	0.166666666667
43433	0.166666666667
58597	0.166666666667
60616	0.166666666667
60832	0.166666666667
15313	0.142857142857
36693	0.142857142857
44781	0.142857142857
47533	0.142857142857
49857	0.142857142857
52992	0.142857142857
60635	0.142857142857
6227	0.125
13817	0.125
22782	0.125
26312	0.125
27875	0.125
30951	0.125
37251	0.125
41907	0.125
43158	0.125
49855	0.125
51259	0.125
60270	0.125
6979	0.111111111111
21102	0.111111111111
21764	0.111111111111
36284	0.111111111111
44403	0.111111111111
52048	0.111111111111
52153	0.111111111111
58755	0.111111111111
60350	0.111111111111
8807	0.1
11629	0.1
21852	0.1
23065	0.1
28608	0.1
31266	0.1
31672	0.1
32152	0.1
35403	0.1
38637	0.1
40605	0.1
43058	0.1
44827	0.1
50517	0.1
52517	0.1
6690	0.0909090909091
10305	0.0909090909091
13798	0.0909090909091
22882	0.0909090909091
24161	0.0909090909091
30759	0.0909090909091
34447	0.0909090909091
35334	0.0909090909091
38297	0.0909090909091
41387	0.0909090909091
43122	0.0909090909091
52298	0.0909090909091
59633	0.0909090909091
60305	0.0909090909091
7628	0.0833333333333
18358	0.0833333333333
21658	0.0833333333333
36282	0.0833333333333
42761	0.0833333333333
43180	0.0833333333333
46790	0.0833333333333
48834	0.0833333333333
52114	0.0833333333333
59932	0.0833333333333
15302	0.0769230769231
38554	0.0769230769231
42586	0.0769230769231
49319	0.0769230769231
49910	0.0769230769231
53249	0.0769230769231
58462	0.0769230769231
58767	0.0769230769231
61446	0.0769230769231
45687	0.0714285714286
51163	0.0714285714286
51231	0.0714285714286
51522	0.0714285714286
51651	0.0714285714286
52360	0.0714285714286
57324	0.0714285714286
59650	0.0714285714286
10591	0.0666666666667
18030	0.0666666666667
20719	0.0666666666667
33344	0.0666666666667
38746	0.0666666666667
42115	0.0666666666667
49045	0.0666666666667
53005	0.0666666666667
59846	0.0666666666667
60428	0.0666666666667
60933	0.0666666666667
5791	0.0625
16618	0.0625
39014	0.0625
50932	0.0625
51796	0.0625
52025	0.0625
936	0.0588235294118
9741	0.0588235294118
23714	0.0588235294118
25794	0.0588235294118
28378	0.0588235294118
30028	0.0588235294118
38980	0.0588235294118
50972	0.0588235294118
20697	0.0555555555556
28833	0.0555555555556
37920	0.0555555555556
42535	0.0555555555556
50289	0.0555555555556
51376	0.0555555555556
51442	0.0555555555556
51990	0.0555555555556
10393	0.0526315789474
11498	0.0526315789474
25598	0.0526315789474
49859	0.0526315789474
51300	0.0526315789474
51663	0.0526315789474
9675	0.05
15816	0.05
20730	0.05
29886	0.05
32123	0.05
42090	0.05
47446	0.05
51510	0.05
51587	0.05
59416	0.05
6041	0.047619047619
8375	0.047619047619
11742	0.047619047619
17579	0.047619047619
27946	0.047619047619
52591	0.047619047619
3282	0.0454545454545
3396	0.0454545454545
3764	0.0454545454545
21669	0.0454545454545
37537	0.0454545454545
39161	0.0454545454545
40045	0.0454545454545
44585	0.0454545454545
49211	0.0454545454545
2888	0.0434782608696
22368	0.0434782608696
29623	0.0434782608696
41437	0.0434782608696
46721	0.0434782608696
52087	0.0434782608696
60185	0.0434782608696
1198	0.0416666666667
20433	0.0416666666667
21691	0.0416666666667
37796	0.0416666666667
41724	0.0416666666667
46727	0.0416666666667
8218	0.0408163265306
20648	0.04
27338	0.04
30198	0.04
47731	0.04
61124	0.04
15043	0.0384615384615
23283	0.0384615384615
27101	0.0384615384615
30876	0.0384615384615
41839	0.0384615384615
41901	0.0384615384615
56073	0.0384615384615
5739	0.037037037037
7332	0.037037037037
29907	0.037037037037
41124	0.037037037037
47075	0.037037037037
48903	0.037037037037
51473	0.037037037037
52094	0.037037037037
36255	0.0357142857143
850	0.0344827586207
1013	0.0344827586207
15458	0.0344827586207
31020	0.0344827586207
32125	0.0344827586207
38350	0.0344827586207
42672	0.0344827586207
50993	0.0344827586207
52546	0.0344827586207
52984	0.0344827586207
60032	0.0344827586207
10344	0.0333333333333
10398	0.0333333333333
34444	0.0333333333333
46201	0.0333333333333
50098	0.0333333333333
60140	0.0333333333333
17679	0.0322580645161
29700	0.0322580645161
31111	0.0322580645161
34861	0.0322580645161
41846	0.0322580645161
51501	0.0322580645161
52859	0.0322580645161
60554	0.0322580645161
14669	0.03125
15125	0.03125
19511	0.03125
27856	0.03125
33662	0.03125
42571	0.03125
44309	0.03125
947	0.0307692307692
186	0.030303030303
4124	0.030303030303
8735	0.030303030303
9686	0.030303030303
26260	0.030303030303
4506	0.0294117647059
5239	0.0294117647059
5773	0.0294117647059
9971	0.0294117647059
13707	0.0294117647059
40401	0.0294117647059
50518	0.0294117647059
52109	0.0294117647059
52688	0.0294117647059
558	0.0285714285714
1569	0.0285714285714
2759	0.0285714285714
35204	0.0285714285714
51066	0.0285714285714
45459	0.0281690140845
6210	0.0277777777778
9338	0.0277777777778
19099	0.0277777777778
23281	0.0277777777778
23540	0.0277777777778
23629	0.0277777777778
26526	0.0277777777778
42022	0.0277777777778
42678	0.0277777777778
59707	0.0277777777778
15300	0.027027027027
48238	0.027027027027
51116	0.027027027027
29366	0.0266666666667
26809	0.0263157894737
41892	0.0263157894737
51285	0.0263157894737
19970	0.025641025641
20261	0.025641025641
33068	0.025641025641
33954	0.025641025641
45619	0.025641025641
51456	0.025641025641
5445	0.025
41163	0.025
52661	0.025
1903	0.0243902439024
10316	0.0243902439024
18992	0.0243902439024
32503	0.0243902439024
3199	0.0238095238095
17692	0.0238095238095
37587	0.0238095238095
43463	0.0238095238095
12057	0.0232558139535
23190	0.0232558139535
41359	0.0232558139535
13373	0.0227272727273
22949	0.0227272727273
30869	0.0227272727273
31035	0.0227272727273
37673	0.0227272727273
10317	0.0222222222222
26275	0.0222222222222
50252	0.0222222222222
52513	0.0222222222222
1973	0.0217391304348
12819	0.0217391304348
13943	0.0217391304348
48181	0.0217391304348
51103	0.0217391304348
51454	0.0217391304348
2542	0.0212765957447
6940	0.0212765957447
10928	0.0212765957447
21656	0.0212765957447
41442	0.0212765957447
49842	0.0212765957447
51217	0.0212765957447
1111	0.0208333333333
3114	0.0208333333333
5649	0.0208333333333
6473	0.0208333333333
33840	0.0208333333333
34158	0.0208333333333
53239	0.0208333333333
20363	0.0204081632653
30784	0.0204081632653
2310	0.02
36379	0.02
39078	0.02
43238	0.02
51474	0.02
5395	0.0196078431373
18492	0.0196078431373
18625	0.0196078431373
40177	0.0196078431373
44999	0.0196078431373
51086	0.0196078431373
59908	0.0196078431373
44035	0.0194174757282
16378	0.0192307692308
41275	0.0192307692308
41704	0.0192307692308
42405	0.0192307692308
3925	0.0188679245283
7466	0.0188679245283
41401	0.0188679245283
42001	0.0188679245283
41826	0.018691588785
12832	0.0185185185185
27522	0.0185185185185
34823	0.0185185185185
35030	0.0185185185185
39310	0.0185185185185
40139	0.0185185185185
51738	0.0185185185185
11766	0.0181818181818
18427	0.0181818181818
42427	0.0181818181818
42905	0.0181818181818
49044	0.0181818181818
51636	0.0181818181818
5820	0.0178571428571
41908	0.0178571428571
29053	0.0175438596491
29778	0.0175438596491
37953	0.0175438596491
48998	0.0175438596491
43543	0.0172413793103
52928	0.0172413793103
4409	0.0169491525424
7073	0.0169491525424
37379	0.0169491525424
41298	0.0169491525424
41576	0.0169491525424
23240	0.0166666666667
4656	0.016393442623
4787	0.016393442623
12421	0.016393442623
12838	0.016393442623
16819	0.016393442623
19597	0.016393442623
29465	0.016393442623
51496	0.016393442623
52034	0.016393442623
37186	0.0161290322581
38375	0.0161290322581
45206	0.0161290322581
7180	0.015873015873
11087	0.015873015873
15870	0.015873015873
36193	0.015873015873
41349	0.015873015873
11168	0.015625
32770	0.015625
36037	0.015625
42354	0.015625
50249	0.015625
1000	0.0153846153846
1281	0.0153846153846
7084	0.0153846153846
10601	0.0151515151515
32753	0.0151515151515
38989	0.0151515151515
2644	0.0149253731343
37778	0.0149253731343
51589	0.0149253731343
2276	0.0147058823529
3684	0.0147058823529
13653	0.0147058823529
17442	0.0147058823529
34276	0.0147058823529
40645	0.0147058823529
51105	0.0147058823529
30069	0.0144927536232
30694	0.0144927536232
51683	0.0144927536232
15354	0.0142857142857
18838	0.0142857142857
45200	0.0142857142857
3253	0.0140845070423
24833	0.0140845070423
30834	0.0140845070423
38201	0.0140845070423
5754	0.0138888888889
6494	0.0138888888889
8894	0.0138888888889
26295	0.0138888888889
34621	0.0138888888889
50929	0.0138888888889
51196	0.0138888888889
59558	0.0138888888889
17095	0.013698630137
30191	0.013698630137
10326	0.0135135135135
41433	0.0135135135135
41856	0.0135135135135
42932	0.0135135135135
51343	0.0135135135135
26567	0.0133333333333
41775	0.0133333333333
51978	0.0133333333333
52613	0.0133333333333
4413	0.0131578947368
35701	0.0131578947368
21204	0.0130718954248
37046	0.012987012987
16145	0.0128205128205
35229	0.0128205128205
39262	0.0128205128205
45199	0.0128205128205
16028	0.0126582278481
22843	0.0126582278481
34095	0.0126582278481
18756	0.0125
42414	0.0125
51699	0.0125
16723	0.0124223602484
9609	0.0123456790123
11888	0.0123456790123
40489	0.0123456790123
52197	0.0123456790123
17686	0.0121951219512
26572	0.0121951219512
31220	0.0121951219512
41621	0.0121951219512
51250	0.0121951219512
819	0.0119047619048
1015	0.0119047619048
33143	0.0119047619048
41213	0.0119047619048
1256	0.0117647058824
42825	0.0117647058824
32700	0.0116279069767
41019	0.0116279069767
13006	0.0114942528736
34136	0.0114942528736
48221	0.0114942528736
41481	0.0113636363636
14406	0.0112359550562
18234	0.0112359550562
22426	0.0112359550562
24164	0.0112359550562
3861	0.0111111111111
42249	0.0111111111111
5637	0.010989010989
34443	0.010989010989
51112	0.0109289617486
3194	0.0108695652174
28749	0.0108695652174
47473	0.0108695652174
6601	0.010752688172
16408	0.0106382978723
5455	0.0105263157895
12856	0.0105263157895
19922	0.0105263157895
33716	0.0105263157895
9651	0.0104166666667
21312	0.0104166666667
46277	0.0104166666667
4541	0.0102040816327
4620	0.0102040816327
4998	0.0102040816327
25432	0.0102040816327
52350	0.0102040816327
15083	0.010152284264
18002	0.010101010101
15306	0.0100502512563
18403	0.01
42320	0.01
51359	0.01
2145	0.00980392156863
41715	0.00980392156863
37156	0.00970873786408
50553	0.00970873786408
51139	0.00970873786408
52536	0.00970873786408
68	0.00952380952381
25431	0.00947867298578
3120	0.00934579439252
39210	0.00934579439252
51345	0.00934579439252
3481	0.00925925925926
35951	0.00925925925926
52056	0.00925925925926
26310	0.00917431192661
38818	0.00917431192661
21690	0.00909090909091
10397	0.00900900900901
11239	0.00900900900901
22895	0.00900900900901
59505	0.00884955752212
9753	0.00869565217391
44486	0.00869565217391
18276	0.00862068965517
28285	0.00862068965517
51039	0.00862068965517
51030	0.00854700854701
51689	0.00847457627119
2094	0.00840336134454
18226	0.00833333333333
25810	0.00833333333333
27207	0.00833333333333
1167	0.00826446280992
6352	0.00826446280992
8246	0.00826446280992
12325	0.00819672131148
13149	0.00819672131148
50941	0.00813008130081
3793	0.008
14277	0.008
15782	0.008
16264	0.008
2104	0.00793650793651
32457	0.00793650793651
41347	0.00790513833992
2850	0.00787401574803
5575	0.00787401574803
26508	0.0078431372549
10162	0.0078125
49403	0.0078125
2811	0.00778210116732
32120	0.0077519379845
41398	0.0077519379845
42270	0.0077519379845
5884	0.00769230769231
41890	0.00769230769231
755	0.00763358778626
12393	0.00763358778626
39324	0.00763358778626
41326	0.00760456273764
38820	0.00751879699248
42312	0.00751879699248
29394	0.00749063670412
4625	0.00740740740741
27226	0.00735294117647
41065	0.00735294117647
27288	0.00729927007299
41287	0.00729927007299
554	0.00724637681159
2829	0.00724637681159
4173	0.00724637681159
22654	0.00724637681159
36897	0.00724637681159
6564	0.00719424460432
36594	0.00719424460432
41368	0.00719424460432
51254	0.00719424460432
13621	0.00714285714286
34350	0.00714285714286
27952	0.00709219858156
39085	0.00709219858156
13121	0.00704225352113
23244	0.00699300699301
26318	0.00699300699301
44847	0.00699300699301
51676	0.00699300699301
25444	0.00696864111498
17483	0.00694444444444
14833	0.00689655172414
41832	0.00689655172414
51071	0.00689655172414
17152	0.00680272108844
27899	0.00680272108844
33922	0.00680272108844
34522	0.00680272108844
52525	0.00680272108844
36364	0.00675675675676
41672	0.00675675675676
14115	0.00673400673401
17979	0.00671140939597
20591	0.00671140939597
32895	0.00671140939597
5715	0.00666666666667
19034	0.00666666666667
41246	0.00666666666667
42335	0.00666666666667
21545	0.00665188470067
3280	0.00662251655629
35199	0.00662251655629
13212	0.00653594771242
41250	0.00649350649351
33405	0.00645161290323
19599	0.00643776824034
37680	0.00641025641026
30020	0.00638977635783
41972	0.00638977635783
27527	0.00636942675159
41060	0.00636942675159
137	0.0062893081761
51159	0.0062893081761
34217	0.00625
3598	0.00621118012422
17915	0.00621118012422
4868	0.0061919504644
51025	0.00617283950617
22018	0.00613496932515
29532	0.00613496932515
34241	0.00609756097561
1390	0.00606060606061
17948	0.00606060606061
7751	0.00602409638554
12149	0.00602409638554
29024	0.00602409638554
40992	0.00602409638554
51394	0.0059880239521
23001	0.00595238095238
35162	0.00595238095238
40625	0.00595238095238
50897	0.00595238095238
13660	0.00591715976331
18701	0.00591715976331
34667	0.00591715976331
6417	0.00588235294118
38763	0.00584795321637
34369	0.00583657587549
41544	0.00581395348837
51655	0.00581395348837
16516	0.00578034682081
51197	0.00578034682081
775	0.00574712643678
23121	0.00574712643678
23248	0.00574712643678
41048	0.00573065902579
51211	0.00571428571429
9252	0.00568181818182
34471	0.00568181818182
37238	0.00568181818182
39510	0.00568181818182
41204	0.00568181818182
41968	0.00568181818182
6573	0.00564971751412
17277	0.00564971751412
18374	0.00564971751412
42378	0.00564971751412
452	0.00561797752809
18183	0.00561797752809
39265	0.00558659217877
11749	0.00555555555556
12188	0.00555555555556
13935	0.00555555555556
33879	0.00555555555556
36967	0.00555555555556
41050	0.00552486187845
51038	0.00552486187845
2865	0.00549450549451
39915	0.00546448087432
7442	0.00542005420054
54	0.00540540540541
4153	0.00540540540541
41227	0.00540540540541
29902	0.00534759358289
36999	0.00534759358289
22230	0.00529100529101
41530	0.00526315789474
51146	0.00523560209424
29360	0.00520833333333
23642	0.00519480519481
51697	0.00515463917526
1743	0.00511073253833
2084	0.00510204081633
41223	0.00510204081633
2595	0.00507614213198
10653	0.00507614213198
37689	0.00507614213198
7533	0.00505050505051
4705	0.0049504950495
28290	0.0049504950495
41171	0.0049504950495
1113	0.00492610837438
7100	0.00492610837438
39366	0.00492610837438
7303	0.00490196078431
12610	0.00488599348534
20416	0.00488599348534
23388	0.00487804878049
3859	0.00485436893204
33678	0.00485436893204
21458	0.0048309178744
27525	0.0048309178744
22971	0.00479616306954
51341	0.0047619047619
1064	0.00475435816165
5918	0.00469483568075
3933	0.00462107208872
13933	0.0045871559633
25413	0.0045871559633
29852	0.0045871559633
51721	0.00456621004566
52258	0.00456621004566
52055	0.00452488687783
23666	0.0045045045045
1399	0.00449438202247
21523	0.00448430493274
40977	0.00448430493274
41134	0.00446428571429
18759	0.00444444444444
38493	0.00444444444444
41274	0.00444444444444
13960	0.00442477876106
15228	0.00434782608696
28043	0.00434782608696
44281	0.00434782608696
3419	0.00433839479393
37115	0.004329004329
38206	0.004329004329
20779	0.00429184549356
30805	0.00429184549356
41353	0.00429184549356
41499	0.0042735042735
28633	0.00425531914894
37762	0.00423728813559
36394	0.0042194092827
41054	0.00420168067227
27865	0.0041928721174
31170	0.00418410041841
45139	0.00418410041841
28155	0.00411522633745
44117	0.00409836065574
30445	0.00406504065041
1921	0.00404858299595
44951	0.00403225806452
3729	0.00400801603206
47637	0.004
34920	0.00395256916996
5673	0.00394477317554
6789	0.00393700787402
2110	0.00392156862745
34199	0.00390625
34751	0.00388349514563
26416	0.003861003861
17790	0.00384615384615
17939	0.00384615384615
31877	0.00384615384615
39852	0.00383141762452
28673	0.00381679389313
40334	0.00380228136882
50995	0.00377358490566
35021	0.00375939849624
4399	0.00373134328358
7062	0.00373134328358
28443	0.00371747211896
29739	0.00371747211896
17771	0.0037037037037
12998	0.00369685767098
30794	0.00367647058824
41705	0.003663003663
13952	0.0036496350365
7390	0.00363636363636
33887	0.00363636363636
41061	0.00363636363636
5218	0.0036231884058
17566	0.0036036036036
27171	0.00359712230216
1020	0.00357142857143
11381	0.00357142857143
31400	0.00355871886121
32832	0.00355871886121
28407	0.00350877192982
42609	0.00350877192982
13955	0.0034965034965
41116	0.00343053173242
7214	0.00342465753425
23011	0.00342465753425
38925	0.00340136054422
37111	0.00337268128162
5112	0.00333333333333
684	0.003300330033
41093	0.003300330033
4654	0.0032930845225
41039	0.00327868852459
41067	0.00327868852459
40965	0.00327064595258
2326	0.00326797385621
4121	0.00325732899023
12121	0.00323624595469
17355	0.0032310177706
28051	0.00319233838787
41243	0.0031746031746
41015	0.003125
1655	0.0030959752322
18361	0.0030959752322
32453	0.0030959752322
41156	0.00305810397554
14140	0.0030303030303
259	0.00302114803625
41029	0.00302114803625
5120	0.00301659125189
41609	0.00299401197605
2030	0.00298507462687
4485	0.00295857988166
2142	0.00294985250737
10250	0.00294117647059
23786	0.00293255131965
11307	0.00292397660819
18301	0.00292397660819
41016	0.00291120815138
25554	0.00289855072464
25078	0.0028901734104
47611	0.0028901734104
21906	0.0028818443804
41068	0.00287356321839
33850	0.00286532951289
40987	0.00283687943262
50855	0.0028328611898
27651	0.00282485875706
7317	0.00280112044818
25453	0.00280112044818
34830	0.00280112044818
23265	0.00278551532033
879	0.00277777777778
15373	0.00276243093923
28830	0.00276243093923
30471	0.00276243093923
2333	0.00274725274725
38822	0.00272479564033
27949	0.00271002710027
14207	0.00267379679144
18515	0.00267379679144
19547	0.00265957446809
3720	0.00263157894737
35514	0.00262467191601
5519	0.00260642919201
42156	0.00258397932817
20818	0.00253164556962
51096	0.00253164556962
23174	0.00251256281407
1119	0.00250626566416
24684	0.00250626566416
10281	0.00248138957816
41467	0.00243902439024
41071	0.0024154589372
41027	0.00240963855422
39447	0.00240096038415
3365	0.00239808153477
18307	0.00236966824645
7518	0.00235294117647
11778	0.00235294117647
40289	0.00235294117647
8397	0.00234741784038
14750	0.00234192037471
11675	0.00232018561485
28405	0.00232018561485
30980	0.00231749710313
562	0.00231481481481
22251	0.00231481481481
28832	0.00226244343891
20075	0.00223713646532
1503	0.00223463687151
45223	0.00222222222222
2007	0.00221238938053
41332	0.0021978021978
2898	0.00218818380744
5693	0.00217391304348
18311	0.0021645021645
1497	0.00216216216216
11169	0.00215982721382
35703	0.00215982721382
41058	0.00215517241379
50105	0.00215517241379
4578	0.0021528525296
2745	0.0021216407355
23782	0.00210526315789
3531	0.00210084033613
5231	0.00208877284595
25051	0.00207468879668
4937	0.00207039337474
1902	0.0020618556701
17938	0.00205761316872
17711	0.0020325203252
8709	0.00201207243461
34169	0.00201207243461
11	0.00199401794616
33841	0.00197238658777
34858	0.00196850393701
9647	0.001953125
17586	0.00194174757282
2463	0.00192122958694
3733	0.00191021967526
1048	0.00190657769304
9826	0.00189753320683
11727	0.00188857412653
30269	0.00188323917137
32862	0.00187617260788
32612	0.00186219739292
27489	0.00183823529412
22929	0.00183654729109
37426	0.00182481751825
21745	0.00181818181818
11201	0.00181488203267
35178	0.00181488203267
26805	0.00178491744757
1931	0.0017825311943
37737	0.00176991150442
6427	0.00176730486009
51212	0.00175746924429
25738	0.00174672489083
41074	0.00174520069808
12969	0.00172413793103
11655	0.00171232876712
18777	0.00170502983802
4655	0.00169262017603
31440	0.00166805671393
38203	0.00164835164835
26863	0.00164473684211
35563	0.00164271047228
22743	0.00164068908942
6812	0.0016393442623
7175	0.0016339869281
16209	0.00162866449511
35049	0.00162866449511
27809	0.0016
1984	0.00157728706625
900	0.00156494522692
38584	0.00156494522692
39136	0.00154918667699
6304	0.0015455950541
23150	0.0015455950541
868	0.00154083204931
992	0.00152671755725
20542	0.00151745068285
27535	0.00151745068285
4430	0.00149253731343
869	0.00146627565982
9656	0.00146198830409
2613	0.00144927536232
26584	0.00143472022956
2037	0.00142045454545
33634	0.00139664804469
22383	0.00139082058414
38492	0.00139082058414
29854	0.00138121546961
7419	0.00137174211248
3059	0.00136612021858
20506	0.00135317997294
3133	0.00133511348465
14352	0.00132802124834
35345	0.00132100396301
2381	0.00131752305665
2733	0.00131752305665
19598	0.00130548302872
1680	0.0012936610608
5204	0.001287001287
30899	0.00126103404792
41031	0.00125313283208
1628	0.00125
9642	0.00125
5420	0.00124533001245
18584	0.00123001230012
29277	0.00119760479042
13111	0.00117647058824
27890	0.00117647058824
38191	0.00117233294256
38793	0.00116211504939
5000	0.00111111111111
34224	0.00111111111111
253	0.00109170305677
28742	0.00106951871658
7340	0.00106837606838
9200	0.00105708245243
5157	0.00101471334348
2344	0.00101214574899
893	0.00100452034154
39785	0.000995024875622
36398	0.000978473581213
4563	0.000931098696462
34367	0.000919117647059
5809	0.000905797101449
40962	0.00089928057554
38794	0.000890471950134
2840	0.00088573959256
22744	0.000882612533098
4518	0.000878348704436
9538	0.000858369098712
4846	0.000786782061369
26602	0.000763358778626
18613	0.000761614623001
19601	0.000732064421669
1118	0.00064391500322
2290	0.000582750582751
7312	0.000471031559114
