27232	0.117647058824
59650	0.117647058824
51016	0.107142857143
5687	0.1
11975	0.1
12358	0.1
16616	0.1
20643	0.1
21993	0.1
23693	0.1
26559	0.1
30345	0.1
34451	0.1
38609	0.1
38730	0.1
40053	0.1
40300	0.1
44562	0.1
44805	0.1
45325	0.1
52198	0.1
53273	0.1
54036	0.1
54613	0.1
58389	0.1
4262	0.0909090909091
5342	0.0909090909091
20175	0.0909090909091
25790	0.0909090909091
26465	0.0909090909091
27566	0.0909090909091
33133	0.0909090909091
37240	0.0909090909091
39895	0.0909090909091
40777	0.0909090909091
52654	0.0909090909091
53535	0.0909090909091
54191	0.0909090909091
54405	0.0909090909091
58352	0.0909090909091
61412	0.0909090909091
33363	0.0869565217391
8418	0.0833333333333
12380	0.0833333333333
14721	0.0833333333333
16857	0.0833333333333
17973	0.0833333333333
20879	0.0833333333333
27987	0.0833333333333
31617	0.0833333333333
33736	0.0833333333333
35010	0.0833333333333
40409	0.0833333333333
41252	0.0833333333333
45300	0.0833333333333
45566	0.0833333333333
45791	0.0833333333333
51503	0.0833333333333
52302	0.0833333333333
54720	0.0833333333333
54921	0.0833333333333
58595	0.0833333333333
59863	0.0833333333333
60019	0.0833333333333
61229	0.0833333333333
3938	0.08
12855	0.0769230769231
13654	0.0769230769231
14643	0.0769230769231
23588	0.0769230769231
25993	0.0769230769231
28552	0.0769230769231
30400	0.0769230769231
34416	0.0769230769231
38773	0.0769230769231
43408	0.0769230769231
43499	0.0769230769231
45396	0.0769230769231
45787	0.0769230769231
46757	0.0769230769231
47653	0.0769230769231
48211	0.0769230769231
50550	0.0769230769231
53129	0.0769230769231
55668	0.0769230769231
56658	0.0769230769231
59582	0.0769230769231
1450	0.0714285714286
8807	0.0714285714286
8855	0.0714285714286
18144	0.0714285714286
23065	0.0714285714286
23293	0.0714285714286
23996	0.0714285714286
29733	0.0714285714286
34888	0.0714285714286
39304	0.0714285714286
42180	0.0714285714286
42671	0.0714285714286
43237	0.0714285714286
44827	0.0714285714286
47242	0.0714285714286
48027	0.0714285714286
53441	0.0714285714286
55093	0.0714285714286
56588	0.0714285714286
59634	0.0714285714286
2080	0.0666666666667
7207	0.0666666666667
19484	0.0666666666667
20666	0.0666666666667
25494	0.0666666666667
30288	0.0666666666667
34418	0.0666666666667
38050	0.0666666666667
38623	0.0666666666667
42336	0.0666666666667
42357	0.0666666666667
42448	0.0666666666667
50009	0.0666666666667
51961	0.0666666666667
57366	0.0666666666667
7628	0.0625
18869	0.0625
19894	0.0625
26341	0.0625
29019	0.0625
29827	0.0625
31390	0.0625
32393	0.0625
38016	0.0625
41183	0.0625
42552	0.0625
43456	0.0625
46247	0.0625
47438	0.0625
47470	0.0625
49071	0.0625
51992	0.0625
53186	0.0625
54765	0.0625
56463	0.0625
58560	0.0625
60213	0.0625
1532	0.0588235294118
11125	0.0588235294118
11951	0.0588235294118
12292	0.0588235294118
15698	0.0588235294118
21266	0.0588235294118
22449	0.0588235294118
23927	0.0588235294118
28707	0.0588235294118
33386	0.0588235294118
35615	0.0588235294118
37618	0.0588235294118
38969	0.0588235294118
39630	0.0588235294118
39992	0.0588235294118
41720	0.0588235294118
48501	0.0588235294118
49275	0.0588235294118
49620	0.0588235294118
50759	0.0588235294118
50928	0.0588235294118
52262	0.0588235294118
59868	0.0588235294118
60171	0.0588235294118
3833	0.0555555555556
4606	0.0555555555556
5952	0.0555555555556
7189	0.0555555555556
10438	0.0555555555556
11566	0.0555555555556
13701	0.0555555555556
17408	0.0555555555556
21897	0.0555555555556
28585	0.0555555555556
28659	0.0555555555556
37545	0.0555555555556
38694	0.0555555555556
39779	0.0555555555556
42929	0.0555555555556
43686	0.0555555555556
51231	0.0555555555556
51408	0.0555555555556
52988	0.0555555555556
53169	0.0555555555556
53280	0.0555555555556
54266	0.0555555555556
59541	0.0555555555556
29732	0.0540540540541
2372	0.0526315789474
7216	0.0526315789474
8121	0.0526315789474
9922	0.0526315789474
10516	0.0526315789474
10903	0.0526315789474
12359	0.0526315789474
17011	0.0526315789474
23170	0.0526315789474
33344	0.0526315789474
39736	0.0526315789474
43235	0.0526315789474
43693	0.0526315789474
44615	0.0526315789474
45489	0.0526315789474
51637	0.0526315789474
53005	0.0526315789474
59538	0.0526315789474
59580	0.0526315789474
60341	0.0526315789474
61119	0.0526315789474
61224	0.0526315789474
690	0.05
2867	0.05
4618	0.05
14265	0.05
17754	0.05
18792	0.05
24475	0.05
27039	0.05
32282	0.05
41304	0.05
41575	0.05
41861	0.05
43558	0.05
48019	0.05
49134	0.05
59986	0.05
60007	0.05
4116	0.047619047619
7335	0.047619047619
10141	0.047619047619
10675	0.047619047619
14404	0.047619047619
24447	0.047619047619
29857	0.047619047619
33954	0.047619047619
40706	0.047619047619
41424	0.047619047619
41876	0.047619047619
51953	0.047619047619
52791	0.047619047619
8131	0.0454545454545
13240	0.0454545454545
20877	0.0454545454545
22453	0.0454545454545
30815	0.0454545454545
34893	0.0454545454545
42535	0.0454545454545
47866	0.0454545454545
49301	0.0454545454545
50899	0.0454545454545
15208	0.0434782608696
20168	0.0434782608696
20738	0.0434782608696
25008	0.0434782608696
32309	0.0434782608696
41268	0.0434782608696
41644	0.0434782608696
49897	0.0434782608696
51111	0.0434782608696
51663	0.0434782608696
53323	0.0434782608696
59922	0.0434782608696
3159	0.0416666666667
5060	0.0416666666667
10145	0.0416666666667
11221	0.0416666666667
17705	0.0416666666667
18818	0.0416666666667
23120	0.0416666666667
26615	0.0416666666667
26930	0.0416666666667
32596	0.0416666666667
33016	0.0416666666667
38998	0.0416666666667
43047	0.0416666666667
44029	0.0416666666667
46423	0.0416666666667
51302	0.0416666666667
51976	0.0416666666667
59737	0.0416666666667
61151	0.0416666666667
6277	0.0408163265306
52176	0.0408163265306
58913	0.0408163265306
12811	0.04
17623	0.04
18964	0.04
20323	0.04
22233	0.04
30615	0.04
32611	0.04
41441	0.04
41822	0.04
46137	0.04
41255	0.0392156862745
3493	0.0384615384615
5469	0.0384615384615
13624	0.0384615384615
17576	0.0384615384615
21391	0.0384615384615
33620	0.0384615384615
39374	0.0384615384615
39524	0.0384615384615
39742	0.0384615384615
39963	0.0384615384615
42850	0.0384615384615
45297	0.0384615384615
47659	0.0384615384615
52156	0.0384615384615
52860	0.0384615384615
54252	0.0384615384615
56087	0.0384615384615
1983	0.037037037037
10370	0.037037037037
22368	0.037037037037
25278	0.037037037037
29623	0.037037037037
32036	0.037037037037
34329	0.037037037037
41264	0.037037037037
43849	0.037037037037
51073	0.037037037037
52207	0.037037037037
59837	0.037037037037
61231	0.037037037037
13383	0.0363636363636
895	0.0357142857143
5188	0.0357142857143
7078	0.0357142857143
10028	0.0357142857143
10365	0.0357142857143
12394	0.0357142857143
17734	0.0357142857143
21529	0.0357142857143
25825	0.0357142857143
26549	0.0357142857143
27337	0.0357142857143
28522	0.0357142857143
29333	0.0357142857143
31149	0.0357142857143
41588	0.0357142857143
41724	0.0357142857143
42348	0.0357142857143
51210	0.0357142857143
51789	0.0357142857143
51403	0.0350877192982
5133	0.0344827586207
5437	0.0344827586207
9227	0.0344827586207
9753	0.0344827586207
10977	0.0344827586207
11651	0.0344827586207
11662	0.0344827586207
22128	0.0344827586207
23841	0.0344827586207
25610	0.0344827586207
29061	0.0344827586207
29245	0.0344827586207
31185	0.0344827586207
31200	0.0344827586207
49262	0.0344827586207
52398	0.0344827586207
52737	0.0344827586207
60147	0.0344827586207
9703	0.0333333333333
29351	0.0333333333333
33999	0.0333333333333
40585	0.0333333333333
42039	0.0333333333333
43280	0.0333333333333
43691	0.0333333333333
59512	0.0333333333333
60139	0.0333333333333
3883	0.0322580645161
9117	0.0322580645161
11228	0.0322580645161
17695	0.0322580645161
21232	0.0322580645161
29304	0.0322580645161
35426	0.0322580645161
36056	0.0322580645161
37706	0.0322580645161
37829	0.0322580645161
42070	0.0322580645161
43631	0.0322580645161
44030	0.0322580645161
49644	0.0322580645161
53116	0.0322580645161
59536	0.0322580645161
60506	0.0322580645161
61153	0.0322580645161
15153	0.03125
18737	0.03125
20338	0.03125
26947	0.03125
32232	0.03125
41820	0.03125
47575	0.03125
59524	0.03125
59581	0.03125
21425	0.0307692307692
38375	0.0307692307692
2942	0.030303030303
28975	0.030303030303
31028	0.030303030303
32422	0.030303030303
41178	0.030303030303
41531	0.030303030303
41817	0.030303030303
52546	0.030303030303
5810	0.0298507462687
44485	0.0298507462687
2277	0.0294117647059
5207	0.0294117647059
17258	0.0294117647059
17272	0.0294117647059
18668	0.0294117647059
20466	0.0294117647059
31822	0.0294117647059
32329	0.0294117647059
36617	0.0294117647059
36982	0.0294117647059
42379	0.0294117647059
50098	0.0294117647059
53386	0.0294117647059
16123	0.0285714285714
17439	0.0285714285714
19519	0.0285714285714
28676	0.0285714285714
36288	0.0285714285714
36358	0.0285714285714
46783	0.0285714285714
51971	0.0285714285714
52809	0.0285714285714
24509	0.0277777777778
41303	0.0277777777778
51579	0.0277777777778
59522	0.0277777777778
61218	0.0277777777778
2598	0.027027027027
11569	0.027027027027
16458	0.027027027027
18134	0.027027027027
27271	0.027027027027
32775	0.027027027027
41777	0.027027027027
42995	0.027027027027
44369	0.027027027027
44493	0.027027027027
51439	0.027027027027
797	0.0263157894737
2899	0.0263157894737
3742	0.0263157894737
10943	0.0263157894737
23658	0.0263157894737
26855	0.0263157894737
35710	0.0263157894737
42188	0.0263157894737
52396	0.0263157894737
52760	0.0263157894737
57364	0.0263157894737
59832	0.0263157894737
3786	0.025641025641
6308	0.025641025641
7789	0.025641025641
10190	0.025641025641
10427	0.025641025641
12199	0.025641025641
29409	0.025641025641
31010	0.025641025641
39038	0.025641025641
41510	0.025641025641
45712	0.025641025641
50951	0.025641025641
60281	0.025641025641
13920	0.025
14857	0.025
15802	0.025
19032	0.025
29958	0.025
34794	0.025
35194	0.025
37293	0.025
40477	0.025
50985	0.025
51316	0.025
51390	0.025
59514	0.025
59691	0.025
59909	0.025
61148	0.025
2878	0.0243902439024
16929	0.0243902439024
17640	0.0243902439024
28165	0.0243902439024
41357	0.0243902439024
42388	0.0243902439024
46487	0.0243902439024
59602	0.0243902439024
59815	0.0243902439024
3025	0.0238095238095
7712	0.0238095238095
39682	0.0238095238095
41495	0.0238095238095
41680	0.0238095238095
45653	0.0238095238095
46970	0.0238095238095
44599	0.0236686390533
6391	0.0232558139535
9358	0.0232558139535
21412	0.0232558139535
42482	0.0232558139535
43265	0.0232558139535
50482	0.0232558139535
51657	0.0232558139535
59618	0.0232558139535
6542	0.0227272727273
7325	0.0227272727273
8251	0.0227272727273
13947	0.0227272727273
14872	0.0227272727273
31041	0.0227272727273
49597	0.0227272727273
52541	0.0227272727273
2861	0.0222222222222
17982	0.0222222222222
32600	0.0222222222222
33312	0.0222222222222
33927	0.0222222222222
41617	0.0222222222222
43780	0.0222222222222
48973	0.0222222222222
52465	0.0222222222222
52500	0.0222222222222
3199	0.0217391304348
4476	0.0217391304348
7875	0.0217391304348
19802	0.0217391304348
21835	0.0217391304348
37735	0.0217391304348
38649	0.0217391304348
43347	0.0217391304348
45345	0.0217391304348
46515	0.0217391304348
51993	0.0217391304348
55923	0.0217391304348
8	0.0212765957447
4840	0.0212765957447
8759	0.0212765957447
9421	0.0212765957447
9822	0.0212765957447
11854	0.0212765957447
20866	0.0212765957447
23190	0.0212765957447
42634	0.0212765957447
45884	0.0212765957447
51195	0.0212765957447
14658	0.0208333333333
15869	0.0208333333333
17139	0.0208333333333
22876	0.0208333333333
25092	0.0208333333333
48212	0.0208333333333
51694	0.0208333333333
10843	0.0204081632653
14672	0.0204081632653
46658	0.0204081632653
60330	0.0204081632653
60613	0.0204081632653
1103	0.02
26286	0.02
40370	0.02
42332	0.02
51020	0.02
51103	0.02
56368	0.02
3002	0.0196078431373
31478	0.0196078431373
34192	0.0196078431373
41851	0.0196078431373
44588	0.0196078431373
44704	0.0196078431373
49842	0.0196078431373
51861	0.0196078431373
3114	0.0192307692308
5703	0.0192307692308
7182	0.0192307692308
13622	0.0192307692308
17817	0.0192307692308
25559	0.0192307692308
51622	0.0192307692308
9653	0.0188679245283
26924	0.0188679245283
31479	0.0188679245283
37591	0.0188679245283
38688	0.0188679245283
50848	0.0188679245283
51526	0.0188679245283
52297	0.0188679245283
59533	0.0188679245283
6003	0.0185185185185
9221	0.0185185185185
11875	0.0185185185185
16943	0.0185185185185
32405	0.0185185185185
40921	0.0185185185185
41375	0.0185185185185
51857	0.0185185185185
59790	0.0185185185185
44538	0.0183486238532
16593	0.0181818181818
25703	0.0181818181818
30681	0.0181818181818
38725	0.0181818181818
47430	0.0181818181818
60086	0.0181818181818
34210	0.018018018018
982	0.0178571428571
3934	0.0178571428571
6832	0.0178571428571
18688	0.0178571428571
23765	0.0178571428571
29786	0.0178571428571
30252	0.0178571428571
40997	0.0178571428571
59504	0.0178571428571
3507	0.0176991150442
1898	0.0175438596491
3050	0.0175438596491
6517	0.0175438596491
20642	0.0175438596491
21345	0.0175438596491
24610	0.0175438596491
33792	0.0175438596491
38826	0.0175438596491
59734	0.0175438596491
1328	0.0173913043478
50105	0.0173535791757
16935	0.0173410404624
9669	0.0172413793103
12832	0.0172413793103
30983	0.0172413793103
34792	0.0172413793103
34932	0.0172413793103
40139	0.0172413793103
45671	0.0172413793103
51738	0.0172413793103
52222	0.0172413793103
30466	0.0171428571429
40394	0.017094017094
11766	0.0169491525424
23750	0.0169491525424
28797	0.0169491525424
32988	0.0169491525424
34532	0.0169491525424
50204	0.0169491525424
51636	0.0169491525424
55981	0.0169491525424
60482	0.0169491525424
4775	0.0168067226891
38659	0.0167597765363
213	0.0166666666667
22573	0.0166666666667
28201	0.0166666666667
29554	0.0166666666667
30324	0.0166666666667
42096	0.0166666666667
59509	0.0166666666667
60092	0.0166666666667
51689	0.0165289256198
1199	0.016393442623
19996	0.016393442623
22941	0.016393442623
29617	0.016393442623
41607	0.016393442623
46148	0.016393442623
51656	0.016393442623
61046	0.016393442623
27207	0.0162601626016
3979	0.0161290322581
4733	0.0161290322581
20676	0.0161290322581
23712	0.0161290322581
27235	0.0161290322581
35971	0.0161290322581
41762	0.0161290322581
43543	0.0161290322581
5677	0.015873015873
35961	0.015873015873
36686	0.015873015873
38332	0.015873015873
41483	0.015873015873
51012	0.015873015873
25570	0.0157480314961
28579	0.015625
30672	0.015625
34691	0.015625
34998	0.015625
59547	0.015625
3288	0.0154639175258
41577	0.0153846153846
41152	0.0152671755725
13633	0.0151515151515
16340	0.0151515151515
31327	0.0151515151515
39342	0.0151515151515
41397	0.0151515151515
47787	0.0151515151515
52876	0.0151515151515
60215	0.0151515151515
6906	0.0149253731343
31864	0.0149253731343
37117	0.0149253731343
38864	0.0149253731343
41527	0.0149253731343
51220	0.0149253731343
28750	0.0148148148148
43178	0.0148148148148
17771	0.0147601476015
10110	0.0147058823529
11168	0.0147058823529
26777	0.0147058823529
26940	0.0147058823529
28781	0.0147058823529
34749	0.0147058823529
42354	0.0147058823529
42576	0.0147058823529
51760	0.0147058823529
1000	0.0144927536232
1281	0.0144927536232
13971	0.0144927536232
18022	0.0144927536232
21582	0.0144927536232
25472	0.0144927536232
28734	0.0144927536232
36120	0.0144927536232
41627	0.0144927536232
51641	0.0144927536232
59681	0.0144927536232
35535	0.0143884892086
2690	0.0142857142857
8259	0.0142857142857
10046	0.0142857142857
23372	0.0142857142857
27031	0.0142857142857
41620	0.0142857142857
50934	0.0142857142857
52841	0.0142857142857
41037	0.0142180094787
4766	0.0140845070423
9178	0.0140845070423
14555	0.0140845070423
18295	0.0140845070423
38661	0.0140845070423
47273	0.0140845070423
51292	0.0140845070423
41132	0.0140056022409
13119	0.013986013986
13621	0.013986013986
2387	0.0138888888889
13653	0.0138888888889
19469	0.0138888888889
25442	0.0138888888889
38577	0.0138888888889
40645	0.0138888888889
52946	0.0138888888889
59607	0.0138888888889
2355	0.013698630137
14181	0.013698630137
26318	0.013698630137
27707	0.013698630137
51676	0.013698630137
34109	0.0136054421769
3669	0.0135135135135
4337	0.0134228187919
45223	0.0133630289532
7884	0.0133333333333
9924	0.0133333333333
15197	0.0133333333333
38201	0.0133333333333
38307	0.0133333333333
42029	0.0133333333333
53338	0.0133333333333
3156	0.0132450331126
3406	0.0131578947368
8894	0.0131578947368
26295	0.0131578947368
36409	0.0131578947368
41409	0.0131578947368
51422	0.0131578947368
7161	0.0130718954248
41246	0.0130718954248
4753	0.012987012987
7749	0.012987012987
13092	0.012987012987
17095	0.012987012987
22873	0.012987012987
23605	0.012987012987
52196	0.012987012987
52981	0.012987012987
10844	0.0129032258065
4413	0.0128205128205
4502	0.0128205128205
16073	0.0128205128205
19465	0.0128205128205
21575	0.0128205128205
28799	0.0128205128205
32927	0.0128205128205
41433	0.0128205128205
44233	0.0128205128205
54577	0.0128205128205
59617	0.0128205128205
3866	0.0126582278481
18596	0.0126582278481
21298	0.0126582278481
52276	0.0126582278481
37762	0.0126050420168
40942	0.0125786163522
7509	0.0125
21795	0.0125
26274	0.0125
33709	0.0125
37073	0.0125
50959	0.0125
8210	0.0124223602484
21715	0.0123456790123
41030	0.0123456790123
41581	0.0123456790123
57798	0.0123456790123
10287	0.0122448979592
4149	0.0121951219512
24717	0.0121951219512
30619	0.0121951219512
44117	0.0121951219512
50871	0.0121951219512
22401	0.0121212121212
2679	0.0120481927711
2720	0.0120481927711
4867	0.0120481927711
10103	0.0120481927711
22018	0.0120481927711
29067	0.0120481927711
41880	0.0120481927711
45033	0.0120481927711
9720	0.0119047619048
18481	0.0119047619048
21983	0.0119047619048
48076	0.0119047619048
40992	0.0118343195266
48676	0.0117647058824
13318	0.011673151751
2288	0.0116279069767
26508	0.0116279069767
28793	0.0116279069767
31220	0.0116279069767
32130	0.0116279069767
43150	0.0116279069767
50979	0.0116279069767
51193	0.0116279069767
14253	0.0116086235489
47611	0.0115273775216
3385	0.0114942528736
19338	0.0114942528736
35594	0.0114942528736
35968	0.0114942528736
51178	0.0114503816794
1015	0.0113636363636
6440	0.0113636363636
7739	0.0113636363636
11553	0.0113636363636
13385	0.0113636363636
33143	0.0113636363636
41833	0.0113636363636
23121	0.0112994350282
1256	0.0112359550562
4769	0.0112359550562
33523	0.0112359550562
6573	0.0111111111111
18374	0.0111111111111
18813	0.0111111111111
34649	0.0111111111111
42326	0.0111111111111
49985	0.0111111111111
8189	0.010989010989
41271	0.010989010989
52711	0.010989010989
59133	0.010989010989
95	0.0108695652174
12719	0.0108695652174
39343	0.0108695652174
22426	0.010752688172
37588	0.010752688172
39286	0.010752688172
41083	0.010752688172
41653	0.010752688172
48662	0.010752688172
55746	0.010752688172
5697	0.0106382978723
17767	0.0106382978723
3488	0.0105263157895
5637	0.0105263157895
41239	0.0105263157895
52645	0.0105263157895
4174	0.0104166666667
22396	0.0104166666667
6601	0.0103092783505
9288	0.0103092783505
13927	0.0103092783505
42931	0.0103092783505
49448	0.0103092783505
49791	0.0103092783505
51563	0.0103092783505
59562	0.0103092783505
5023	0.0102040816327
6254	0.0102040816327
28486	0.0102040816327
31494	0.0102040816327
51228	0.0102040816327
51492	0.0102040816327
52092	0.0102040816327
9715	0.010101010101
12856	0.010101010101
15602	0.010101010101
20010	0.010101010101
33716	0.010101010101
41167	0.010101010101
6305	0.01
21312	0.01
27471	0.01
28805	0.01
42799	0.01
28396	0.00990099009901
45717	0.00990099009901
50886	0.00990099009901
6360	0.00986842105263
1753	0.00980392156863
1821	0.00980392156863
34096	0.00980392156863
41942	0.00980392156863
33775	0.00970873786408
14233	0.00961538461538
37190	0.00961538461538
42320	0.00961538461538
51359	0.00961538461538
1309	0.00956937799043
47633	0.00952380952381
16231	0.00943396226415
37060	0.00943396226415
39288	0.00943396226415
21845	0.00934579439252
30949	0.00934579439252
10646	0.00925925925926
12343	0.00925925925926
3986	0.00917431192661
5113	0.00917431192661
22238	0.00917431192661
38959	0.00917431192661
28298	0.00909090909091
41045	0.00909090909091
52697	0.00909090909091
689	0.00907029478458
26868	0.00900900900901
50875	0.00900900900901
3481	0.00892857142857
14275	0.00892857142857
20111	0.00892857142857
25091	0.00892857142857
33377	0.00892857142857
41826	0.00892857142857
59890	0.00892857142857
27255	0.00888888888889
35400	0.00888888888889
29591	0.00884955752212
29855	0.00884955752212
40978	0.00884955752212
44776	0.00884955752212
49689	0.00884955752212
40318	0.00881057268722
41134	0.00881057268722
3316	0.00877192982456
5311	0.00877192982456
32411	0.00877192982456
41111	0.00877192982456
42753	0.00877192982456
10397	0.00869565217391
31656	0.00869565217391
36494	0.00869565217391
37947	0.00869565217391
47675	0.00869565217391
51632	0.00869565217391
24803	0.00862068965517
31875	0.00862068965517
35245	0.00862068965517
51549	0.00862068965517
1062	0.00858369098712
6218	0.00854700854701
17583	0.00854700854701
21915	0.00854700854701
37169	0.00854700854701
52471	0.00851063829787
6404	0.00847457627119
22919	0.00847457627119
30923	0.00847457627119
32146	0.00833333333333
41056	0.00833333333333
46619	0.00833333333333
48902	0.00833333333333
51039	0.00833333333333
5672	0.00826446280992
41425	0.00826446280992
41642	0.00826446280992
49397	0.00826446280992
51030	0.00826446280992
53361	0.00826446280992
39549	0.0082304526749
17938	0.0082135523614
17554	0.00819672131148
3826	0.00813008130081
7427	0.00813008130081
13098	0.00813008130081
42977	0.00813008130081
1921	0.008
20875	0.00796812749004
35847	0.00796812749004
5552	0.00793650793651
12325	0.00793650793651
22690	0.00793650793651
30845	0.00793650793651
32246	0.00793650793651
41099	0.00793650793651
41443	0.00793650793651
2171	0.00787401574803
9818	0.00787401574803
42545	0.00787401574803
1169	0.0078125
10047	0.0078125
26173	0.0078125
32809	0.0078125
16264	0.0077519379845
27320	0.0077519379845
31868	0.0077519379845
37577	0.0077519379845
51054	0.0077519379845
3426	0.00769230769231
21550	0.00769230769231
41063	0.00769230769231
13216	0.00763358778626
22798	0.00763358778626
51875	0.00763358778626
22621	0.00757575757576
29909	0.00757575757576
43354	0.00757575757576
38790	0.00754716981132
7451	0.00751879699248
25440	0.00751879699248
32120	0.00751879699248
39323	0.00751879699248
41489	0.00751879699248
30585	0.00746268656716
36418	0.00746268656716
10281	0.00740740740741
11060	0.00740740740741
11798	0.00740740740741
30793	0.00740740740741
40344	0.00740740740741
41468	0.00740740740741
7095	0.00735294117647
7413	0.00735294117647
18836	0.00729927007299
18997	0.00729927007299
4704	0.00724637681159
39915	0.00724637681159
1752	0.00719424460432
4977	0.00719424460432
22971	0.00714285714286
23337	0.00714285714286
40847	0.00714285714286
41181	0.00714285714286
41011	0.00709219858156
949	0.0070796460177
34254	0.00704225352113
25937	0.00701754385965
4513	0.00699300699301
27642	0.00699300699301
28286	0.00699300699301
13955	0.00696864111498
10010	0.00689655172414
1039	0.00684931506849
5164	0.00684931506849
6781	0.00684931506849
26098	0.00684931506849
16379	0.00680272108844
22534	0.00680272108844
41073	0.00680272108844
3827	0.00678733031674
23011	0.00677966101695
6444	0.00675675675676
17483	0.00675675675676
35047	0.00675675675676
37111	0.00672268907563
5089	0.00671140939597
12432	0.00671140939597
41154	0.00671140939597
10096	0.00666666666667
16447	0.00666666666667
618	0.00662251655629
17152	0.00662251655629
21311	0.00662251655629
24429	0.00662251655629
34522	0.00662251655629
51575	0.00662251655629
52525	0.00662251655629
8681	0.00660066006601
36364	0.00657894736842
3554	0.00649350649351
36078	0.00649350649351
10089	0.00645161290323
22643	0.00645161290323
35199	0.00645161290323
41058	0.00643776824034
15233	0.00641025641026
27125	0.00641025641026
34676	0.00641025641026
27128	0.00638977635783
384	0.00636942675159
4739	0.00636942675159
40989	0.00636942675159
41059	0.00636942675159
3533	0.00632911392405
3486	0.0062893081761
21989	0.0062893081761
50883	0.0062893081761
23222	0.00625
27906	0.00625
33780	0.00625
39426	0.00625
38262	0.00623052959502
41060	0.00621118012422
41015	0.0061919504644
34967	0.00617283950617
40982	0.00615384615385
18340	0.00613496932515
18361	0.00613496932515
107	0.00609756097561
13642	0.00609756097561
15381	0.00609756097561
23415	0.00609756097561
30789	0.00609756097561
40482	0.00609756097561
51029	0.00609756097561
59506	0.00609756097561
3297	0.00606060606061
4144	0.00606060606061
17915	0.00606060606061
25384	0.00606060606061
25942	0.00606060606061
37409	0.00606060606061
51155	0.00606060606061
51699	0.00606060606061
51838	0.00606060606061
5774	0.00602409638554
25332	0.00602409638554
34169	0.0060120240481
259	0.0059880239521
3365	0.0059880239521
10852	0.0059880239521
29532	0.0059880239521
41593	0.0059880239521
42954	0.0059880239521
51168	0.0059880239521
29845	0.00595238095238
32594	0.00595238095238
48572	0.00593471810089
11000	0.00591715976331
13120	0.00591715976331
17948	0.00591715976331
27218	0.00591715976331
28810	0.00591715976331
41378	0.00591715976331
27890	0.00588235294118
34858	0.00588235294118
2142	0.00584795321637
33727	0.00584795321637
37198	0.00584795321637
51485	0.00584795321637
35162	0.00581395348837
4708	0.00578871201158
6417	0.00574712643678
27723	0.00574712643678
41034	0.00574712643678
51121	0.00574712643678
41278	0.00571428571429
33850	0.00568181818182
24970	0.00564971751412
51213	0.00564971751412
30901	0.00561797752809
4479	0.00558659217877
11300	0.00558659217877
41177	0.00558659217877
11769	0.00556586270872
1231	0.00555555555556
37238	0.00555555555556
38492	0.00555555555556
41013	0.00555555555556
41204	0.00555555555556
23265	0.00552486187845
452	0.00549450549451
6689	0.00549450549451
18112	0.00549450549451
25047	0.00549450549451
41097	0.00549450549451
18661	0.00546448087432
39265	0.00546448087432
41374	0.00546448087432
3842	0.0054347826087
12188	0.0054347826087
30812	0.0054347826087
34073	0.00540540540541
16420	0.00536193029491
28742	0.00534759358289
30982	0.00534759358289
2840	0.00531914893617
14207	0.0053050397878
26599	0.00529100529101
31307	0.00529100529101
41157	0.00529100529101
12017	0.00526315789474
16076	0.00523560209424
21507	0.00523560209424
29902	0.00523560209424
867	0.00522193211488
5519	0.00520833333333
40983	0.00520833333333
41129	0.00519480519481
22230	0.00518134715026
22524	0.00518134715026
37194	0.00518134715026
41452	0.00518134715026
41530	0.00515463917526
44433	0.00512820512821
51146	0.00512820512821
29360	0.00510204081633
31483	0.00508905852417
7261	0.00500834724541
2084	0.005
9761	0.005
15636	0.005
26195	0.005
23174	0.00498753117207
2595	0.00497512437811
5419	0.00497512437811
10653	0.00497512437811
24684	0.00497512437811
9625	0.00492610837438
17306	0.00492610837438
15306	0.00490196078431
3515	0.00487804878049
16209	0.00487012987013
4695	0.00485436893204
50885	0.00485436893204
28610	0.0048309178744
20173	0.00481927710843
1489	0.00480769230769
33678	0.00480769230769
39447	0.00479041916168
27525	0.00478468899522
3859	0.0047619047619
41366	0.0047619047619
27051	0.00473933649289
11165	0.00471698113208
12388	0.00470588235294
25586	0.00470588235294
900	0.00468018720749
17611	0.00467289719626
20529	0.00467289719626
40289	0.00467289719626
8397	0.004662004662
23150	0.00462249614792
5918	0.00460829493088
17346	0.00460829493088
53069	0.0045871559633
1361	0.00456621004566
51099	0.00454545454545
18172	0.00452488687783
10727	0.00448430493274
50851	0.00448430493274
21331	0.00446428571429
39209	0.00444444444444
1632	0.00442477876106
29492	0.00440528634361
40977	0.00440528634361
41091	0.00440528634361
50937	0.00440528634361
29780	0.00438596491228
32811	0.00436681222707
38493	0.00436681222707
2186	0.004329004329
37052	0.004329004329
5693	0.00431965442765
14604	0.00431034482759
15794	0.00429184549356
4900	0.0042735042735
6372	0.0042735042735
17068	0.0042735042735
28043	0.0042735042735
44281	0.0042735042735
4390	0.00423728813559
34519	0.00423728813559
41499	0.00420168067227
28633	0.00418410041841
3531	0.00417536534447
18205	0.00416666666667
9188	0.00413223140496
45139	0.00411522633745
50845	0.00411522633745
7419	0.00410396716826
22743	0.00409836065574
39383	0.00409836065574
18607	0.00408163265306
39027	0.00408163265306
40965	0.00407830342577
2344	0.00404448938322
50923	0.00403225806452
3133	0.00399467376831
27358	0.00396825396825
33895	0.00395256916996
40984	0.00395256916996
41018	0.00394736842105
40995	0.00393700787402
47637	0.00393700787402
31312	0.00392156862745
21797	0.00389105058366
41347	0.00387596899225
34369	0.00385356454721
38203	0.00384615384615
2463	0.00383509108341
40971	0.00380952380952
41001	0.00380228136882
31877	0.00378787878788
29992	0.00377358490566
44184	0.00377358490566
18556	0.00375939849624
40999	0.00374531835206
33142	0.00373134328358
41326	0.00373134328358
41090	0.00372670807453
3312	0.00372439478585
50995	0.00371747211896
51041	0.00371057513915
35021	0.0037037037037
4399	0.00367647058824
13935	0.00366972477064
25405	0.003663003663
28443	0.003663003663
29739	0.003663003663
5231	0.00365344467641
5599	0.00363636363636
37426	0.00362976406534
3139	0.0036231884058
30794	0.0036231884058
11201	0.00361010830325
35178	0.00361010830325
41705	0.00361010830325
1676	0.00359712230216
25414	0.00359712230216
7390	0.00358422939068
29277	0.00358422939068
4242	0.00357142857143
2312	0.00356506238859
4489	0.00355871886121
38794	0.00355871886121
5460	0.00353356890459
6564	0.00353356890459
41368	0.00353356890459
52018	0.00353356890459
2745	0.00353107344633
38807	0.00352112676056
51212	0.0034965034965
11746	0.00348432055749
16449	0.00348432055749
28407	0.00348432055749
53040	0.00348432055749
29724	0.00347222222222
19090	0.00346020761246
3445	0.00344827586207
40969	0.00344827586207
3991	0.00343642611684
51006	0.00343642611684
2448	0.00342465753425
2401	0.00341296928328
21772	0.00340136054422
28055	0.00340136054422
6954	0.00338983050847
7214	0.00337837837838
29145	0.00335570469799
1928	0.00334448160535
42424	0.00333333333333
34224	0.00332594235033
41042	0.00332225913621
14115	0.00331125827815
34637	0.00331125827815
34548	0.003300330033
1239	0.00328947368421
7444	0.00328947368421
51027	0.00327868852459
26863	0.00327332242226
2898	0.00327153762268
253	0.00326797385621
52225	0.00325732899023
1918	0.00324675324675
35049	0.0032414910859
4121	0.00323624595469
5100	0.00323624595469
12610	0.0032310177706
37225	0.00322580645161
50901	0.00322580645161
2409	0.0032154340836
32188	0.0032154340836
4396	0.00320718409237
7340	0.00319829424307
7299	0.0031847133758
35237	0.0031847133758
28051	0.00318217979316
13339	0.0031746031746
38987	0.0031746031746
1064	0.00314465408805
30020	0.00314465408805
16927	0.00313479623824
17715	0.00313479623824
39136	0.0030935808198
1902	0.00308324768756
32453	0.00305810397554
17596	0.0030487804878
1135	0.00303490136571
27535	0.00302114803625
17987	0.003003003003
41434	0.00299401197605
39546	0.00298507462687
41029	0.00298507462687
41165	0.00298507462687
34683	0.00297619047619
3535	0.00296735905045
11232	0.00296735905045
40964	0.00295857988166
36398	0.0029296875
4485	0.00292397660819
7349	0.00292397660819
18701	0.00291545189504
9656	0.00291120815138
41016	0.00290275761974
23786	0.00289855072464
11307	0.0028901734104
18301	0.0028901734104
25078	0.00285714285714
26584	0.00285714285714
5503	0.00285442435775
21906	0.002849002849
50939	0.00284090909091
2037	0.002828854314
7312	0.00282752120641
5237	0.00282485875706
34897	0.00282485875706
40987	0.00282087447109
4644	0.00281690140845
9252	0.00280112044818
7317	0.00277008310249
25453	0.00277008310249
34830	0.00277008310249
5622	0.00276243093923
879	0.00274725274725
30471	0.00273224043716
5809	0.00271247739602
16917	0.00271002710027
20506	0.00269541778976
38822	0.00269541778976
24522	0.00265957446809
5112	0.00265780730897
1438	0.0026455026455
18515	0.0026455026455
19547	0.00263157894737
25738	0.00261324041812
23481	0.0025974025974
5204	0.0025706940874
9538	0.0025706940874
10987	0.0025641025641
23642	0.0025641025641
42156	0.00255754475703
5157	0.0025354969574
20818	0.00250626566416
51096	0.00250626566416
51133	0.00250626566416
1119	0.00249376558603
35563	0.0024620434961
6812	0.00245298446443
1380	0.00244498777506
869	0.00244379276637
41092	0.00243309002433
41467	0.0024154589372
41027	0.00238663484487
4655	0.00236806495264
6427	0.00235501913453
35045	0.00234741784038
7300	0.00234192037471
38191	0.00233644859813
7518	0.002331002331
11778	0.002331002331
38793	0.00232153221126
497	0.00229357798165
31830	0.00229357798165
18613	0.00228136882129
29861	0.00223713646532
26805	0.00222816399287
23666	0.0022271714922
1399	0.00222222222222
20075	0.00221729490022
4518	0.00219490781387
21545	0.00218818380744
631	0.00218340611354
3280	0.00217864923747
40988	0.00217864923747
41332	0.00217864923747
4137	0.00215517241379
18311	0.00215517241379
15228	0.00215053763441
3419	0.00214592274678
12423	0.00214132762313
35703	0.00214132762313
41044	0.00214132762313
33762	0.00213219616205
19599	0.0021186440678
9200	0.00210748155954
5432	0.00208768267223
22383	0.00208188757807
27865	0.00207468879668
4937	0.0020618556701
25051	0.00205761316872
36392	0.00205761316872
2	0.00203045685279
5593	0.00202429149798
41355	0.00201612903226
8709	0.00200668896321
11	0.00198609731877
39785	0.00198412698413
33841	0.00195694716243
19598	0.00195439739414
5673	0.001953125
9647	0.00193798449612
3527	0.0019305019305
1118	0.00192926045016
17586	0.0019267822736
3733	0.00190294957184
41985	0.00189393939394
11727	0.00188146754468
8732	0.00185528756957
32612	0.00184842883549
34367	0.00183318056829
22929	0.00182982616651
35136	0.0018281535649
27489	0.00182481751825
2333	0.00182315405652
921	0.00181653042688
21745	0.00180505415162
33887	0.0018018018018
17566	0.00178571428571
40980	0.0017793594306
41583	0.0017793594306
25098	0.00177304964539
13056	0.0017667844523
13111	0.00176159718144
37737	0.00175746924429
41074	0.00173310225303
12969	0.00171821305842
11655	0.00170068027211
41116	0.00170068027211
1743	0.00168634064081
38925	0.00168634064081
76	0.00166389351082
31440	0.00166251039069
2326	0.00162074554295
1497	0.00161725067385
4578	0.00161030595813
18456	0.00161030595813
27809	0.00158982511924
38584	0.00155520995334
25113	0.00153846153846
868	0.00153609831029
6304	0.00153609831029
26602	0.001523229246
992	0.00151745068285
20542	0.00150829562594
5120	0.00149700598802
4430	0.0014880952381
19601	0.00146092037984
4764	0.00144717800289
33634	0.00138888888889
29854	0.00137362637363
2419	0.00133511348465
14352	0.00132100396301
1422	0.00131061598952
2381	0.00131061598952
30899	0.00125470514429
1628	0.00124378109453
5420	0.00123915737299
14750	0.0011641443539
2290	0.00116346713205
28405	0.00115340253749
30980	0.00115207373272
5000	0.00110619469027
2007	0.001100110011
4654	0.00109051254089
893	0.00100250626566
41068	0.000952380952381
1048	0.000948766603416
4563	0.000927643784787
3933	0.000917431192661
4916	0.000905797101449
22744	0.000879507475814
18777	0.000848896434635
4846	0.00078431372549
1503	0.000556483027268
