3342	0.333333333333
43470	0.333333333333
27037	0.25
33601	0.25
53556	0.25
56019	0.25
1619	0.2
10814	0.2
13781	0.2
17202	0.2
18744	0.2
18990	0.2
52631	0.2
57199	0.2
57690	0.2
56062	0.166666666667
58137	0.166666666667
59630	0.166666666667
11144	0.142857142857
15639	0.142857142857
34888	0.142857142857
51678	0.142857142857
53274	0.142857142857
16467	0.125
21826	0.125
44937	0.125
55920	0.125
59596	0.125
60145	0.125
15205	0.111111111111
17076	0.111111111111
17594	0.111111111111
20293	0.111111111111
28814	0.111111111111
29666	0.111111111111
37804	0.111111111111
60037	0.111111111111
22092	0.1
34885	0.1
49854	0.1
59294	0.1
17067	0.0909090909091
35771	0.0909090909091
37596	0.0909090909091
53169	0.0909090909091
9124	0.0833333333333
14301	0.0833333333333
22821	0.0833333333333
27501	0.0833333333333
32701	0.0833333333333
42785	0.0833333333333
20036	0.0769230769231
45870	0.0769230769231
56032	0.0769230769231
3090	0.0714285714286
31030	0.0714285714286
38033	0.0714285714286
30650	0.0666666666667
31874	0.0666666666667
32976	0.0666666666667
41026	0.0666666666667
10960	0.0625
26761	0.0625
34547	0.0625
42554	0.0625
51090	0.0625
19630	0.0588235294118
23827	0.0588235294118
59546	0.0588235294118
20513	0.0555555555556
27510	0.0555555555556
34828	0.0555555555556
56485	0.0555555555556
12092	0.0526315789474
17545	0.0526315789474
52243	0.0526315789474
17615	0.05
46721	0.05
52889	0.05
1198	0.047619047619
6398	0.047619047619
10384	0.047619047619
10893	0.047619047619
17717	0.047619047619
43284	0.047619047619
51239	0.047619047619
52021	0.047619047619
59931	0.047619047619
22924	0.0454545454545
25915	0.0454545454545
45639	0.0454545454545
51428	0.0454545454545
52522	0.0454545454545
3432	0.0434782608696
35259	0.0434782608696
43691	0.0434782608696
51695	0.0434782608696
5076	0.0416666666667
30898	0.0416666666667
33175	0.0416666666667
55200	0.0416666666667
4948	0.04
5817	0.04
25920	0.04
30335	0.04
32155	0.04
33382	0.04
49415	0.04
52633	0.04
3523	0.0384615384615
43518	0.0384615384615
46728	0.0384615384615
52922	0.0384615384615
23822	0.037037037037
25073	0.037037037037
26013	0.037037037037
27514	0.037037037037
34656	0.037037037037
501	0.0357142857143
11237	0.0357142857143
18338	0.0357142857143
19290	0.0357142857143
43596	0.0357142857143
51441	0.0357142857143
785	0.0344827586207
6506	0.0344827586207
27308	0.0344827586207
28574	0.0344827586207
37478	0.0344827586207
53113	0.0344827586207
53380	0.0344827586207
59522	0.0344827586207
19620	0.0333333333333
30671	0.0333333333333
3966	0.0322580645161
4506	0.0322580645161
43698	0.0322580645161
9323	0.03125
17442	0.03125
34211	0.03125
37316	0.03125
12971	0.030303030303
18399	0.030303030303
19444	0.030303030303
3911	0.0294117647059
51671	0.0294117647059
8248	0.0285714285714
26391	0.0285714285714
41680	0.0285714285714
48295	0.0285714285714
55950	0.0285714285714
7531	0.0277777777778
14407	0.0277777777778
327	0.027027027027
41795	0.027027027027
43484	0.027027027027
51224	0.027027027027
53297	0.027027027027
17982	0.0263157894737
24437	0.0263157894737
35359	0.0263157894737
41283	0.0263157894737
52281	0.0263157894737
11159	0.025641025641
12776	0.025641025641
37587	0.025641025641
41827	0.025641025641
51993	0.025641025641
27500	0.025
32006	0.025
17139	0.0243902439024
15843	0.0238095238095
28828	0.0238095238095
33627	0.0238095238095
50252	0.0238095238095
1973	0.0232558139535
5280	0.0232558139535
23141	0.0232558139535
42317	0.0232558139535
43603	0.0232558139535
14274	0.0227272727273
14439	0.0222222222222
18522	0.0222222222222
25140	0.0222222222222
40126	0.0222222222222
42514	0.021978021978
50527	0.0217391304348
15514	0.0212765957447
38575	0.0212765957447
52904	0.0208333333333
18688	0.0204081632653
1898	0.02
6517	0.02
21750	0.02
41321	0.02
42713	0.02
51488	0.02
52567	0.02
817	0.0196078431373
40503	0.0196078431373
50330	0.0194174757282
26724	0.0192307692308
41461	0.0192307692308
51462	0.0188679245283
52573	0.0188679245283
8372	0.0185185185185
35722	0.0185185185185
4635	0.0181818181818
15730	0.0181818181818
22234	0.0181818181818
52906	0.0181818181818
2734	0.0178571428571
3981	0.0178571428571
8198	0.0178571428571
51012	0.0178571428571
52017	0.0178571428571
7197	0.0172413793103
16322	0.0172413793103
41577	0.0172413793103
18213	0.0169491525424
22050	0.0169491525424
35148	0.016393442623
36411	0.016393442623
1281	0.0161290322581
11430	0.0161290322581
51336	0.015873015873
1386	0.015625
52549	0.015625
2355	0.0151515151515
8089	0.0151515151515
30694	0.0151515151515
554	0.0149253731343
33720	0.0149253731343
26659	0.0147058823529
49024	0.0144927536232
50911	0.0144927536232
3876	0.0142857142857
17095	0.0142857142857
32735	0.0142857142857
46731	0.0138888888889
26274	0.013698630137
35275	0.013698630137
4867	0.0131578947368
53234	0.012987012987
4743	0.0129032258065
123	0.0128205128205
37409	0.0127388535032
28621	0.0126582278481
42468	0.0126582278481
51795	0.0125
52952	0.0125
33599	0.0123456790123
1256	0.0121951219512
26509	0.0121951219512
13660	0.0121212121212
33862	0.0121212121212
17570	0.0119047619048
41201	0.0119047619048
41271	0.0119047619048
95	0.0117647058824
17922	0.0116279069767
20752	0.0116279069767
30185	0.0116279069767
52560	0.0116279069767
3861	0.0114942528736
52362	0.0114942528736
16802	0.0113636363636
28749	0.0112359550562
1323	0.0111111111111
12484	0.0111111111111
37670	0.0111111111111
50943	0.0111111111111
51228	0.010989010989
14839	0.0108695652174
11784	0.010752688172
21227	0.010752688172
41078	0.010752688172
2681	0.0106382978723
53039	0.0106382978723
694	0.0105263157895
22231	0.0104166666667
41257	0.0104166666667
29583	0.0103092783505
37190	0.0103092783505
29596	0.0102040816327
42053	0.0102040816327
22031	0.010101010101
8839	0.01
27859	0.01
10340	0.00980392156863
22238	0.00980392156863
41704	0.00980392156863
4044	0.00961538461538
7645	0.00961538461538
3481	0.00952380952381
4604	0.00934579439252
10045	0.00925925925926
6904	0.00917431192661
12167	0.00917431192661
50812	0.00892857142857
1324	0.00884955752212
18199	0.00877192982456
41425	0.00877192982456
26711	0.00869565217391
53114	0.00869565217391
7427	0.00862068965517
51988	0.00862068965517
2905	0.00854700854701
27207	0.00854700854701
41055	0.00854700854701
41279	0.00847457627119
15373	0.00840336134454
41443	0.00840336134454
9818	0.00833333333333
50941	0.00833333333333
25570	0.00826446280992
4070	0.00819672131148
29543	0.00819672131148
3426	0.00813008130081
51875	0.00806451612903
51274	0.00793650793651
16831	0.00787401574803
19799	0.00787401574803
43178	0.0077519379845
34607	0.00769230769231
4399	0.00757575757576
4625	0.00757575757576
51415	0.00757575757576
52240	0.00757575757576
37201	0.00746268656716
41287	0.00746268656716
3698	0.00735294117647
4513	0.00735294117647
14013	0.00729927007299
51246	0.00729927007299
50903	0.00724637681159
38519	0.00714285714286
41066	0.00714285714286
51071	0.00704225352113
52802	0.00704225352113
4337	0.00699300699301
46722	0.00699300699301
37557	0.00689655172414
15851	0.00680272108844
19687	0.00675675675676
12501	0.00666666666667
41940	0.00662251655629
16912	0.00657894736842
50870	0.00657894736842
38800	0.00649350649351
34967	0.00645161290323
52738	0.00645161290323
13064	0.00641025641026
15714	0.00641025641026
107	0.00636942675159
30789	0.00636942675159
34217	0.00636942675159
10157	0.00632911392405
11128	0.00632911392405
51838	0.00632911392405
10852	0.00625
22018	0.00625
51168	0.00625
14343	0.00621118012422
39360	0.00609756097561
51394	0.00609756097561
2660	0.00606060606061
49336	0.00606060606061
51120	0.00606060606061
51121	0.0059880239521
24970	0.00588235294118
37238	0.00578034682081
48489	0.00564971751412
16273	0.00561797752809
32483	0.00561797752809
25891	0.00555555555556
21507	0.0054347826087
26158	0.0054347826087
7198	0.00540540540541
22230	0.00537634408602
20800	0.00534759358289
38787	0.00534759358289
13317	0.00531914893617
35514	0.0053050397878
21337	0.00529100529101
35581	0.00529100529101
41085	0.00529100529101
29705	0.00526315789474
3781	0.00523560209424
7956	0.00523560209424
9761	0.00518134715026
26195	0.00518134715026
5419	0.00515463917526
10653	0.00515463917526
27471	0.00515463917526
7533	0.00512820512821
52029	0.00510204081633
15306	0.00507614213198
10166	0.00505050505051
12182	0.00505050505051
4695	0.00502512562814
41025	0.00502512562814
53342	0.00502512562814
27579	0.00497512437811
27051	0.00490196078431
41012	0.00490196078431
20529	0.0048309178744
34929	0.00478468899522
25413	0.0046511627907
51721	0.00462962962963
52258	0.00462962962963
3827	0.0045871559633
14360	0.0045045045045
31879	0.0045045045045
13960	0.00448430493274
19201	0.00444444444444
15794	0.00442477876106
21648	0.00442477876106
4900	0.00440528634361
17068	0.00440528634361
37961	0.00440528634361
51724	0.00440528634361
37115	0.00438596491228
3419	0.00436681222707
34519	0.00436681222707
52471	0.00436681222707
41353	0.00434782608696
41041	0.004329004329
17952	0.00423728813559
47628	0.00423728813559
50845	0.00423728813559
52332	0.00418410041841
4339	0.00414937759336
6803	0.00411522633745
40970	0.00409836065574
23667	0.00408163265306
27358	0.00408163265306
33895	0.00406504065041
4005	0.00404858299595
6789	0.00398406374502
41347	0.00398406374502
2110	0.00396825396825
50944	0.00392156862745
26416	0.00390625
17939	0.00389105058366
28128	0.00384615384615
38232	0.00381679389313
2757	0.00380228136882
11504	0.00377358490566
51158	0.00375939849624
13935	0.00371747211896
27094	0.00367647058824
41061	0.00367647058824
21558	0.00357142857143
40969	0.00353356890459
50879	0.00353356890459
51006	0.00352112676056
28055	0.00348432055749
6444	0.00344827586207
41042	0.00340136054422
41258	0.00335570469799
51027	0.00335570469799
684	0.00333333333333
5100	0.00331125827815
41098	0.00331125827815
22643	0.00328947368421
12121	0.00326797385621
7299	0.00325732899023
35237	0.00325732899023
35728	0.00324675324675
40979	0.00324675324675
27527	0.00320512820513
27906	0.0031847133758
12467	0.0031746031746
900	0.00314960629921
1655	0.003125
25113	0.00311526479751
38959	0.00310559006211
17987	0.00306748466258
41000	0.00305810397554
41165	0.0030487804878
29686	0.00303951367781
11232	0.0030303030303
41609	0.00302114803625
3943	0.00301204819277
28047	0.00301204819277
22579	0.00299401197605
29591	0.00299401197605
34147	0.00296735905045
18301	0.00294985250737
41034	0.00292397660819
2186	0.00291120815138
50957	0.0028901734104
34897	0.0028818443804
37392	0.0028818443804
41048	0.0028818443804
5503	0.00287356321839
25324	0.00287356321839
47774	0.00287356321839
742	0.00285714285714
3553	0.0028328611898
7317	0.00282485875706
25453	0.00282485875706
41132	0.00282485875706
38932	0.00280898876404
879	0.00280112044818
41374	0.00277777777778
21323	0.0027397260274
27949	0.00273224043716
35809	0.00271739130435
14207	0.00269541778976
18515	0.00269541778976
20630	0.0026525198939
40995	0.0026455026455
11664	0.00263852242744
41129	0.00263852242744
51096	0.00255102040816
932	0.00252525252525
51019	0.0025
1113	0.00247524752475
4711	0.00244498777506
22971	0.00240963855422
5553	0.00239234449761
25586	0.00238663484487
7518	0.00236966824645
4951	0.00236406619385
497	0.002331002331
22251	0.002331002331
23666	0.00226244343891
20075	0.00225225225225
3273	0.00224466891134
631	0.00221729490022
49394	0.00221729490022
253	0.00219298245614
19599	0.00215053763441
23782	0.0021186440678
29309	0.0021186440678
3531	0.00211416490486
36392	0.00208768267223
4937	0.00207684319834
17938	0.00207039337474
5593	0.00205338809035
17711	0.00204498977505
33841	0.00198412698413
5673	0.0019801980198
21797	0.00196850393701
3527	0.00195694716243
30269	0.00189393939394
51041	0.00187617260788
11769	0.00187265917603
32612	0.00187265917603
3933	0.00184842883549
27489	0.00184842883549
33887	0.00182481751825
35178	0.00182481751825
41583	0.0018018018018
25098	0.00179533213645
1931	0.00179211469534
949	0.0017825311943
37737	0.0017793594306
38925	0.00170648464164
31440	0.00167224080268
14253	0.00166112956811
7175	0.00164203612479
16209	0.00163666121113
32188	0.00162337662338
1064	0.0015873015873
6304	0.00155279503106
20542	0.0015243902439
27535	0.0015243902439
4708	0.00145560407569
50863	0.0014450867052
2037	0.00142653352354
5237	0.0014245014245
33634	0.00140252454418
5432	0.00139762403913
22383	0.001393728223
7419	0.00137741046832
20506	0.00135869565217
14352	0.00133333333333
2381	0.00132275132275
3720	0.00131926121372
19598	0.00130804447351
30899	0.00126582278481
1119	0.00125628140704
1628	0.00125470514429
5420	0.00125
41090	0.00125
18584	0.00123456790123
39447	0.00120336943442
29277	0.00120192307692
28405	0.00116279069767
30980	0.00116144018583
1503	0.00111794298491
5000	0.00111482720178
34224	0.00111482720178
38203	0.001100110011
4654	0.0010989010989
2898	0.00109649122807
18311	0.00108459869848
28742	0.00107296137339
7340	0.0010718113612
9200	0.00106044538706
5231	0.00104493207941
36398	0.000981354268891
3733	0.000956937799043
1048	0.000955109837631
4563	0.00093370681606
2333	0.000916590284143
921	0.000913242009132
4916	0.000911577028259
5809	0.000908265213442
40962	0.000901713255185
2840	0.00088809946714
22744	0.000884955752212
4518	0.000879507475814
25738	0.00087489063867
22743	0.000821692686935
40965	0.000817661488144
868	0.000771604938272
18613	0.000763358778626
19601	0.000733675715334
41016	0.000727802037846
2745	0.00070771408351
8709	0.000671140939597
5112	0.000666222518321
5204	0.000644329896907
4396	0.000642673521851
6427	0.000588928150766
4578	0.0005382131324
5157	0.000507872016252
893	0.000502765208648
869	0.000488639139995
7312	0.000471698113208
26805	0.000446229361892
35563	0.00041067761807
4655	0.000338409475465
