5859	0.25
8523	0.25
33689	0.25
39095	0.25
46361	0.25
47209	0.25
54889	0.25
56446	0.25
3352	0.2
4858	0.2
6282	0.2
27869	0.2
47935	0.2
50764	0.2
54240	0.2
35	0.166666666667
12442	0.166666666667
17196	0.166666666667
25043	0.166666666667
26312	0.166666666667
30951	0.166666666667
31311	0.166666666667
43158	0.166666666667
50795	0.166666666667
55933	0.166666666667
59413	0.166666666667
60270	0.166666666667
1688	0.142857142857
21764	0.142857142857
29281	0.142857142857
31012	0.142857142857
52048	0.142857142857
52724	0.142857142857
54019	0.142857142857
54540	0.142857142857
60942	0.142857142857
14538	0.125
23065	0.125
37610	0.125
42455	0.125
42869	0.125
46067	0.125
50517	0.125
61267	0.125
12049	0.111111111111
12277	0.111111111111
13159	0.111111111111
24018	0.111111111111
25526	0.111111111111
30759	0.111111111111
33352	0.111111111111
36691	0.111111111111
37955	0.111111111111
48096	0.111111111111
59540	0.111111111111
8784	0.1
18358	0.1
25715	0.1
26527	0.1
42984	0.1
52114	0.1
16893	0.0909090909091
34605	0.0909090909091
38554	0.0909090909091
42586	0.0909090909091
49910	0.0909090909091
53249	0.0909090909091
59938	0.0909090909091
61446	0.0909090909091
10459	0.0833333333333
42898	0.0833333333333
58	0.0769230769231
10591	0.0769230769231
12178	0.0769230769231
22056	0.0769230769231
37650	0.0769230769231
38746	0.0769230769231
42115	0.0769230769231
43050	0.0769230769231
49045	0.0769230769231
54984	0.0769230769231
60017	0.0769230769231
60032	0.0769230769231
21235	0.0714285714286
31749	0.0714285714286
25283	0.0666666666667
30028	0.0666666666667
31960	0.0666666666667
42434	0.0666666666667
52987	0.0666666666667
12072	0.0625
16563	0.0625
44580	0.0625
46901	0.0625
3920	0.0588235294118
23895	0.0588235294118
51663	0.0588235294118
51920	0.0588235294118
5403	0.0555555555556
5645	0.0555555555556
9675	0.0555555555556
23827	0.0555555555556
29137	0.0555555555556
41678	0.0555555555556
42944	0.0555555555556
43701	0.0555555555556
5114	0.0526315789474
11742	0.0526315789474
13630	0.0526315789474
30615	0.0526315789474
3764	0.05
4759	0.05
5313	0.05
10097	0.05
10573	0.05
48636	0.05
61258	0.05
15836	0.047619047619
17426	0.047619047619
29161	0.047619047619
37695	0.047619047619
46721	0.047619047619
52087	0.047619047619
53363	0.047619047619
60185	0.047619047619
20433	0.0454545454545
21529	0.0454545454545
21691	0.0454545454545
34665	0.0454545454545
37796	0.0454545454545
2435	0.0434782608696
19879	0.0434782608696
25259	0.0434782608696
25915	0.0434782608696
43180	0.0434782608696
51970	0.0434782608696
52241	0.0434782608696
39059	0.0416666666667
51508	0.0416666666667
52448	0.0416666666667
2663	0.04
5739	0.04
7619	0.04
19118	0.04
41800	0.04
25630	0.0384615384615
27129	0.0384615384615
31460	0.0384615384615
44424	0.0384615384615
6179	0.037037037037
25086	0.037037037037
39584	0.037037037037
52984	0.037037037037
8970	0.0357142857143
9607	0.0357142857143
18067	0.0357142857143
20340	0.0357142857143
31491	0.0357142857143
34124	0.0357142857143
36761	0.0357142857143
38516	0.0357142857143
52709	0.0357142857143
60140	0.0357142857143
12386	0.0344827586207
14739	0.0344827586207
19816	0.0344827586207
29700	0.0344827586207
32289	0.0344827586207
34072	0.0344827586207
60108	0.0344827586207
60554	0.0344827586207
20640	0.0333333333333
21664	0.0333333333333
36888	0.0333333333333
41221	0.0333333333333
41974	0.0333333333333
42849	0.0333333333333
46729	0.0333333333333
51251	0.0333333333333
53113	0.0333333333333
6378	0.0322580645161
9686	0.0322580645161
25836	0.0322580645161
32029	0.0322580645161
186	0.03125
15717	0.03125
23603	0.03125
50518	0.03125
52109	0.03125
52557	0.03125
29343	0.030303030303
45712	0.030303030303
51066	0.030303030303
60026	0.030303030303
19099	0.0294117647059
23629	0.0294117647059
37032	0.0294117647059
42678	0.0294117647059
51556	0.0294117647059
52734	0.0294117647059
59691	0.0294117647059
338	0.0285714285714
51116	0.0285714285714
1972	0.0277777777778
6800	0.0277777777778
8248	0.0277777777778
41698	0.0277777777778
43755	0.0277777777778
52554	0.0277777777778
1171	0.027027027027
20261	0.027027027027
29656	0.027027027027
5445	0.0263157894737
32584	0.0263157894737
1903	0.025641025641
11888	0.025641025641
32851	0.025641025641
50912	0.025641025641
4381	0.025
12795	0.025
27593	0.025
37587	0.025
37985	0.025
43463	0.025
45994	0.025
8873	0.0243902439024
23190	0.0243902439024
35151	0.0243902439024
41449	0.0243902439024
51495	0.0243902439024
778	0.0238095238095
15869	0.0238095238095
21229	0.0238095238095
22949	0.0238095238095
30869	0.0238095238095
41009	0.0238095238095
10317	0.0232558139535
19606	0.0232558139535
26047	0.0232558139535
49431	0.0232558139535
50252	0.0232558139535
52513	0.0232558139535
2272	0.0227272727273
12819	0.0227272727273
53237	0.0227272727273
6940	0.0222222222222
13870	0.0222222222222
15596	0.0222222222222
41553	0.0222222222222
57828	0.0222222222222
61173	0.0222222222222
49350	0.021978021978
1111	0.0217391304348
5649	0.0217391304348
6473	0.0217391304348
33840	0.0217391304348
34158	0.0217391304348
3107	0.0212765957447
10961	0.0212765957447
1927	0.0208333333333
26904	0.0208333333333
41212	0.0208333333333
51857	0.0208333333333
59790	0.0208333333333
18492	0.0204081632653
59908	0.0204081632653
23765	0.02
50894	0.02
26828	0.019801980198
63	0.0196078431373
3925	0.0196078431373
6505	0.0196078431373
7466	0.0196078431373
16501	0.0196078431373
17734	0.0196078431373
12832	0.0192307692308
28074	0.0192307692308
34823	0.0192307692308
35030	0.0192307692308
39310	0.0192307692308
40139	0.0192307692308
41069	0.0192307692308
51738	0.0192307692308
60297	0.0192307692308
3481	0.0190476190476
1067	0.0188679245283
6711	0.0188679245283
34532	0.0188679245283
35569	0.0188679245283
41926	0.0188679245283
45891	0.0188679245283
49044	0.0188679245283
51050	0.0188679245283
60482	0.0188679245283
42753	0.018691588785
113	0.0185185185185
5820	0.0185185185185
29628	0.0185185185185
1199	0.0181818181818
5513	0.0181818181818
29053	0.0181818181818
35722	0.0181818181818
52131	0.0181818181818
20676	0.0178571428571
5484	0.0175438596491
41931	0.0175438596491
46742	0.0175438596491
1742	0.0172413793103
3964	0.0172413793103
21982	0.0172413793103
51745	0.0172413793103
4787	0.0169491525424
8965	0.0169491525424
12421	0.0169491525424
12838	0.0169491525424
52239	0.0169491525424
25806	0.0166666666667
52876	0.0166666666667
26529	0.016393442623
29573	0.016393442623
51053	0.016393442623
34128	0.0161290322581
42354	0.0161290322581
50249	0.0161290322581
52890	0.0161290322581
7084	0.015873015873
41180	0.015873015873
41398	0.015873015873
43414	0.015873015873
947	0.015625
2816	0.0153846153846
13653	0.0151515151515
18769	0.0151515151515
38577	0.0151515151515
51105	0.0151515151515
51746	0.0151515151515
59607	0.0151515151515
61411	0.0151515151515
30069	0.0149253731343
41350	0.0149253731343
11079	0.0147058823529
45200	0.0147058823529
24833	0.0144927536232
30834	0.0144927536232
14757	0.0142857142857
45459	0.0142857142857
14833	0.0140845070423
22873	0.0140845070423
51615	0.0140845070423
51937	0.0140845070423
10326	0.0138888888889
11069	0.0138888888889
25273	0.0138888888889
41791	0.0138888888889
42932	0.0138888888889
7346	0.013698630137
16770	0.013698630137
24320	0.013698630137
25117	0.013698630137
30943	0.013698630137
31634	0.013698630137
34659	0.013698630137
40477	0.0133333333333
42182	0.0133333333333
50871	0.0131578947368
2679	0.012987012987
3480	0.012987012987
8129	0.012987012987
12717	0.012987012987
45033	0.012987012987
24358	0.0128205128205
36054	0.0128205128205
10082	0.0125
41533	0.0125
51250	0.0125
34241	0.0124223602484
3385	0.0123456790123
52415	0.0123456790123
21375	0.0120481927711
39651	0.0120481927711
160	0.0119047619048
3205	0.0119047619048
41113	0.0119047619048
3690	0.0117647058824
17570	0.0117647058824
40641	0.0117647058824
43575	0.0117647058824
48221	0.0117647058824
52711	0.0117647058824
14406	0.0114942528736
22426	0.0114942528736
48910	0.0114942528736
18183	0.0114285714286
52362	0.0113636363636
1252	0.0112359550562
5637	0.0112359550562
18378	0.0112359550562
41086	0.0112359550562
3194	0.0111111111111
27045	0.0111111111111
3294	0.010989010989
6601	0.010989010989
13927	0.010989010989
13943	0.010989010989
37302	0.010989010989
36366	0.0108695652174
59627	0.0108695652174
41082	0.010752688172
6305	0.0106382978723
52891	0.0106382978723
32784	0.0105263157895
53039	0.0105263157895
4541	0.0104166666667
4998	0.0104166666667
21694	0.0104166666667
25432	0.0104166666667
18002	0.0103092783505
22195	0.0103092783505
26531	0.0103092783505
41257	0.0103092783505
37190	0.0102040816327
24971	0.010101010101
32684	0.010101010101
41093	0.0100334448161
17690	0.01
41715	0.01
42135	0.01
43828	0.01
397	0.00990099009901
43325	0.00990099009901
52536	0.00990099009901
71	0.00980392156863
44035	0.00980392156863
52428	0.00980392156863
68	0.00970873786408
41172	0.00970873786408
3120	0.00952380952381
20111	0.00943396226415
41179	0.00943396226415
41225	0.00943396226415
14525	0.00925925925926
17299	0.00925925925926
41111	0.00925925925926
47292	0.00925925925926
39140	0.00917431192661
24803	0.00909090909091
25240	0.00909090909091
6218	0.00900900900901
18641	0.00892857142857
41421	0.00892857142857
9753	0.00884955752212
19429	0.00884955752212
44486	0.00884955752212
33495	0.00881057268722
18276	0.00877192982456
51039	0.00877192982456
30324	0.00869565217391
30805	0.00869565217391
51988	0.00854700854701
1167	0.00840336134454
8246	0.00840336134454
41279	0.00840336134454
12325	0.00833333333333
13149	0.00833333333333
30845	0.00833333333333
512	0.0082304526749
53000	0.00819672131148
41194	0.00816326530612
15782	0.00813008130081
27048	0.00813008130081
2104	0.00806451612903
11087	0.008
10162	0.00793650793651
11004	0.00787401574803
13633	0.00787401574803
16340	0.00787401574803
25440	0.00787401574803
32120	0.00787401574803
42270	0.00787401574803
5884	0.0078125
41890	0.0078125
755	0.0077519379845
11798	0.0077519379845
12393	0.0077519379845
41161	0.0077519379845
26486	0.00763358778626
34607	0.00763358778626
38820	0.00763358778626
52240	0.00751879699248
27910	0.00746268656716
35535	0.00746268656716
41065	0.00740740740741
41287	0.00740740740741
41368	0.00724637681159
38807	0.0072202166065
39085	0.00719424460432
1990	0.00714285714286
16379	0.00709219858156
23244	0.00709219858156
26318	0.00709219858156
22684	0.00704225352113
41596	0.00704225352113
41832	0.00699300699301
46722	0.00694444444444
7214	0.00692041522491
23440	0.00689655172414
52525	0.00689655172414
51784	0.00684931506849
17637	0.00680272108844
17979	0.00680272108844
5715	0.00675675675676
36078	0.00675675675676
41246	0.00675675675676
5512	0.00673400673401
35199	0.00671140939597
21545	0.00668151447661
15233	0.00666666666667
13212	0.00662251655629
254	0.00657894736842
4508	0.00653594771242
34967	0.00641025641026
5616	0.00636942675159
13064	0.00636942675159
40482	0.00632911392405
51029	0.00632911392405
1537	0.0062893081761
3598	0.0062893081761
7344	0.0062893081761
10443	0.0062893081761
12194	0.0062893081761
4868	0.00623052959502
29532	0.00621118012422
32594	0.00617283950617
1390	0.00613496932515
11000	0.00613496932515
48076	0.00613496932515
7751	0.00609756097561
31850	0.00606060606061
39360	0.00606060606061
4485	0.00597014925373
6417	0.00595238095238
27723	0.00595238095238
1456	0.00591715976331
23786	0.00591715976331
41040	0.00588235294118
41088	0.00588235294118
41544	0.00588235294118
51655	0.00588235294118
16516	0.00584795321637
30466	0.00584795321637
40976	0.00584795321637
51213	0.00584795321637
23121	0.00581395348837
52065	0.00581395348837
1231	0.00574712643678
25376	0.00574712643678
39510	0.00574712643678
41546	0.00574712643678
6573	0.00571428571429
18374	0.00571428571429
42378	0.00571428571429
452	0.00568181818182
21557	0.00564971751412
32042	0.00564971751412
11749	0.00561797752809
30812	0.00561797752809
2865	0.00555555555556
41374	0.00555555555556
3204	0.00549450549451
54	0.00546448087432
26599	0.00546448087432
27949	0.00546448087432
29902	0.00540540540541
896	0.00534759358289
22524	0.00534759358289
11314	0.00529100529101
13317	0.00529100529101
29360	0.00526315789474
41085	0.00526315789474
7956	0.00520833333333
41047	0.00520833333333
3198	0.00518134715026
2595	0.00512820512821
5419	0.00512820512821
15083	0.00510204081633
9625	0.00507614213198
41171	0.005
20802	0.00497512437811
39366	0.00497512437811
1309	0.00490196078431
3859	0.00490196078431
41521	0.00490196078431
32490	0.00485436893204
4173	0.00484261501211
22971	0.00481927710843
13742	0.0047619047619
25431	0.0047619047619
53069	0.00471698113208
18172	0.0046511627907
13933	0.00462962962963
51721	0.00460829493088
33377	0.00456621004566
40977	0.00452488687783
40978	0.00452488687783
41140	0.0045045045045
19201	0.00442477876106
41332	0.00442477876106
1062	0.00438596491228
4390	0.00434782608696
41270	0.00434782608696
41058	0.00433839479393
39483	0.004329004329
41353	0.004329004329
37104	0.00431034482759
41499	0.00431034482759
49392	0.0042735042735
39383	0.00420168067227
40968	0.00409836065574
17147	0.00406504065041
23667	0.00406504065041
4005	0.00403225806452
31312	0.00401606425703
34920	0.00398406374502
41347	0.00396825396825
41253	0.00395256916996
26508	0.00393700787402
34199	0.00393700787402
9647	0.00392927308448
2811	0.00390625
17586	0.00390625
44184	0.003861003861
40971	0.00385356454721
18556	0.00384615384615
19288	0.00383141762452
40334	0.00383141762452
2313	0.00381679389313
9826	0.00381679389313
50864	0.00380228136882
50995	0.00380228136882
32862	0.00377358490566
4399	0.00375939849624
5420	0.00375469336671
17771	0.00373134328358
7390	0.003663003663
11201	0.0036496350365
41364	0.0036496350365
27171	0.0036231884058
6564	0.00361010830325
39585	0.00357142857143
16449	0.00355871886121
29724	0.00354609929078
3991	0.00350877192982
6954	0.00346020761246
23011	0.00344827586207
29145	0.00342465753425
41042	0.00338983050847
37111	0.00338409475465
1239	0.00335570469799
35958	0.00334448160535
4654	0.003300330033
11481	0.003300330033
41067	0.003300330033
4121	0.00326797385621
41126	0.00324675324675
38987	0.00323624595469
41243	0.00319488817891
41032	0.003125
1655	0.00311526479751
18361	0.00311526479751
23150	0.00310559006211
41156	0.00307692307692
5774	0.00305810397554
41165	0.00303951367781
5120	0.00302571860817
41609	0.00301204819277
48572	0.00301204819277
37198	0.00296735905045
10250	0.00295857988166
3788	0.0028901734104
50863	0.0028901734104
4644	0.00286532951289
742	0.002849002849
9252	0.002849002849
50855	0.002849002849
27651	0.00284090909091
25453	0.00281690140845
9251	0.00280898876404
23265	0.00280112044818
11359	0.00279329608939
51989	0.00279329608939
29971	0.00277777777778
30471	0.00277777777778
7419	0.00275482093664
16917	0.00275482093664
5809	0.00272727272727
7442	0.00271739130435
20506	0.00271739130435
24522	0.0027027027027
3133	0.00268096514745
22744	0.00265721877768
870	0.00263852242744
23481	0.00263852242744
11664	0.00263157894737
41129	0.00263157894737
23688	0.00261780104712
23642	0.00260416666667
1680	0.0025974025974
41010	0.0025974025974
3689	0.00259067357513
20818	0.00254452926209
51133	0.00254452926209
30899	0.00253164556962
24684	0.00251889168766
39709	0.00251889168766
1119	0.00251256281407
1628	0.00250941028858
31440	0.00250836120401
1380	0.00248138957816
41467	0.00245098039216
31536	0.00243902439024
27525	0.00242130750605
5553	0.00238663484487
25586	0.00238095238095
11778	0.00236406619385
40289	0.00236406619385
4951	0.00235849056604
11675	0.002331002331
689	0.00228310502283
29861	0.00226757369615
1399	0.00225225225225
45223	0.00223214285714
5000	0.00222965440357
3280	0.00220750551876
41016	0.00218499635834
4137	0.00218340611354
15228	0.00217864923747
35703	0.00216919739696
50105	0.0021645021645
33762	0.00215982721382
4578	0.00215517241379
28742	0.00214592274678
23782	0.00211416490486
29309	0.00211416490486
36394	0.00211416490486
3531	0.00210970464135
39549	0.00207039337474
1902	0.00206611570248
17711	0.00204081632653
41355	0.00204081632653
2344	0.00203045685279
34169	0.0020202020202
33841	0.0019801980198
5673	0.00197628458498
34858	0.00197628458498
34369	0.00194552529183
34751	0.00194552529183
41068	0.00191754554171
11727	0.00189214758751
30269	0.00189035916824
3312	0.00187969924812
8732	0.00187617260788
35136	0.00184842883549
27489	0.00184501845018
37426	0.0018315018315
33887	0.00182149362477
35178	0.00182149362477
5218	0.00181488203267
40980	0.00179856115108
25098	0.00179211469534
26805	0.00178651183564
949	0.0017793594306
13111	0.00176782557454
28407	0.00175746924429
29863	0.00175131348511
41074	0.00175131348511
25738	0.00174978127734
38793	0.00174621653085
9538	0.00172117039587
18777	0.00170794192997
1743	0.00170357751278
38925	0.00170357751278
7261	0.00168067226891
14253	0.0016583747927
16209	0.0016339869281
12610	0.00162866449511
20416	0.00162866449511
18456	0.00162601626016
17355	0.00161812297735
13339	0.0016
1064	0.00158478605388
4846	0.00157728706625
38584	0.00156985871272
25113	0.00155279503106
6304	0.0015503875969
5643	0.00153846153846
992	0.00153139356815
2613	0.00145348837209
5237	0.00142247510669
40987	0.00142045454545
2745	0.00141542816702
38492	0.00139470013947
4655	0.00135455469015
8709	0.00134228187919
5112	0.00133244503664
1422	0.00132100396301
2381	0.00132100396301
2733	0.00132100396301
40995	0.00131926121372
19598	0.00130718954248
5204	0.00128865979381
4396	0.0012853470437
41031	0.00125628140704
18960	0.00120918984281
39447	0.00120192307692
3365	0.00120048019208
18307	0.0011862396204
6427	0.00117820324006
38191	0.00117508813161
28405	0.00116144018583
30980	0.00116009280742
1503	0.00111731843575
2007	0.00110741971207
2898	0.00109529025192
1497	0.00108108108108
7340	0.00107066381156
9200	0.0010593220339
5231	0.00104438642298
4937	0.00103626943005
36398	0.000980392156863
869	0.000977517106549
2463	0.000961538461538
3733	0.000956022944551
1048	0.000954198473282
3933	0.000922509225092
22929	0.000919117647059
2333	0.000915750915751
4916	0.000910746812386
40962	0.000900900900901
38794	0.000892060660125
2840	0.000887311446318
35563	0.00082135523614
22743	0.000821018062397
6812	0.000820344544709
40965	0.000816993464052
28051	0.000797448165869
39136	0.00077519379845
868	0.00077101002313
26602	0.000764525993884
18613	0.000762776506484
19601	0.000733137829912
5432	0.000697836706211
1118	0.000644745325596
2290	0.000583430571762
38203	0.000549450549451
5157	0.000507614213198
893	0.000502512562814
7312	0.000471475719
4518	0.000439367311072
