638	0.5
1880	0.5
2955	0.5
57046	0.5
57241	0.5
43296	0.333333333333
5772	0.25
10081	0.25
11510	0.25
13211	0.25
28411	0.25
31360	0.25
42760	0.25
6280	0.2
8738	0.2
53861	0.2
57666	0.2
19957	0.166666666667
20615	0.166666666667
53202	0.166666666667
23505	0.142857142857
15521	0.125
17892	0.125
25988	0.125
59834	0.125
17308	0.111111111111
24797	0.111111111111
42529	0.111111111111
51074	0.111111111111
2650	0.1
6998	0.1
30941	0.1
42566	0.1
43841	0.1
4244	0.0909090909091
11908	0.0909090909091
30529	0.0909090909091
41267	0.0909090909091
41643	0.0909090909091
56127	0.0909090909091
1678	0.0833333333333
2508	0.0833333333333
17675	0.0833333333333
24597	0.0833333333333
32462	0.0833333333333
38785	0.0833333333333
45887	0.0833333333333
10718	0.0769230769231
60946	0.0769230769231
8166	0.0714285714286
13850	0.0714285714286
44399	0.0714285714286
7481	0.0666666666667
35381	0.0666666666667
671	0.0625
14357	0.0625
15280	0.0625
18892	0.0625
21854	0.0588235294118
46681	0.0588235294118
3552	0.0555555555556
8033	0.0555555555556
18715	0.0555555555556
19495	0.0555555555556
29668	0.0555555555556
33620	0.0555555555556
1198	0.05
3939	0.05
7386	0.05
42203	0.05
11743	0.0487804878049
10431	0.047619047619
23497	0.047619047619
43159	0.047619047619
52272	0.047619047619
53510	0.047619047619
13528	0.0454545454545
13965	0.0454545454545
20908	0.0454545454545
42508	0.0454545454545
4449	0.0434782608696
4397	0.0416666666667
38721	0.0416666666667
41691	0.0416666666667
42840	0.0416666666667
47500	0.0416666666667
21142	0.04
42190	0.04
48158	0.04
3258	0.0384615384615
36926	0.0384615384615
47334	0.0384615384615
35810	0.037037037037
40530	0.037037037037
47509	0.037037037037
42824	0.0357142857143
18354	0.0344827586207
40248	0.0344827586207
33807	0.0333333333333
38088	0.0333333333333
60252	0.0333333333333
24471	0.0322580645161
47335	0.0322580645161
53026	0.0322580645161
18399	0.03125
21729	0.030303030303
41337	0.030303030303
60601	0.030303030303
30760	0.0294117647059
14407	0.0285714285714
21412	0.0285714285714
14593	0.0277777777778
20644	0.0277777777778
23124	0.0277777777778
45125	0.0277777777778
57980	0.0277777777778
13005	0.0263157894737
14096	0.0263157894737
37952	0.0263157894737
1801	0.025641025641
13770	0.025641025641
28323	0.025641025641
13373	0.025
40211	0.0243902439024
44862	0.0243902439024
51020	0.0238095238095
33004	0.0232558139535
8657	0.0227272727273
52235	0.0227272727273
9221	0.0217391304348
10729	0.0217391304348
12849	0.0212765957447
5302	0.0208333333333
6259	0.0208333333333
38063	0.0208333333333
23231	0.0204081632653
31911	0.0204081632653
33614	0.0204081632653
33926	0.0204081632653
38587	0.0204081632653
34792	0.02
35030	0.02
43585	0.0196078431373
43744	0.0196078431373
2033	0.0192307692308
9309	0.0192307692308
25002	0.0192307692308
41184	0.0192307692308
42396	0.0192307692308
36145	0.0188679245283
41616	0.0185185185185
7073	0.0181818181818
5161	0.0178571428571
5679	0.0178571428571
20418	0.0178571428571
12838	0.0175438596491
16322	0.0175438596491
42191	0.0175438596491
2490	0.0172413793103
34950	0.0166666666667
30973	0.0161290322581
52682	0.0161290322581
44323	0.015873015873
2276	0.015625
17442	0.015625
40645	0.015625
4318	0.0153846153846
34788	0.0153846153846
27550	0.0151515151515
45354	0.0151515151515
1180	0.0147058823529
50929	0.0147058823529
12475	0.0144927536232
874	0.0142857142857
2424	0.0142857142857
32762	0.0142857142857
36736	0.0142857142857
8142	0.0140845070423
20077	0.0140845070423
52525	0.0140845070423
50335	0.0138888888889
51364	0.0138888888889
51418	0.0138888888889
12481	0.013698630137
51290	0.013698630137
30619	0.0135135135135
41142	0.0135135135135
5656	0.0133333333333
19420	0.0131578947368
34208	0.0128205128205
42369	0.0128205128205
51193	0.0128205128205
3385	0.0126582278481
3542	0.0126582278481
10463	0.0126582278481
13394	0.0125
33855	0.0125
4769	0.0123456790123
41490	0.0123456790123
41694	0.0123456790123
14656	0.0120481927711
17570	0.0120481927711
41222	0.0120481927711
41101	0.0119047619048
48662	0.0117647058824
31299	0.0114942528736
41239	0.0114942528736
41934	0.0114942528736
52016	0.0114942528736
31494	0.0111111111111
29533	0.010989010989
11314	0.010752688172
13313	0.0106382978723
26531	0.0105263157895
40869	0.0105263157895
41257	0.0105263157895
32074	0.0104166666667
23789	0.0102040816327
18643	0.01
29790	0.01
5603	0.00990099009901
41322	0.00980392156863
17946	0.00970873786408
51345	0.00970873786408
14275	0.00961538461538
51099	0.00947867298578
3316	0.00943396226415
47292	0.00943396226415
11239	0.00934579439252
43787	0.00934579439252
45093	0.00934579439252
24803	0.00925925925926
15720	0.00909090909091
392	0.00892857142857
33680	0.00892857142857
2071	0.00884955752212
11489	0.00884955752212
41682	0.00877192982456
38078	0.00869565217391
50969	0.00869565217391
51988	0.00869565217391
12325	0.00847457627119
32246	0.00847457627119
51118	0.00833333333333
5618	0.00826446280992
27320	0.00826446280992
29543	0.00826446280992
10162	0.00806451612903
4582	0.008
29818	0.008
51274	0.008
755	0.00787401574803
6928	0.0078125
18997	0.0077519379845
9762	0.00719424460432
51605	0.00714285714286
13036	0.00694444444444
40893	0.00694444444444
41154	0.00689655172414
51117	0.00684931506849
10089	0.00680272108844
19687	0.00680272108844
12511	0.00675675675676
34676	0.00675675675676
3533	0.00666666666667
42531	0.00657894736842
59661	0.00657894736842
456	0.00653594771242
12194	0.00636942675159
1655	0.0062893081761
50961	0.0062893081761
5230	0.00617283950617
23211	0.00617283950617
41278	0.0059880239521
30802	0.00591715976331
30901	0.00588235294118
3548	0.00584795321637
10792	0.00584795321637
11300	0.00584795321637
40887	0.00584795321637
18661	0.00571428571429
30812	0.00568181818182
4675	0.00558659217877
10266	0.00555555555556
2084	0.00520833333333
5419	0.00518134715026
37689	0.00518134715026
27529	0.00510204081633
4705	0.00505050505051
17611	0.00485436893204
29444	0.00480769230769
34929	0.00480769230769
17346	0.00478468899522
2848	0.00460829493088
38206	0.00440528634361
27927	0.00438596491228
4327	0.00436681222707
30805	0.00436681222707
39483	0.00436681222707
51173	0.004329004329
34920	0.00401606425703
41188	0.00396825396825
41001	0.00392156862745
38080	0.00390625
1117	0.003861003861
30691	0.00384615384615
41326	0.00384615384615
50995	0.00383141762452
39602	0.00381679389313
29739	0.00377358490566
18414	0.00369003690037
41364	0.00367647058824
5460	0.00363636363636
41368	0.00363636363636
38293	0.00361010830325
8681	0.00337837837838
30625	0.00337837837838
51027	0.003367003367
52225	0.00334448160535
41067	0.00332225913621
41098	0.00332225913621
2409	0.003300330033
35237	0.00326797385621
41126	0.00326797385621
16927	0.0032154340836
33621	0.00315457413249
41032	0.00314465408805
511	0.0030959752322
41156	0.0030959752322
34683	0.0030487804878
18701	0.00298507462687
34147	0.00297619047619
41048	0.0028901734104
3553	0.00284090909091
9251	0.00282485875706
11359	0.00280898876404
41097	0.00280112044818
41374	0.00278551532033
16917	0.00277008310249
50933	0.00276243093923
38822	0.00275482093664
21323	0.00274725274725
37993	0.0027397260274
7442	0.00273224043716
23688	0.00263157894737
20818	0.00255754475703
51019	0.00250626566416
41092	0.00248138957816
2515	0.00246913580247
27525	0.00243309002433
31830	0.00233644859813
30980	0.0023282887078
3499	0.00230946882217
3827	0.00229357798165
631	0.00222222222222
4137	0.00219298245614
15228	0.00218818380744
3419	0.00218340611354
39549	0.002079002079
17711	0.00204918032787
33841	0.00198807157058
5673	0.00198412698413
17586	0.00195694716243
11201	0.0018281535649
33887	0.0018281535649
40962	0.00180668473351
38794	0.00178890876565
949	0.00178571428571
51212	0.00176991150442
28407	0.00176366843034
13955	0.00175746924429
25738	0.00175284837862
5519	0.00174216027875
7175	0.00164473684211
4121	0.00163666121113
20416	0.0016339869281
18456	0.00163132137031
27809	0.00161030595813
17596	0.00154083204931
1135	0.00153374233129
20542	0.00152671755725
5120	0.00151515151515
2613	0.00145772594752
4708	0.00145772594752
41016	0.00145772594752
50863	0.00144717800289
26584	0.001443001443
37392	0.0014409221902
5237	0.00142653352354
40987	0.0014245014245
20506	0.00136054421769
3133	0.00134228187919
14352	0.00133511348465
35345	0.00132802124834
41018	0.00132625994695
2733	0.00132450331126
40995	0.00132275132275
4396	0.001287001287
1628	0.00125628140704
9642	0.00125628140704
5420	0.00125156445557
18584	0.00123609394314
3365	0.00120336943442
18307	0.00118906064209
28405	0.0011641443539
3273	0.00112233445567
34224	0.00111607142857
2007	0.00110987791343
4654	0.001100110011
2898	0.00109769484083
7340	0.00107296137339
5231	0.00104547830633
4937	0.00103842159917
1902	0.00103412616339
2	0.00102249488753
2344	0.0010162601626
2463	0.000963391136802
3733	0.00095785440613
4563	0.000934579439252
3933	0.000924214417745
921	0.00091407678245
4916	0.000912408759124
5809	0.000909090909091
26805	0.00089325591782
2840	0.000888888888889
22744	0.00088573959256
9538	0.000861326442722
18777	0.000854700854701
31440	0.000836120401338
35563	0.000822030415125
4846	0.000789265982636
39136	0.000776397515528
18613	0.000763941940413
22383	0.000696864111498
4655	0.000677277345073
6427	0.000589101620029
38793	0.00058207217695
1503	0.000558971492454
38203	0.000550055005501
4578	0.000538502961766
5157	0.000508130081301
893	0.000503018108652
869	0.000488758553275
7312	0.000471920717319
4518	0.000439753737907
