18975	0.0625
35801	0.0588235294118
47890	0.0588235294118
2261	0.0571428571429
5967	0.0571428571429
41345	0.0571428571429
26752	0.0555555555556
51931	0.0555555555556
24530	0.0540540540541
3926	0.0526315789474
7844	0.0526315789474
26300	0.0526315789474
9736	0.0512820512821
12590	0.0512820512821
60097	0.0512820512821
7433	0.0508474576271
11302	0.05
25506	0.05
43755	0.05
34691	0.0493827160494
3216	0.0491803278689
9357	0.0491803278689
13771	0.0483870967742
41076	0.0483870967742
11107	0.047619047619
24387	0.047619047619
42907	0.047619047619
53225	0.047619047619
1357	0.0454545454545
2573	0.0454545454545
22831	0.044776119403
19495	0.0444444444444
41731	0.0444444444444
18186	0.0434782608696
23107	0.0434782608696
43065	0.0434782608696
285	0.0428571428571
10155	0.0425531914894
29418	0.0425531914894
35254	0.0425531914894
54708	0.0425531914894
58405	0.0425531914894
58547	0.0425531914894
61197	0.0425531914894
6010	0.0416666666667
22128	0.0416666666667
32014	0.0416666666667
52241	0.0416666666667
21820	0.0408163265306
40607	0.0408163265306
59518	0.0408163265306
806	0.04
20838	0.04
21345	0.04
27643	0.04
35387	0.04
37181	0.04
48237	0.04
51187	0.04
5793	0.0392156862745
16074	0.0392156862745
24577	0.0392156862745
33259	0.0392156862745
41301	0.0392156862745
43231	0.0392156862745
47561	0.0392156862745
60547	0.0392156862745
13894	0.0384615384615
21690	0.0384615384615
38654	0.0384615384615
52354	0.0384615384615
60032	0.0384615384615
34670	0.0379746835443
11630	0.0377358490566
55438	0.0377358490566
35413	0.0375
13321	0.037037037037
41053	0.037037037037
50954	0.037037037037
23106	0.0363636363636
28461	0.0363636363636
30618	0.0363636363636
51251	0.0363636363636
3589	0.0357142857143
27632	0.0357142857143
45118	0.0350877192982
29530	0.0348837209302
3793	0.0344827586207
9323	0.0344827586207
10295	0.0344827586207
11925	0.0344827586207
22659	0.0344827586207
29746	0.0344827586207
34211	0.0344827586207
52847	0.0344827586207
50934	0.0340909090909
13073	0.0338983050847
42022	0.0338983050847
126	0.0333333333333
5724	0.0333333333333
6385	0.0333333333333
6824	0.0333333333333
7186	0.0333333333333
7697	0.0333333333333
13242	0.0333333333333
15736	0.0333333333333
15786	0.0333333333333
16607	0.0333333333333
17014	0.0333333333333
19627	0.0333333333333
23494	0.0333333333333
24356	0.0333333333333
24645	0.0333333333333
28699	0.0333333333333
29178	0.0333333333333
29472	0.0333333333333
30602	0.0333333333333
30863	0.0333333333333
32522	0.0333333333333
33864	0.0333333333333
36474	0.0333333333333
37090	0.0333333333333
37165	0.0333333333333
38279	0.0333333333333
38664	0.0333333333333
40009	0.0333333333333
42082	0.0333333333333
42085	0.0333333333333
42497	0.0333333333333
44516	0.0333333333333
46428	0.0333333333333
47793	0.0333333333333
48161	0.0333333333333
49724	0.0333333333333
50273	0.0333333333333
50442	0.0333333333333
50567	0.0333333333333
50639	0.0333333333333
56357	0.0333333333333
56458	0.0333333333333
56930	0.0333333333333
57021	0.0333333333333
57715	0.0333333333333
58398	0.0333333333333
58722	0.0333333333333
60221	0.0333333333333
61488	0.0333333333333
4047	0.032967032967
27707	0.032967032967
134	0.0327868852459
45653	0.0327868852459
111	0.0322580645161
397	0.0322580645161
1171	0.0322580645161
4709	0.0322580645161
5014	0.0322580645161
5374	0.0322580645161
6082	0.0322580645161
6818	0.0322580645161
6826	0.0322580645161
7128	0.0322580645161
7884	0.0322580645161
9205	0.0322580645161
10694	0.0322580645161
11281	0.0322580645161
11770	0.0322580645161
12848	0.0322580645161
13085	0.0322580645161
13782	0.0322580645161
14886	0.0322580645161
15189	0.0322580645161
15797	0.0322580645161
16337	0.0322580645161
21552	0.0322580645161
22288	0.0322580645161
22644	0.0322580645161
23529	0.0322580645161
23543	0.0322580645161
24428	0.0322580645161
25329	0.0322580645161
26424	0.0322580645161
28794	0.0322580645161
29015	0.0322580645161
30986	0.0322580645161
33823	0.0322580645161
34810	0.0322580645161
34980	0.0322580645161
36229	0.0322580645161
37494	0.0322580645161
38459	0.0322580645161
40459	0.0322580645161
41317	0.0322580645161
41746	0.0322580645161
41915	0.0322580645161
42950	0.0322580645161
44099	0.0322580645161
44347	0.0322580645161
46899	0.0322580645161
46989	0.0322580645161
47026	0.0322580645161
47145	0.0322580645161
47505	0.0322580645161
49131	0.0322580645161
50689	0.0322580645161
51034	0.0322580645161
51604	0.0322580645161
51913	0.0322580645161
51959	0.0322580645161
52425	0.0322580645161
53161	0.0322580645161
53304	0.0322580645161
53730	0.0322580645161
54930	0.0322580645161
55157	0.0322580645161
55480	0.0322580645161
55577	0.0322580645161
56263	0.0322580645161
57146	0.0322580645161
57487	0.0322580645161
57810	0.0322580645161
58211	0.0322580645161
58221	0.0322580645161
58407	0.0322580645161
58897	0.0322580645161
59035	0.0322580645161
59069	0.0322580645161
59597	0.0322580645161
59773	0.0322580645161
60040	0.0322580645161
60688	0.0322580645161
60941	0.0322580645161
18292	0.031746031746
24874	0.031746031746
35950	0.031746031746
66	0.03125
2861	0.03125
3994	0.03125
4329	0.03125
5609	0.03125
7607	0.03125
8792	0.03125
9122	0.03125
9191	0.03125
9978	0.03125
10095	0.03125
11069	0.03125
14550	0.03125
18321	0.03125
19635	0.03125
22714	0.03125
23258	0.03125
25011	0.03125
25025	0.03125
25478	0.03125
25544	0.03125
26367	0.03125
26909	0.03125
28160	0.03125
28505	0.03125
28784	0.03125
29066	0.03125
29891	0.03125
30310	0.03125
30600	0.03125
30921	0.03125
31197	0.03125
31311	0.03125
31602	0.03125
32525	0.03125
33310	0.03125
36653	0.03125
38956	0.03125
39728	0.03125
42437	0.03125
43120	0.03125
44419	0.03125
45251	0.03125
47348	0.03125
47466	0.03125
47535	0.03125
48109	0.03125
48584	0.03125
50872	0.03125
52218	0.03125
52302	0.03125
53271	0.03125
53376	0.03125
53512	0.03125
53943	0.03125
55459	0.03125
56231	0.03125
56709	0.03125
56826	0.03125
57974	0.03125
59070	0.03125
59614	0.03125
60352	0.03125
60504	0.03125
52056	0.031007751938
14096	0.0307692307692
18291	0.0307692307692
23090	0.0307692307692
43461	0.0307692307692
45428	0.0307692307692
51418	0.030612244898
2885	0.030303030303
3972	0.030303030303
4840	0.030303030303
6230	0.030303030303
12763	0.030303030303
14163	0.030303030303
15400	0.030303030303
17157	0.030303030303
17367	0.030303030303
18287	0.030303030303
18696	0.030303030303
19386	0.030303030303
20613	0.030303030303
21318	0.030303030303
23947	0.030303030303
27367	0.030303030303
28124	0.030303030303
28446	0.030303030303
29204	0.030303030303
29305	0.030303030303
29664	0.030303030303
29729	0.030303030303
30832	0.030303030303
32589	0.030303030303
32981	0.030303030303
33309	0.030303030303
36979	0.030303030303
37853	0.030303030303
37950	0.030303030303
38691	0.030303030303
41272	0.030303030303
42060	0.030303030303
42161	0.030303030303
42523	0.030303030303
44775	0.030303030303
45166	0.030303030303
47518	0.030303030303
48940	0.030303030303
48945	0.030303030303
49374	0.030303030303
49878	0.030303030303
50255	0.030303030303
50740	0.030303030303
52110	0.030303030303
52119	0.030303030303
52159	0.030303030303
53454	0.030303030303
54203	0.030303030303
55957	0.030303030303
56153	0.030303030303
59892	0.030303030303
59946	0.030303030303
60583	0.030303030303
61016	0.030303030303
61521	0.030303030303
24575	0.0298507462687
54	0.0294117647059
783	0.0294117647059
1178	0.0294117647059
3000	0.0294117647059
3295	0.0294117647059
5849	0.0294117647059
6244	0.0294117647059
6892	0.0294117647059
8355	0.0294117647059
9595	0.0294117647059
9753	0.0294117647059
11163	0.0294117647059
11368	0.0294117647059
11849	0.0294117647059
12395	0.0294117647059
13024	0.0294117647059
13390	0.0294117647059
14523	0.0294117647059
14641	0.0294117647059
15843	0.0294117647059
15859	0.0294117647059
16977	0.0294117647059
18756	0.0294117647059
18853	0.0294117647059
19202	0.0294117647059
19370	0.0294117647059
19455	0.0294117647059
19887	0.0294117647059
20743	0.0294117647059
22007	0.0294117647059
22363	0.0294117647059
22959	0.0294117647059
23046	0.0294117647059
23293	0.0294117647059
23504	0.0294117647059
26047	0.0294117647059
26148	0.0294117647059
27812	0.0294117647059
28728	0.0294117647059
29312	0.0294117647059
29733	0.0294117647059
29926	0.0294117647059
30054	0.0294117647059
30352	0.0294117647059
31620	0.0294117647059
32739	0.0294117647059
33669	0.0294117647059
34468	0.0294117647059
36762	0.0294117647059
38582	0.0294117647059
41110	0.0294117647059
43248	0.0294117647059
43415	0.0294117647059
43866	0.0294117647059
44167	0.0294117647059
44503	0.0294117647059
45346	0.0294117647059
45965	0.0294117647059
46066	0.0294117647059
48797	0.0294117647059
49655	0.0294117647059
50962	0.0294117647059
51238	0.0294117647059
51463	0.0294117647059
52182	0.0294117647059
52677	0.0294117647059
52680	0.0294117647059
52948	0.0294117647059
54304	0.0294117647059
60588	0.0294117647059
11888	0.0291262135922
18326	0.0291262135922
23531	0.0289855072464
38574	0.0289855072464
106	0.0285714285714
303	0.0285714285714
2542	0.0285714285714
5303	0.0285714285714
6607	0.0285714285714
6944	0.0285714285714
7644	0.0285714285714
8247	0.0285714285714
8741	0.0285714285714
10898	0.0285714285714
12418	0.0285714285714
12992	0.0285714285714
15830	0.0285714285714
16393	0.0285714285714
16895	0.0285714285714
17298	0.0285714285714
17514	0.0285714285714
19030	0.0285714285714
20161	0.0285714285714
22012	0.0285714285714
24018	0.0285714285714
24482	0.0285714285714
25854	0.0285714285714
26001	0.0285714285714
27924	0.0285714285714
28143	0.0285714285714
28302	0.0285714285714
28356	0.0285714285714
30322	0.0285714285714
31322	0.0285714285714
31605	0.0285714285714
32115	0.0285714285714
32899	0.0285714285714
33368	0.0285714285714
35695	0.0285714285714
35948	0.0285714285714
36984	0.0285714285714
38614	0.0285714285714
43122	0.0285714285714
43292	0.0285714285714
44608	0.0285714285714
44837	0.0285714285714
44888	0.0285714285714
47069	0.0285714285714
47984	0.0285714285714
48760	0.0285714285714
50009	0.0285714285714
50310	0.0285714285714
51862	0.0285714285714
51985	0.0285714285714
52363	0.0285714285714
52472	0.0285714285714
55958	0.0285714285714
57366	0.0285714285714
59658	0.0285714285714
59669	0.0285714285714
60317	0.0285714285714
60519	0.0285714285714
60624	0.0285714285714
60979	0.0285714285714
61173	0.0285714285714
41213	0.0283018867925
5703	0.0281690140845
13149	0.027972027972
112	0.0277777777778
402	0.0277777777778
2226	0.0277777777778
3398	0.0277777777778
3401	0.0277777777778
7615	0.0277777777778
8617	0.0277777777778
9742	0.0277777777778
10309	0.0277777777778
11278	0.0277777777778
13164	0.0277777777778
13252	0.0277777777778
15096	0.0277777777778
15874	0.0277777777778
17076	0.0277777777778
18322	0.0277777777778
18362	0.0277777777778
18787	0.0277777777778
20258	0.0277777777778
20600	0.0277777777778
21936	0.0277777777778
22398	0.0277777777778
26077	0.0277777777778
27597	0.0277777777778
27658	0.0277777777778
27930	0.0277777777778
30450	0.0277777777778
30737	0.0277777777778
31298	0.0277777777778
31687	0.0277777777778
35865	0.0277777777778
37042	0.0277777777778
37917	0.0277777777778
38586	0.0277777777778
39158	0.0277777777778
39307	0.0277777777778
39849	0.0277777777778
40299	0.0277777777778
41657	0.0277777777778
42025	0.0277777777778
42034	0.0277777777778
42818	0.0277777777778
43077	0.0277777777778
43166	0.0277777777778
43869	0.0277777777778
44070	0.0277777777778
45502	0.0277777777778
45912	0.0277777777778
47150	0.0277777777778
48317	0.0277777777778
48582	0.0277777777778
49035	0.0277777777778
50247	0.0277777777778
50732	0.0277777777778
51304	0.0277777777778
51723	0.0277777777778
51950	0.0277777777778
52156	0.0277777777778
53336	0.0277777777778
53602	0.0277777777778
56544	0.0277777777778
57841	0.0277777777778
59190	0.0277777777778
59758	0.0277777777778
49392	0.0275590551181
8189	0.0275229357798
41391	0.0274725274725
6003	0.027397260274
20450	0.027397260274
34694	0.027397260274
40657	0.027397260274
875	0.027027027027
1127	0.027027027027
2611	0.027027027027
4308	0.027027027027
6384	0.027027027027
17491	0.027027027027
18750	0.027027027027
19550	0.027027027027
19835	0.027027027027
21104	0.027027027027
21883	0.027027027027
24578	0.027027027027
24665	0.027027027027
24955	0.027027027027
25304	0.027027027027
27234	0.027027027027
27272	0.027027027027
28252	0.027027027027
28707	0.027027027027
31029	0.027027027027
32373	0.027027027027
32776	0.027027027027
33031	0.027027027027
34885	0.027027027027
36155	0.027027027027
38465	0.027027027027
38595	0.027027027027
38812	0.027027027027
39458	0.027027027027
40667	0.027027027027
41486	0.027027027027
42168	0.027027027027
42629	0.027027027027
42801	0.027027027027
43646	0.027027027027
44289	0.027027027027
45120	0.027027027027
45174	0.027027027027
48796	0.027027027027
49854	0.027027027027
50759	0.027027027027
51093	0.027027027027
51126	0.027027027027
51265	0.027027027027
52717	0.027027027027
52790	0.027027027027
53208	0.027027027027
57494	0.027027027027
59131	0.027027027027
59686	0.027027027027
59903	0.027027027027
60181	0.027027027027
6832	0.0266666666667
1161	0.0263157894737
1751	0.0263157894737
2363	0.0263157894737
3762	0.0263157894737
6505	0.0263157894737
7530	0.0263157894737
7994	0.0263157894737
8379	0.0263157894737
8466	0.0263157894737
8834	0.0263157894737
9116	0.0263157894737
9901	0.0263157894737
11915	0.0263157894737
14690	0.0263157894737
16416	0.0263157894737
17010	0.0263157894737
17203	0.0263157894737
19780	0.0263157894737
21396	0.0263157894737
24543	0.0263157894737
27655	0.0263157894737
28679	0.0263157894737
31946	0.0263157894737
32039	0.0263157894737
32599	0.0263157894737
32658	0.0263157894737
32725	0.0263157894737
33998	0.0263157894737
36696	0.0263157894737
37771	0.0263157894737
39638	0.0263157894737
40546	0.0263157894737
41125	0.0263157894737
43085	0.0263157894737
43191	0.0263157894737
43423	0.0263157894737
43960	0.0263157894737
44396	0.0263157894737
44712	0.0263157894737
44819	0.0263157894737
44854	0.0263157894737
44897	0.0263157894737
45862	0.0263157894737
46103	0.0263157894737
46374	0.0263157894737
47195	0.0263157894737
47349	0.0263157894737
48513	0.0263157894737
49485	0.0263157894737
50186	0.0263157894737
51231	0.0263157894737
51270	0.0263157894737
51280	0.0263157894737
51445	0.0263157894737
51803	0.0263157894737
52187	0.0263157894737
52208	0.0263157894737
52512	0.0263157894737
52656	0.0263157894737
53280	0.0263157894737
53339	0.0263157894737
53442	0.0263157894737
55558	0.0263157894737
55791	0.0263157894737
57781	0.0263157894737
59544	0.0263157894737
60257	0.0263157894737
60983	0.0263157894737
61152	0.0263157894737
3294	0.0260869565217
18108	0.025974025974
40139	0.025974025974
51673	0.025974025974
52715	0.025974025974
2340	0.025641025641
2532	0.025641025641
4770	0.025641025641
6677	0.025641025641
6849	0.025641025641
7664	0.025641025641
8015	0.025641025641
9244	0.025641025641
9348	0.025641025641
11949	0.025641025641
12391	0.025641025641
13697	0.025641025641
14301	0.025641025641
16777	0.025641025641
17011	0.025641025641
18191	0.025641025641
20014	0.025641025641
20058	0.025641025641
20391	0.025641025641
20419	0.025641025641
20502	0.025641025641
22166	0.025641025641
22778	0.025641025641
25675	0.025641025641
28344	0.025641025641
29192	0.025641025641
29292	0.025641025641
31368	0.025641025641
33490	0.025641025641
34532	0.025641025641
35098	0.025641025641
35157	0.025641025641
35673	0.025641025641
37603	0.025641025641
40601	0.025641025641
41285	0.025641025641
41643	0.025641025641
41925	0.025641025641
42058	0.025641025641
42063	0.025641025641
42105	0.025641025641
42542	0.025641025641
42641	0.025641025641
42803	0.025641025641
42861	0.025641025641
43154	0.025641025641
44507	0.025641025641
47515	0.025641025641
49337	0.025641025641
51367	0.025641025641
51631	0.025641025641
53003	0.025641025641
53352	0.025641025641
54303	0.025641025641
55431	0.025641025641
56214	0.025641025641
58439	0.025641025641
59571	0.025641025641
59846	0.025641025641
59862	0.025641025641
60457	0.025641025641
37238	0.0255102040816
113	0.0253164556962
9646	0.0253164556962
47448	0.0252100840336
177	0.025
481	0.025
1473	0.025
3695	0.025
4216	0.025
4620	0.025
12742	0.025
12908	0.025
13178	0.025
17754	0.025
17927	0.025
18061	0.025
18865	0.025
22575	0.025
23460	0.025
24662	0.025
31631	0.025
39205	0.025
40127	0.025
40331	0.025
41861	0.025
42356	0.025
42773	0.025
44463	0.025
45746	0.025
46700	0.025
48893	0.025
50278	0.025
50507	0.025
51930	0.025
52035	0.025
52210	0.025
52473	0.025
52479	0.025
52505	0.025
52961	0.025
53438	0.025
54389	0.025
59281	0.025
59459	0.025
59648	0.025
59674	0.025
59978	0.025
60269	0.025
41799	0.0247933884298
17928	0.0246913580247
35971	0.0246913580247
18958	0.0245901639344
718	0.0243902439024
936	0.0243902439024
1614	0.0243902439024
2356	0.0243902439024
2415	0.0243902439024
2869	0.0243902439024
3301	0.0243902439024
3740	0.0243902439024
8758	0.0243902439024
9741	0.0243902439024
10904	0.0243902439024
11473	0.0243902439024
11855	0.0243902439024
13438	0.0243902439024
13923	0.0243902439024
16281	0.0243902439024
17327	0.0243902439024
17668	0.0243902439024
18395	0.0243902439024
19174	0.0243902439024
19783	0.0243902439024
21060	0.0243902439024
22709	0.0243902439024
23184	0.0243902439024
23567	0.0243902439024
23907	0.0243902439024
24447	0.0243902439024
24971	0.0243902439024
26601	0.0243902439024
27530	0.0243902439024
28966	0.0243902439024
31608	0.0243902439024
32864	0.0243902439024
33161	0.0243902439024
34911	0.0243902439024
39408	0.0243902439024
39667	0.0243902439024
41298	0.0243902439024
42314	0.0243902439024
42901	0.0243902439024
43096	0.0243902439024
43223	0.0243902439024
44476	0.0243902439024
45714	0.0243902439024
47986	0.0243902439024
49067	0.0243902439024
49258	0.0243902439024
50438	0.0243902439024
51010	0.0243902439024
51067	0.0243902439024
51932	0.0243902439024
52168	0.0243902439024
52246	0.0243902439024
59800	0.0243902439024
61282	0.0243902439024
5679	0.0240963855422
22554	0.0240963855422
30294	0.0240963855422
51419	0.0240963855422
287	0.0238095238095
1037	0.0238095238095
2683	0.0238095238095
3011	0.0238095238095
4400	0.0238095238095
4648	0.0238095238095
6148	0.0238095238095
7333	0.0238095238095
8923	0.0238095238095
12088	0.0238095238095
13247	0.0238095238095
15374	0.0238095238095
15880	0.0238095238095
18498	0.0238095238095
22345	0.0238095238095
24463	0.0238095238095
24752	0.0238095238095
24779	0.0238095238095
24850	0.0238095238095
25548	0.0238095238095
25817	0.0238095238095
25898	0.0238095238095
29272	0.0238095238095
29883	0.0238095238095
30717	0.0238095238095
34896	0.0238095238095
36252	0.0238095238095
37920	0.0238095238095
38365	0.0238095238095
42276	0.0238095238095
46215	0.0238095238095
49301	0.0238095238095
50301	0.0238095238095
50559	0.0238095238095
50909	0.0238095238095
51124	0.0238095238095
51431	0.0238095238095
52679	0.0238095238095
53126	0.0238095238095
54902	0.0238095238095
59529	0.0238095238095
6382	0.0235294117647
22050	0.0235294117647
27070	0.0235294117647
45206	0.0235294117647
28298	0.0234375
773	0.0232558139535
6597	0.0232558139535
7450	0.0232558139535
8684	0.0232558139535
9286	0.0232558139535
10337	0.0232558139535
12294	0.0232558139535
12378	0.0232558139535
13861	0.0232558139535
14466	0.0232558139535
16040	0.0232558139535
16953	0.0232558139535
17302	0.0232558139535
18373	0.0232558139535
19956	0.0232558139535
20816	0.0232558139535
23273	0.0232558139535
24864	0.0232558139535
26694	0.0232558139535
27603	0.0232558139535
27680	0.0232558139535
29093	0.0232558139535
31892	0.0232558139535
35525	0.0232558139535
35848	0.0232558139535
36069	0.0232558139535
37319	0.0232558139535
38546	0.0232558139535
39588	0.0232558139535
41325	0.0232558139535
42232	0.0232558139535
43534	0.0232558139535
46050	0.0232558139535
48569	0.0232558139535
50919	0.0232558139535
51663	0.0232558139535
52022	0.0232558139535
52077	0.0232558139535
53323	0.0232558139535
55074	0.0232558139535
59086	0.0232558139535
59150	0.0232558139535
60233	0.0232558139535
60404	0.0232558139535
60555	0.0232558139535
30222	0.0229885057471
32770	0.0229885057471
34128	0.0229885057471
1281	0.0227272727273
1468	0.0227272727273
4077	0.0227272727273
5311	0.0227272727273
6396	0.0227272727273
9664	0.0227272727273
9889	0.0227272727273
10881	0.0227272727273
11217	0.0227272727273
12566	0.0227272727273
17705	0.0227272727273
17907	0.0227272727273
20435	0.0227272727273
20730	0.0227272727273
21103	0.0227272727273
21629	0.0227272727273
21674	0.0227272727273
24095	0.0227272727273
25733	0.0227272727273
27736	0.0227272727273
28734	0.0227272727273
29006	0.0227272727273
29306	0.0227272727273
31027	0.0227272727273
32974	0.0227272727273
33078	0.0227272727273
35283	0.0227272727273
36414	0.0227272727273
37097	0.0227272727273
37522	0.0227272727273
37766	0.0227272727273
38451	0.0227272727273
40629	0.0227272727273
41242	0.0227272727273
41770	0.0227272727273
42883	0.0227272727273
43047	0.0227272727273
43485	0.0227272727273
43873	0.0227272727273
44468	0.0227272727273
46327	0.0227272727273
47361	0.0227272727273
48571	0.0227272727273
49570	0.0227272727273
50391	0.0227272727273
52013	0.0227272727273
52411	0.0227272727273
53279	0.0227272727273
53654	0.0227272727273
57430	0.0227272727273
60323	0.0227272727273
40942	0.0225988700565
7462	0.0224719101124
30614	0.0224719101124
39548	0.0224719101124
48246	0.0224719101124
7711	0.0222222222222
10935	0.0222222222222
11243	0.0222222222222
13779	0.0222222222222
14411	0.0222222222222
15732	0.0222222222222
15863	0.0222222222222
17237	0.0222222222222
18295	0.0222222222222
20996	0.0222222222222
21798	0.0222222222222
22476	0.0222222222222
22660	0.0222222222222
27180	0.0222222222222
29595	0.0222222222222
30120	0.0222222222222
32995	0.0222222222222
36131	0.0222222222222
38046	0.0222222222222
41718	0.0222222222222
45641	0.0222222222222
50935	0.0222222222222
51107	0.0222222222222
52553	0.0222222222222
59268	0.0222222222222
59739	0.0222222222222
60051	0.0222222222222
15720	0.0220588235294
37184	0.0220588235294
840	0.021978021978
3534	0.021978021978
38577	0.021978021978
41392	0.021897810219
44486	0.021897810219
22805	0.0218579234973
25487	0.0218579234973
1240	0.0217391304348
3282	0.0217391304348
3493	0.0217391304348
4049	0.0217391304348
5313	0.0217391304348
6214	0.0217391304348
13324	0.0217391304348
14373	0.0217391304348
16446	0.0217391304348
17545	0.0217391304348
17919	0.0217391304348
18240	0.0217391304348
18261	0.0217391304348
19460	0.0217391304348
21377	0.0217391304348
21902	0.0217391304348
26123	0.0217391304348
27839	0.0217391304348
27864	0.0217391304348
27907	0.0217391304348
33187	0.0217391304348
37452	0.0217391304348
38065	0.0217391304348
40045	0.0217391304348
41365	0.0217391304348
42045	0.0217391304348
43569	0.0217391304348
47659	0.0217391304348
48636	0.0217391304348
50961	0.0217391304348
51059	0.0217391304348
51448	0.0217391304348
52588	0.0217391304348
52630	0.0217391304348
53260	0.0217391304348
22351	0.0215827338129
22877	0.0215827338129
30324	0.0215827338129
35526	0.0215053763441
5230	0.0213903743316
328	0.0212765957447
1746	0.0212765957447
6698	0.0212765957447
11536	0.0212765957447
11840	0.0212765957447
14271	0.0212765957447
16086	0.0212765957447
18786	0.0212765957447
21689	0.0212765957447
25049	0.0212765957447
25151	0.0212765957447
25599	0.0212765957447
25777	0.0212765957447
26739	0.0212765957447
27696	0.0212765957447
29161	0.0212765957447
31112	0.0212765957447
34623	0.0212765957447
37922	0.0212765957447
40121	0.0212765957447
41446	0.0212765957447
42975	0.0212765957447
43236	0.0212765957447
43653	0.0212765957447
44467	0.0212765957447
44825	0.0212765957447
46726	0.0212765957447
51269	0.0212765957447
51924	0.0212765957447
51988	0.0212765957447
52134	0.0212765957447
53115	0.0212765957447
53144	0.0212765957447
53363	0.0212765957447
53405	0.0212765957447
59731	0.0212765957447
59878	0.0212765957447
60185	0.0212765957447
60242	0.0212765957447
60563	0.0212765957447
50881	0.0211267605634
53377	0.0211267605634
2917	0.0210526315789
14757	0.0210526315789
20290	0.0210526315789
22881	0.0210526315789
25555	0.0210526315789
36409	0.0210526315789
47995	0.0210526315789
465	0.0208333333333
616	0.0208333333333
1108	0.0208333333333
1227	0.0208333333333
2264	0.0208333333333
3939	0.0208333333333
5079	0.0208333333333
5188	0.0208333333333
9794	0.0208333333333
10810	0.0208333333333
12133	0.0208333333333
12175	0.0208333333333
12864	0.0208333333333
18765	0.0208333333333
19182	0.0208333333333
22546	0.0208333333333
24079	0.0208333333333
26467	0.0208333333333
26941	0.0208333333333
31014	0.0208333333333
31037	0.0208333333333
32870	0.0208333333333
38817	0.0208333333333
41020	0.0208333333333
41266	0.0208333333333
41724	0.0208333333333
42510	0.0208333333333
42719	0.0208333333333
43582	0.0208333333333
45273	0.0208333333333
50854	0.0208333333333
51358	0.0208333333333
52021	0.0208333333333
52371	0.0208333333333
58146	0.0208333333333
59670	0.0208333333333
11297	0.0206896551724
41819	0.0206896551724
16073	0.020618556701
17027	0.020618556701
43522	0.020618556701
44136	0.020618556701
1676	0.0204778156997
911	0.0204081632653
1083	0.0204081632653
1099	0.0204081632653
2461	0.0204081632653
3545	0.0204081632653
5133	0.0204081632653
6921	0.0204081632653
9657	0.0204081632653
10746	0.0204081632653
11379	0.0204081632653
11662	0.0204081632653
12574	0.0204081632653
14492	0.0204081632653
18079	0.0204081632653
20629	0.0204081632653
22924	0.0204081632653
24201	0.0204081632653
24682	0.0204081632653
29032	0.0204081632653
29872	0.0204081632653
31636	0.0204081632653
31858	0.0204081632653
31963	0.0204081632653
34140	0.0204081632653
34650	0.0204081632653
35497	0.0204081632653
36218	0.0204081632653
37764	0.0204081632653
38559	0.0204081632653
39749	0.0204081632653
42593	0.0204081632653
42878	0.0204081632653
43159	0.0204081632653
43530	0.0204081632653
47922	0.0204081632653
48458	0.0204081632653
51211	0.0204081632653
51569	0.0204081632653
51773	0.0204081632653
52073	0.0204081632653
52272	0.0204081632653
52728	0.0204081632653
53312	0.0204081632653
55202	0.0204081632653
59592	0.0204081632653
60147	0.0204081632653
60331	0.0204081632653
51875	0.0201342281879
1449	0.02
4509	0.02
5408	0.02
5940	0.02
6600	0.02
7294	0.02
10868	0.02
13366	0.02
13442	0.02
14254	0.02
14452	0.02
15266	0.02
17917	0.02
18595	0.02
18832	0.02
19921	0.02
20169	0.02
20908	0.02
21734	0.02
27047	0.02
29252	0.02
30139	0.02
30302	0.02
32667	0.02
32893	0.02
32897	0.02
33275	0.02
33463	0.02
35259	0.02
37124	0.02
38970	0.02
41412	0.02
42670	0.02
42947	0.02
43422	0.02
45113	0.02
45137	0.02
45875	0.02
49256	0.02
49986	0.02
51063	0.02
51653	0.02
51752	0.02
51945	0.02
53265	0.02
57496	0.02
58086	0.02
59576	0.02
60356	0.02
29845	0.019943019943
50913	0.0199004975124
25440	0.0198675496689
52079	0.019801980198
16228	0.0197368421053
3450	0.0196078431373
3480	0.0196078431373
4710	0.0196078431373
5076	0.0196078431373
5098	0.0196078431373
11142	0.0196078431373
11785	0.0196078431373
12272	0.0196078431373
17556	0.0196078431373
18130	0.0196078431373
18278	0.0196078431373
18345	0.0196078431373
18673	0.0196078431373
23900	0.0196078431373
30002	0.0196078431373
31018	0.0196078431373
32881	0.0196078431373
37224	0.0196078431373
38013	0.0196078431373
39885	0.0196078431373
40344	0.0196078431373
40772	0.0196078431373
41591	0.0196078431373
41630	0.0196078431373
42408	0.0196078431373
42519	0.0196078431373
43689	0.0196078431373
44030	0.0196078431373
47290	0.0196078431373
49644	0.0196078431373
50649	0.0196078431373
51409	0.0196078431373
51582	0.0196078431373
51826	0.0196078431373
51831	0.0196078431373
51883	0.0196078431373
53419	0.0196078431373
53935	0.0196078431373
56260	0.0196078431373
25444	0.0195439739414
587	0.0192307692308
1542	0.0192307692308
2317	0.0192307692308
3001	0.0192307692308
4397	0.0192307692308
4877	0.0192307692308
4948	0.0192307692308
5370	0.0192307692308
6196	0.0192307692308
8827	0.0192307692308
9743	0.0192307692308
11279	0.0192307692308
12306	0.0192307692308
12459	0.0192307692308
13548	0.0192307692308
14054	0.0192307692308
18411	0.0192307692308
18737	0.0192307692308
22333	0.0192307692308
22878	0.0192307692308
25630	0.0192307692308
27972	0.0192307692308
29933	0.0192307692308
30774	0.0192307692308
32096	0.0192307692308
34297	0.0192307692308
34619	0.0192307692308
39260	0.0192307692308
42258	0.0192307692308
42575	0.0192307692308
42840	0.0192307692308
43349	0.0192307692308
44401	0.0192307692308
44462	0.0192307692308
46113	0.0192307692308
48284	0.0192307692308
50965	0.0192307692308
51026	0.0192307692308
59700	0.0192307692308
29145	0.0191693290735
30828	0.0191082802548
52240	0.0191082802548
7734	0.0190476190476
26572	0.0190476190476
43834	0.0190476190476
51193	0.0190476190476
10287	0.0190114068441
41181	0.0189873417722
7163	0.0188679245283
7974	0.0188679245283
10463	0.0188679245283
11150	0.0188679245283
16232	0.0188679245283
21142	0.0188679245283
22227	0.0188679245283
22791	0.0188679245283
24538	0.0188679245283
28651	0.0188679245283
31020	0.0188679245283
32422	0.0188679245283
34647	0.0188679245283
34768	0.0188679245283
35340	0.0188679245283
35968	0.0188679245283
36416	0.0188679245283
36701	0.0188679245283
37770	0.0188679245283
41667	0.0188679245283
42113	0.0188679245283
42550	0.0188679245283
48158	0.0188679245283
49268	0.0188679245283
51109	0.0188679245283
51792	0.0188679245283
51938	0.0188679245283
59864	0.0188679245283
60320	0.0188679245283
3288	0.018779342723
29360	0.018779342723
6440	0.018691588785
34191	0.018691588785
52817	0.018691588785
52991	0.018691588785
9178	0.0186335403727
670	0.0185185185185
844	0.0185185185185
1853	0.0185185185185
3653	0.0185185185185
5393	0.0185185185185
5526	0.0185185185185
8970	0.0185185185185
9356	0.0185185185185
9607	0.0185185185185
10086	0.0185185185185
10348	0.0185185185185
13293	0.0185185185185
17272	0.0185185185185
20340	0.0185185185185
21743	0.0185185185185
24600	0.0185185185185
25637	0.0185185185185
30978	0.0185185185185
31491	0.0185185185185
32228	0.0185185185185
32499	0.0185185185185
32688	0.0185185185185
33523	0.0185185185185
34252	0.0185185185185
34444	0.0185185185185
36761	0.0185185185185
37572	0.0185185185185
37810	0.0185185185185
38678	0.0185185185185
39190	0.0185185185185
39853	0.0185185185185
41197	0.0185185185185
41299	0.0185185185185
41414	0.0185185185185
41590	0.0185185185185
41764	0.0185185185185
42379	0.0185185185185
42433	0.0185185185185
42444	0.0185185185185
42896	0.0185185185185
43447	0.0185185185185
47043	0.0185185185185
50098	0.0185185185185
53386	0.0185185185185
59784	0.0185185185185
59857	0.0185185185185
60140	0.0185185185185
60451	0.0185185185185
12777	0.0184049079755
41038	0.0184049079755
1638	0.0183486238532
27687	0.0183486238532
11519	0.0182926829268
13121	0.0182926829268
41126	0.0182370820669
493	0.0181818181818
1341	0.0181818181818
4774	0.0181818181818
7395	0.0181818181818
10421	0.0181818181818
11463	0.0181818181818
12953	0.0181818181818
16123	0.0181818181818
20320	0.0181818181818
22937	0.0181818181818
23287	0.0181818181818
24503	0.0181818181818
26069	0.0181818181818
28517	0.0181818181818
29913	0.0181818181818
31436	0.0181818181818
33622	0.0181818181818
34072	0.0181818181818
34204	0.0181818181818
37691	0.0181818181818
41492	0.0181818181818
41535	0.0181818181818
41846	0.0181818181818
42292	0.0181818181818
43417	0.0181818181818
43575	0.0181818181818
44847	0.0181818181818
49873	0.0181818181818
51975	0.0181818181818
52461	0.0181818181818
52540	0.0181818181818
52859	0.0181818181818
60130	0.0181818181818
17483	0.0180722891566
22684	0.0180722891566
95	0.018018018018
33544	0.018018018018
34104	0.018018018018
50885	0.0179372197309
41001	0.0179211469534
1818	0.0178571428571
1820	0.0178571428571
2287	0.0178571428571
2562	0.0178571428571
7525	0.0178571428571
12581	0.0178571428571
12604	0.0178571428571
12968	0.0178571428571
14669	0.0178571428571
20752	0.0178571428571
22589	0.0178571428571
27308	0.0178571428571
30552	0.0178571428571
31001	0.0178571428571
33817	0.0178571428571
33994	0.0178571428571
41383	0.0178571428571
41879	0.0178571428571
41955	0.0178571428571
42366	0.0178571428571
42616	0.0178571428571
43786	0.0178571428571
44309	0.0178571428571
46722	0.0178571428571
47598	0.0178571428571
48910	0.0178571428571
49119	0.0178571428571
50626	0.0178571428571
50940	0.0178571428571
51033	0.0178571428571
51652	0.0178571428571
17008	0.0178041543027
5206	0.0177514792899
11196	0.0177514792899
377	0.0176991150442
51892	0.0176991150442
60987	0.0176991150442
35100	0.0176470588235
1411	0.0175438596491
4124	0.0175438596491
6124	0.0175438596491
7656	0.0175438596491
9708	0.0175438596491
10187	0.0175438596491
11569	0.0175438596491
12426	0.0175438596491
15438	0.0175438596491
16431	0.0175438596491
18149	0.0175438596491
18327	0.0175438596491
19620	0.0175438596491
21210	0.0175438596491
21373	0.0175438596491
23112	0.0175438596491
28789	0.0175438596491
32439	0.0175438596491
35160	0.0175438596491
38003	0.0175438596491
41742	0.0175438596491
42152	0.0175438596491
42995	0.0175438596491
43282	0.0175438596491
44560	0.0175438596491
46493	0.0175438596491
48162	0.0175438596491
51175	0.0175438596491
51716	0.0175438596491
52059	0.0175438596491
52095	0.0175438596491
52580	0.0175438596491
56072	0.0175438596491
59537	0.0175438596491
60283	0.0175438596491
60315	0.0175438596491
21666	0.0173913043478
33751	0.0173913043478
19314	0.0173410404624
19687	0.0173410404624
797	0.0172413793103
1307	0.0172413793103
4159	0.0172413793103
10918	0.0172413793103
11866	0.0172413793103
13927	0.0172413793103
18331	0.0172413793103
22157	0.0172413793103
25325	0.0172413793103
26818	0.0172413793103
27634	0.0172413793103
28717	0.0172413793103
30058	0.0172413793103
30684	0.0172413793103
34622	0.0172413793103
36387	0.0172413793103
36977	0.0172413793103
38291	0.0172413793103
38727	0.0172413793103
39189	0.0172413793103
40401	0.0172413793103
41131	0.0172413793103
42345	0.0172413793103
42503	0.0172413793103
48608	0.0172413793103
51106	0.0172413793103
51253	0.0172413793103
51291	0.0172413793103
51607	0.0172413793103
52396	0.0172413793103
52557	0.0172413793103
52688	0.0172413793103
52975	0.0172413793103
53267	0.0172413793103
58718	0.0172413793103
59562	0.0172413793103
38758	0.0171428571429
23054	0.017094017094
25165	0.017094017094
28486	0.017094017094
38861	0.0170454545455
41609	0.0169971671388
59	0.0169491525424
252	0.0169491525424
3425	0.0169491525424
12609	0.0169491525424
12856	0.0169491525424
15052	0.0169491525424
17591	0.0169491525424
20010	0.0169491525424
25027	0.0169491525424
29409	0.0169491525424
30746	0.0169491525424
31374	0.0169491525424
32814	0.0169491525424
37568	0.0169491525424
37665	0.0169491525424
39013	0.0169491525424
40996	0.0169491525424
42149	0.0169491525424
42700	0.0169491525424
42989	0.0169491525424
45205	0.0169491525424
47041	0.0169491525424
50870	0.0169491525424
51523	0.0169491525424
51591	0.0169491525424
52903	0.0169491525424
53941	0.0169491525424
55861	0.0169491525424
60026	0.0169491525424
60281	0.0169491525424
6375	0.0168067226891
11378	0.0168067226891
21227	0.0168067226891
33639	0.0168067226891
52891	0.0168067226891
5460	0.0167224080268
403	0.0166666666667
2637	0.0166666666667
2681	0.0166666666667
2825	0.0166666666667
7437	0.0166666666667
8210	0.0166666666667
9058	0.0166666666667
11252	0.0166666666667
12971	0.0166666666667
13920	0.0166666666667
13992	0.0166666666667
15802	0.0166666666667
18399	0.0166666666667
18749	0.0166666666667
22765	0.0166666666667
23341	0.0166666666667
23540	0.0166666666667
23850	0.0166666666667
25893	0.0166666666667
26539	0.0166666666667
28330	0.0166666666667
29416	0.0166666666667
31860	0.0166666666667
36060	0.0166666666667
36064	0.0166666666667
37424	0.0166666666667
38835	0.0166666666667
40109	0.0166666666667
41497	0.0166666666667
41743	0.0166666666667
43959	0.0166666666667
45717	0.0166666666667
51390	0.0166666666667
51398	0.0166666666667
51762	0.0166666666667
52417	0.0166666666667
52734	0.0166666666667
59508	0.0166666666667
59707	0.0166666666667
38293	0.0166112956811
18340	0.0165745856354
4156	0.0165289256198
6369	0.0165289256198
13891	0.0165289256198
52024	0.0165289256198
11746	0.016501650165
29724	0.0164473684211
338	0.016393442623
1241	0.016393442623
11673	0.016393442623
11874	0.016393442623
14137	0.016393442623
15300	0.016393442623
16929	0.016393442623
19090	0.016393442623
20716	0.016393442623
21523	0.016393442623
21903	0.016393442623
22008	0.016393442623
28165	0.016393442623
31125	0.016393442623
39536	0.016393442623
40594	0.016393442623
41231	0.016393442623
41935	0.016393442623
43632	0.016393442623
45900	0.016393442623
47456	0.016393442623
48238	0.016393442623
51202	0.016393442623
51372	0.016393442623
52334	0.016393442623
53253	0.016393442623
57790	0.016393442623
58620	0.016393442623
59684	0.016393442623
60149	0.016393442623
4512	0.0162601626016
47475	0.0162601626016
51359	0.0162601626016
566	0.0161290322581
1908	0.0161290322581
3025	0.0161290322581
4891	0.0161290322581
6752	0.0161290322581
8621	0.0161290322581
9123	0.0161290322581
14347	0.0161290322581
26837	0.0161290322581
26841	0.0161290322581
29898	0.0161290322581
30760	0.0161290322581
32594	0.0161290322581
34241	0.0161290322581
35551	0.0161290322581
36581	0.0161290322581
36731	0.0161290322581
41892	0.0161290322581
41961	0.0161290322581
42053	0.0161290322581
42567	0.0161290322581
47633	0.0161290322581
50483	0.0161290322581
51097	0.0161290322581
51567	0.0161290322581
52886	0.0161290322581
53110	0.0161290322581
61215	0.0161290322581
17948	0.0160427807487
2145	0.016
41715	0.016
41807	0.016
43828	0.016
2361	0.015873015873
4121	0.015873015873
5718	0.015873015873
5946	0.015873015873
6391	0.015873015873
7531	0.015873015873
9052	0.015873015873
10488	0.015873015873
15206	0.015873015873
16283	0.015873015873
18959	0.015873015873
19877	0.015873015873
20261	0.015873015873
21242	0.015873015873
21586	0.015873015873
21790	0.015873015873
22813	0.015873015873
25297	0.015873015873
26407	0.015873015873
26590	0.015873015873
29626	0.015873015873
29656	0.015873015873
30193	0.015873015873
30311	0.015873015873
31107	0.015873015873
33068	0.015873015873
33305	0.015873015873
37930	0.015873015873
38983	0.015873015873
42482	0.015873015873
43475	0.015873015873
44375	0.015873015873
45072	0.015873015873
49571	0.015873015873
50482	0.015873015873
51881	0.015873015873
59618	0.015873015873
10920	0.0158102766798
27927	0.0158102766798
23285	0.0157894736842
6330	0.0157480314961
20779	0.0157480314961
34373	0.0157480314961
39483	0.0157480314961
44035	0.0157480314961
50936	0.0157480314961
52428	0.0157480314961
33862	0.0157068062827
41499	0.0156862745098
849	0.015625
5113	0.015625
10340	0.015625
11186	0.015625
11306	0.015625
12724	0.015625
14593	0.015625
18755	0.015625
22934	0.015625
26954	0.015625
27519	0.015625
28181	0.015625
28708	0.015625
30131	0.015625
33886	0.015625
34503	0.015625
41436	0.015625
41704	0.015625
50849	0.015625
51042	0.015625
51121	0.015625
51248	0.015625
51559	0.015625
52421	0.015625
53372	0.015625
57980	0.015625
497	0.0155555555556
31830	0.0155555555556
27225	0.015503875969
31720	0.015503875969
41136	0.015503875969
41088	0.0154639175258
1094	0.0153846153846
2772	0.0153846153846
3743	0.0153846153846
6368	0.0153846153846
8774	0.0153846153846
9130	0.0153846153846
10967	0.0153846153846
12928	0.0153846153846
17982	0.0153846153846
18992	0.0153846153846
20641	0.0153846153846
24437	0.0153846153846
26843	0.0153846153846
28542	0.0153846153846
29318	0.0153846153846
30792	0.0153846153846
31514	0.0153846153846
32550	0.0153846153846
32600	0.0153846153846
32851	0.0153846153846
37215	0.0153846153846
39404	0.0153846153846
39550	0.0153846153846
41445	0.0153846153846
41617	0.0153846153846
47038	0.0153846153846
50771	0.0153846153846
50912	0.0153846153846
51199	0.0153846153846
51348	0.0153846153846
52281	0.0153846153846
52500	0.0153846153846
52973	0.0153846153846
53277	0.0153846153846
50327	0.0153256704981
2409	0.0152905198777
51156	0.0152905198777
18973	0.0152671755725
25930	0.0152671755725
41894	0.0152671755725
4479	0.0152284263959
52332	0.0152091254753
1584	0.0151515151515
2211	0.0151515151515
4381	0.0151515151515
14859	0.0151515151515
15021	0.0151515151515
16774	0.0151515151515
17602	0.0151515151515
19313	0.0151515151515
20522	0.0151515151515
23409	0.0151515151515
23698	0.0151515151515
30484	0.0151515151515
34311	0.0151515151515
34986	0.0151515151515
35972	0.0151515151515
38818	0.0151515151515
40036	0.0151515151515
40875	0.0151515151515
42206	0.0151515151515
42211	0.0151515151515
42484	0.0151515151515
42568	0.0151515151515
43463	0.0151515151515
51391	0.0151515151515
52273	0.0151515151515
42378	0.0150753768844
3507	0.015037593985
870	0.015
7505	0.015
461	0.0149253731343
8759	0.0149253731343
9421	0.0149253731343
9822	0.0149253731343
10750	0.0149253731343
11854	0.0149253731343
13770	0.0149253731343
13829	0.0149253731343
19595	0.0149253731343
21703	0.0149253731343
25416	0.0149253731343
26773	0.0149253731343
29477	0.0149253731343
31656	0.0149253731343
32006	0.0149253731343
34918	0.0149253731343
35151	0.0149253731343
39140	0.0149253731343
41192	0.0149253731343
41328	0.0149253731343
41359	0.0149253731343
50991	0.0149253731343
51647	0.0149253731343
52772	0.0149253731343
59557	0.0149253731343
35847	0.0148698884758
2353	0.0148148148148
30925	0.0148148148148
44456	0.0147783251232
2516	0.0147058823529
3309	0.0147058823529
3666	0.0147058823529
4702	0.0147058823529
6218	0.0147058823529
13306	0.0147058823529
23373	0.0147058823529
23474	0.0147058823529
25623	0.0147058823529
28191	0.0147058823529
37599	0.0147058823529
39126	0.0147058823529
41372	0.0147058823529
41431	0.0147058823529
41599	0.0147058823529
42044	0.0147058823529
43164	0.0147058823529
46469	0.0147058823529
46975	0.0147058823529
48212	0.0147058823529
48682	0.0147058823529
48701	0.0147058823529
51694	0.0147058823529
51765	0.0147058823529
59798	0.0147058823529
2927	0.014598540146
30923	0.014598540146
34521	0.014598540146
4868	0.0145348837209
645	0.0144927536232
1369	0.0144927536232
2110	0.0144927536232
4712	0.0144927536232
7281	0.0144927536232
7415	0.0144927536232
8754	0.0144927536232
10022	0.0144927536232
10317	0.0144927536232
13318	0.0144927536232
20492	0.0144927536232
21696	0.0144927536232
29317	0.0144927536232
39438	0.0144927536232
41379	0.0144927536232
42741	0.0144927536232
43348	0.0144927536232
44862	0.0144927536232
46658	0.0144927536232
47467	0.0144927536232
49431	0.0144927536232
51777	0.0144927536232
60330	0.0144927536232
60613	0.0144927536232
41188	0.014440433213
392	0.0143884892086
1324	0.0143884892086
29990	0.0143884892086
41284	0.0143884892086
2811	0.0143369175627
83	0.0142857142857
1103	0.0142857142857
2272	0.0142857142857
4650	0.0142857142857
5330	0.0142857142857
5881	0.0142857142857
6592	0.0142857142857
6958	0.0142857142857
7420	0.0142857142857
10050	0.0142857142857
15687	0.0142857142857
18199	0.0142857142857
22946	0.0142857142857
26191	0.0142857142857
29291	0.0142857142857
32493	0.0142857142857
34094	0.0142857142857
35136	0.0142857142857
39767	0.0142857142857
41411	0.0142857142857
41503	0.0142857142857
42701	0.0142857142857
43943	0.0142857142857
44034	0.0142857142857
44528	0.0142857142857
45068	0.0142857142857
48981	0.0142857142857
51020	0.0142857142857
51023	0.0142857142857
51064	0.0142857142857
51103	0.0142857142857
51386	0.0142857142857
51767	0.0142857142857
56368	0.0142857142857
18456	0.0142180094787
29309	0.0141987829615
1028	0.0141843971631
17554	0.0141843971631
51689	0.0141843971631
3531	0.0141700404858
41530	0.0141509433962
28673	0.0141342756184
48572	0.0141242937853
1942	0.0140845070423
3002	0.0140845070423
3474	0.0140845070423
6235	0.0140845070423
7540	0.0140845070423
9897	0.0140845070423
13098	0.0140845070423
15963	0.0140845070423
22663	0.0140845070423
22939	0.0140845070423
24380	0.0140845070423
24691	0.0140845070423
26596	0.0140845070423
27587	0.0140845070423
29608	0.0140845070423
33273	0.0140845070423
33656	0.0140845070423
34192	0.0140845070423
37856	0.0140845070423
38078	0.0140845070423
41471	0.0140845070423
41868	0.0140845070423
42412	0.0140845070423
44286	0.0140845070423
44500	0.0140845070423
44704	0.0140845070423
51299	0.0140845070423
51545	0.0140845070423
53348	0.0140845070423
59816	0.0140845070423
2313	0.0140350877193
18226	0.013986013986
25810	0.013986013986
38232	0.013986013986
50864	0.013986013986
51313	0.013986013986
1167	0.0138888888889
1682	0.0138888888889
3824	0.0138888888889
4378	0.0138888888889
6136	0.0138888888889
7182	0.0138888888889
12050	0.0138888888889
13125	0.0138888888889
13622	0.0138888888889
15865	0.0138888888889
17331	0.0138888888889
17817	0.0138888888889
18506	0.0138888888889
18522	0.0138888888889
18972	0.0138888888889
21912	0.0138888888889
22271	0.0138888888889
23117	0.0138888888889
25140	0.0138888888889
25559	0.0138888888889
28438	0.0138888888889
32889	0.0138888888889
33840	0.0138888888889
34158	0.0138888888889
41047	0.0138888888889
41967	0.0138888888889
43991	0.0138888888889
51294	0.0138888888889
53239	0.0138888888889
23786	0.0138504155125
1087	0.0137931034483
21742	0.0137931034483
22408	0.0137931034483
1435	0.013698630137
5144	0.013698630137
5458	0.013698630137
5599	0.013698630137
7430	0.013698630137
9749	0.013698630137
10653	0.013698630137
12824	0.013698630137
21657	0.013698630137
25012	0.013698630137
25230	0.013698630137
27113	0.013698630137
28436	0.013698630137
36948	0.013698630137
37591	0.013698630137
41034	0.013698630137
41866	0.013698630137
42132	0.013698630137
42368	0.013698630137
42657	0.013698630137
51519	0.013698630137
53214	0.013698630137
47611	0.0136612021858
30899	0.0136307311029
1169	0.0136054421769
15825	0.0136054421769
23532	0.0136054421769
41705	0.0136054421769
51281	0.0136054421769
1	0.0135135135135
1257	0.0135135135135
1927	0.0135135135135
3820	0.0135135135135
3846	0.0135135135135
9685	0.0135135135135
10315	0.0135135135135
11875	0.0135135135135
14684	0.0135135135135
14714	0.0135135135135
15306	0.0135135135135
16264	0.0135135135135
26904	0.0135135135135
27094	0.0135135135135
27529	0.0135135135135
29186	0.0135135135135
31428	0.0135135135135
35926	0.0135135135135
37577	0.0135135135135
39528	0.0135135135135
41375	0.0135135135135
41625	0.0135135135135
42099	0.0135135135135
43238	0.0135135135135
50508	0.0135135135135
51054	0.0135135135135
51474	0.0135135135135
53396	0.0135135135135
41942	0.0134529147982
32457	0.0134228187919
41063	0.0134228187919
56100	0.0134228187919
41171	0.0133928571429
887	0.0133333333333
1936	0.0133333333333
2130	0.0133333333333
5395	0.0133333333333
5597	0.0133333333333
5634	0.0133333333333
12849	0.0133333333333
16958	0.0133333333333
18495	0.0133333333333
18625	0.0133333333333
25115	0.0133333333333
26657	0.0133333333333
28610	0.0133333333333
33781	0.0133333333333
38968	0.0133333333333
39366	0.0133333333333
51775	0.0133333333333
53206	0.0133333333333
59908	0.0133333333333
5673	0.0133079847909
862	0.0132890365449
7303	0.0132743362832
27579	0.0132743362832
41152	0.0132450331126
51164	0.0132450331126
51811	0.0132450331126
38925	0.013201320132
1976	0.0131578947368
3934	0.0131578947368
4383	0.0131578947368
16378	0.0131578947368
21347	0.0131578947368
27282	0.0131578947368
28820	0.0131578947368
28938	0.0131578947368
30252	0.0131578947368
32120	0.0131578947368
33975	0.0131578947368
35164	0.0131578947368
36475	0.0131578947368
40848	0.0131578947368
40997	0.0131578947368
41398	0.0131578947368
41864	0.0131578947368
42405	0.0131578947368
51003	0.0131578947368
51965	0.0131578947368
52864	0.0131578947368
21458	0.0131004366812
3827	0.0130718954248
3925	0.012987012987
4967	0.012987012987
9923	0.012987012987
11798	0.012987012987
12311	0.012987012987
12393	0.012987012987
13380	0.012987012987
13854	0.012987012987
16501	0.012987012987
20642	0.012987012987
23143	0.012987012987
23231	0.012987012987
23530	0.012987012987
30018	0.012987012987
31864	0.012987012987
33614	0.012987012987
33792	0.012987012987
38587	0.012987012987
38826	0.012987012987
39847	0.012987012987
41235	0.012987012987
41286	0.012987012987
44120	0.012987012987
48926	0.012987012987
52567	0.012987012987
59734	0.012987012987
59759	0.012987012987
2401	0.0129032258065
6928	0.0129032258065
28750	0.0129032258065
42912	0.0129032258065
51568	0.0129032258065
21772	0.0128617363344
16447	0.0128479657388
172	0.0128205128205
817	0.0128205128205
5611	0.0128205128205
6024	0.0128205128205
12832	0.0128205128205
13742	0.0128205128205
18425	0.0128205128205
19962	0.0128205128205
24487	0.0128205128205
24740	0.0128205128205
30635	0.0128205128205
34785	0.0128205128205
35030	0.0128205128205
38820	0.0128205128205
43616	0.0128205128205
50146	0.0128205128205
51880	0.0128205128205
51918	0.0128205128205
52071	0.0128205128205
52080	0.0128205128205
52222	0.0128205128205
60297	0.0128205128205
11230	0.0127659574468
32651	0.0127388535032
29218	0.0126903553299
2093	0.0126582278481
4977	0.0126582278481
6221	0.0126582278481
6711	0.0126582278481
11322	0.0126582278481
11766	0.0126582278481
13095	0.0126582278481
17969	0.0126582278481
18427	0.0126582278481
20744	0.0126582278481
28709	0.0126582278481
32917	0.0126582278481
32988	0.0126582278481
33672	0.0126582278481
41251	0.0126582278481
41870	0.0126582278481
42291	0.0126582278481
43585	0.0126582278481
43744	0.0126582278481
49044	0.0126582278481
50963	0.0126582278481
51624	0.0126582278481
51636	0.0126582278481
12610	0.0126382306477
35535	0.0125786163522
40847	0.0125786163522
52697	0.0125523012552
30980	0.0125284738041
1533	0.0125
2028	0.0125
2033	0.0125
4158	0.0125
5658	0.0125
5820	0.0125
20165	0.0125
21561	0.0125
25413	0.0125
28452	0.0125
28755	0.0125
29628	0.0125
29822	0.0125
38681	0.0125
40356	0.0125
40557	0.0125
41388	0.0125
41908	0.0125
42396	0.0125
42941	0.0125
60092	0.0125
30625	0.01246105919
50851	0.0124481327801
554	0.0124223602484
6360	0.0123839009288
2062	0.0123456790123
5368	0.0123456790123
5513	0.0123456790123
8372	0.0123456790123
29365	0.0123456790123
33377	0.0123456790123
36145	0.0123456790123
37007	0.0123456790123
41150	0.0123456790123
41542	0.0123456790123
42352	0.0123456790123
48998	0.0123456790123
51656	0.0123456790123
51925	0.0123456790123
52055	0.0123456790123
61046	0.0123456790123
39915	0.01230228471
11481	0.0122699386503
17318	0.0122699386503
51246	0.0122699386503
40978	0.0122448979592
289	0.0121951219512
1490	0.0121951219512
1555	0.0121951219512
2444	0.0121951219512
3858	0.0121951219512
3979	0.0121951219512
15730	0.0121951219512
16305	0.0121951219512
16902	0.0121951219512
17956	0.0121951219512
26558	0.0121951219512
27952	0.0121951219512
34997	0.0121951219512
35953	0.0121951219512
39085	0.0121951219512
41174	0.0121951219512
41334	0.0121951219512
41984	0.0121951219512
42377	0.0121951219512
45793	0.0121951219512
29854	0.0121621621622
14360	0.0121457489879
18759	0.0121457489879
31879	0.0121457489879
6781	0.0121212121212
12121	0.0121212121212
12585	0.0121212121212
13056	0.0120689655172
2578	0.0120481927711
2748	0.0120481927711
4409	0.0120481927711
5484	0.0120481927711
17275	0.0120481927711
17301	0.0120481927711
22534	0.0120481927711
35961	0.0120481927711
38350	0.0120481927711
51012	0.0120481927711
51498	0.0120481927711
949	0.0120274914089
37737	0.0120068610635
41329	0.012
41596	0.0119760479042
43473	0.0119760479042
51605	0.0119760479042
1062	0.0119047619048
1364	0.0119047619048
8739	0.0119047619048
19416	0.0119047619048
28043	0.0119047619048
28579	0.0119047619048
29401	0.0119047619048
33301	0.0119047619048
34998	0.0119047619048
42390	0.0119047619048
43298	0.0119047619048
46509	0.0119047619048
52802	0.0119047619048
17938	0.0118811881188
10096	0.0118343195266
11	0.0117994100295
12467	0.0117994100295
38262	0.0117994100295
1123	0.0117647058824
2739	0.0117647058824
4787	0.0117647058824
8965	0.0117647058824
12421	0.0117647058824
14126	0.0117647058824
19816	0.0117647058824
21311	0.0117647058824
22856	0.0117647058824
23079	0.0117647058824
23440	0.0117647058824
24058	0.0117647058824
24429	0.0117647058824
26530	0.0117647058824
34522	0.0117647058824
39320	0.0117647058824
40923	0.0117647058824
41577	0.0117647058824
42204	0.0117647058824
43251	0.0117647058824
44525	0.0117647058824
46211	0.0117647058824
51575	0.0117647058824
52034	0.0117647058824
53329	0.0117647058824
37104	0.01171875
13036	0.0116959064327
4916	0.011690647482
51173	0.011673151751
2490	0.0116279069767
16368	0.0116279069767
17979	0.0116279069767
18213	0.0116279069767
18307	0.0116279069767
18361	0.0116279069767
24457	0.0116279069767
25806	0.0116279069767
28719	0.0116279069767
31327	0.0116279069767
34652	0.0116279069767
35467	0.0116279069767
38072	0.0116279069767
39342	0.0116279069767
41848	0.0116279069767
42014	0.0116279069767
42409	0.0116279069767
50240	0.0116279069767
52121	0.0116279069767
52581	0.0116279069767
52666	0.0116279069767
28742	0.0115911485774
31536	0.0115740740741
4104	0.0114942528736
6213	0.0114942528736
28458	0.0114942528736
29573	0.0114942528736
31170	0.0114942528736
37117	0.0114942528736
41438	0.0114942528736
41527	0.0114942528736
50845	0.0114942528736
51053	0.0114942528736
52345	0.0114942528736
5774	0.0114285714286
12511	0.0114285714286
23628	0.0114285714286
22971	0.0114155251142
2618	0.0113636363636
4413	0.0113636363636
10110	0.0113636363636
14649	0.0113636363636
20335	0.0113636363636
34749	0.0113636363636
41029	0.0113636363636
41059	0.0113636363636
41262	0.0113636363636
41716	0.0113636363636
41736	0.0113636363636
42354	0.0113636363636
42576	0.0113636363636
51760	0.0113636363636
51825	0.0113636363636
52319	0.0113636363636
52890	0.0113636363636
5553	0.0113378684807
28155	0.011320754717
24606	0.0112994350282
37114	0.0112994350282
43200	0.0112994350282
4339	0.0112781954887
50923	0.0112781954887
18	0.0112359550562
1000	0.0112359550562
1508	0.0112359550562
2403	0.0112359550562
2874	0.0112359550562
7295	0.0112359550562
7518	0.0112359550562
11430	0.0112359550562
14253	0.0112359550562
16912	0.0112359550562
18022	0.0112359550562
19208	0.0112359550562
20315	0.0112359550562
22681	0.0112359550562
25472	0.0112359550562
33405	0.0112359550562
36120	0.0112359550562
41627	0.0112359550562
42259	0.0112359550562
42925	0.0112359550562
46832	0.0112359550562
52641	0.0112359550562
59543	0.0112359550562
59681	0.0112359550562
512	0.0111940298507
37392	0.0111888111888
26566	0.0111731843575
33780	0.0111731843575
1714	0.0111111111111
6271	0.0111111111111
7509	0.0111111111111
16847	0.0111111111111
19572	0.0111111111111
23275	0.0111111111111
23372	0.0111111111111
23667	0.0111111111111
27031	0.0111111111111
28824	0.0111111111111
30209	0.0111111111111
30973	0.0111111111111
32728	0.0111111111111
33947	0.0111111111111
35022	0.0111111111111
35117	0.0111111111111
38989	0.0111111111111
41060	0.0111111111111
42928	0.0111111111111
51336	0.0111111111111
52170	0.0111111111111
52682	0.0111111111111
59906	0.0111111111111
28821	0.0110497237569
35360	0.0110497237569
52738	0.0110497237569
11307	0.0110192837466
137	0.010989010989
143	0.010989010989
1386	0.010989010989
11887	0.010989010989
14555	0.010989010989
18119	0.010989010989
31312	0.010989010989
35057	0.010989010989
37774	0.010989010989
41090	0.010989010989
42056	0.010989010989
50994	0.010989010989
51049	0.010989010989
51292	0.010989010989
51353	0.010989010989
51589	0.010989010989
7411	0.0109289617486
13642	0.0109289617486
30789	0.0109289617486
19601	0.0109011627907
4007	0.0108695652174
4144	0.0108695652174
5124	0.0108695652174
10443	0.0108695652174
11128	0.0108695652174
17461	0.0108695652174
30195	0.0108695652174
35541	0.0108695652174
37163	0.0108695652174
38739	0.0108695652174
38899	0.0108695652174
51102	0.0108695652174
51746	0.0108695652174
51838	0.0108695652174
52476	0.0108695652174
52629	0.0108695652174
52853	0.0108695652174
50939	0.0108401084011
8732	0.0108303249097
28832	0.0108225108225
22401	0.0108108108108
34121	0.0108108108108
39785	0.0107948969578
34897	0.010781671159
859	0.010752688172
4318	0.010752688172
10914	0.010752688172
14862	0.010752688172
16920	0.010752688172
22018	0.010752688172
26175	0.010752688172
26830	0.010752688172
30694	0.010752688172
35480	0.010752688172
41593	0.010752688172
41754	0.010752688172
48899	0.010752688172
51380	0.010752688172
51852	0.010752688172
9252	0.0106951871658
12998	0.0106951871658
26416	0.0106761565836
3787	0.0106382978723
7614	0.0106382978723
10439	0.0106382978723
18838	0.0106382978723
23825	0.0106382978723
27173	0.0106382978723
27550	0.0106382978723
28545	0.0106382978723
32822	0.0106382978723
33964	0.0106382978723
41062	0.0106382978723
41378	0.0106382978723
42111	0.0106382978723
42813	0.0106382978723
45223	0.0106382978723
48076	0.0106382978723
52227	0.0106382978723
23211	0.010582010582
26579	0.010582010582
29024	0.010582010582
34830	0.010582010582
36710	0.010582010582
37426	0.010582010582
49394	0.0105485232068
652	0.0105263157895
1487	0.0105263157895
4510	0.0105263157895
9488	0.0105263157895
9924	0.0105263157895
14511	0.0105263157895
23150	0.0105263157895
24833	0.0105263157895
26172	0.0105263157895
28042	0.0105263157895
28128	0.0105263157895
30834	0.0105263157895
38064	0.0105263157895
40334	0.0105263157895
40988	0.0105263157895
41122	0.0105263157895
41143	0.0105263157895
41241	0.0105263157895
42029	0.0105263157895
51394	0.0105263157895
51847	0.0105263157895
53282	0.0105263157895
53338	0.0105263157895
21801	0.0104895104895
19897	0.0104712041885
3133	0.0104438642298
1180	0.0104166666667
2757	0.0104166666667
5693	0.0104166666667
5754	0.0104166666667
6194	0.0104166666667
26295	0.0104166666667
34621	0.0104166666667
35630	0.0104166666667
40569	0.0104166666667
41114	0.0104166666667
41313	0.0104166666667
41374	0.0104166666667
50890	0.0104166666667
50911	0.0104166666667
51196	0.0104166666667
52231	0.0104166666667
9200	0.0104058272633
6417	0.0103626943005
27723	0.0103626943005
35144	0.0103626943005
7062	0.0103448275862
50105	0.0103305785124
7749	0.0103092783505
13092	0.0103092783505
17095	0.0103092783505
19338	0.0103092783505
22873	0.0103092783505
28415	0.0103092783505
28700	0.0103092783505
40961	0.0103092783505
41096	0.0103092783505
51158	0.0103092783505
51937	0.0103092783505
51655	0.0102564102564
7442	0.0102301790281
2321	0.0102040816327
4227	0.0102040816327
4502	0.0102040816327
6339	0.0102040816327
16516	0.0102040816327
25273	0.0102040816327
29582	0.0102040816327
36736	0.0102040816327
41139	0.0102040816327
44233	0.0102040816327
51197	0.0102040816327
52102	0.0102040816327
59617	0.0102040816327
30901	0.010152284264
33692	0.010152284264
52065	0.010152284264
13952	0.0101351351351
13955	0.0101351351351
283	0.010101010101
4515	0.010101010101
8724	0.010101010101
11223	0.010101010101
18414	0.010101010101
18596	0.010101010101
21298	0.010101010101
22241	0.010101010101
24320	0.010101010101
30943	0.010101010101
34190	0.010101010101
34659	0.010101010101
38748	0.010101010101
39213	0.010101010101
40887	0.010101010101
41177	0.010101010101
42398	0.010101010101
46731	0.010101010101
49401	0.010101010101
50949	0.010101010101
52072	0.010101010101
52613	0.010101010101
41016	0.0100864553314
4242	0.010067114094
25376	0.0100502512563
34471	0.0100502512563
2	0.0100300902708
1553	0.01
1618	0.01
6466	0.01
6693	0.01
17277	0.01
21795	0.01
26274	0.01
35275	0.01
37792	0.01
42035	0.01
43269	0.01
51151	0.01
59944	0.01
867	0.00997506234414
20630	0.00997506234414
39136	0.00996932515337
6564	0.00996677740864
22929	0.00996376811594
25051	0.00996015936255
23481	0.00995024875622
25047	0.00995024875622
12481	0.00990099009901
21557	0.00990099009901
37046	0.00990099009901
39265	0.00990099009901
40477	0.00990099009901
51055	0.00990099009901
921	0.00989208633094
23688	0.00987654320988
33879	0.00985221674877
36967	0.00985221674877
28286	0.00983606557377
1146	0.00980392156863
4149	0.00980392156863
12800	0.00980392156863
12831	0.00980392156863
16273	0.00980392156863
16448	0.00980392156863
34225	0.00980392156863
37806	0.00980392156863
41610	0.00980392156863
42156	0.00980392156863
50642	0.00980392156863
51038	0.00980392156863
51229	0.00980392156863
26584	0.00979020979021
2865	0.00975609756098
24889	0.00975609756098
3187	0.00970873786408
4580	0.00970873786408
5698	0.00970873786408
8129	0.00970873786408
10103	0.00970873786408
25891	0.00970873786408
30982	0.00970873786408
37686	0.00970873786408
41880	0.00970873786408
51006	0.00970873786408
41109	0.00968992248062
34169	0.00967117988395
3204	0.00966183574879
4733	0.00966183574879
1528	0.00961538461538
1740	0.00961538461538
9142	0.00961538461538
14245	0.00961538461538
14505	0.00961538461538
14573	0.00961538461538
20818	0.00961538461538
21983	0.00961538461538
24358	0.00961538461538
26599	0.00961538461538
28055	0.00961538461538
35699	0.00961538461538
36054	0.00961538461538
41024	0.00961538461538
41081	0.00961538461538
41157	0.00961538461538
42040	0.00961538461538
50980	0.00961538461538
51096	0.00961538461538
23174	0.00954653937947
123	0.00952380952381
932	0.00952380952381
8755	0.00952380952381
11775	0.00952380952381
16076	0.00952380952381
18317	0.00952380952381
25295	0.00952380952381
28134	0.00952380952381
32923	0.00952380952381
36686	0.00952380952381
39358	0.00952380952381
41191	0.00952380952381
7175	0.0095087163233
38492	0.00949796472185
2216	0.00947867298578
16209	0.00947867298578
23080	0.00947867298578
41154	0.00946372239748
7340	0.00945378151261
2169	0.00943396226415
4814	0.00943396226415
16204	0.00943396226415
22230	0.00943396226415
22572	0.00943396226415
28621	0.00943396226415
31220	0.00943396226415
36606	0.00943396226415
37194	0.00943396226415
42369	0.00943396226415
42468	0.00943396226415
43150	0.00943396226415
50979	0.00943396226415
51114	0.00943396226415
51250	0.00943396226415
51283	0.00943396226415
21797	0.00941619585687
39447	0.00940070505288
20800	0.0093896713615
14115	0.009375
871	0.00934579439252
1950	0.00934579439252
2067	0.00934579439252
3947	0.00934579439252
10388	0.00934579439252
24316	0.00934579439252
30874	0.00934579439252
32778	0.00934579439252
34548	0.00934579439252
41070	0.00934579439252
41092	0.00934579439252
41629	0.00934579439252
42339	0.00934579439252
44433	0.00934579439252
48252	0.00934579439252
50898	0.00934579439252
51000	0.00934579439252
51146	0.00934579439252
51795	0.00934579439252
34369	0.00932835820896
34751	0.00932835820896
5512	0.00931677018634
7444	0.00931677018634
21337	0.0093023255814
35581	0.0093023255814
24958	0.00928792569659
41307	0.00928792569659
819	0.00925925925926
11553	0.00925925925926
29816	0.00925925925926
32738	0.00925925925926
36632	0.00925925925926
41833	0.00925925925926
51092	0.00925925925926
60068	0.00925925925926
20173	0.00923787528868
27890	0.00922722029988
44978	0.00921658986175
1064	0.00920245398773
41071	0.00919540229885
1256	0.00917431192661
4452	0.00917431192661
6353	0.00917431192661
21375	0.00917431192661
26509	0.00917431192661
26874	0.00917431192661
39651	0.00917431192661
41098	0.00917431192661
2084	0.00913242009132
47787	0.00913242009132
22643	0.00911854103343
2745	0.00910364145658
90	0.00909090909091
2245	0.00909090909091
2410	0.00909090909091
8519	0.00909090909091
10013	0.00909090909091
18231	0.00909090909091
18974	0.00909090909091
21321	0.00909090909091
21379	0.00909090909091
32700	0.00909090909091
34105	0.00909090909091
34649	0.00909090909091
37689	0.00909090909091
39473	0.00909090909091
40104	0.00909090909091
41019	0.00909090909091
41340	0.00909090909091
30269	0.00907441016334
19598	0.00906735751295
15083	0.00904977375566
59604	0.00904977375566
27128	0.00903614457831
35237	0.00903614457831
35345	0.00903225806452
6304	0.00900900900901
7300	0.00900900900901
12970	0.00900900900901
13006	0.00900900900901
18223	0.00900900900901
32058	0.00900900900901
36894	0.00900900900901
40936	0.00900900900901
40979	0.00900900900901
41201	0.00900900900901
41222	0.00900900900901
41385	0.00900900900901
41649	0.00900900900901
11769	0.00897666068223
11294	0.00896860986547
26760	0.00896860986547
40289	0.00896860986547
5204	0.00893997445722
766	0.00892857142857
1755	0.00892857142857
8767	0.00892857142857
9502	0.00892857142857
11886	0.00892857142857
24067	0.00892857142857
27019	0.00892857142857
29287	0.00892857142857
34865	0.00892857142857
41481	0.00892857142857
42328	0.00892857142857
42704	0.00892857142857
7312	0.00892437764209
4705	0.00888888888889
41025	0.00888888888889
53342	0.00888888888889
5056	0.00884955752212
22426	0.00884955752212
30185	0.00884955752212
37588	0.00884955752212
41555	0.00884955752212
41653	0.00884955752212
49210	0.00884955752212
55746	0.00884955752212
38794	0.00878734622144
5120	0.00878477306003
876	0.00877192982456
913	0.00877192982456
3273	0.00877192982456
5574	0.00877192982456
29399	0.00877192982456
33645	0.00877192982456
50873	0.00877192982456
11201	0.00875656742557
33887	0.00875656742557
1739	0.00873362445415
34999	0.00873362445415
41366	0.00873362445415
34224	0.00872410032715
41032	0.00872093023256
156	0.00869565217391
5637	0.00869565217391
16802	0.00869565217391
18378	0.00869565217391
26592	0.00869565217391
31962	0.00869565217391
34443	0.00869565217391
41012	0.00869565217391
41934	0.00869565217391
51346	0.00869565217391
51804	0.00869565217391
51869	0.00869565217391
52016	0.00869565217391
2007	0.00867678958785
38793	0.00866050808314
11165	0.00865800865801
32490	0.00865800865801
40980	0.00865051903114
4489	0.00863557858377
2247	0.00862068965517
3194	0.00862068965517
4174	0.00862068965517
22601	0.00862068965517
25098	0.00862068965517
27045	0.00862068965517
28749	0.00862068965517
53194	0.00862068965517
511	0.00859598853868
14369	0.00858369098712
17611	0.00858369098712
5519	0.00856164383562
4846	0.00856031128405
9642	0.00855745721271
17946	0.00854700854701
21845	0.00854700854701
22170	0.00854700854701
37670	0.00854700854701
39727	0.00854700854701
41200	0.00854700854701
42931	0.00854700854701
49791	0.00854700854701
52357	0.00854700854701
14140	0.00852272727273
41000	0.00852272727273
41434	0.00852272727273
41165	0.00849858356941
51212	0.00848896434635
5023	0.00847457627119
5918	0.00847457627119
6254	0.00847457627119
15009	0.00847457627119
17346	0.00847457627119
23990	0.00847457627119
27580	0.00847457627119
30806	0.00847457627119
31494	0.00847457627119
34683	0.00847457627119
36366	0.00847457627119
41068	0.00847457627119
49350	0.00847457627119
51492	0.00847457627119
59627	0.00847457627119
2613	0.00846262341326
3535	0.00845070422535
29863	0.00843170320405
2030	0.00840336134454
3575	0.00840336134454
14839	0.00840336134454
15602	0.00840336134454
20785	0.00840336134454
25169	0.00840336134454
28047	0.00840336134454
33716	0.00840336134454
41332	0.00840336134454
50863	0.00840336134454
32823	0.00836820083682
51099	0.00836820083682
2787	0.00833333333333
3664	0.00833333333333
4711	0.00833333333333
5712	0.00833333333333
6305	0.00833333333333
11760	0.00833333333333
11784	0.00833333333333
23643	0.00833333333333
40981	0.00833333333333
42555	0.00833333333333
42799	0.00833333333333
50884	0.00833333333333
4518	0.00831873905429
5231	0.00830306175402
13933	0.00829875518672
37660	0.00829875518672
41146	0.00829875518672
42374	0.00829875518672
5237	0.00828729281768
11655	0.00827814569536
2544	0.00826446280992
2722	0.00826446280992
4929	0.00826446280992
9636	0.00826446280992
14381	0.00826446280992
47265	0.00826446280992
47553	0.00826446280992
52258	0.00826446280992
55841	0.00826446280992
1700	0.00824175824176
18301	0.00824175824176
4541	0.00819672131148
11397	0.00819672131148
25432	0.00819672131148
34096	0.00819672131148
34933	0.00819672131148
36275	0.00819672131148
40411	0.00819672131148
41003	0.00819672131148
43219	0.00819672131148
52350	0.00819672131148
1632	0.00816326530612
12756	0.00816326530612
27255	0.00816326530612
25078	0.00815217391304
29453	0.00815217391304
7115	0.00813008130081
19695	0.00813008130081
29492	0.00813008130081
33775	0.00813008130081
34943	0.00813008130081
4430	0.00811808118081
3788	0.00810810810811
29780	0.0080971659919
41134	0.0080971659919
6812	0.00809061488673
5157	0.00807672892479
3077	0.00806451612903
6428	0.00806451612903
14233	0.00806451612903
24922	0.00806451612903
28141	0.00806451612903
32074	0.00806451612903
32626	0.00806451612903
32811	0.00806451612903
37190	0.00806451612903
42194	0.00806451612903
42320	0.00806451612903
43749	0.00806451612903
40965	0.00805801772764
1497	0.00805152979066
5809	0.00803571428571
13960	0.00803212851406
14749	0.00803212851406
7419	0.00802139037433
26251	0.008
29596	0.008
32684	0.008
37052	0.008
2127	0.00796812749004
2785	0.00796812749004
8709	0.00796812749004
36392	0.00795228628231
216	0.00793650793651
2639	0.00793650793651
3553	0.00793650793651
4057	0.00793650793651
9722	0.00793650793651
20636	0.00793650793651
22031	0.00793650793651
42135	0.00793650793651
41132	0.00791556728232
6372	0.00790513833992
24126	0.00790513833992
44281	0.00790513833992
2326	0.00789889415482
11250	0.00787401574803
14730	0.00787401574803
17188	0.00787401574803
20511	0.00787401574803
23265	0.00787401574803
27859	0.00787401574803
30949	0.00787401574803
39039	0.00787401574803
41444	0.00787401574803
43325	0.00787401574803
50553	0.00787401574803
51139	0.00787401574803
52536	0.00787401574803
57862	0.00787401574803
879	0.00785340314136
11359	0.00785340314136
51989	0.00785340314136
22717	0.0078431372549
41270	0.0078431372549
5593	0.00782778864971
71	0.0078125
10646	0.0078125
29790	0.0078125
41236	0.0078125
41353	0.0078125
51011	0.0078125
52382	0.0078125
41355	0.00779727095517
41041	0.00778210116732
5768	0.00776699029126
1503	0.00776053215078
5603	0.0077519379845
13071	0.0077519379845
16917	0.0077519379845
22238	0.0077519379845
26741	0.0077519379845
28633	0.0077519379845
31895	0.0077519379845
41943	0.0077519379845
18205	0.00772200772201
1422	0.00771208226221
38822	0.00771208226221
40995	0.00770218228498
36398	0.00769971126083
10054	0.00769230769231
12503	0.00769230769231
21719	0.00769230769231
41023	0.00769230769231
41338	0.00769230769231
41519	0.00769230769231
3729	0.00767754318618
9138	0.00766283524904
9188	0.00766283524904
16420	0.00765306122449
4044	0.00763358778626
4396	0.00763358778626
7645	0.00763358778626
26868	0.00763358778626
27582	0.00763358778626
39210	0.00763358778626
47430	0.00763358778626
5432	0.00759144237405
900	0.00758725341426
38584	0.00758725341426
8729	0.00757575757576
14207	0.00757575757576
14275	0.00757575757576
18607	0.00757575757576
20111	0.00757575757576
26279	0.00757575757576
33841	0.00757575757576
33971	0.00757575757576
34145	0.00757575757576
34210	0.00757575757576
41179	0.00757575757576
42973	0.00757575757576
59890	0.00757575757576
22383	0.00757054370268
36999	0.00755667506297
937	0.00751879699248
5221	0.00751879699248
15986	0.00751879699248
18134	0.00751879699248
29855	0.00751879699248
36537	0.00751879699248
41164	0.00751879699248
41245	0.00751879699248
44776	0.00751879699248
893	0.00749250749251
3316	0.00746268656716
4604	0.00746268656716
11383	0.00746268656716
14525	0.00746268656716
32411	0.00746268656716
34724	0.00746268656716
41111	0.00746268656716
47503	0.00746268656716
76	0.00740740740741
14646	0.00740740740741
29564	0.00740740740741
36494	0.00740740740741
43787	0.00740740740741
45093	0.00740740740741
51632	0.00740740740741
40971	0.0073664825046
1328	0.00735294117647
3565	0.00735294117647
5804	0.00735294117647
6427	0.00735294117647
12167	0.00735294117647
23642	0.00735294117647
24803	0.00735294117647
25240	0.00735294117647
31875	0.00735294117647
35245	0.00735294117647
40984	0.00735294117647
61083	0.00735294117647
41010	0.00733496332518
1628	0.00732600732601
4005	0.00732600732601
3689	0.00731707317073
6394	0.00729927007299
10789	0.00729927007299
17583	0.00729927007299
21915	0.00729927007299
36976	0.00729927007299
22743	0.00728155339806
3006	0.00724637681159
5112	0.00724637681159
5354	0.00724637681159
15207	0.00724637681159
20647	0.00724637681159
22919	0.00724637681159
25305	0.00724637681159
34920	0.00724637681159
38701	0.00724637681159
40394	0.00724637681159
40999	0.00724637681159
41421	0.00724637681159
6789	0.0072202166065
16956	0.0072202166065
41347	0.0072202166065
1096	0.00719424460432
14686	0.00719424460432
50812	0.00719424460432
52188	0.00719424460432
32612	0.00716845878136
4006	0.00714285714286
33577	0.00714285714286
33680	0.00714285714286
41354	0.00714285714286
42262	0.00714285714286
46619	0.00714285714286
48902	0.00714285714286
51039	0.00714285714286
53001	0.00714285714286
9656	0.00710227272727
5672	0.00709219858156
13216	0.00709219858156
34155	0.00709219858156
41642	0.00709219858156
51030	0.00709219858156
51340	0.00709219858156
53361	0.00709219858156
1902	0.00707785642063
28051	0.00707547169811
4764	0.00707213578501
51178	0.00706713780919
29992	0.00704225352113
41095	0.00704225352113
44184	0.00704225352113
53114	0.00704225352113
1380	0.00702576112412
29277	0.00702576112412
1113	0.00699300699301
1117	0.00699300699301
2094	0.00699300699301
15288	0.00699300699301
19288	0.00699300699301
22319	0.00699300699301
22941	0.00699300699301
29372	0.00699300699301
42977	0.00699300699301
50969	0.00699300699301
30691	0.00696864111498
31138	0.00696864111498
2905	0.00694444444444
3116	0.00694444444444
4658	0.00694444444444
27934	0.00694444444444
41055	0.00694444444444
50995	0.00694444444444
4578	0.0069407367859
2037	0.00690607734807
33678	0.00689655172414
42308	0.00689655172414
25738	0.00687876182287
11504	0.00687285223368
14750	0.00686498855835
27525	0.00686498855835
4173	0.00684931506849
5552	0.00684931506849
12325	0.00684931506849
19792	0.00684931506849
22479	0.00684931506849
25405	0.00684931506849
27209	0.00684931506849
30845	0.00684931506849
32246	0.00684931506849
38330	0.00684931506849
47050	0.00684931506849
3865	0.00680272108844
9818	0.00680272108844
17986	0.00680272108844
28405	0.00680272108844
34143	0.00680272108844
42545	0.00680272108844
51496	0.00680272108844
12969	0.00679117147708
3139	0.00677966101695
24017	0.00677966101695
30794	0.00677966101695
100	0.00675675675676
3492	0.00675675675676
10047	0.00675675675676
10112	0.00675675675676
25570	0.00675675675676
25586	0.00675675675676
28407	0.00675675675676
41065	0.00675675675676
43376	0.00675675675676
53000	0.00675675675676
761	0.00671140939597
7390	0.00671140939597
11778	0.00671140939597
27048	0.00671140939597
27409	0.00671140939597
29543	0.00671140939597
35920	0.00671140939597
4951	0.00669642857143
8397	0.00669642857143
41364	0.0066889632107
2104	0.00666666666667
3426	0.00666666666667
13076	0.00666666666667
24688	0.00666666666667
49749	0.00666666666667
3059	0.00664893617021
41417	0.00664451827243
3747	0.00662251655629
5575	0.00662251655629
41079	0.00662251655629
41116	0.00661157024793
2463	0.00660377358491
11381	0.00660066006601
869	0.00659340659341
20506	0.00658761528327
10162	0.00657894736842
14476	0.00657894736842
22621	0.00657894736842
32832	0.00657894736842
43785	0.00657894736842
49403	0.00657894736842
5503	0.00656044985942
25937	0.00655737704918
39585	0.00655737704918
1048	0.0065543071161
35563	0.0065386187168
2419	0.00653594771242
7451	0.00653594771242
13633	0.00653594771242
29818	0.00653594771242
39323	0.00653594771242
41489	0.00653594771242
42270	0.00653594771242
43414	0.00653594771242
51274	0.00653594771242
5884	0.00649350649351
12830	0.00649350649351
13058	0.00649350649351
19799	0.00649350649351
30585	0.00649350649351
36418	0.00649350649351
41890	0.00649350649351
42609	0.00649350649351
3445	0.00647249190939
14352	0.00646830530401
3991	0.00645161290323
6222	0.00645161290323
11060	0.00645161290323
30793	0.00645161290323
32318	0.00645161290323
39324	0.00645161290323
41161	0.00645161290323
41468	0.00645161290323
4654	0.00643776824034
41018	0.00642673521851
2898	0.00642398286938
2381	0.00641848523748
253	0.00641711229947
13111	0.0064139941691
1399	0.00641025641026
2789	0.00641025641026
4563	0.00641025641026
7413	0.00641025641026
14518	0.00641025641026
17904	0.00641025641026
35039	0.00641025641026
43178	0.00641025641026
2411	0.00636942675159
18997	0.00636942675159
26486	0.00636942675159
27063	0.00636942675159
34607	0.00636942675159
42312	0.00636942675159
2290	0.00635838150289
3933	0.00634057971014
4280	0.00632911392405
9245	0.00632911392405
51393	0.00632911392405
21545	0.00631578947368
1752	0.0062893081761
3280	0.0062893081761
42750	0.0062893081761
27910	0.00625
32188	0.00625
17355	0.00624024960998
34637	0.00623052959502
20573	0.00621118012422
39874	0.00621118012422
40351	0.00621118012422
26805	0.00620842572062
1239	0.0061919504644
8681	0.0061919504644
27809	0.0061919504644
11169	0.00618556701031
2829	0.00617283950617
14515	0.00617283950617
15638	0.00617283950617
34254	0.00617283950617
41058	0.00617283950617
41258	0.00617283950617
494	0.00613496932515
3698	0.00613496932515
4513	0.00613496932515
41093	0.00613496932515
51254	0.00613496932515
19599	0.00612244897959
1918	0.00611620795107
23999	0.00611620795107
1984	0.00610687022901
1119	0.00610500610501
13119	0.00609756097561
13621	0.00609756097561
14013	0.00609756097561
28156	0.00609756097561
34350	0.00609756097561
4937	0.00608519269777
22744	0.00608166811468
37225	0.00607902735562
50901	0.00607902735562
5420	0.00607533414338
4655	0.00607082630691
632	0.00606060606061
2610	0.00606060606061
10010	0.00606060606061
37747	0.00606060606061
50915	0.00606060606061
36394	0.00603621730382
1039	0.00602409638554
1990	0.00602409638554
26098	0.00602409638554
41331	0.00602409638554
18613	0.00601503759398
18584	0.00600240096038
27865	0.006
38203	0.00599128540305
14122	0.0059880239521
22830	0.0059880239521
35728	0.0059880239521
38519	0.0059880239521
41066	0.0059880239521
51676	0.0059880239521
51821	0.0059880239521
13040	0.00595238095238
16784	0.00595238095238
34109	0.00595238095238
51179	0.00595238095238
874	0.00591715976331
5089	0.00591715976331
12432	0.00591715976331
14833	0.00591715976331
17715	0.00591715976331
27527	0.00591715976331
39549	0.00591715976331
41243	0.00591715976331
51071	0.00591715976331
20542	0.00588235294118
27535	0.00588235294118
3365	0.00584795321637
18967	0.00584795321637
23299	0.00584795321637
26893	0.00584795321637
27899	0.00584795321637
33922	0.00584795321637
52525	0.00584795321637
41015	0.00583090379009
3156	0.00581395348837
13063	0.00581395348837
33621	0.00581395348837
36364	0.00581395348837
40893	0.00581395348837
40986	0.00581395348837
41672	0.00581395348837
42145	0.00581395348837
53344	0.00581395348837
40982	0.00579710144928
1655	0.00578034682081
18129	0.00578034682081
20591	0.00578034682081
32895	0.00578034682081
4464	0.00574712643678
5715	0.00574712643678
31440	0.00574712643678
42335	0.00574712643678
1118	0.0057361376673
38191	0.0057273768614
10089	0.00571428571429
35019	0.00571428571429
41156	0.00571428571429
10844	0.00568181818182
15233	0.00568181818182
17987	0.00568181818182
27125	0.00568181818182
12501	0.00564971751412
13212	0.00564971751412
39546	0.00564971751412
29686	0.0056338028169
254	0.00561797752809
3533	0.00561797752809
21204	0.00561797752809
24373	0.00561797752809
41940	0.00561797752809
3239	0.00560224089636
3943	0.00558659217877
17586	0.00558659217877
21989	0.00558659217877
3260	0.00555555555556
22579	0.00555555555556
23222	0.00555555555556
28737	0.00555555555556
37680	0.00555555555556
39426	0.00555555555556
42531	0.00555555555556
59661	0.00555555555556
7349	0.00554016620499
38800	0.00552486187845
10250	0.00550964187328
34147	0.00550964187328
34967	0.00549450549451
41985	0.00549450549451
4743	0.00546448087432
17625	0.00546448087432
51159	0.00546448087432
107	0.0054347826087
18815	0.0054347826087
22838	0.0054347826087
23415	0.0054347826087
30762	0.0054347826087
51029	0.0054347826087
3598	0.00540540540541
10157	0.00540540540541
12194	0.00540540540541
17915	0.00540540540541
21662	0.00540540540541
21906	0.00540540540541
25942	0.00540540540541
37409	0.00540540540541
16723	0.00537634408602
22026	0.00537634408602
33850	0.00537634408602
50957	0.00537634408602
51041	0.00537634408602
41048	0.00536193029491
29532	0.00534759358289
40489	0.00534759358289
47774	0.00534759358289
742	0.00531914893617
42450	0.00531914893617
868	0.00531511009871
27489	0.00530035335689
1390	0.00529100529101
11000	0.00529100529101
26890	0.00529100529101
26602	0.00527108433735
3214	0.00526315789474
7751	0.00526315789474
12149	0.00526315789474
25453	0.00526315789474
40992	0.00526315789474
5622	0.00524934383202
9251	0.00524934383202
30799	0.00524934383202
21745	0.00524475524476
3369	0.00523560209424
14361	0.00523560209424
26085	0.00523560209424
31850	0.00523560209424
35178	0.00523560209424
38932	0.00523560209424
51485	0.00523560209424
5218	0.00521739130435
6689	0.00520833333333
20675	0.00520833333333
35162	0.00520833333333
40625	0.00520833333333
44599	0.00520833333333
50897	0.00520833333333
17566	0.00519031141869
22070	0.00518134715026
52638	0.00518134715026
2312	0.0051724137931
2733	0.00512820512821
16935	0.00512820512821
41278	0.00512820512821
11776	0.00510204081633
25732	0.00510204081633
27949	0.00510204081633
37993	0.00510204081633
41544	0.00510204081633
9135	0.00508905852417
4153	0.00507614213198
24970	0.00507614213198
30802	0.00507614213198
9538	0.00506756756757
24522	0.00506329113924
775	0.00505050505051
23121	0.00505050505051
41074	0.00504201680672
1438	0.00503778337531
18777	0.00502933780386
3548	0.00502512562814
10792	0.00502512562814
11300	0.00502512562814
37776	0.00502512562814
19547	0.00501253132832
41546	0.005
41968	0.005
8229	0.00497512437811
18813	0.00497512437811
2344	0.00496031746032
5367	0.0049504950495
18112	0.0049504950495
18183	0.0049504950495
35514	0.0049504950495
41129	0.00493827160494
6772	0.00492610837438
1743	0.00490998363339
11749	0.00490196078431
12188	0.00490196078431
30812	0.00490196078431
31868	0.00490196078431
10987	0.00488997555012
41031	0.004884004884
34073	0.00487804878049
39343	0.00487804878049
4675	0.0048309178744
30938	0.0048309178744
15636	0.0047619047619
3250	0.00473933649289
9292	0.00473933649289
26158	0.00473933649289
7198	0.00471698113208
35049	0.00471698113208
40983	0.00471698113208
18960	0.00470588235294
10281	0.00469483568075
22524	0.00469483568075
41452	0.00469483568075
51019	0.00469483568075
3733	0.00468164794007
7100	0.0046511627907
11314	0.0046511627907
13317	0.0046511627907
4439	0.00462962962963
41085	0.00462962962963
13339	0.00462249614792
41467	0.00461893764434
29705	0.00460829493088
32418	0.00460829493088
7956	0.0045871559633
51697	0.0045871559633
3198	0.00456621004566
41027	0.00456621004566
492	0.00454545454545
26195	0.00454545454545
2595	0.00452488687783
5419	0.00452488687783
27471	0.00452488687783
35045	0.00449438202247
25113	0.00449101796407
9625	0.00448430493274
17306	0.00448430493274
52029	0.00448430493274
5643	0.00445103857567
10166	0.00444444444444
12182	0.00444444444444
41308	0.00444444444444
992	0.00443131462334
1135	0.00442477876106
4706	0.00442477876106
28290	0.00442477876106
20802	0.00440528634361
562	0.0043956043956
22251	0.0043956043956
1489	0.00438596491228
2840	0.00435161009574
1309	0.00434782608696
3499	0.00434782608696
3859	0.00434782608696
5000	0.0043431053203
27051	0.004329004329
28812	0.004329004329
689	0.00431965442765
41370	0.00431034482759
29861	0.00429184549356
41037	0.00429184549356
25431	0.00423728813559
34929	0.00423728813559
18311	0.00422832980973
4708	0.00421348314607
2186	0.00420757363254
53069	0.00420168067227
631	0.0041928721174
4137	0.00414078674948
3419	0.00412371134021
10727	0.00411522633745
12423	0.00411522633745
35703	0.00411522633745
41044	0.00411522633745
50875	0.00411522633745
21331	0.00409836065574
35400	0.00406504065041
40977	0.00404858299595
41091	0.00404858299595
50937	0.00404858299595
40318	0.00403225806452
23782	0.00401606425703
38493	0.00401606425703
41274	0.00401606425703
14604	0.00396825396825
19201	0.00396825396825
29055	0.00396825396825
15794	0.00395256916996
21648	0.00395256916996
31882	0.00395256916996
4876	0.00393700787402
4900	0.00393700787402
51724	0.00393700787402
37169	0.00392156862745
1144	0.00390625
34356	0.00390625
52471	0.00390625
23742	0.00389105058366
17711	0.00388349514563
27404	0.00381679389313
41054	0.00381679389313
17952	0.00380228136882
47628	0.00380228136882
1680	0.00377358490566
39027	0.00377358490566
34858	0.00376647834275
30835	0.00374531835206
9647	0.00373831775701
44117	0.00373134328358
3527	0.00372439478585
40968	0.0037037037037
1921	0.00369003690037
17147	0.00367647058824
20875	0.00367647058824
27358	0.00367647058824
41194	0.00367647058824
44951	0.00367647058824
33895	0.003663003663
47637	0.0036496350365
34367	0.00360685302074
3312	0.00359066427289
26508	0.00357142857143
34199	0.00357142857143
13935	0.00353982300885
40962	0.00353045013239
17790	0.00352112676056
17939	0.00352112676056
31877	0.00352112676056
2152	0.00350877192982
39852	0.00350877192982
18556	0.0034965034965
41208	0.0034965034965
10251	0.00348432055749
41326	0.00347222222222
39602	0.00344827586207
41583	0.00344234079174
1931	0.00342465753425
4399	0.00342465753425
29394	0.00342465753425
28443	0.00341296928328
29739	0.00341296928328
17771	0.00340136054422
37775	0.00340136054422
17605	0.00337837837838
25414	0.00335570469799
4335	0.00334448160535
41368	0.003300330033
52018	0.003300330033
1020	0.00328947368421
38807	0.00328947368421
31400	0.00327868852459
16449	0.00325732899023
21558	0.00325732899023
3022	0.00324675324675
7261	0.00322580645161
6954	0.0031746031746
41106	0.0031746031746
26863	0.00316957210777
23011	0.00316455696203
6444	0.00315457413249
1928	0.00313479623824
20416	0.00312989045383
18699	0.003125
35958	0.00307692307692
684	0.00305810397554
52225	0.00305810397554
5100	0.00303951367781
41039	0.00303951367781
41067	0.00303951367781
41403	0.00301204819277
118	0.003003003003
7299	0.00299401197605
38987	0.00298507462687
17596	0.00295857988166
30020	0.00295857988166
41972	0.00295857988166
16927	0.00294985250737
5616	0.00293255131965
27906	0.00293255131965
32453	0.0028818443804
38959	0.00286532951289
259	0.00281690140845
40964	0.00279329608939
28810	0.00278551532033
11727	0.00277264325323
29591	0.00277008310249
18701	0.00275482093664
37198	0.00275482093664
40987	0.00274348422497
25554	0.00271002710027
2333	0.00268817204301
4644	0.00266666666667
7317	0.00262467191601
41097	0.0025974025974
28830	0.00259067357513
29971	0.00259067357513
50933	0.0025641025641
3720	0.00255102040816
21323	0.00255102040816
35809	0.00253164556962
18515	0.00251256281407
11664	0.00246305418719
31483	0.0024154589372
24684	0.00236406619385
39709	0.00236406619385
2515	0.00230946882217
12388	0.00224215246637
11675	0.0021978021978
23666	0.00213219616205
20075	0.00212314225053
37961	0.00207468879668
33762	0.00204498977505
9826	0.00181488203267
32862	0.00179533213645
37111	0.00161812297735
