34888	0.125
45270	0.111111111111
2372	0.0952380952381
51663	0.08
2680	0.0769230769231
7598	0.0769230769231
9689	0.0769230769231
15837	0.0769230769231
19295	0.0769230769231
22023	0.0769230769231
23693	0.0769230769231
23855	0.0769230769231
27555	0.0769230769231
28851	0.0769230769231
29551	0.0769230769231
32624	0.0769230769231
32816	0.0769230769231
40300	0.0769230769231
41896	0.0769230769231
44527	0.0769230769231
52911	0.0769230769231
55724	0.0769230769231
55726	0.0769230769231
57087	0.0769230769231
3051	0.0714285714286
3759	0.0714285714286
5934	0.0714285714286
12562	0.0714285714286
15350	0.0714285714286
17787	0.0714285714286
18775	0.0714285714286
20175	0.0714285714286
20867	0.0714285714286
22576	0.0714285714286
25790	0.0714285714286
27463	0.0714285714286
30334	0.0714285714286
30826	0.0714285714286
30959	0.0714285714286
31130	0.0714285714286
31439	0.0714285714286
31798	0.0714285714286
37213	0.0714285714286
37240	0.0714285714286
45684	0.0714285714286
48174	0.0714285714286
53535	0.0714285714286
57352	0.0714285714286
57704	0.0714285714286
57731	0.0714285714286
58393	0.0714285714286
60453	0.0714285714286
5959	0.0666666666667
10001	0.0666666666667
12245	0.0666666666667
13839	0.0666666666667
14721	0.0666666666667
17973	0.0666666666667
21470	0.0666666666667
22254	0.0666666666667
25403	0.0666666666667
26357	0.0666666666667
29661	0.0666666666667
31163	0.0666666666667
33261	0.0666666666667
36589	0.0666666666667
39044	0.0666666666667
39927	0.0666666666667
42520	0.0666666666667
44526	0.0666666666667
45566	0.0666666666667
45752	0.0666666666667
45791	0.0666666666667
52003	0.0666666666667
54596	0.0666666666667
56049	0.0666666666667
61229	0.0666666666667
276	0.0625
6343	0.0625
6432	0.0625
6758	0.0625
6935	0.0625
10586	0.0625
14566	0.0625
14643	0.0625
19297	0.0625
19655	0.0625
20686	0.0625
25344	0.0625
26751	0.0625
30146	0.0625
44226	0.0625
47243	0.0625
47976	0.0625
48211	0.0625
49095	0.0625
49843	0.0625
53146	0.0625
55957	0.0625
58755	0.0625
59582	0.0625
60290	0.0625
61287	0.0625
4643	0.0588235294118
5002	0.0588235294118
7178	0.0588235294118
9146	0.0588235294118
13826	0.0588235294118
16169	0.0588235294118
18337	0.0588235294118
18894	0.0588235294118
19957	0.0588235294118
21471	0.0588235294118
22930	0.0588235294118
23065	0.0588235294118
24007	0.0588235294118
28418	0.0588235294118
29980	0.0588235294118
30248	0.0588235294118
31997	0.0588235294118
33222	0.0588235294118
34740	0.0588235294118
39386	0.0588235294118
39797	0.0588235294118
42656	0.0588235294118
43624	0.0588235294118
48861	0.0588235294118
49810	0.0588235294118
50359	0.0588235294118
50703	0.0588235294118
53209	0.0588235294118
53353	0.0588235294118
54205	0.0588235294118
55093	0.0588235294118
59713	0.0588235294118
59842	0.0588235294118
31020	0.0571428571429
42	0.0555555555556
4336	0.0555555555556
6905	0.0555555555556
8107	0.0555555555556
12071	0.0555555555556
12874	0.0555555555556
15849	0.0555555555556
20161	0.0555555555556
21472	0.0555555555556
22826	0.0555555555556
24988	0.0555555555556
27892	0.0555555555556
29446	0.0555555555556
32506	0.0555555555556
38011	0.0555555555556
45867	0.0555555555556
48474	0.0555555555556
51961	0.0555555555556
52659	0.0555555555556
53283	0.0555555555556
6164	0.0526315789474
6275	0.0526315789474
7628	0.0526315789474
9389	0.0526315789474
10720	0.0526315789474
11905	0.0526315789474
13924	0.0526315789474
20635	0.0526315789474
21365	0.0526315789474
24063	0.0526315789474
24513	0.0526315789474
26341	0.0526315789474
29019	0.0526315789474
31390	0.0526315789474
33121	0.0526315789474
36665	0.0526315789474
37609	0.0526315789474
38446	0.0526315789474
38603	0.0526315789474
39307	0.0526315789474
40369	0.0526315789474
42571	0.0526315789474
43411	0.0526315789474
43430	0.0526315789474
44381	0.0526315789474
45392	0.0526315789474
45820	0.0526315789474
46646	0.0526315789474
47470	0.0526315789474
50126	0.0526315789474
60213	0.0526315789474
61111	0.0526315789474
45184	0.0512820512821
56072	0.0512820512821
855	0.05
2468	0.05
3424	0.05
4308	0.05
4427	0.05
5523	0.05
7747	0.05
12399	0.05
15439	0.05
19481	0.05
22449	0.05
23846	0.05
29428	0.05
35615	0.05
37309	0.05
42548	0.05
44593	0.05
44736	0.05
44864	0.05
45086	0.05
49620	0.05
50908	0.05
50928	0.05
51265	0.05
51948	0.05
52262	0.05
52396	0.05
60171	0.05
2809	0.047619047619
5952	0.047619047619
10314	0.047619047619
11566	0.047619047619
18578	0.047619047619
20714	0.047619047619
27111	0.047619047619
28596	0.047619047619
32914	0.047619047619
35915	0.047619047619
37293	0.047619047619
38694	0.047619047619
39517	0.047619047619
40090	0.047619047619
42214	0.047619047619
46927	0.047619047619
49052	0.047619047619
49721	0.047619047619
51231	0.047619047619
51408	0.047619047619
56195	0.047619047619
57324	0.047619047619
57329	0.047619047619
3283	0.0454545454545
8785	0.0454545454545
9922	0.0454545454545
19793	0.0454545454545
20419	0.0454545454545
21573	0.0454545454545
22771	0.0454545454545
25089	0.0454545454545
29192	0.0454545454545
29892	0.0454545454545
30960	0.0454545454545
31790	0.0454545454545
40209	0.0454545454545
41815	0.0454545454545
41885	0.0454545454545
43878	0.0454545454545
46437	0.0454545454545
46747	0.0454545454545
48921	0.0454545454545
50297	0.0454545454545
51637	0.0454545454545
52070	0.0454545454545
52663	0.0454545454545
52789	0.0454545454545
53005	0.0454545454545
60303	0.0454545454545
61224	0.0454545454545
472	0.0434782608696
2016	0.0434782608696
4618	0.0434782608696
5504	0.0434782608696
6272	0.0434782608696
6554	0.0434782608696
9876	0.0434782608696
14265	0.0434782608696
17376	0.0434782608696
23008	0.0434782608696
27029	0.0434782608696
31046	0.0434782608696
32282	0.0434782608696
32553	0.0434782608696
35058	0.0434782608696
39460	0.0434782608696
39958	0.0434782608696
40458	0.0434782608696
41189	0.0434782608696
41304	0.0434782608696
42658	0.0434782608696
50932	0.0434782608696
51843	0.0434782608696
15192	0.0425531914894
1703	0.0416666666667
7335	0.0416666666667
10141	0.0416666666667
13828	0.0416666666667
13923	0.0416666666667
14221	0.0416666666667
15539	0.0416666666667
16655	0.0416666666667
29079	0.0416666666667
29216	0.0416666666667
29222	0.0416666666667
41876	0.0416666666667
43306	0.0416666666667
43619	0.0416666666667
49674	0.0416666666667
51472	0.0416666666667
51548	0.0416666666667
51907	0.0416666666667
51953	0.0416666666667
52152	0.0416666666667
52198	0.0416666666667
56887	0.0416666666667
47225	0.0408163265306
48996	0.0408163265306
4956	0.04
6943	0.04
7976	0.04
11291	0.04
11989	0.04
12435	0.04
14882	0.04
20008	0.04
20884	0.04
21480	0.04
27428	0.04
29340	0.04
30713	0.04
30815	0.04
36285	0.04
41874	0.04
42687	0.04
44399	0.04
45774	0.04
50559	0.04
51577	0.04
51990	0.04
9960	0.0384615384615
10393	0.0384615384615
12814	0.0384615384615
15793	0.0384615384615
17688	0.0384615384615
20873	0.0384615384615
23203	0.0384615384615
23472	0.0384615384615
26286	0.0384615384615
27680	0.0384615384615
29592	0.0384615384615
32309	0.0384615384615
38920	0.0384615384615
41644	0.0384615384615
41760	0.0384615384615
42515	0.0384615384615
52642	0.0384615384615
55074	0.0384615384615
55414	0.0384615384615
57095	0.0384615384615
59922	0.0384615384615
60989	0.0384615384615
32927	0.0379746835443
671	0.037037037037
3038	0.037037037037
3159	0.037037037037
4556	0.037037037037
9198	0.037037037037
11221	0.037037037037
17573	0.037037037037
18818	0.037037037037
21103	0.037037037037
23097	0.037037037037
25153	0.037037037037
25252	0.037037037037
26615	0.037037037037
29306	0.037037037037
33016	0.037037037037
33363	0.037037037037
39063	0.037037037037
43701	0.037037037037
47401	0.037037037037
48193	0.037037037037
52248	0.037037037037
53905	0.037037037037
59560	0.037037037037
51526	0.0363636363636
1052	0.0357142857143
4361	0.0357142857143
5114	0.0357142857143
5646	0.0357142857143
8375	0.0357142857143
13471	0.0357142857143
17935	0.0357142857143
20645	0.0357142857143
22078	0.0357142857143
30615	0.0357142857143
35767	0.0357142857143
40409	0.0357142857143
47585	0.0357142857143
51714	0.0357142857143
52647	0.0357142857143
56485	0.0357142857143
58287	0.0357142857143
58497	0.0357142857143
2343	0.0350877192982
11353	0.0350877192982
5626	0.0344827586207
8963	0.0344827586207
9054	0.0344827586207
10375	0.0344827586207
13146	0.0344827586207
13787	0.0344827586207
14314	0.0344827586207
15339	0.0344827586207
17576	0.0344827586207
18261	0.0344827586207
19434	0.0344827586207
24212	0.0344827586207
32170	0.0344827586207
33187	0.0344827586207
36627	0.0344827586207
39524	0.0344827586207
41234	0.0344827586207
42072	0.0344827586207
42850	0.0344827586207
47886	0.0344827586207
48231	0.0344827586207
51059	0.0344827586207
52243	0.0344827586207
1983	0.0333333333333
4192	0.0333333333333
6728	0.0333333333333
8039	0.0333333333333
8740	0.0333333333333
14440	0.0333333333333
15836	0.0333333333333
17077	0.0333333333333
22218	0.0333333333333
26804	0.0333333333333
31182	0.0333333333333
36208	0.0333333333333
37006	0.0333333333333
37560	0.0333333333333
43143	0.0333333333333
51073	0.0333333333333
52207	0.0333333333333
52335	0.0333333333333
59837	0.0333333333333
60563	0.0333333333333
51636	0.0327868852459
465	0.0322580645161
984	0.0322580645161
1108	0.0322580645161
18105	0.0322580645161
20012	0.0322580645161
24079	0.0322580645161
25308	0.0322580645161
33587	0.0322580645161
40637	0.0322580645161
41588	0.0322580645161
42510	0.0322580645161
42845	0.0322580645161
44913	0.0322580645161
45273	0.0322580645161
47360	0.0322580645161
51789	0.0322580645161
52573	0.0322580645161
60121	0.0322580645161
1099	0.03125
5461	0.03125
10977	0.03125
11180	0.03125
12485	0.03125
12525	0.03125
16693	0.03125
18348	0.03125
20690	0.03125
21440	0.03125
23984	0.03125
24580	0.03125
27043	0.03125
29061	0.03125
31371	0.03125
31963	0.03125
32014	0.03125
34851	0.03125
36112	0.03125
37990	0.03125
42081	0.03125
42218	0.03125
48580	0.03125
51535	0.03125
52398	0.03125
53390	0.03125
61230	0.03125
32803	0.0307692307692
61099	0.0307692307692
1857	0.030303030303
9703	0.030303030303
17360	0.030303030303
28111	0.030303030303
42645	0.030303030303
45137	0.030303030303
4080	0.0294117647059
17695	0.0294117647059
20834	0.0294117647059
30154	0.0294117647059
30705	0.0294117647059
33722	0.0294117647059
34318	0.0294117647059
36809	0.0294117647059
41124	0.0294117647059
43321	0.0294117647059
43689	0.0294117647059
46056	0.0294117647059
56260	0.0294117647059
51319	0.0289855072464
883	0.0285714285714
4397	0.0285714285714
13455	0.0285714285714
15788	0.0285714285714
20338	0.0285714285714
35211	0.0285714285714
41218	0.0285714285714
43102	0.0285714285714
46113	0.0285714285714
51022	0.0285714285714
51934	0.0285714285714
52401	0.0285714285714
52518	0.0285714285714
19208	0.0281690140845
2676	0.0277777777778
7329	0.0277777777778
9652	0.0277777777778
23321	0.0277777777778
27862	0.0277777777778
32125	0.0277777777778
34777	0.0277777777778
41459	0.0277777777778
41620	0.0277777777778
42667	0.0277777777778
50598	0.0277777777778
53349	0.0277777777778
33868	0.027397260274
2952	0.027027027027
7841	0.027027027027
9356	0.027027027027
11236	0.027027027027
31822	0.027027027027
34660	0.027027027027
40355	0.027027027027
42660	0.027027027027
50651	0.027027027027
51669	0.027027027027
53386	0.027027027027
54960	0.027027027027
59784	0.027027027027
59891	0.027027027027
4047	0.0266666666667
43016	0.0266666666667
390	0.0263157894737
2630	0.0263157894737
35161	0.0263157894737
41427	0.0263157894737
41669	0.0263157894737
41846	0.0263157894737
46783	0.0263157894737
48901	0.0263157894737
49873	0.0263157894737
51501	0.0263157894737
52809	0.0263157894737
59237	0.0263157894737
3843	0.025974025974
2287	0.025641025641
3721	0.025641025641
6506	0.025641025641
13173	0.025641025641
28461	0.025641025641
33662	0.025641025641
41974	0.025641025641
42849	0.025641025641
51652	0.025641025641
51874	0.025641025641
61218	0.025641025641
13092	0.0253164556962
39722	0.0253164556962
738	0.025
5412	0.025
8195	0.025
34360	0.025
43101	0.025
44560	0.025
50291	0.025
50964	0.025
52528	0.025
33577	0.0247933884298
283	0.0246913580247
5239	0.0243902439024
10918	0.0243902439024
18331	0.0243902439024
26855	0.0243902439024
38605	0.0243902439024
38727	0.0243902439024
41131	0.0243902439024
42503	0.0243902439024
43529	0.0243902439024
43698	0.0243902439024
45118	0.0243902439024
45371	0.0243902439024
50343	0.0243902439024
51291	0.0243902439024
52361	0.0243902439024
558	0.0238095238095
3413	0.0238095238095
5225	0.0238095238095
9331	0.0238095238095
9663	0.0238095238095
11925	0.0238095238095
22498	0.0238095238095
22659	0.0238095238095
27090	0.0238095238095
27504	0.0238095238095
29409	0.0238095238095
30453	0.0238095238095
33102	0.0238095238095
39041	0.0238095238095
41282	0.0238095238095
50951	0.0238095238095
8129	0.0235294117647
41880	0.0235294117647
6210	0.0232558139535
6397	0.0232558139535
15802	0.0232558139535
29063	0.0232558139535
35194	0.0232558139535
38315	0.0232558139535
42283	0.0232558139535
43722	0.0232558139535
50985	0.0232558139535
51797	0.0232558139535
52713	0.0232558139535
52734	0.0232558139535
59909	0.0232558139535
61148	0.0232558139535
1068	0.0227272727273
7433	0.0227272727273
10082	0.0227272727273
10952	0.0227272727273
11160	0.0227272727273
14270	0.0227272727273
17080	0.0227272727273
21436	0.0227272727273
35907	0.0227272727273
46487	0.0227272727273
53253	0.0227272727273
60601	0.0227272727273
61098	0.0227272727273
43785	0.0225563909774
42270	0.0223880597015
387	0.0222222222222
9149	0.0222222222222
13298	0.0222222222222
41162	0.0222222222222
41495	0.0222222222222
45653	0.0222222222222
51601	0.0222222222222
61215	0.0222222222222
1171	0.0217391304348
5563	0.0217391304348
9604	0.0217391304348
10488	0.0217391304348
14407	0.0217391304348
26713	0.0217391304348
33954	0.0217391304348
40104	0.0217391304348
41915	0.0217391304348
45969	0.0217391304348
46895	0.0217391304348
51657	0.0217391304348
51881	0.0217391304348
61040	0.0217391304348
41222	0.0215053763441
1345	0.0212765957447
7325	0.0212765957447
8399	0.0212765957447
11824	0.0212765957447
18530	0.0212765957447
25316	0.0212765957447
41214	0.0212765957447
43484	0.0212765957447
45125	0.0212765957447
51224	0.0212765957447
51327	0.0212765957447
51347	0.0212765957447
14515	0.020979020979
1094	0.0208333333333
7251	0.0208333333333
8774	0.0208333333333
12928	0.0208333333333
19534	0.0208333333333
22922	0.0208333333333
26909	0.0208333333333
41247	0.0208333333333
41617	0.0208333333333
41713	0.0208333333333
42866	0.0208333333333
43003	0.0208333333333
51749	0.0208333333333
52281	0.0208333333333
60429	0.0208333333333
31962	0.020618556701
1505	0.0204081632653
2656	0.0204081632653
7875	0.0204081632653
8159	0.0204081632653
10979	0.0204081632653
12753	0.0204081632653
15021	0.0204081632653
17204	0.0204081632653
17264	0.0204081632653
20522	0.0204081632653
23090	0.0204081632653
26652	0.0204081632653
30967	0.0204081632653
32200	0.0204081632653
34971	0.0204081632653
37735	0.0204081632653
37985	0.0204081632653
42484	0.0204081632653
52930	0.0204081632653
3294	0.020202020202
13927	0.020202020202
41449	0.02
29533	0.019801980198
3309	0.0196078431373
3749	0.0196078431373
4702	0.0196078431373
5712	0.0196078431373
13373	0.0196078431373
20789	0.0196078431373
22013	0.0196078431373
22876	0.0196078431373
31035	0.0196078431373
47638	0.0196078431373
48212	0.0196078431373
10022	0.0192307692308
10089	0.0192307692308
20492	0.0192307692308
25075	0.0192307692308
42197	0.0192307692308
45636	0.0192307692308
51777	0.0192307692308
33572	0.0190476190476
4696	0.0188679245283
5881	0.0188679245283
7482	0.0188679245283
20098	0.0188679245283
23531	0.0188679245283
24980	0.0188679245283
38732	0.0188679245283
39137	0.0188679245283
42332	0.0188679245283
45068	0.0188679245283
48981	0.0188679245283
50472	0.0188679245283
51020	0.0188679245283
51386	0.0188679245283
52176	0.0188679245283
52423	0.0188679245283
42531	0.0186335403727
963	0.0185185185185
17690	0.0185185185185
24380	0.0185185185185
32524	0.0185185185185
41442	0.0185185185185
44286	0.0185185185185
44588	0.0185185185185
30949	0.0183486238532
3722	0.0181818181818
14439	0.0181818181818
16846	0.0181818181818
22271	0.0181818181818
29743	0.0181818181818
40068	0.0181818181818
51258	0.0181818181818
52235	0.0181818181818
52428	0.0181818181818
10157	0.0180722891566
779	0.0178571428571
5055	0.0178571428571
28298	0.0178571428571
28349	0.0178571428571
41338	0.0178571428571
60266	0.0178571428571
1605	0.0175438596491
1690	0.0175438596491
18741	0.0175438596491
31970	0.0175438596491
40992	0.0175438596491
41033	0.0175438596491
41225	0.0175438596491
42196	0.0175438596491
43088	0.0175438596491
43238	0.0175438596491
43835	0.0175438596491
47294	0.0175438596491
51474	0.0175438596491
51983	0.0175438596491
1168	0.0172413793103
5395	0.0172413793103
9598	0.0172413793103
12253	0.0172413793103
17087	0.0172413793103
18985	0.0172413793103
20070	0.0172413793103
25703	0.0172413793103
35484	0.0172413793103
38564	0.0172413793103
42753	0.0172413793103
43277	0.0172413793103
52336	0.0172413793103
60086	0.0172413793103
13829	0.017094017094
59611	0.017094017094
3934	0.0169491525424
6832	0.0169491525424
11404	0.0169491525424
21347	0.0169491525424
24087	0.0169491525424
29332	0.0169491525424
36934	0.0169491525424
41275	0.0169491525424
41541	0.0169491525424
42405	0.0169491525424
45202	0.0169491525424
50973	0.0169491525424
51200	0.0169491525424
56066	0.0169491525424
61083	0.0169491525424
3006	0.0166666666667
3548	0.0166666666667
11401	0.0166666666667
12394	0.0166666666667
15589	0.0166666666667
15720	0.0166666666667
18437	0.0166666666667
24610	0.0166666666667
35387	0.0166666666667
38826	0.0166666666667
39847	0.0166666666667
41281	0.0166666666667
48926	0.0166666666667
52567	0.0166666666667
392	0.016393442623
4775	0.016393442623
5611	0.016393442623
6024	0.016393442623
12832	0.016393442623
24740	0.016393442623
28074	0.016393442623
32689	0.016393442623
43171	0.016393442623
45671	0.016393442623
52222	0.016393442623
52845	0.016393442623
53001	0.016393442623
2071	0.0162601626016
22877	0.0162601626016
12188	0.0162162162162
1996	0.0161290322581
2093	0.0161290322581
26724	0.0161290322581
29928	0.0161290322581
41251	0.0161290322581
41682	0.0161290322581
43924	0.0161290322581
49044	0.0161290322581
2094	0.016
33481	0.016
113	0.015873015873
1269	0.015873015873
1533	0.015873015873
4341	0.015873015873
4658	0.015873015873
4733	0.015873015873
20165	0.015873015873
25002	0.015873015873
50881	0.015873015873
50980	0.0157894736842
1167	0.0157480314961
3258	0.015625
4136	0.015625
8372	0.015625
19292	0.015625
32931	0.015625
35722	0.015625
41443	0.015625
47050	0.015625
51421	0.015625
51656	0.015625
51925	0.015625
52131	0.015625
1169	0.0153846153846
9327	0.0153846153846
20676	0.0153846153846
23712	0.0153846153846
27235	0.0153846153846
28721	0.0153846153846
30930	0.0153846153846
35971	0.0153846153846
41762	0.0153846153846
50056	0.0153846153846
53000	0.0153846153846
27048	0.0152671755725
2415	0.0151515151515
3981	0.0151515151515
5535	0.0151515151515
21550	0.0151515151515
41931	0.0151515151515
43179	0.0151515151515
51012	0.0151515151515
29992	0.0150943396226
11095	0.015037593985
50952	0.015037593985
2786	0.0149253731343
28579	0.0149253731343
38995	0.0149253731343
41405	0.0149253731343
47787	0.0149253731343
50578	0.0149253731343
51419	0.0149253731343
51571	0.0149253731343
59547	0.0149253731343
1097	0.0147058823529
1123	0.0147058823529
4656	0.0147058823529
12421	0.0147058823529
12860	0.0147058823529
13963	0.0147058823529
16819	0.0147058823529
19799	0.0147058823529
42790	0.0147058823529
53329	0.0147058823529
3761	0.0144927536232
4706	0.0144927536232
35039	0.0144927536232
41397	0.0144927536232
48070	0.0144927536232
50240	0.0144927536232
51037	0.0144927536232
52666	0.0144927536232
60215	0.0144927536232
41555	0.0144230769231
4104	0.0142857142857
5219	0.0142857142857
20345	0.0142857142857
33890	0.0142857142857
37592	0.0142857142857
37997	0.0142857142857
41438	0.0142857142857
51220	0.0142857142857
2282	0.0140845070423
3178	0.0140845070423
19965	0.0140845070423
26940	0.0140845070423
27910	0.0140845070423
32770	0.0140845070423
39851	0.0140845070423
41716	0.0140845070423
42354	0.0140845070423
42576	0.0140845070423
51760	0.0140845070423
15114	0.013986013986
41287	0.013986013986
13971	0.0138888888889
17295	0.0138888888889
20315	0.0138888888889
21307	0.0138888888889
41210	0.0138888888889
41627	0.0138888888889
41916	0.0138888888889
50391	0.0138888888889
52857	0.0138888888889
53029	0.0138888888889
59681	0.0138888888889
34929	0.0138248847926
8259	0.013698630137
16847	0.013698630137
27594	0.013698630137
27874	0.013698630137
33947	0.013698630137
39034	0.013698630137
37747	0.0136054421769
2816	0.0135135135135
4147	0.0135135135135
4766	0.0135135135135
9920	0.0135135135135
11119	0.0135135135135
12280	0.0135135135135
18119	0.0135135135135
19521	0.0135135135135
39965	0.0135135135135
42295	0.0135135135135
43872	0.0135135135135
51049	0.0135135135135
51292	0.0135135135135
51676	0.0134228187919
57861	0.0134228187919
10727	0.0133928571429
322	0.0133333333333
4007	0.0133333333333
25442	0.0133333333333
30195	0.0133333333333
35047	0.0133333333333
35541	0.0133333333333
37208	0.0133333333333
38577	0.0133333333333
41399	0.0133333333333
44993	0.0133333333333
51822	0.0133333333333
53136	0.0133333333333
2848	0.0132743362832
26830	0.0131578947368
29756	0.0131578947368
41350	0.0131578947368
51509	0.0131578947368
3787	0.012987012987
15354	0.012987012987
27173	0.012987012987
35526	0.012987012987
53344	0.012987012987
20591	0.0129032258065
1487	0.0128205128205
3253	0.0128205128205
3554	0.0128205128205
15197	0.0128205128205
26059	0.0128205128205
41122	0.0128205128205
41246	0.0128205128205
19687	0.0127388535032
3406	0.0126582278481
10844	0.0126582278481
15233	0.0126582278481
21870	0.0126582278481
25555	0.0126582278481
26295	0.0126582278481
43327	0.0126582278481
47995	0.0126582278481
20818	0.0125628140704
7749	0.0125
23605	0.0125
28415	0.0125
50494	0.0125
2424	0.0123456790123
10326	0.0123456790123
17303	0.0123456790123
19465	0.0123456790123
41348	0.0123456790123
41856	0.0123456790123
42932	0.0123456790123
47918	0.0123456790123
39548	0.0122699386503
4515	0.0121951219512
16770	0.0121951219512
31634	0.0121951219512
38748	0.0121951219512
39213	0.0121951219512
41147	0.0121951219512
41775	0.0121951219512
42398	0.0121951219512
50949	0.0121951219512
52072	0.0121951219512
730	0.0120481927711
1618	0.0120481927711
13642	0.0120481927711
35275	0.0120481927711
12194	0.0119760479042
17915	0.0119760479042
37409	0.0119760479042
51155	0.0119760479042
30445	0.0119521912351
26715	0.0119047619048
27387	0.0119047619048
40477	0.0119047619048
41581	0.0119047619048
42811	0.0119047619048
3239	0.0118343195266
40984	0.011811023622
16145	0.0117647058824
34531	0.0117647058824
45199	0.0117647058824
48475	0.0117647058824
2679	0.0116279069767
22843	0.0116279069767
23211	0.0116279069767
26579	0.0116279069767
29067	0.0116279069767
37224	0.0116279069767
37686	0.0116279069767
31850	0.0115606936416
1528	0.0114942528736
1740	0.0114942528736
18481	0.0114942528736
19420	0.0114942528736
25400	0.0114942528736
26508	0.0114942528736
35699	0.0114942528736
44599	0.0114942528736
51120	0.0114942528736
51905	0.0114942528736
40975	0.0114285714286
7280	0.0113636363636
41191	0.0113636363636
17686	0.0112359550562
28621	0.0112359550562
43150	0.0112359550562
51655	0.0112359550562
24970	0.0111731843575
3385	0.0111111111111
3542	0.0111111111111
5116	0.0111111111111
24316	0.0111111111111
30901	0.0111111111111
32778	0.0111111111111
35594	0.0111111111111
41778	0.0111111111111
42339	0.0111111111111
4479	0.0110497237569
40887	0.0110497237569
51211	0.0110497237569
4873	0.010989010989
6440	0.010989010989
7472	0.010989010989
11050	0.010989010989
13394	0.010989010989
51092	0.010989010989
4769	0.0108695652174
6542	0.0108695652174
7460	0.0108695652174
27691	0.0108695652174
33523	0.0108695652174
41197	0.0108695652174
41490	0.0108695652174
41694	0.0108695652174
50933	0.0108108108108
2245	0.010752688172
10013	0.010752688172
18231	0.010752688172
33990	0.010752688172
34073	0.0106951871658
17570	0.0106382978723
34136	0.0106382978723
37752	0.0106382978723
41649	0.0106382978723
48221	0.0106382978723
59133	0.0106382978723
25891	0.010582010582
8901	0.0105263157895
27019	0.0105263157895
26599	0.0104712041885
4391	0.0104166666667
15188	0.0104166666667
41653	0.0104166666667
49210	0.0104166666667
9292	0.0103626943005
2216	0.0103092783505
5697	0.0103092783505
21583	0.0103092783505
51505	0.0103092783505
51892	0.0103092783505
52362	0.0103092783505
52741	0.0103092783505
1252	0.0102040816327
5637	0.0102040816327
26592	0.0102040816327
38585	0.0102040816327
41913	0.0102040816327
52016	0.0102040816327
3182	0.010101010101
17110	0.010101010101
22396	0.010101010101
27045	0.010101010101
32711	0.010101010101
6601	0.01
6632	0.01
37302	0.01
41200	0.01
49448	0.01
59562	0.01
309	0.00990099009901
2084	0.00990099009901
5023	0.00990099009901
16408	0.00990099009901
23990	0.00990099009901
25165	0.00990099009901
30806	0.00990099009901
31494	0.00990099009901
36366	0.00990099009901
41480	0.00990099009901
52092	0.00990099009901
21321	0.00985221674877
4770	0.00980392156863
5728	0.00980392156863
12552	0.00980392156863
14839	0.00980392156863
41082	0.00980392156863
41167	0.00980392156863
41655	0.00980392156863
34858	0.00978473581213
17306	0.00975609756098
52225	0.00974025974026
1975	0.00970873786408
6375	0.00970873786408
21227	0.00970873786408
23643	0.00970873786408
28805	0.00970873786408
29356	0.00970873786408
33639	0.00970873786408
40819	0.00970873786408
41078	0.00970873786408
42799	0.00970873786408
46277	0.00970873786408
52891	0.00970873786408
12182	0.00966183574879
9636	0.00961538461538
53039	0.00961538461538
55841	0.00961538461538
694	0.00952380952381
1821	0.00952380952381
4620	0.00952380952381
36275	0.00952380952381
51573	0.00952380952381
52350	0.00952380952381
1739	0.00943396226415
3859	0.00943396226415
7115	0.00943396226415
7513	0.00943396226415
22195	0.00943396226415
34525	0.00943396226415
59684	0.00943396226415
21458	0.0093896713615
41012	0.0093896713615
4512	0.00934579439252
18403	0.00934579439252
24922	0.00934579439252
25918	0.00934579439252
32074	0.00934579439252
47475	0.00934579439252
20669	0.00925925925926
35551	0.00925925925926
17946	0.00921658986175
33621	0.00920245398773
2639	0.00917431192661
4611	0.00917431192661
36105	0.00917431192661
41715	0.00917431192661
41807	0.00917431192661
43828	0.00917431192661
51429	0.00917431192661
11230	0.00913242009132
38959	0.00909090909091
39002	0.00909090909091
43325	0.00909090909091
13095	0.00904977375566
10646	0.00900900900901
32823	0.00900900900901
18172	0.00896860986547
22238	0.00892857142857
31895	0.00892857142857
37660	0.00892857142857
41943	0.00892857142857
53200	0.00892857142857
52258	0.00888888888889
4745	0.00884955752212
19126	0.00884955752212
30880	0.00884955752212
41303	0.00884955752212
3260	0.00877192982456
4044	0.00877192982456
26403	0.00877192982456
26868	0.00877192982456
31011	0.00877192982456
39404	0.00877192982456
40030	0.00877192982456
41640	0.00877192982456
47430	0.00877192982456
29492	0.00873362445415
8729	0.00869565217391
25091	0.00869565217391
41179	0.00869565217391
41826	0.00869565217391
41894	0.00869565217391
37961	0.00865800865801
5221	0.00862068965517
18134	0.00862068965517
44776	0.00862068965517
3507	0.00854700854701
19201	0.00854700854701
41111	0.00854700854701
11655	0.00851788756388
28043	0.00847457627119
31656	0.00847457627119
36494	0.00847457627119
41328	0.00847457627119
45093	0.00847457627119
47675	0.00847457627119
51632	0.00847457627119
1144	0.00840336134454
3544	0.00840336134454
6904	0.00840336134454
12167	0.00840336134454
27927	0.00840336134454
51549	0.00840336134454
52471	0.00840336134454
39483	0.00836820083682
10789	0.00833333333333
18563	0.00833333333333
51765	0.00833333333333
28633	0.00829875518672
7317	0.00828729281768
888	0.00826446280992
18641	0.00826446280992
25834	0.00826446280992
37184	0.00826446280992
49392	0.00826446280992
879	0.00821917808219
41392	0.00819672131148
52188	0.00819672131148
1324	0.00813008130081
4006	0.00813008130081
21377	0.00813008130081
28285	0.00813008130081
51039	0.00813008130081
83	0.00806451612903
11489	0.00806451612903
18199	0.00806451612903
41425	0.00806451612903
41642	0.00806451612903
51030	0.00806451612903
51340	0.00806451612903
30835	0.00803212851406
41164	0.00803212851406
1362	0.008
4153	0.00797872340426
512	0.00793650793651
1273	0.00793650793651
3826	0.00793650793651
38078	0.00793650793651
40968	0.00793650793651
29567	0.00787401574803
51313	0.00787401574803
12017	0.00785340314136
14502	0.0078125
14698	0.0078125
39771	0.0078125
42302	0.0078125
900	0.00778816199377
31312	0.00778210116732
21797	0.00776699029126
1087	0.0077519379845
2264	0.0077519379845
5552	0.0077519379845
12325	0.0077519379845
22690	0.0077519379845
27209	0.0077519379845
15207	0.00772200772201
3865	0.00769230769231
6304	0.00769230769231
6789	0.00769230769231
11297	0.00769230769231
21657	0.00769230769231
34143	0.00769230769231
41536	0.00769230769231
42545	0.00769230769231
51496	0.00769230769231
10047	0.00763358778626
25570	0.00763358778626
32809	0.00763358778626
34199	0.00763358778626
43376	0.00763358778626
51281	0.00763358778626
40971	0.00760456273764
4070	0.00757575757576
14277	0.00757575757576
27320	0.00757575757576
27409	0.00757575757576
37577	0.00757575757576
128	0.00751879699248
24688	0.00751879699248
51096	0.0075
5634	0.00746268656716
22798	0.00746268656716
2313	0.00740740740741
27087	0.00740740740741
49403	0.00740740740741
51811	0.00740740740741
4582	0.00735294117647
7451	0.00735294117647
28820	0.00735294117647
41489	0.00735294117647
4399	0.00729927007299
9295	0.00729927007299
13058	0.00729927007299
16194	0.00729927007299
36418	0.00729927007299
7100	0.00728155339806
28443	0.00727272727273
12393	0.00724637681159
18130	0.00724637681159
37775	0.00724637681159
40344	0.00724637681159
41161	0.00724637681159
41198	0.00724637681159
41467	0.00722891566265
3139	0.00719424460432
6928	0.00719424460432
7095	0.00719424460432
7413	0.00719424460432
43178	0.00719424460432
5218	0.00718132854578
41705	0.00716845878136
172	0.00714285714286
1676	0.00714285714286
17566	0.00714285714286
26486	0.00714285714286
42312	0.00714285714286
18414	0.00711743772242
4242	0.00709219858156
4280	0.00709219858156
32651	0.00709219858156
4347	0.00704225352113
4977	0.00704225352113
27171	0.00704225352113
27890	0.00704225352113
42750	0.00704225352113
25586	0.00702576112412
7300	0.00700934579439
23337	0.00699300699301
35535	0.00699300699301
41181	0.00699300699301
32832	0.00696864111498
4951	0.00696055684455
2028	0.00694444444444
20573	0.00694444444444
37201	0.00694444444444
40351	0.00694444444444
41011	0.00694444444444
34254	0.00689655172414
42609	0.00687285223368
494	0.00684931506849
3445	0.00684931506849
9178	0.00684931506849
13067	0.00684931506849
14459	0.00684931506849
27642	0.00684931506849
36594	0.00684931506849
51254	0.00684931506849
3991	0.00682593856655
13119	0.00680272108844
14013	0.00680272108844
34350	0.00680272108844
2610	0.00675675675676
10010	0.00675675675676
27952	0.00675675675676
41038	0.00675675675676
50915	0.00675675675676
37111	0.0066889632107
22830	0.00666666666667
23244	0.00666666666667
41066	0.00666666666667
1399	0.00665188470067
1928	0.00664451827243
41154	0.00664451827243
13040	0.00662251655629
17483	0.00662251655629
34109	0.00662251655629
42424	0.00662251655629
43473	0.00662251655629
51179	0.00662251655629
874	0.00657894736842
4418	0.00657894736842
14115	0.00657894736842
35345	0.00657894736842
52802	0.00657894736842
1422	0.00656167979003
4337	0.00653594771242
7444	0.00653594771242
11172	0.00653594771242
49394	0.00653594771242
3280	0.00652173913043
24958	0.00651465798046
41258	0.00651465798046
41307	0.00651465798046
51027	0.00651465798046
618	0.00649350649351
18967	0.00649350649351
23299	0.00649350649351
24429	0.00649350649351
27899	0.00649350649351
52525	0.00649350649351
3156	0.00645161290323
4137	0.00645161290323
13063	0.00645161290323
23999	0.00645161290323
35100	0.00645161290323
37557	0.00645161290323
40893	0.00645161290323
42145	0.00645161290323
41098	0.0064308681672
17637	0.00641025641026
32935	0.00641025641026
50901	0.00641025641026
33762	0.0063829787234
5715	0.00636942675159
7161	0.00636942675159
36078	0.00636942675159
12121	0.00634920634921
19599	0.00634249471459
4135	0.00632911392405
7299	0.00632911392405
27128	0.00632911392405
35199	0.00632911392405
41126	0.00632911392405
12511	0.0062893081761
384	0.00625
4413	0.00625
13212	0.00625
30020	0.00625
16927	0.00623052959502
1628	0.00622665006227
37114	0.00621118012422
2403	0.00617283950617
12467	0.00617283950617
50883	0.00617283950617
25113	0.00615384615385
26893	0.00615384615385
40942	0.00613496932515
41015	0.00613496932515
7509	0.00609756097561
41060	0.00609756097561
1655	0.00607902735562
8210	0.00606060606061
17711	0.00603621730382
13064	0.00602409638554
51159	0.00602409638554
511	0.00600600600601
41156	0.00600600600601
18815	0.0059880239521
22104	0.0059880239521
22838	0.0059880239521
30789	0.0059880239521
40482	0.0059880239521
41109	0.0059880239521
34169	0.00597609561753
5774	0.00597014925373
21662	0.00595238095238
25384	0.00595238095238
51145	0.00595238095238
51699	0.00595238095238
3946	0.00591715976331
22805	0.00591715976331
25332	0.00591715976331
50987	0.00591715976331
3535	0.00589970501475
29845	0.00589970501475
6679	0.00588235294118
10852	0.00588235294118
22018	0.00588235294118
41593	0.00588235294118
50961	0.00588235294118
33841	0.005859375
14343	0.00584795321637
42450	0.00584795321637
13120	0.00581395348837
41062	0.00581395348837
3214	0.00578034682081
5230	0.00578034682081
12149	0.00578034682081
14206	0.00578034682081
29024	0.00578034682081
10736	0.00574712643678
33727	0.00574712643678
39360	0.00574712643678
9586	0.00571428571429
23001	0.00571428571429
35162	0.00571428571429
49336	0.00571428571429
25554	0.00569800569801
37392	0.00569800569801
41034	0.00569800569801
22070	0.00568181818182
33862	0.00568181818182
2037	0.00564971751412
6417	0.00564971751412
8466	0.00564971751412
27723	0.00564971751412
28712	0.00564971751412
50939	0.00564971751412
1456	0.00561797752809
34897	0.00561797752809
52383	0.00561797752809
25324	0.00560224089636
41088	0.00558659217877
41544	0.00558659217877
32862	0.00557620817844
742	0.00557103064067
51213	0.00555555555556
775	0.00552486187845
23121	0.00552486187845
23248	0.00552486187845
33692	0.00552486187845
2007	0.00550660792952
11300	0.00549450549451
41177	0.00549450549451
25376	0.00546448087432
34471	0.00546448087432
41204	0.00546448087432
41968	0.00546448087432
6689	0.00544959128065
41097	0.00544959128065
17277	0.0054347826087
18813	0.0054347826087
41050	0.00542005420054
41374	0.00542005420054
25047	0.00540540540541
39915	0.00539568345324
6772	0.00537634408602
3842	0.00534759358289
30812	0.00534759358289
50913	0.00534759358289
2312	0.00532859680284
16273	0.00531914893617
32483	0.00531914893617
39343	0.00531914893617
2840	0.0053050397878
35809	0.0053050397878
24889	0.00529100529101
30982	0.00526315789474
36999	0.00524934383202
41018	0.00524934383202
3204	0.00523560209424
10266	0.00523560209424
19547	0.00523560209424
51112	0.00523560209424
5231	0.00521920668058
31307	0.00520833333333
41157	0.00520833333333
41227	0.00520833333333
41074	0.00519031141869
26235	0.00518134715026
870	0.00516795865633
26158	0.00515463917526
29902	0.00515463917526
36686	0.00515463917526
7198	0.00512820512821
23080	0.00512820512821
22524	0.00510204081633
22572	0.00510204081633
23642	0.00510204081633
41452	0.00510204081633
3689	0.00507614213198
17066	0.00507614213198
20800	0.00507614213198
7974	0.00505050505051
33656	0.00505050505051
38925	0.00505050505051
41070	0.00505050505051
44433	0.00505050505051
51146	0.00505050505051
3288	0.00502512562814
4439	0.00502512562814
29360	0.00502512562814
41085	0.00502512562814
30899	0.00501882057716
29705	0.005
32738	0.005
76	0.00499583680266
18972	0.00497512437811
40541	0.00497512437811
51697	0.00497512437811
39785	0.00496031746032
41090	0.00495662949195
1853	0.0049504950495
3198	0.0049504950495
26805	0.00490852298081
2595	0.00490196078431
10653	0.00490196078431
27471	0.00490196078431
37689	0.00490196078431
7175	0.00486223662885
52029	0.00485436893204
1113	0.00484261501211
11782	0.0048309178744
12610	0.0048309178744
18456	0.0048231511254
3515	0.00480769230769
10166	0.00480769230769
29287	0.00480769230769
41942	0.00480769230769
18960	0.00480192076831
41025	0.00478468899522
27809	0.0047619047619
1048	0.00474833808167
1489	0.00473933649289
4173	0.00473933649289
27579	0.00473933649289
13111	0.00470311581423
41366	0.00469483568075
12388	0.00467289719626
27051	0.00467289719626
28812	0.00467289719626
35045	0.00467289719626
38584	0.00465838509317
14750	0.0046565774156
32490	0.0046511627907
41370	0.0046511627907
39136	0.00463678516229
41037	0.00462962962963
14369	0.00460829493088
17611	0.00460829493088
20529	0.00460829493088
3933	0.00459136822773
26602	0.00457317073171
25431	0.00456621004566
38795	0.00456621004566
17596	0.00455927051672
992	0.00454545454545
5918	0.00454545454545
53069	0.00452488687783
5809	0.00451671183379
5120	0.00448430493274
40962	0.00448430493274
51099	0.00448430493274
29861	0.00445434298441
29852	0.00444444444444
41146	0.00444444444444
42374	0.00444444444444
23666	0.00443458980044
50875	0.00442477876106
4523	0.00440528634361
21331	0.00440528634361
22744	0.0044014084507
39209	0.00438596491228
1632	0.00436681222707
12756	0.00436681222707
27255	0.00436681222707
35400	0.00436681222707
25738	0.00435161009574
26934	0.00434782608696
41091	0.00434782608696
41134	0.004329004329
41140	0.004329004329
2186	0.00431034482759
6816	0.00431034482759
18759	0.00431034482759
31879	0.00431034482759
38493	0.00431034482759
5693	0.00429184549356
15228	0.00428265524625
37052	0.0042735042735
28742	0.00425985090522
2127	0.00425531914894
7340	0.00425531914894
14604	0.00425531914894
41058	0.00425531914894
41329	0.00425531914894
2745	0.00423131170663
5237	0.00422535211268
1062	0.0042194092827
4876	0.0042194092827
4900	0.0042194092827
6372	0.0042194092827
17068	0.0042194092827
33495	0.0042194092827
40987	0.0042194092827
44281	0.0042194092827
38206	0.00420168067227
4390	0.00418410041841
34356	0.00418410041841
34519	0.00418410041841
210	0.00416666666667
4327	0.00416666666667
23742	0.00416666666667
41353	0.00416666666667
36394	0.004158004158
37104	0.00414937759336
41041	0.00414937759336
27865	0.00413223140496
27404	0.00408163265306
41054	0.00408163265306
2290	0.00407687827606
3059	0.00407055630936
17952	0.00406504065041
47628	0.00406504065041
5157	0.00405679513185
39383	0.00404858299595
5593	0.00403225806452
25930	0.00403225806452
893	0.00401606425703
2419	0.004
5768	0.004
4339	0.00398406374502
50923	0.00398406374502
3729	0.00395256916996
40970	0.00393700787402
17147	0.00392156862745
20875	0.00392156862745
23667	0.00392156862745
27358	0.00392156862745
41194	0.00392156862745
37427	0.00390625
4005	0.00389105058366
47637	0.00389105058366
34920	0.00384615384615
4396	0.00384368994234
38203	0.00383982446517
17586	0.00383877159309
16956	0.00383141762452
2110	0.00381679389313
41068	0.00380952380952
3733	0.00380228136882
1497	0.00377562028047
2811	0.00377358490566
28821	0.00377358490566
4578	0.00375939849624
13216	0.00375939849624
17939	0.00374531835206
51178	0.00374531835206
41031	0.00373599003736
1119	0.00373134328358
2152	0.00373134328358
29909	0.00373134328358
39852	0.00373134328358
41095	0.00373134328358
9642	0.00372670807453
40999	0.00372439478585
4655	0.00372250423012
1117	0.0037037037037
3312	0.0037037037037
10251	0.0037037037037
19288	0.0037037037037
28128	0.0037037037037
8732	0.00369685767098
35563	0.00369306524415
33142	0.00369003690037
41326	0.00369003690037
11769	0.0036832412523
32612	0.0036832412523
38232	0.00367647058824
50864	0.00367647058824
2757	0.003663003663
34367	0.003663003663
13935	0.0036496350365
921	0.00362976406534
4711	0.00362756952842
41016	0.0036231884058
51158	0.0036231884058
5599	0.00359712230216
35178	0.00359066427289
17605	0.00358422939068
24017	0.00358422939068
30794	0.00358422939068
3365	0.00357142857143
13952	0.00355871886121
38794	0.00354924578527
4335	0.00354609929078
7390	0.00354609929078
41061	0.00354609929078
4489	0.00353982300885
25098	0.00353356890459
1931	0.00352733686067
949	0.00350877192982
41417	0.00350877192982
3747	0.0034965034965
38191	0.0034965034965
862	0.00348432055749
38807	0.00348432055749
51212	0.00347826086957
22383	0.00346740638003
28407	0.00346620450607
13955	0.00345423143351
29863	0.00345423143351
11746	0.00344827586207
16449	0.00344827586207
53040	0.00344827586207
29724	0.00343642611684
12969	0.00343347639485
19090	0.00342465753425
18777	0.00339558573854
41116	0.00338983050847
2401	0.00337837837838
21772	0.003367003367
28055	0.003367003367
7214	0.00334448160535
23011	0.00334448160535
3273	0.00333333333333
29145	0.00332225913621
5000	0.00331491712707
34224	0.00331491712707
7312	0.00329566854991
4654	0.00326797385621
22743	0.00326797385621
6812	0.00326530612245
2898	0.00326086956522
1239	0.00325732899023
5512	0.00325732899023
26863	0.00325732899023
30625	0.00325732899023
40965	0.00325203252033
35958	0.00324675324675
6427	0.00323815130998
6360	0.00323624595469
16209	0.00322580645161
41093	0.00322580645161
1918	0.0032154340836
20416	0.0032154340836
1118	0.00321336760925
41067	0.00320512820513
37225	0.00319488817891
22643	0.0031847133758
51156	0.0031847133758
28051	0.0031746031746
41403	0.0031746031746
13339	0.00315955766193
35728	0.00314465408805
40979	0.00314465408805
4846	0.00313725490196
1064	0.00312989045383
27906	0.00308641975309
17008	0.00307692307692
38262	0.00307692307692
1902	0.0030737704918
868	0.00306983883346
23150	0.00306278713629
2	0.00303951367781
40982	0.00303951367781
18613	0.00303720577069
18361	0.0030303030303
4868	0.00302114803625
20542	0.00300751879699
14140	0.00296735905045
41000	0.00296735905045
41434	0.00296735905045
259	0.00295857988166
39546	0.00295857988166
41165	0.00295857988166
29686	0.00294985250737
34683	0.00294985250737
11232	0.00294117647059
869	0.00293183483997
2030	0.00292397660819
28810	0.00292397660819
29591	0.00290697674419
4485	0.00289855072464
7349	0.00289855072464
18701	0.0028901734104
4764	0.002886002886
34147	0.0028818443804
4708	0.00287356321839
23786	0.00287356321839
1700	0.00286532951289
11307	0.00286532951289
18301	0.00286532951289
50863	0.00285306704708
5503	0.00284629981025
26584	0.00284495021337
25078	0.0028328611898
47611	0.0028328611898
3788	0.00281690140845
11727	0.00281690140845
33850	0.00280898876404
50957	0.00280898876404
41048	0.00280112044818
4644	0.00279329608939
47774	0.00279329608939
1503	0.00278396436526
50855	0.00277777777778
27651	0.00277008310249
3553	0.00275482093664
25453	0.00274725274725
34830	0.00274725274725
41132	0.00274725274725
5622	0.0027397260274
29854	0.0027397260274
2333	0.00272975432211
11359	0.00272479564033
51989	0.00272479564033
15373	0.00271002710027
28830	0.00271002710027
29971	0.00271002710027
16917	0.00268817204301
38822	0.00267379679144
8709	0.00267201068804
21323	0.00266666666667
27949	0.00265957446809
5112	0.0026525198939
3133	0.00264900662252
4518	0.00263157894737
1438	0.00262467191601
14207	0.00262467191601
18515	0.00262467191601
40995	0.00261096605744
5519	0.00259067357513
867	0.00258397932817
23481	0.00257731958763
41129	0.0025706940874
5204	0.00256574727389
10987	0.00254452926209
15636	0.00247524752475
5420	0.00247218788628
23174	0.00246913580247
932	0.00246305418719
24684	0.00246305418719
39709	0.00246305418719
51019	0.00243902439024
1380	0.00242718446602
41092	0.0024154589372
2515	0.00240384615385
20173	0.00238663484487
31536	0.00238663484487
39447	0.00238095238095
29277	0.00237812128419
41071	0.00237529691211
27525	0.00236966824645
41027	0.00236966824645
22971	0.00235294117647
5553	0.00233644859813
38793	0.00231749710313
7518	0.00231481481481
40289	0.00231481481481
30980	0.00229885057471
11675	0.00228310502283
31830	0.00227790432802
689	0.00223713646532
3827	0.00223713646532
20075	0.00220264317181
16447	0.0021978021978
19601	0.00218818380744
21545	0.00217391304348
253	0.00216919739696
631	0.00216919739696
41332	0.0021645021645
11169	0.00212765957447
35703	0.00212765957447
41044	0.00212765957447
50105	0.00212314225053
41003	0.00210970464135
5432	0.00208333333333
4937	0.00205549845838
25051	0.00204498977505
36392	0.00204498977505
41355	0.00200400801603
11	0.0019801980198
19598	0.00195058517555
5673	0.00194174757282
3527	0.00191938579655
34369	0.0019120458891
34751	0.0019120458891
2463	0.00190839694656
41985	0.00188323917137
30269	0.00185873605948
4563	0.00185185185185
22929	0.00182481751825
27489	0.00181488203267
4916	0.00180831826401
37426	0.0018018018018
11201	0.00179211469534
33887	0.00179211469534
40980	0.00176991150442
13056	0.00175746924429
37737	0.00174825174825
1743	0.00167785234899
31440	0.0016583747927
14253	0.0016339869281
2326	0.00161290322581
35049	0.00161030595813
32188	0.00159744408946
17355	0.00159489633174
27535	0.0015015015015
4430	0.0014847809948
9656	0.00144717800289
33634	0.00138312586445
38492	0.00137741046832
7419	0.00135869565217
20506	0.00134048257373
2381	0.00130548302872
2733	0.00130548302872
3720	0.00130208333333
1680	0.00128205128205
18584	0.00121951219512
28405	0.00114942528736
18311	0.00107296137339
36398	0.000971817298348
9538	0.000853242320819
