22512	0.166666666667
12727	0.117647058824
2978	0.0909090909091
8560	0.0909090909091
12396	0.0909090909091
14808	0.0909090909091
15693	0.0909090909091
15892	0.0909090909091
16930	0.0909090909091
17211	0.0909090909091
17543	0.0909090909091
19851	0.0909090909091
20298	0.0909090909091
23268	0.0909090909091
25609	0.0909090909091
28613	0.0909090909091
30298	0.0909090909091
30438	0.0909090909091
36551	0.0909090909091
38414	0.0909090909091
39705	0.0909090909091
49424	0.0909090909091
54598	0.0909090909091
55366	0.0909090909091
4693	0.0833333333333
7646	0.0833333333333
8793	0.0833333333333
9302	0.0833333333333
9524	0.0833333333333
15359	0.0833333333333
16646	0.0833333333333
17310	0.0833333333333
18359	0.0833333333333
19336	0.0833333333333
21138	0.0833333333333
21741	0.0833333333333
25595	0.0833333333333
27565	0.0833333333333
31502	0.0833333333333
35635	0.0833333333333
35990	0.0833333333333
40078	0.0833333333333
45160	0.0833333333333
45374	0.0833333333333
45454	0.0833333333333
48830	0.0833333333333
49483	0.0833333333333
49545	0.0833333333333
49593	0.0833333333333
55421	0.0833333333333
56393	0.0833333333333
56679	0.0833333333333
57492	0.0833333333333
59570	0.0833333333333
60758	0.0833333333333
31363	0.08
3815	0.0769230769231
7127	0.0769230769231
12066	0.0769230769231
14290	0.0769230769231
15703	0.0769230769231
16358	0.0769230769231
19631	0.0769230769231
21367	0.0769230769231
24352	0.0769230769231
29561	0.0769230769231
30074	0.0769230769231
31314	0.0769230769231
37676	0.0769230769231
38413	0.0769230769231
40192	0.0769230769231
40882	0.0769230769231
42091	0.0769230769231
42173	0.0769230769231
44721	0.0769230769231
47799	0.0769230769231
48306	0.0769230769231
48971	0.0769230769231
51162	0.0769230769231
52594	0.0769230769231
55464	0.0769230769231
56427	0.0769230769231
58903	0.0769230769231
59058	0.0769230769231
59070	0.0769230769231
1327	0.0714285714286
8204	0.0714285714286
8569	0.0714285714286
10810	0.0714285714286
12013	0.0714285714286
15422	0.0714285714286
19617	0.0714285714286
22440	0.0714285714286
22797	0.0714285714286
26689	0.0714285714286
29464	0.0714285714286
30036	0.0714285714286
30146	0.0714285714286
31346	0.0714285714286
33974	0.0714285714286
38132	0.0714285714286
42282	0.0714285714286
48772	0.0714285714286
48795	0.0714285714286
50069	0.0714285714286
50176	0.0714285714286
54108	0.0714285714286
60008	0.0714285714286
60113	0.0714285714286
60770	0.0714285714286
61219	0.0714285714286
4590	0.0666666666667
6192	0.0666666666667
6896	0.0666666666667
6899	0.0666666666667
9133	0.0666666666667
11144	0.0666666666667
17537	0.0666666666667
18152	0.0666666666667
19934	0.0666666666667
20397	0.0666666666667
22114	0.0666666666667
28702	0.0666666666667
28950	0.0666666666667
29397	0.0666666666667
29479	0.0666666666667
31905	0.0666666666667
36098	0.0666666666667
37071	0.0666666666667
40947	0.0666666666667
42729	0.0666666666667
44131	0.0666666666667
44536	0.0666666666667
53073	0.0666666666667
58651	0.0666666666667
58955	0.0666666666667
59858	0.0666666666667
3091	0.0625
7085	0.0625
11152	0.0625
11377	0.0625
12344	0.0625
13165	0.0625
14394	0.0625
14921	0.0625
15731	0.0625
22445	0.0625
22608	0.0625
22616	0.0625
27919	0.0625
31354	0.0625
32855	0.0625
34721	0.0625
35054	0.0625
37491	0.0625
40327	0.0625
45039	0.0625
46780	0.0625
47926	0.0625
48023	0.0625
50658	0.0625
52596	0.0625
53071	0.0625
56074	0.0625
9667	0.0606060606061
8055	0.0588235294118
8169	0.0588235294118
8241	0.0588235294118
8556	0.0588235294118
8585	0.0588235294118
8829	0.0588235294118
9446	0.0588235294118
10025	0.0588235294118
10350	0.0588235294118
16107	0.0588235294118
17285	0.0588235294118
18358	0.0588235294118
19331	0.0588235294118
20600	0.0588235294118
20830	0.0588235294118
21859	0.0588235294118
24919	0.0588235294118
26770	0.0588235294118
29414	0.0588235294118
30737	0.0588235294118
31165	0.0588235294118
35324	0.0588235294118
36898	0.0588235294118
38044	0.0588235294118
41697	0.0588235294118
45144	0.0588235294118
46964	0.0588235294118
47459	0.0588235294118
53766	0.0588235294118
53802	0.0588235294118
56790	0.0588235294118
59789	0.0588235294118
36358	0.0571428571429
5250	0.0555555555556
6593	0.0555555555556
7019	0.0555555555556
7448	0.0555555555556
11756	0.0555555555556
14539	0.0555555555556
15785	0.0555555555556
16883	0.0555555555556
19945	0.0555555555556
20845	0.0555555555556
21218	0.0555555555556
26296	0.0555555555556
26688	0.0555555555556
28252	0.0555555555556
30727	0.0555555555556
36708	0.0555555555556
42967	0.0555555555556
43646	0.0555555555556
43880	0.0555555555556
44736	0.0555555555556
46150	0.0555555555556
48501	0.0555555555556
49620	0.0555555555556
52869	0.0555555555556
1243	0.0526315789474
3388	0.0526315789474
5602	0.0526315789474
6998	0.0526315789474
10016	0.0526315789474
14819	0.0526315789474
15833	0.0526315789474
18716	0.0526315789474
20821	0.0526315789474
21161	0.0526315789474
22201	0.0526315789474
25398	0.0526315789474
27547	0.0526315789474
27637	0.0526315789474
30160	0.0526315789474
33519	0.0526315789474
35941	0.0526315789474
38549	0.0526315789474
40296	0.0526315789474
41493	0.0526315789474
41683	0.0526315789474
42003	0.0526315789474
44421	0.0526315789474
45862	0.0526315789474
46208	0.0526315789474
48916	0.0526315789474
49834	0.0526315789474
51362	0.0526315789474
52348	0.0526315789474
53725	0.0526315789474
57114	0.0526315789474
39038	0.0512820512821
2537	0.05
9244	0.05
12112	0.05
12350	0.05
13356	0.05
18190	0.05
19876	0.05
20302	0.05
22166	0.05
25462	0.05
29156	0.05
33206	0.05
36904	0.05
38315	0.05
39832	0.05
40323	0.05
42993	0.05
43140	0.05
43840	0.05
45727	0.05
47166	0.05
49337	0.05
50739	0.05
53379	0.05
9673	0.047619047619
12747	0.047619047619
22575	0.047619047619
22851	0.047619047619
24475	0.047619047619
24596	0.047619047619
31471	0.047619047619
32049	0.047619047619
32295	0.047619047619
37536	0.047619047619
38785	0.047619047619
42773	0.047619047619
42935	0.047619047619
44929	0.047619047619
48324	0.047619047619
51190	0.047619047619
59459	0.047619047619
60007	0.047619047619
21586	0.046511627907
4116	0.0454545454545
9587	0.0454545454545
11485	0.0454545454545
12171	0.0454545454545
12266	0.0454545454545
12790	0.0454545454545
14221	0.0454545454545
18084	0.0454545454545
20617	0.0454545454545
20941	0.0454545454545
24446	0.0454545454545
31520	0.0454545454545
35187	0.0454545454545
47291	0.0454545454545
48232	0.0454545454545
51595	0.0454545454545
58479	0.0454545454545
2392	0.0434782608696
2453	0.0434782608696
3566	0.0434782608696
12871	0.0434782608696
15050	0.0434782608696
18142	0.0434782608696
27428	0.0434782608696
28460	0.0434782608696
32728	0.0434782608696
34257	0.0434782608696
42127	0.0434782608696
42601	0.0434782608696
43057	0.0434782608696
43254	0.0434782608696
43579	0.0434782608696
46218	0.0434782608696
49036	0.0434782608696
49132	0.0434782608696
49546	0.0434782608696
50349	0.0434782608696
59329	0.0434782608696
10006	0.0416666666667
17724	0.0416666666667
26302	0.0416666666667
28131	0.0416666666667
30642	0.0416666666667
31355	0.0416666666667
42049	0.0416666666667
42737	0.0416666666667
47059	0.0416666666667
48648	0.0416666666667
52705	0.0416666666667
53038	0.0416666666667
20492	0.0408163265306
220	0.04
4984	0.04
5271	0.04
10394	0.04
11505	0.04
12949	0.04
14357	0.04
15816	0.04
18238	0.04
19466	0.04
22190	0.04
25153	0.04
25864	0.04
25964	0.04
38998	0.04
40370	0.04
48189	0.04
50472	0.04
52871	0.04
53450	0.04
60248	0.04
3642	0.0384615384615
4535	0.0384615384615
12811	0.0384615384615
13811	0.0384615384615
27978	0.0384615384615
43455	0.0384615384615
48022	0.0384615384615
48558	0.0384615384615
3552	0.037037037037
3764	0.037037037037
9418	0.037037037037
24897	0.037037037037
38065	0.037037037037
39328	0.037037037037
43789	0.037037037037
51888	0.037037037037
52630	0.037037037037
53437	0.037037037037
109	0.0357142857143
116	0.0357142857143
981	0.0357142857143
3921	0.0357142857143
4192	0.0357142857143
17293	0.0357142857143
23107	0.0357142857143
24706	0.0357142857143
26037	0.0357142857143
31484	0.0357142857143
43143	0.0357142857143
46508	0.0357142857143
46721	0.0357142857143
48524	0.0357142857143
51028	0.0357142857143
51399	0.0357142857143
52882	0.0357142857143
57008	0.0357142857143
61009	0.0357142857143
3032	0.0344827586207
20433	0.0344827586207
21691	0.0344827586207
24079	0.0344827586207
25308	0.0344827586207
25785	0.0344827586207
30143	0.0344827586207
32958	0.0344827586207
35254	0.0344827586207
38731	0.0344827586207
40139	0.0344827586207
41588	0.0344827586207
42767	0.0344827586207
47360	0.0344827586207
49578	0.0344827586207
51868	0.0344827586207
53179	0.0344827586207
61032	0.0344827586207
10343	0.0340909090909
2093	0.0338983050847
42291	0.0338983050847
213	0.0333333333333
12080	0.0333333333333
18590	0.0333333333333
22367	0.0333333333333
22620	0.0333333333333
25634	0.0333333333333
27338	0.0333333333333
28714	0.0333333333333
29245	0.0333333333333
29279	0.0333333333333
31200	0.0333333333333
31858	0.0333333333333
32850	0.0333333333333
36684	0.0333333333333
39749	0.0333333333333
40158	0.0333333333333
42081	0.0333333333333
42775	0.0333333333333
51072	0.0333333333333
4194	0.0327868852459
98	0.0322580645161
1602	0.0322580645161
3432	0.0322580645161
3461	0.0322580645161
24433	0.0322580645161
30101	0.0322580645161
30115	0.0322580645161
32944	0.0322580645161
33042	0.0322580645161
34268	0.0322580645161
35220	0.0322580645161
38124	0.0322580645161
39082	0.0322580645161
41256	0.0322580645161
43239	0.0322580645161
51056	0.0322580645161
53256	0.0322580645161
59985	0.0322580645161
4508	0.0320512820513
4449	0.03125
17695	0.03125
22985	0.03125
29041	0.03125
30154	0.03125
42690	0.03125
43245	0.03125
45061	0.03125
47075	0.03125
52585	0.03125
52899	0.03125
53235	0.03125
883	0.030303030303
2317	0.030303030303
13357	0.030303030303
15442	0.030303030303
18954	0.030303030303
19747	0.030303030303
25947	0.030303030303
28798	0.030303030303
33055	0.030303030303
42153	0.030303030303
44462	0.030303030303
46767	0.030303030303
52165	0.030303030303
53017	0.030303030303
60167	0.030303030303
11350	0.0298507462687
6179	0.0294117647059
11421	0.0294117647059
13210	0.0294117647059
17449	0.0294117647059
22009	0.0294117647059
27862	0.0294117647059
32125	0.0294117647059
32879	0.0294117647059
35340	0.0294117647059
36416	0.0294117647059
38197	0.0294117647059
41667	0.0294117647059
50536	0.0294117647059
61010	0.0294117647059
1181	0.0285714285714
1704	0.0285714285714
5180	0.0285714285714
9337	0.0285714285714
10086	0.0285714285714
10398	0.0285714285714
15015	0.0285714285714
20541	0.0285714285714
21341	0.0285714285714
22848	0.0285714285714
32688	0.0285714285714
51617	0.0285714285714
51710	0.0285714285714
52608	0.0285714285714
56967	0.0285714285714
11119	0.0281690140845
51506	0.0281690140845
7157	0.0277777777778
10837	0.0277777777778
12386	0.0277777777778
13321	0.0277777777778
14739	0.0277777777778
17679	0.0277777777778
22439	0.0277777777778
27233	0.0277777777778
43417	0.0277777777778
58638	0.0277777777778
60446	0.0277777777778
33	0.027027027027
1060	0.027027027027
2027	0.027027027027
10891	0.027027027027
18366	0.027027027027
24472	0.027027027027
41221	0.027027027027
41512	0.027027027027
41911	0.027027027027
41974	0.027027027027
51874	0.027027027027
52185	0.027027027027
52227	0.027027027027
52503	0.027027027027
53250	0.027027027027
26659	0.0266666666667
6494	0.0263157894737
7546	0.0263157894737
9273	0.0263157894737
22705	0.0263157894737
23112	0.0263157894737
26012	0.0263157894737
26260	0.0263157894737
30671	0.0263157894737
40248	0.0263157894737
44663	0.0263157894737
52528	0.0263157894737
52580	0.0263157894737
52726	0.0263157894737
59236	0.0263157894737
1666	0.025641025641
4506	0.025641025641
10918	0.025641025641
11258	0.025641025641
15198	0.025641025641
18956	0.025641025641
26855	0.025641025641
29452	0.025641025641
30684	0.025641025641
31403	0.025641025641
31854	0.025641025641
32085	0.025641025641
35166	0.025641025641
41131	0.025641025641
41185	0.025641025641
45118	0.025641025641
52109	0.025641025641
52975	0.025641025641
60009	0.025641025641
6685	0.025
9323	0.025
10295	0.025
10471	0.025
11061	0.025
18441	0.025
27090	0.025
31801	0.025
35167	0.025
42989	0.025
45712	0.025
51115	0.025
51893	0.025
60220	0.025
3172	0.0243902439024
18313	0.0243902439024
30133	0.0243902439024
34225	0.0243902439024
35194	0.0243902439024
42678	0.0243902439024
49662	0.0243902439024
50985	0.0243902439024
51762	0.0243902439024
42954	0.0242424242424
8129	0.0240963855422
1474	0.0238095238095
3512	0.0238095238095
5624	0.0238095238095
11346	0.0238095238095
11503	0.0238095238095
18763	0.0238095238095
26875	0.0238095238095
27168	0.0238095238095
31308	0.0238095238095
40998	0.0238095238095
42949	0.0238095238095
128	0.0232558139535
1215	0.0232558139535
4814	0.0232558139535
4891	0.0232558139535
6752	0.0232558139535
7712	0.0232558139535
9123	0.0232558139535
15360	0.0232558139535
16720	0.0232558139535
26809	0.0232558139535
35391	0.0232558139535
39201	0.0232558139535
39682	0.0232558139535
40096	0.0232558139535
41698	0.0232558139535
45203	0.0232558139535
52935	0.0232558139535
51000	0.0229885057471
5803	0.0227272727273
10694	0.0227272727273
11770	0.0227272727273
21412	0.0227272727273
25297	0.0227272727273
43103	0.0227272727273
49571	0.0227272727273
51092	0.0227272727273
51314	0.0227272727273
849	0.0222222222222
1345	0.0222222222222
3828	0.0222222222222
6788	0.0222222222222
7325	0.0222222222222
8251	0.0222222222222
13560	0.0222222222222
23318	0.0222222222222
24564	0.0222222222222
31022	0.0222222222222
34649	0.0222222222222
43517	0.0222222222222
49597	0.0222222222222
49784	0.0222222222222
51248	0.0222222222222
51979	0.0222222222222
57980	0.0222222222222
41382	0.021978021978
3743	0.0217391304348
4200	0.0217391304348
13103	0.0217391304348
31399	0.0217391304348
39964	0.0217391304348
42704	0.0217391304348
47038	0.0217391304348
48973	0.0217391304348
52898	0.0217391304348
4391	0.0215053763441
1584	0.0212765957447
1895	0.0212765957447
3199	0.0212765957447
3487	0.0212765957447
5574	0.0212765957447
6748	0.0212765957447
14859	0.0212765957447
15021	0.0212765957447
16192	0.0212765957447
17383	0.0212765957447
36798	0.0212765957447
36897	0.0212765957447
37735	0.0212765957447
38757	0.0212765957447
49136	0.0212765957447
2153	0.0208333333333
27273	0.0208333333333
41051	0.0208333333333
41449	0.0208333333333
51590	0.0208333333333
778	0.0204081632653
5498	0.0204081632653
10890	0.0204081632653
13271	0.0204081632653
39126	0.0204081632653
41372	0.0204081632653
41658	0.0204081632653
48701	0.0204081632653
51228	0.0204081632653
4048	0.02
6375	0.02
10317	0.02
27899	0.02
38579	0.02
41479	0.02
51777	0.02
52260	0.02
52491	0.02
52513	0.02
550	0.0196078431373
4507	0.0196078431373
9589	0.0196078431373
23210	0.0196078431373
25432	0.0196078431373
33120	0.0196078431373
34618	0.0196078431373
38574	0.0196078431373
39341	0.0196078431373
41905	0.0196078431373
42332	0.0196078431373
51103	0.0196078431373
53320	0.0196078431373
7513	0.0194174757282
7540	0.0192307692308
33004	0.0192307692308
41768	0.0192307692308
52472	0.0192307692308
55884	0.0192307692308
59816	0.0192307692308
35551	0.0190476190476
3486	0.0189873417722
1196	0.0188679245283
4414	0.0188679245283
4556	0.0188679245283
8611	0.0188679245283
17064	0.0188679245283
19696	0.0188679245283
29431	0.0188679245283
33921	0.0188679245283
36105	0.0188679245283
45151	0.0188679245283
51339	0.0188679245283
51449	0.0188679245283
52235	0.0188679245283
27649	0.018691588785
779	0.0185185185185
5055	0.0185185185185
7430	0.0185185185185
9749	0.0185185185185
20363	0.0185185185185
25230	0.0185185185185
26924	0.0185185185185
33826	0.0185185185185
34735	0.0185185185185
42368	0.0185185185185
43202	0.0185185185185
23415	0.0184049079755
1537	0.0182926829268
52697	0.0182648401826
1	0.0181818181818
34108	0.0181818181818
41136	0.0181818181818
41322	0.0181818181818
41625	0.0181818181818
42099	0.0181818181818
42196	0.0181818181818
52879	0.0181818181818
2588	0.0180722891566
15515	0.0178571428571
19835	0.0178571428571
26657	0.0178571428571
34165	0.0178571428571
38595	0.0178571428571
41297	0.0178571428571
41914	0.0178571428571
43277	0.0178571428571
51086	0.0178571428571
52904	0.0178571428571
11404	0.0175438596491
18688	0.0175438596491
21347	0.0175438596491
21690	0.0175438596491
46447	0.0175438596491
46654	0.0175438596491
60486	0.0175438596491
25416	0.0173913043478
3925	0.0172413793103
17601	0.0172413793103
41278	0.0172413793103
41858	0.0172413793103
52542	0.0172413793103
51765	0.017094017094
363	0.0169491525424
3798	0.0169491525424
9669	0.0169491525424
18425	0.0169491525424
39310	0.0169491525424
41069	0.0169491525424
51805	0.0169491525424
52556	0.0169491525424
52715	0.0169491525424
52845	0.0169491525424
6711	0.0166666666667
12153	0.0166666666667
28285	0.0166666666667
33166	0.0166666666667
33680	0.0166666666667
45117	0.0166666666667
51624	0.0166666666667
60482	0.0166666666667
1533	0.016393442623
4341	0.016393442623
7392	0.016393442623
9309	0.016393442623
12731	0.016393442623
22252	0.016393442623
28201	0.016393442623
28500	0.016393442623
32785	0.016393442623
40557	0.016393442623
41976	0.016393442623
42097	0.016393442623
60092	0.016393442623
106	0.0162601626016
42977	0.0162601626016
51988	0.0162601626016
846	0.0161290322581
2062	0.0161290322581
3996	0.0161290322581
4216	0.0161290322581
21310	0.0161290322581
29778	0.0161290322581
30445	0.0161290322581
35722	0.0161290322581
41150	0.0161290322581
42352	0.0161290322581
47064	0.0161290322581
398	0.015873015873
15730	0.015873015873
20376	0.015873015873
22408	0.015873015873
42643	0.015873015873
45793	0.015873015873
53	0.015625
2734	0.015625
13451	0.015625
22572	0.015625
32432	0.015625
37379	0.015625
41298	0.015625
2786	0.0153846153846
3964	0.0153846153846
22554	0.0153846153846
30294	0.0153846153846
40212	0.0153846153846
51571	0.0153846153846
51865	0.0153846153846
29992	0.0152091254753
287	0.0151515151515
1097	0.0151515151515
1646	0.0151515151515
2739	0.0151515151515
12421	0.0151515151515
16819	0.0151515151515
19597	0.0151515151515
21734	0.0151515151515
22621	0.0151515151515
52034	0.0151515151515
32120	0.015037593985
21321	0.015
9295	0.0149253731343
37186	0.0149253731343
38072	0.0149253731343
39194	0.0149253731343
42409	0.0149253731343
54435	0.0149253731343
2789	0.0147058823529
5219	0.0147058823529
15870	0.0147058823529
29573	0.0147058823529
36193	0.0147058823529
52345	0.0147058823529
2646	0.0144927536232
24104	0.0144927536232
28781	0.0144927536232
29530	0.0144927536232
29806	0.0144927536232
32770	0.0144927536232
39851	0.0144927536232
41318	0.0144927536232
42576	0.0144927536232
42892	0.0144927536232
51026	0.0144927536232
52777	0.0144927536232
5145	0.0142857142857
7449	0.0142857142857
20315	0.0142857142857
21307	0.0142857142857
21913	0.0142857142857
29746	0.0142857142857
31393	0.0142857142857
32974	0.0142857142857
35535	0.0142857142857
50391	0.0142857142857
53184	0.0142857142857
59681	0.0142857142857
41287	0.0141843971631
1714	0.0140845070423
15638	0.0140845070423
27594	0.0140845070423
35117	0.0140845070423
35940	0.0140845070423
49889	0.0140845070423
52841	0.0140845070423
53328	0.0140845070423
143	0.0138888888889
2644	0.0138888888889
42056	0.0138888888889
42295	0.0138888888889
51589	0.0138888888889
59646	0.0138888888889
5012	0.0137931034483
1361	0.0137614678899
6781	0.013698630137
18769	0.013698630137
25442	0.013698630137
38577	0.013698630137
52853	0.013698630137
859	0.0135135135135
10914	0.0135135135135
18145	0.0135135135135
27731	0.0135135135135
30069	0.0135135135135
30694	0.0135135135135
34109	0.0135135135135
38642	0.0135135135135
51380	0.0135135135135
51852	0.0135135135135
12432	0.0134228187919
18838	0.0133333333333
19688	0.0133333333333
27173	0.0133333333333
42813	0.0133333333333
45200	0.0133333333333
23440	0.0132450331126
3253	0.0131578947368
3843	0.0131578947368
14511	0.0131578947368
33124	0.0131578947368
36364	0.0131578947368
38064	0.0131578947368
38307	0.0131578947368
41571	0.0131578947368
41712	0.0131578947368
46558	0.0131578947368
2917	0.012987012987
3406	0.012987012987
19034	0.012987012987
51117	0.012987012987
30191	0.0128205128205
41096	0.0128205128205
51615	0.0128205128205
52196	0.0128205128205
52981	0.0128205128205
34519	0.0127659574468
6339	0.0126582278481
10326	0.0126582278481
25273	0.0126582278481
29582	0.0126582278481
30515	0.0126582278481
41139	0.0126582278481
41433	0.0126582278481
42932	0.0126582278481
47918	0.0126582278481
283	0.0125
1365	0.0125
2316	0.0125
11223	0.0125
12597	0.0125
18596	0.0125
21298	0.0125
23222	0.0125
33934	0.0125
38748	0.0125
6466	0.0123456790123
21795	0.0123456790123
37792	0.0123456790123
42035	0.0123456790123
50335	0.0123456790123
18815	0.0121951219512
26313	0.0121951219512
27387	0.0121951219512
29603	0.0121951219512
31313	0.0121951219512
41272	0.0121951219512
42811	0.0121951219512
3297	0.0121212121212
10443	0.0121212121212
11128	0.0121212121212
17915	0.0121212121212
21662	0.0121212121212
51155	0.0121212121212
10220	0.0120481927711
12831	0.0120481927711
16145	0.0120481927711
24717	0.0120481927711
25487	0.0120481927711
35229	0.0120481927711
45199	0.0120481927711
50642	0.0120481927711
52079	0.0120481927711
41593	0.0119760479042
2720	0.0119047619048
6381	0.0119047619048
37224	0.0119047619048
45033	0.0119047619048
26890	0.0118343195266
27218	0.0118343195266
5230	0.0117647058824
9142	0.0117647058824
9601	0.0117647058824
19420	0.0117647058824
36054	0.0117647058824
40992	0.0117647058824
31850	0.0116959064327
33727	0.0116959064327
218	0.0116279069767
4661	0.0116279069767
11888	0.0116279069767
28134	0.0116279069767
32923	0.0116279069767
34619	0.0116279069767
48676	0.0116279069767
34199	0.011583011583
34667	0.0115606936416
1788	0.0114942528736
16204	0.0114942528736
17686	0.0114942528736
28793	0.0114942528736
32130	0.0114942528736
34208	0.0114942528736
42468	0.0114942528736
43834	0.0114942528736
51114	0.0114942528736
1456	0.0114285714286
28700	0.0114285714286
17790	0.0114068441065
31877	0.0114068441065
2067	0.0113636363636
3947	0.0113636363636
35594	0.0113636363636
35968	0.0113636363636
41778	0.0113636363636
1117	0.0112781954887
25221	0.0112359550562
33855	0.0112359550562
52817	0.0112359550562
4479	0.0111731843575
10792	0.0111731843575
51211	0.0111731843575
6353	0.0111111111111
18214	0.0111111111111
21375	0.0111111111111
27691	0.0111111111111
37238	0.0111111111111
41197	0.0111111111111
41204	0.0111111111111
42825	0.0111111111111
52576	0.0111111111111
2245	0.010989010989
22398	0.010989010989
32700	0.010989010989
40104	0.010989010989
41340	0.010989010989
3690	0.0108695652174
37752	0.0108695652174
41649	0.0108695652174
45076	0.0108695652174
52416	0.0108695652174
59133	0.0108695652174
95	0.010752688172
256	0.010752688172
9135	0.010752688172
9502	0.010752688172
33544	0.010752688172
34865	0.010752688172
24522	0.0106951871658
20752	0.0106382978723
22589	0.0106382978723
30185	0.0106382978723
32509	0.0106382978723
39286	0.0106382978723
41083	0.0106382978723
41653	0.0106382978723
51112	0.0106382978723
1393	0.0105263157895
17767	0.0105263157895
21583	0.0105263157895
38338	0.0105263157895
42249	0.0105263157895
51209	0.0105263157895
52362	0.0105263157895
11746	0.0104895104895
156	0.0104166666667
3488	0.0104166666667
18378	0.0104166666667
46493	0.0104166666667
22396	0.0103092783505
22601	0.0103092783505
52283	0.0103092783505
3294	0.0102040816327
12484	0.0102040816327
59562	0.0102040816327
5350	0.010101010101
30806	0.010101010101
51492	0.010101010101
52092	0.010101010101
2084	0.01
4770	0.01
15602	0.01
20010	0.01
25027	0.01
25169	0.01
90	0.00995024875622
4836	0.00990099009901
6305	0.00990099009901
11760	0.00990099009901
11784	0.00990099009901
24088	0.00990099009901
41078	0.00990099009901
42555	0.00990099009901
42799	0.00990099009901
41258	0.00986842105263
1132	0.00980392156863
4929	0.00980392156863
41206	0.00980392156863
43824	0.00980392156863
50506	0.00980392156863
694	0.00970873786408
4998	0.00970873786408
11774	0.00970873786408
13891	0.00970873786408
41171	0.00970873786408
42483	0.00970873786408
51573	0.00970873786408
51156	0.00967741935484
7115	0.00961538461538
17389	0.00961538461538
33775	0.00961538461538
41935	0.00961538461538
40979	0.00955414012739
4512	0.00952380952381
14233	0.00952380952381
26162	0.00952380952381
28141	0.00952380952381
29583	0.00952380952381
32074	0.00952380952381
34525	0.00952380952381
41160	0.00952380952381
42194	0.00952380952381
47475	0.00952380952381
17764	0.00943396226415
29596	0.00943396226415
42053	0.00943396226415
16231	0.00934579439252
20529	0.00934579439252
20636	0.00934579439252
37060	0.00934579439252
38262	0.00934579439252
39288	0.00934579439252
41004	0.00934579439252
21845	0.0093023255814
397	0.00925925925926
14730	0.00925925925926
22813	0.00925925925926
39002	0.00925925925926
562	0.00921658986175
12343	0.00917431192661
18643	0.00917431192661
31306	0.00917431192661
50936	0.00917431192661
13124	0.00909090909091
26741	0.00909090909091
31895	0.00909090909091
41172	0.00909090909091
1680	0.00906735751295
18172	0.00904977375566
17987	0.00903614457831
10054	0.00900900900901
41023	0.00900900900901
41146	0.00900900900901
41303	0.00900900900901
29861	0.00898876404494
259	0.00898203592814
10727	0.00896860986547
7645	0.00892857142857
26868	0.00892857142857
27582	0.00892857142857
31011	0.00892857142857
39210	0.00892857142857
40030	0.00892857142857
41640	0.00892857142857
47430	0.00892857142857
3943	0.00887573964497
42973	0.00884955752212
59890	0.00884955752212
40978	0.00881057268722
7349	0.00879765395894
18134	0.00877192982456
26310	0.00877192982456
29780	0.00877192982456
36537	0.00877192982456
41245	0.00877192982456
49689	0.00877192982456
31879	0.00873362445415
5311	0.00869565217391
14749	0.00869565217391
41111	0.00869565217391
42753	0.00869565217391
47292	0.00869565217391
2127	0.00862068965517
2367	0.00862068965517
10045	0.00862068965517
45093	0.00862068965517
47675	0.00862068965517
29453	0.00859598853868
24803	0.00854700854701
33495	0.00854700854701
51549	0.00854700854701
61083	0.00854700854701
6394	0.00847457627119
26674	0.00847457627119
36976	0.00847457627119
37599	0.00847457627119
51232	0.00847457627119
52471	0.00847457627119
23742	0.0084388185654
30805	0.0084388185654
888	0.00840336134454
5354	0.00840336134454
18641	0.00840336134454
38701	0.00840336134454
20738	0.00833333333333
49392	0.00833333333333
5622	0.00831024930748
1324	0.00826446280992
17015	0.00826446280992
41054	0.00826446280992
45139	0.0082304526749
47628	0.0082304526749
83	0.00819672131148
15325	0.00819672131148
21252	0.00819672131148
34155	0.00819672131148
1362	0.00813008130081
52332	0.00813008130081
1273	0.00806451612903
3826	0.00806451612903
15288	0.00806451612903
33481	0.00806451612903
2905	0.008
6803	0.008
9471	0.008
25810	0.008
41055	0.008
51313	0.008
1921	0.00796812749004
6352	0.00793650793651
20875	0.00793650793651
42302	0.00793650793651
616	0.00787401574803
4136	0.00787401574803
13149	0.00787401574803
32246	0.00787401574803
2171	0.0078125
3865	0.0078125
17986	0.0078125
34143	0.0078125
42545	0.0078125
100	0.0077519379845
3492	0.0077519379845
28559	0.0077519379845
32809	0.0077519379845
53000	0.0077519379845
3793	0.00769230769231
3689	0.0076726342711
2144	0.00763358778626
32457	0.00763358778626
41063	0.00763358778626
51178	0.00757575757576
41152	0.00751879699248
41208	0.00751879699248
43785	0.00751879699248
51709	0.00751879699248
28820	0.00746268656716
31138	0.00746268656716
39323	0.00746268656716
41489	0.00746268656716
43414	0.00746268656716
3116	0.00743494423792
16194	0.00740740740741
39602	0.00740740740741
4399	0.00735294117647
12393	0.00735294117647
29394	0.00735294117647
40344	0.00735294117647
41468	0.00735294117647
7095	0.00729927007299
7413	0.00729927007299
14518	0.00729927007299
43178	0.00729927007299
51568	0.00729927007299
18997	0.00724637681159
34607	0.00724637681159
42312	0.00724637681159
13952	0.00719424460432
41061	0.00716845878136
4347	0.00714285714286
22654	0.00711743772242
41417	0.00709219858156
6564	0.00706713780919
1020	0.00704225352113
2028	0.00704225352113
37201	0.00704225352113
38807	0.00704225352113
39874	0.00704225352113
41011	0.00704225352113
14750	0.00701754385965
38293	0.00701754385965
554	0.00699300699301
2829	0.00699300699301
39585	0.00699300699301
16449	0.00696864111498
494	0.00694444444444
3022	0.00694444444444
3957	0.00694444444444
14459	0.00694444444444
29724	0.00694444444444
19090	0.00692041522491
14013	0.00689655172414
38671	0.00689655172414
50879	0.00689655172414
3991	0.00687285223368
2448	0.00684931506849
12777	0.00684931506849
25444	0.00684931506849
50903	0.00684931506849
50915	0.00684931506849
1990	0.00680272108844
5164	0.00680272108844
9920	0.00680272108844
13121	0.00680272108844
41331	0.00680272108844
6954	0.00677966101695
16379	0.00675675675676
17301	0.00675675675676
23011	0.00675675675676
23244	0.00675675675676
41066	0.00675675675676
51821	0.00675675675676
13040	0.00671140939597
22684	0.00671140939597
41596	0.00671140939597
43473	0.00671140939597
51179	0.00671140939597
2419	0.00670241286863
1928	0.0066889632107
1399	0.00668151447661
874	0.00666666666667
4418	0.00666666666667
51071	0.00666666666667
11172	0.00662251655629
618	0.00657894736842
1239	0.00657894736842
5512	0.00657894736842
10248	0.00657894736842
11196	0.00657894736842
51575	0.00657894736842
52525	0.00657894736842
49394	0.00656455142232
3280	0.00655021834061
6360	0.00653594771242
35100	0.00653594771242
40893	0.00653594771242
41552	0.00653594771242
41672	0.00653594771242
42145	0.00653594771242
16209	0.00649350649351
17637	0.00649350649351
17979	0.00649350649351
23999	0.00649350649351
11481	0.00647249190939
12610	0.00647249190939
41039	0.00647249190939
7161	0.00645161290323
26059	0.00645161290323
37225	0.00645161290323
41246	0.00645161290323
2333	0.0064043915828
7299	0.00636942675159
15233	0.00636942675159
27125	0.00636942675159
384	0.00632911392405
712	0.00632911392405
12501	0.00632911392405
24606	0.0062893081761
38861	0.0062893081761
2403	0.00625
18283	0.00625
32009	0.00625
50870	0.00625
900	0.00624024960998
28737	0.00621118012422
33780	0.00621118012422
42531	0.00621118012422
26893	0.0061919504644
456	0.00617283950617
39548	0.00617283950617
18584	0.00614250614251
2934	0.00609756097561
4743	0.00609756097561
4868	0.00609756097561
7411	0.00606060606061
22838	0.00606060606061
30762	0.00606060606061
30789	0.00606060606061
51029	0.00606060606061
4144	0.00602409638554
10157	0.00602409638554
12194	0.00602409638554
37409	0.00602409638554
22401	0.0059880239521
22805	0.0059880239521
25332	0.0059880239521
34121	0.0059880239521
41391	0.0059880239521
51025	0.0059880239521
41029	0.00597014925373
41165	0.00597014925373
14862	0.00595238095238
29686	0.00595238095238
3239	0.00591715976331
34241	0.00591715976331
28047	0.00589970501475
1390	0.00588235294118
9720	0.00588235294118
11000	0.00588235294118
41062	0.00588235294118
41378	0.00588235294118
29591	0.0058651026393
4485	0.00584795321637
12149	0.00584795321637
9656	0.00583090379009
20527	0.00581395348837
39360	0.00581395348837
51394	0.00581395348837
20675	0.00578034682081
23001	0.00578034682081
23285	0.00578034682081
49336	0.00578034682081
50897	0.00578034682081
6194	0.00574712643678
22070	0.00574712643678
40975	0.00574712643678
52638	0.00574712643678
41068	0.0057361376673
35144	0.00571428571429
21906	0.00569800569801
28821	0.00569259962049
1170	0.00568181818182
19338	0.00568181818182
34897	0.00564971751412
51655	0.00564971751412
16516	0.00561797752809
24970	0.00561797752809
51197	0.00561797752809
775	0.00558659217877
23248	0.00558659217877
27651	0.00558659217877
30901	0.00558659217877
33692	0.00558659217877
50760	0.00558659217877
52494	0.00558659217877
33634	0.00557103064067
51041	0.00556586270872
8724	0.00555555555556
41177	0.00555555555556
7317	0.00554016620499
34830	0.00554016620499
25376	0.00552486187845
6573	0.00549450549451
18374	0.00549450549451
41404	0.00549450549451
42378	0.00549450549451
51989	0.00549450549451
27489	0.0054844606947
6689	0.00547945205479
41097	0.00547945205479
452	0.00546448087432
921	0.00546448087432
5367	0.00546448087432
18183	0.00546448087432
2898	0.00545851528384
6772	0.0054347826087
18661	0.0054347826087
21557	0.0054347826087
24173	0.0054347826087
39265	0.0054347826087
11749	0.00540540540541
12188	0.00540540540541
30812	0.00540540540541
36967	0.00540540540541
50933	0.00540540540541
16273	0.00537634408602
41610	0.00537634408602
44456	0.00537634408602
7442	0.00534759358289
25098	0.00532859680284
4675	0.00531914893617
14352	0.00529801324503
4733	0.00529100529101
14207	0.00529100529101
36999	0.00527704485488
19547	0.00526315789474
26599	0.00526315789474
41157	0.00526315789474
26235	0.00523560209424
867	0.00520833333333
9292	0.00520833333333
13955	0.00520833333333
26158	0.00520833333333
29902	0.00520833333333
36686	0.00520833333333
870	0.00519480519481
2216	0.00518134715026
23080	0.00518134715026
41129	0.00518134715026
12969	0.00516795865633
22524	0.00515463917526
37194	0.00515463917526
41452	0.00515463917526
17066	0.00512820512821
41530	0.00512820512821
41010	0.00511508951407
18777	0.00511073253833
41116	0.00511073253833
7974	0.00510204081633
41070	0.00510204081633
44433	0.00510204081633
51146	0.00510204081633
3288	0.00507614213198
4439	0.00507614213198
8159	0.00507614213198
21337	0.00507614213198
29360	0.00507614213198
31483	0.00507614213198
38925	0.00506756756757
29705	0.00505050505051
32418	0.00505050505051
7956	0.00502512562814
41047	0.00502512562814
51697	0.00502512562814
31440	0.005
24684	0.00496277915633
2595	0.0049504950495
27471	0.0049504950495
37689	0.0049504950495
15083	0.00492610837438
27529	0.00487804878049
2326	0.00487012987013
3515	0.00485436893204
10166	0.00485436893204
12182	0.00485436893204
21978	0.00485436893204
29287	0.00485436893204
41308	0.00485436893204
42328	0.00485436893204
2515	0.00484261501211
4706	0.0048309178744
28290	0.0048309178744
50885	0.0048309178744
31536	0.00480769230769
7303	0.00478468899522
3365	0.00477897252091
41521	0.00473933649289
27051	0.00471698113208
41012	0.00471698113208
1984	0.00470957613815
11165	0.00469483568075
12388	0.00469483568075
32490	0.00469483568075
8709	0.00469168900804
7300	0.00468384074941
41037	0.00467289719626
4951	0.0046511627907
51341	0.0046511627907
17946	0.00462962962963
28405	0.00462427745665
13742	0.00460829493088
38795	0.00460829493088
11675	0.00459770114943
34367	0.00459136822773
17346	0.0045871559633
51099	0.00452488687783
40962	0.00449236298293
25413	0.00448430493274
2722	0.00446428571429
3273	0.00445930880713
4523	0.00444444444444
21331	0.00444444444444
2848	0.00442477876106
52055	0.00442477876106
1632	0.00440528634361
12756	0.00440528634361
27255	0.00440528634361
26934	0.00438596491228
40977	0.00438596491228
40318	0.00436681222707
41134	0.00436681222707
41140	0.00436681222707
253	0.00435729847495
14360	0.00434782608696
18759	0.00434782608696
32811	0.00434782608696
38493	0.00434782608696
41274	0.00434782608696
2186	0.00432276657061
4137	0.00431034482759
2785	0.00429184549356
12423	0.00428265524625
35703	0.00428265524625
41044	0.00428265524625
37392	0.00427960057061
4057	0.0042735042735
15794	0.0042735042735
21648	0.0042735042735
28742	0.0042689434365
7340	0.00426439232409
33762	0.00426439232409
4876	0.00425531914894
4900	0.00425531914894
28043	0.00425531914894
51724	0.00425531914894
2745	0.00423728813559
5237	0.00423728813559
37115	0.00423728813559
37169	0.00423728813559
38206	0.00423728813559
41444	0.00423728813559
4390	0.0042194092827
10920	0.0042194092827
22717	0.0042194092827
41353	0.00420168067227
41041	0.00418410041841
3531	0.00416666666667
28633	0.00416666666667
51173	0.00416666666667
18205	0.00414937759336
27865	0.00414937759336
9188	0.00411522633745
30849	0.00411522633745
31170	0.00409836065574
39549	0.0040899795501
18607	0.00406504065041
25930	0.00406504065041
34145	0.00406504065041
10287	0.00403225806452
17711	0.00403225806452
41164	0.00403225806452
5768	0.00401606425703
41109	0.004
34169	0.00399201596806
512	0.00398406374502
3729	0.00396825396825
4518	0.00395604395604
17147	0.00395256916996
35847	0.00395256916996
44951	0.00395256916996
35345	0.00394736842105
33895	0.00393700787402
4846	0.00393081761006
47637	0.00392156862745
31312	0.00390625
34858	0.00390625
3527	0.003861003861
5204	0.00385852090032
4396	0.00384862091084
868	0.00384615384615
2110	0.00384615384615
26508	0.00383141762452
26602	0.00381388253242
3733	0.00380952380952
40971	0.00380228136882
13216	0.00378787878788
26416	0.00378787878788
41001	0.00378787878788
17939	0.00377358490566
38080	0.00377358490566
7312	0.003771805752
9826	0.00376647834275
2152	0.00375939849624
39852	0.00375939849624
41031	0.00374531835206
1119	0.00374064837905
30269	0.00373831775701
9642	0.00373599003736
10251	0.00373134328358
28128	0.00373134328358
40334	0.00373134328358
2313	0.00371747211896
3312	0.00371747211896
50995	0.0037037037037
32612	0.00369685767098
35563	0.00369609856263
11504	0.003663003663
12998	0.003663003663
13935	0.003663003663
19601	0.00365764447696
25405	0.0036496350365
28443	0.0036496350365
29739	0.0036496350365
4711	0.00363636363636
17771	0.00363636363636
37775	0.00363636363636
4916	0.00362976406534
5599	0.0036231884058
37426	0.0036231884058
3139	0.00361010830325
17605	0.00361010830325
30794	0.00361010830325
41065	0.00359712230216
41705	0.00359712230216
4335	0.00357142857143
7390	0.00357142857143
41364	0.00355871886121
38794	0.00355555555556
4489	0.00355239786856
5157	0.00355149670218
1931	0.00353982300885
22744	0.00352422907489
949	0.00352112676056
3747	0.00352112676056
52018	0.00352112676056
37737	0.00351493848858
11381	0.00350877192982
38191	0.0035046728972
32832	0.0034965034965
25937	0.00348432055749
28286	0.00347222222222
3445	0.00343642611684
9538	0.00342759211654
51006	0.00342465753425
2401	0.00340136054422
11655	0.00340136054422
41106	0.00337837837838
7214	0.003367003367
29145	0.00334448160535
41154	0.00333333333333
76	0.00333055786844
41042	0.00331125827815
34637	0.003300330033
34548	0.00328947368421
14253	0.00328407224959
7444	0.00327868852459
8681	0.00327868852459
41307	0.00326797385621
51027	0.00326797385621
40965	0.00325732899023
684	0.00324675324675
41093	0.00324675324675
52225	0.00324675324675
1497	0.00323799244468
1918	0.00323624595469
20416	0.00322580645161
50901	0.0032154340836
22643	0.00320512820513
27809	0.00317965023847
28051	0.00317965023847
27128	0.0031746031746
35237	0.0031746031746
13339	0.00316957210777
41972	0.00313479623824
16927	0.003125
17715	0.003125
27527	0.003125
27906	0.00310559006211
39136	0.00309119010819
25113	0.00307692307692
41015	0.00307692307692
6304	0.00307219662058
40982	0.00305810397554
32453	0.0030487804878
2	0.00304568527919
4655	0.00304568527919
38959	0.0030303030303
20542	0.00301659125189
893	0.00301204819277
41156	0.00301204819277
40972	0.003003003003
5120	0.00299401197605
11	0.00297914597815
4430	0.00297840655249
39546	0.00297619047619
39785	0.00297619047619
34683	0.00296735905045
3535	0.00295857988166
29845	0.00295857988166
41609	0.00294985250737
48572	0.00294985250737
22579	0.00292397660819
2142	0.00290697674419
18701	0.00290697674419
41016	0.00290065264685
4764	0.00289435600579
2613	0.0028818443804
11307	0.0028818443804
18301	0.0028818443804
50863	0.00286123032904
25554	0.00285714285714
26584	0.00285306704708
3788	0.0028328611898
2037	0.00282485875706
11727	0.00282220131703
40987	0.00281690140845
41048	0.00281690140845
4644	0.00280898876404
25324	0.00280898876404
742	0.00279329608939
9252	0.00279329608939
4563	0.00278551532033
5432	0.00278357689631
22383	0.00277585010409
216	0.00277008310249
3553	0.00277008310249
23265	0.00274725274725
29854	0.00274725274725
38932	0.00274725274725
879	0.0027397260274
7419	0.00272851296044
15373	0.00272479564033
29971	0.00272479564033
41374	0.00271739130435
5809	0.00271002710027
20506	0.00269179004038
869	0.00268817204301
38822	0.00268817204301
21323	0.00268096514745
27949	0.00267379679144
37993	0.00267379679144
16420	0.00266666666667
35809	0.00265957446809
3133	0.00265604249668
5112	0.00265604249668
6427	0.00264939652635
41018	0.00262467191601
2733	0.00262123197903
12017	0.00261780104712
40995	0.00261780104712
3720	0.00261437908497
25738	0.00261096605744
5231	0.00260552371027
20630	0.0025974025974
11664	0.00258397932817
1118	0.00257234726688
23688	0.0025706940874
10987	0.00255754475703
23642	0.00255754475703
51096	0.0025
51133	0.0025
1628	0.00248756218905
15636	0.00248756218905
5420	0.00247831474597
932	0.00247524752475
39709	0.00247524752475
6812	0.00245098039216
10281	0.00245098039216
51019	0.00245098039216
1380	0.00243902439024
39447	0.00238663484487
29277	0.00238379022646
41027	0.00238095238095
22971	0.00236406619385
5553	0.00234741784038
31830	0.00228832951945
18613	0.00227963525836
689	0.00224719101124
3827	0.00224719101124
28832	0.00223713646532
1503	0.00222841225627
26805	0.0022271714922
23666	0.00222222222222
5000	0.00221238938053
20075	0.00221238938053
2007	0.002200220022
38203	0.00219298245614
4654	0.00218102508179
631	0.00217864923747
40988	0.00217391304348
41332	0.00217391304348
5693	0.00215053763441
4578	0.00214707461084
15228	0.00214592274678
3419	0.00214132762313
11169	0.00213675213675
41058	0.00213219616205
50105	0.00213219616205
41003	0.0021186440678
19599	0.00211416490486
9200	0.00210526315789
23782	0.00208333333333
29309	0.00208333333333
36394	0.00208333333333
4937	0.00205973223481
25051	0.00205338809035
1902	0.00205128205128
17938	0.0020366598778
2344	0.00201612903226
41355	0.00201207243461
19598	0.001953125
33841	0.001953125
36398	0.00194931773879
9647	0.00193423597679
17586	0.00192307692308
34751	0.00191938579655
3933	0.00183486238532
35136	0.00182481751825
21745	0.0018018018018
11201	0.00179856115108
33887	0.00179856115108
39915	0.00179856115108
2312	0.00177619893428
40980	0.00177619893428
2840	0.0017652250662
13056	0.00176366843034
13111	0.00176056338028
2290	0.00174520069808
51212	0.00174216027875
41074	0.00173010380623
1743	0.0016835016835
37111	0.0016694490818
22743	0.0016339869281
26863	0.00163132137031
7175	0.00162074554295
35049	0.0016155088853
4121	0.00161290322581
32188	0.00160256410256
1064	0.00156739811912
23150	0.00153374233129
5643	0.00152207001522
17596	0.00151975683891
992	0.00151515151515
27535	0.00150602409639
38492	0.00138121546961
3059	0.00135685210312
1422	0.00130890052356
2381	0.00130890052356
30899	0.00125313283208
41090	0.00123762376238
27890	0.00116959064327
38793	0.00115874855156
30980	0.00115074798619
34224	0.00110497237569
18311	0.0010752688172
2463	0.000955109837631
5503	0.000948766603416
1048	0.000947867298578
22929	0.000913242009132
