5120	0.00319488817891
2	0.00319488817891
51211	0.00319488817891
23557	0.00319488817891
34311	0.00319488817891
43017	0.00319488817891
25098	0.00319488817891
11	0.00319488817891
40962	0.00319488817891
22031	0.00319488817891
18960	0.00319488817891
4625	0.00319488817891
18	0.00319488817891
38932	0.00319488817891
39447	0.00319488817891
1048	0.00958466453674
25113	0.00319488817891
13339	0.00319488817891
29724	0.00319488817891
57373	0.00319488817891
9251	0.00319488817891
20007	0.00319488817891
18987	0.00319488817891
4655	0.00319488817891
33841	0.0223642172524
41010	0.00319488817891
37427	0.00319488817891
40595	0.00319488817891
2613	0.00638977635783
38822	0.00319488817891
41016	0.00638977635783
41018	0.00319488817891
4158	0.00319488817891
22591	0.00319488817891
53344	0.00319488817891
40971	0.00319488817891
38983	0.00319488817891
42568	0.00319488817891
38987	0.00319488817891
51044	0.00638977635783
43091	0.00319488817891
5204	0.00319488817891
30294	0.00319488817891
60601	0.00319488817891
32612	0.00319488817891
1628	0.00319488817891
41054	0.00319488817891
11359	0.00319488817891
41071	0.00319488817891
4706	0.00319488817891
41061	0.00319488817891
11196	0.00638977635783
41068	0.00319488817891
34834	0.00319488817891
5231	0.00638977635783
41073	0.00319488817891
23667	0.00638977635783
11381	0.00319488817891
52856	0.00319488817891
2681	0.00319488817891
1146	0.00319488817891
2685	0.00319488817891
29822	0.00319488817891
41090	0.00319488817891
12421	0.00319488817891
31879	0.00319488817891
25738	0.00319488817891
41099	0.00319488817891
51340	0.00638977635783
43321	0.00319488817891
50605	0.00319488817891
1680	0.00319488817891
25027	0.00319488817891
52884	0.00319488817891
28821	0.00319488817891
34971	0.00319488817891
6812	0.00319488817891
21662	0.00319488817891
28319	0.00319488817891
6816	0.00638977635783
51362	0.00319488817891
50851	0.00319488817891
1700	0.00638977635783
39078	0.00319488817891
42609	0.00319488817891
3240	0.00319488817891
53935	0.00319488817891
41075	0.00319488817891
50868	0.00319488817891
29366	0.00319488817891
4280	0.00319488817891
50873	0.00319488817891
17596	0.00638977635783
51389	0.00319488817891
38639	0.00638977635783
4289	0.00319488817891
41154	0.00319488817891
39510	0.00319488817891
12998	0.00319488817891
6343	0.00319488817891
1740	0.00319488817891
41166	0.00319488817891
1743	0.00319488817891
31440	0.00319488817891
18129	0.00319488817891
29394	0.00319488817891
26403	0.00319488817891
50901	0.00319488817891
30585	0.00319488817891
21210	0.00319488817891
39136	0.00319488817891
2785	0.00319488817891
50918	0.00319488817891
16593	0.00319488817891
35049	0.00638977635783
25324	0.00319488817891
29309	0.0127795527157
49392	0.00319488817891
29992	0.00319488817891
14067	0.00319488817891
1918	0.00319488817891
37111	0.00319488817891
50937	0.00319488817891
24316	0.00319488817891
13056	0.00958466453674
13058	0.00319488817891
47364	0.00319488817891
41318	0.00319488817891
51974	0.00319488817891
779	0.00319488817891
21772	0.00319488817891
18701	0.00319488817891
7442	0.00319488817891
51475	0.00319488817891
47918	0.0191693290735
26904	0.00319488817891
6427	0.00319488817891
22813	0.00319488817891
41711	0.00319488817891
40978	0.00638977635783
25891	0.00638977635783
7463	0.00319488817891
2344	0.00319488817891
50652	0.00319488817891
27527	0.00319488817891
32044	0.00319488817891
35117	0.0479233226837
29998	0.00319488817891
60005	0.00319488817891
26416	0.00319488817891
5000	0.00319488817891
2355	0.00319488817891
29492	0.00319488817891
13111	0.00638977635783
53048	0.00319488817891
34617	0.00319488817891
28298	0.00319488817891
33086	0.00319488817891
33599	0.00319488817891
35136	0.00638977635783
49985	0.00319488817891
41291	0.00319488817891
52556	0.00319488817891
4430	0.00319488817891
60215	0.00319488817891
60241	0.00319488817891
51027	0.00319488817891
1364	0.00319488817891
39767	0.00319488817891
18777	0.00319488817891
59853	0.0127795527157
41530	0.00319488817891
43920	0.00319488817891
43026	0.00319488817891
868	0.00958466453674
869	0.00319488817891
18278	0.00319488817891
19817	0.00319488817891
7532	0.00319488817891
25453	0.00319488817891
1902	0.00638977635783
22383	0.00319488817891
51227	0.00319488817891
42865	0.00319488817891
56178	0.00638977635783
35699	0.00319488817891
41332	0.00638977635783
3445	0.00319488817891
35703	0.00319488817891
4070	0.00638977635783
15228	0.00958466453674
893	0.00319488817891
17790	0.00319488817891
14207	0.00319488817891
4485	0.00319488817891
11655	0.00319488817891
1928	0.00319488817891
4489	0.00319488817891
24785	0.00319488817891
41355	0.00319488817891
398	0.00319488817891
51125	0.00319488817891
38800	0.00319488817891
52630	0.00319488817891
31127	0.00319488817891
11675	0.00319488817891
35229	0.00319488817891
41968	0.00319488817891
52645	0.00319488817891
4518	0.00319488817891
40875	0.00319488817891
33709	0.00319488817891
60334	0.00319488817891
51632	0.00319488817891
10162	0.00319488817891
41715	0.00319488817891
28830	0.00638977635783
34742	0.00319488817891
27063	0.00319488817891
52491	0.00319488817891
17849	0.00319488817891
41403	0.00319488817891
7100	0.00319488817891
20416	0.00319488817891
7619	0.00319488817891
42951	0.00319488817891
52169	0.00319488817891
52898	0.00319488817891
52176	0.00319488817891
24017	0.00319488817891
28627	0.00319488817891
25046	0.00319488817891
39383	0.00319488817891
26584	0.00638977635783
3548	0.00319488817891
38880	0.00319488817891
5089	0.00319488817891
21989	0.00319488817891
2022	0.00319488817891
10727	0.00319488817891
26602	0.00638977635783
41452	0.00319488817891
494	0.00319488817891
9200	0.00319488817891
41459	0.00319488817891
25079	0.00319488817891
5112	0.00638977635783
41044	0.00319488817891
1533	0.00319488817891
49662	0.00319488817891
