36353	0.00478468899522
22018	0.00478468899522
36358	0.00478468899522
17927	0.00478468899522
48812	0.00478468899522
11	0.00478468899522
40977	0.00478468899522
53267	0.00478468899522
56978	0.00478468899522
5144	0.00478468899522
5145	0.00478468899522
23642	0.00478468899522
9252	0.00478468899522
5157	0.00478468899522
4137	0.00478468899522
42030	0.00478468899522
4655	0.0191387559809
49714	0.00478468899522
11827	0.00478468899522
32309	0.00478468899522
48574	0.00478468899522
33850	0.00478468899522
3133	0.00478468899522
41023	0.00478468899522
40971	0.00478468899522
28742	0.0143540669856
45130	0.00478468899522
3511	0.00478468899522
76	0.00478468899522
48720	0.00956937799043
59576	0.00478468899522
2646	0.00478468899522
32612	0.00478468899522
19034	0.00478468899522
9826	0.00478468899522
41059	0.00478468899522
51812	0.00478468899522
60177	0.00478468899522
616	0.00478468899522
27580	0.00478468899522
29804	0.00478468899522
38003	0.00478468899522
5237	0.00478468899522
37993	0.00478468899522
28798	0.00478468899522
51989	0.00478468899522
46722	0.00478468899522
41091	0.00478468899522
7300	0.00478468899522
38025	0.00478468899522
2186	0.00478468899522
19598	0.00478468899522
33645	0.00478468899522
1680	0.00478468899522
4242	0.00478468899522
47043	0.0191387559809
33940	0.00478468899522
28821	0.00478468899522
45720	0.00956937799043
26777	0.00478468899522
1181	0.00478468899522
28832	0.00478468899522
6305	0.00478468899522
50855	0.00478468899522
59049	0.00956937799043
684	0.00478468899522
59565	0.00478468899522
17583	0.00478468899522
36021	0.00478468899522
49335	0.00478468899522
6328	0.00478468899522
50875	0.00478468899522
21696	0.00478468899522
36036	0.00478468899522
53110	0.00478468899522
25803	0.00478468899522
19661	0.00478468899522
4817	0.00478468899522
210	0.00478468899522
39126	0.00478468899522
52444	0.00478468899522
10973	0.00478468899522
41681	0.00478468899522
3817	0.00478468899522
41194	0.00478468899522
14573	0.00478468899522
893	0.00956937799043
15089	0.00478468899522
47059	0.00478468899522
38953	0.00956937799043
24316	0.00478468899522
40489	0.00478468899522
23299	0.00478468899522
41284	0.00478468899522
2313	0.00478468899522
40202	0.00478468899522
51468	0.00478468899522
46864	0.00956937799043
6417	0.00956937799043
27925	0.00478468899522
3867	0.00478468899522
2333	0.00478468899522
48005	0.00478468899522
41762	0.00478468899522
4900	0.00478468899522
51498	0.00478468899522
4396	0.00478468899522
39785	0.00478468899522
31536	0.00478468899522
56118	0.00478468899522
53214	0.00478468899522
28982	0.00478468899522
13111	0.00478468899522
24889	0.00478468899522
25405	0.00478468899522
35136	0.00956937799043
16193	0.00478468899522
6466	0.00478468899522
51011	0.00478468899522
38724	0.00478468899522
38725	0.00478468899522
22855	0.00478468899522
4937	0.00478468899522
36686	0.00478468899522
7505	0.00478468899522
51026	0.00478468899522
59731	0.00478468899522
60248	0.00478468899522
24409	0.00478468899522
25436	0.00478468899522
3933	0.00478468899522
16228	0.00478468899522
869	0.00956937799043
48998	0.00478468899522
18791	0.00478468899522
37737	0.00478468899522
31597	0.00478468899522
34792	0.00478468899522
38262	0.00956937799043
11128	0.00478468899522
54932	0.00478468899522
14716	0.00478468899522
17277	0.00478468899522
25987	0.00478468899522
900	0.00478468899522
4485	0.00478468899522
53126	0.00478468899522
11655	0.00478468899522
5512	0.00478468899522
38793	0.00956937799043
38795	0.00478468899522
42383	0.00478468899522
22929	0.00478468899522
41368	0.00478468899522
921	0.00956937799043
9200	0.00478468899522
29093	0.00478468899522
4518	0.00478468899522
41201	0.00478468899522
41068	0.00478468899522
25015	0.00478468899522
18361	0.00478468899522
7100	0.00956937799043
36798	0.00478468899522
34751	0.0143540669856
41923	0.00478468899522
32246	0.00478468899522
8137	0.00478468899522
51146	0.00478468899522
3531	0.00478468899522
42942	0.00478468899522
1489	0.00478468899522
4563	0.00478468899522
37198	0.00478468899522
40411	0.00478468899522
17886	0.00478468899522
48608	0.00478468899522
5089	0.00478468899522
52197	0.00478468899522
31720	0.00478468899522
15851	0.00478468899522
11757	0.00478468899522
40942	0.00478468899522
17904	0.00478468899522
5622	0.00478468899522
1527	0.00478468899522
