27648	0.00332225913621
52225	0.00332225913621
11778	0.00332225913621
37678	0.00332225913621
35847	0.00664451827243
25098	0.00332225913621
11	0.00332225913621
52738	0.00332225913621
14253	0.00332225913621
7184	0.00332225913621
2067	0.00332225913621
39447	0.00332225913621
1048	0.00332225913621
25113	0.00332225913621
2588	0.00996677740864
16927	0.00332225913621
5157	0.00664451827243
550	0.00332225913621
17959	0.00332225913621
1064	0.00332225913621
5673	0.00332225913621
34858	0.00332225913621
11307	0.00332225913621
6702	0.00332225913621
22877	0.00332225913621
49	0.00332225913621
48284	0.00332225913621
30261	0.00332225913621
21558	0.00664451827243
33850	0.0132890365449
37947	0.00332225913621
22589	0.00332225913621
34369	0.00332225913621
10251	0.00332225913621
28742	0.00664451827243
2120	0.00332225913621
27209	0.00332225913621
4173	0.00332225913621
26893	0.00332225913621
40971	0.00332225913621
52817	0.00332225913621
5204	0.00332225913621
5206	0.00332225913621
23642	0.00332225913621
38492	0.00664451827243
1117	0.00332225913621
40542	0.00332225913621
33887	0.00664451827243
41483	0.00332225913621
37392	0.00332225913621
11875	0.00996677740864
12388	0.00332225913621
4711	0.00332225913621
37993	0.00996677740864
41575	0.00332225913621
31340	0.00332225913621
52334	0.00332225913621
17008	0.00332225913621
51825	0.00332225913621
52071	0.00332225913621
26643	0.00332225913621
49784	0.00332225913621
26235	0.00332225913621
41085	0.00332225913621
54910	0.00332225913621
41606	0.00332225913621
8839	0.00664451827243
19598	0.00332225913621
7312	0.00332225913621
18456	0.00332225913621
38546	0.00332225913621
56215	0.00332225913621
33942	0.00332225913621
41111	0.00332225913621
41627	0.00332225913621
2716	0.00332225913621
17566	0.00996677740864
60613	0.00332225913621
7329	0.00332225913621
20642	0.00332225913621
52387	0.00332225913621
45151	0.00332225913621
3756	0.00332225913621
2733	0.00332225913621
41134	0.00664451827243
29360	0.00332225913621
5809	0.00332225913621
17586	0.00664451827243
30899	0.00332225913621
26805	0.0232558139535
2745	0.00332225913621
35514	0.00332225913621
20669	0.00332225913621
52416	0.00332225913621
38082	0.00332225913621
50883	0.00332225913621
39286	0.00332225913621
7367	0.00332225913621
18632	0.00332225913621
20173	0.00332225913621
18129	0.00332225913621
41174	0.00332225913621
22744	0.00332225913621
11481	0.00332225913621
41179	0.00996677740864
34016	0.00332225913621
50913	0.00332225913621
739	0.00332225913621
35045	0.00332225913621
31465	0.00332225913621
35563	0.00332225913621
22252	0.00996677740864
22766	0.00332225913621
10792	0.00332225913621
2290	0.00664451827243
26868	0.00332225913621
7413	0.00332225913621
6391	0.00332225913621
7419	0.00332225913621
29948	0.00332225913621
41002	0.00332225913621
30980	0.00332225913621
29958	0.00332225913621
30471	0.00332225913621
51464	0.00332225913621
18701	0.00332225913621
22798	0.00664451827243
50959	0.00332225913621
42259	0.00996677740864
22805	0.00332225913621
42512	0.00332225913621
41433	0.00332225913621
7448	0.00332225913621
6427	0.00332225913621
33564	0.00332225913621
1310	0.00332225913621
21797	0.00332225913621
4390	0.00332225913621
33841	0.00664451827243
12423	0.00332225913621
24878	0.00332225913621
40109	0.00332225913621
50482	0.00332225913621
11060	0.00332225913621
18741	0.00332225913621
18231	0.00332225913621
25400	0.00332225913621
51006	0.00332225913621
13634	0.00332225913621
1349	0.00332225913621
41287	0.00332225913621
4937	0.00332225913621
32074	0.00332225913621
13111	0.00332225913621
4428	0.00332225913621
3406	0.00996677740864
29007	0.00332225913621
16209	0.00996677740864
41001	0.00332225913621
4137	0.00332225913621
13659	0.00332225913621
38748	0.00332225913621
3933	0.00332225913621
37215	0.00332225913621
55139	0.00332225913621
59236	0.00332225913621
869	0.0166112956811
19601	0.00332225913621
30568	0.00332225913621
38065	0.00332225913621
41326	0.00332225913621
22895	0.00664451827243
19313	0.00332225913621
51060	0.00332225913621
3957	0.00332225913621
38262	0.00332225913621
11128	0.00332225913621
893	0.00332225913621
895	0.00332225913621
56561	0.00332225913621
50923	0.00332225913621
41350	0.00332225913621
41025	0.00664451827243
4488	0.00332225913621
38793	0.00332225913621
41510	0.00332225913621
26508	0.00332225913621
5519	0.00332225913621
16784	0.00332225913621
21906	0.00332225913621
18838	0.00332225913621
44951	0.0199335548173
41967	0.00332225913621
18340	0.00332225913621
35237	0.00664451827243
22513	0.00332225913621
32681	0.00332225913621
41387	0.00332225913621
10157	0.00332225913621
9646	0.00332225913621
9135	0.00332225913621
28592	0.00332225913621
45489	0.00332225913621
37198	0.00332225913621
47774	0.00332225913621
37302	0.00332225913621
37961	0.00332225913621
23481	0.00332225913621
51400	0.00332225913621
1984	0.00332225913621
34241	0.00332225913621
21323	0.00332225913621
51655	0.00332225913621
48460	0.00332225913621
51146	0.00332225913621
26059	0.0232558139535
5580	0.00332225913621
32213	0.00332225913621
54230	0.00332225913621
39383	0.00332225913621
29604	0.00332225913621
61153	0.00332225913621
37341	0.00332225913621
40541	0.00332225913621
41223	0.00332225913621
33762	0.00332225913621
30691	0.00332225913621
9188	0.00332225913621
4070	0.00332225913621
32081	0.00332225913621
7654	0.00664451827243
492	0.00332225913621
4078	0.00332225913621
33775	0.00332225913621
14833	0.00664451827243
59890	0.00332225913621
9205	0.00332225913621
5622	0.00332225913621
26615	0.00332225913621
5112	0.00332225913621
5116	0.00332225913621
21845	0.00332225913621
