50944	0.00522193211488
5122	0.00522193211488
49155	0.00261096605744
8709	0.00261096605744
14343	0.00261096605744
11785	0.00261096605744
21514	0.00261096605744
524	0.00261096605744
16909	0.00261096605744
41037	0.00261096605744
40979	0.00261096605744
14353	0.00261096605744
1555	0.00261096605744
40980	0.00261096605744
35861	0.00261096605744
1048	0.00261096605744
4121	0.00261096605744
41583	0.00261096605744
18974	0.00261096605744
23557	0.00261096605744
36897	0.00261096605744
30242	0.00261096605744
40995	0.00261096605744
5157	0.00261096605744
1062	0.00261096605744
29617	0.00261096605744
28712	0.00261096605744
4137	0.00261096605744
11307	0.00261096605744
13357	0.00261096605744
36398	0.00522193211488
4655	0.00261096605744
38925	0.00261096605744
562	0.00261096605744
7731	0.00261096605744
41993	0.00261096605744
1118	0.00522193211488
40969	0.00261096605744
50961	0.00261096605744
35338	0.00261096605744
20542	0.00261096605744
30272	0.00261096605744
1120	0.00261096605744
53040	0.00261096605744
17987	0.00261096605744
36422	0.00261096605744
44385	0.00261096605744
23112	0.00261096605744
20553	0.00261096605744
6218	0.00261096605744
36535	0.00261096605744
76	0.00261096605744
37169	0.00261096605744
17421	0.00261096605744
31312	0.00261096605744
31313	0.00261096605744
21586	0.00261096605744
51795	0.00261096605744
35345	0.00261096605744
44117	0.00783289817232
6329	0.00261096605744
44120	0.00261096605744
18276	0.0104438642298
90	0.00261096605744
6748	0.00261096605744
38493	0.00261096605744
2142	0.00261096605744
1632	0.00261096605744
33377	0.00261096605744
41058	0.00261096605744
50875	0.00261096605744
27409	0.00261096605744
27241	0.00261096605744
41068	0.00261096605744
27043	0.00261096605744
5231	0.00261096605744
59752	0.00261096605744
23666	0.00261096605744
24691	0.00261096605744
52853	0.00261096605744
35961	0.00261096605744
28286	0.00261096605744
32895	0.00261096605744
8321	0.00261096605744
31874	0.00261096605744
35484	0.00261096605744
7303	0.00261096605744
5768	0.00522193211488
27273	0.00261096605744
25738	0.00261096605744
41239	0.00261096605744
28812	0.00261096605744
43150	0.00261096605744
4752	0.00261096605744
3729	0.0104438642298
56978	0.00261096605744
6803	0.00522193211488
16021	0.00261096605744
34095	0.00261096605744
25240	0.00261096605744
25753	0.00261096605744
43162	0.00261096605744
13935	0.00522193211488
6812	0.00261096605744
38763	0.00261096605744
40095	0.00261096605744
6304	0.00261096605744
994	0.00522193211488
2722	0.00261096605744
9896	0.00261096605744
12969	0.00522193211488
12970	0.00261096605744
28051	0.00522193211488
41074	0.00261096605744
29063	0.00261096605744
16560	0.00261096605744
3761	0.00261096605744
40819	0.00261096605744
26805	0.00261096605744
43702	0.00261096605744
32457	0.0208877284595
2745	0.00261096605744
3259	0.00261096605744
41660	0.00261096605744
41154	0.00261096605744
41156	0.00261096605744
41672	0.00261096605744
25273	0.00261096605744
41355	0.00261096605744
37410	0.00261096605744
1231	0.00261096605744
3280	0.00261096605744
14546	0.00261096605744
34254	0.00261096605744
22743	0.00261096605744
3288	0.00261096605744
56100	0.00261096605744
42714	0.00261096605744
25893	0.00261096605744
2787	0.00261096605744
25316	0.00261096605744
2789	0.00261096605744
37608	0.00261096605744
35049	0.00261096605744
46771	0.00261096605744
35563	0.00261096605744
25324	0.0130548302872
29394	0.00261096605744
53486	0.00261096605744
18301	0.00261096605744
3312	0.00261096605744
4337	0.00261096605744
2290	0.00261096605744
755	0.00261096605744
23285	0.00261096605744
5367	0.00261096605744
10488	0.00261096605744
35199	0.00261096605744
254	0.00522193211488
59605	0.00261096605744
28821	0.00783289817232
29444	0.00261096605744
1286	0.00261096605744
11015	0.00261096605744
4873	0.00261096605744
2007	0.00522193211488
50959	0.00261096605744
216	0.00261096605744
41165	0.00261096605744
7956	0.00261096605744
51041	0.00522193211488
28633	0.0208877284595
2840	0.00261096605744
38642	0.00261096605744
33864	0.00261096605744
6427	0.00261096605744
10013	0.00261096605744
51139	0.00261096605744
41353	0.00783289817232
22817	0.00261096605744
51071	0.00261096605744
4900	0.00261096605744
18985	0.00261096605744
41417	0.00261096605744
32049	0.00261096605744
12423	0.00261096605744
7468	0.00261096605744
4398	0.00261096605744
17711	0.00261096605744
1328	0.00261096605744
23688	0.00261096605744
37961	0.00261096605744
1847	0.00261096605744
40965	0.00261096605744
41274	0.00261096605744
21471	0.00261096605744
52029	0.00522193211488
35136	0.00261096605744
12610	0.00261096605744
32651	0.00261096605744
38115	0.00261096605744
43337	0.00261096605744
21323	0.00522193211488
2381	0.00522193211488
4430	0.00261096605744
52258	0.00261096605744
41808	0.00261096605744
16209	0.00261096605744
2387	0.00261096605744
7509	0.00261096605744
2390	0.00261096605744
18777	0.00261096605744
24922	0.00261096605744
50287	0.00261096605744
13660	0.00261096605744
3933	0.00522193211488
34143	0.00261096605744
27489	0.00261096605744
38203	0.00522193211488
868	0.00261096605744
869	0.0130548302872
15207	0.00261096605744
19601	0.00261096605744
1387	0.00261096605744
51053	0.00261096605744
22383	0.00261096605744
37080	0.00261096605744
35698	0.00261096605744
2419	0.00261096605744
59547	0.00261096605744
37238	0.00261096605744
5609	0.00261096605744
37752	0.00261096605744
34682	0.00261096605744
22395	0.00261096605744
893	0.00783289817232
21375	0.00261096605744
41536	0.00261096605744
18307	0.0208877284595
900	0.00261096605744
38441	0.00261096605744
18311	0.00261096605744
392	0.00261096605744
18528	0.00261096605744
35722	0.00261096605744
20875	0.00261096605744
40334	0.0104438642298
5519	0.00261096605744
35728	0.00261096605744
16273	0.00261096605744
27203	0.00261096605744
11156	0.00261096605744
49403	0.00261096605744
52120	0.00261096605744
41039	0.00261096605744
27548	0.00261096605744
14749	0.00522193211488
14750	0.00261096605744
2463	0.00261096605744
38800	0.00261096605744
17315	0.00261096605744
38822	0.00522193211488
21745	0.00261096605744
16028	0.00261096605744
41704	0.00261096605744
41287	0.00261096605744
27052	0.00261096605744
27890	0.00261096605744
47487	0.00261096605744
5553	0.00522193211488
42932	0.00261096605744
4396	0.00261096605744
9656	0.00522193211488
41034	0.00261096605744
34751	0.00261096605744
1984	0.00261096605744
51019	0.00261096605744
452	0.00261096605744
453	0.00261096605744
10828	0.00261096605744
18378	0.00261096605744
31182	0.00261096605744
11727	0.00261096605744
46033	0.00261096605744
21458	0.00261096605744
4563	0.00261096605744
41942	0.00261096605744
5420	0.00261096605744
1497	0.00261096605744
35919	0.00261096605744
11228	0.00261096605744
1503	0.00522193211488
42832	0.00261096605744
4578	0.00522193211488
37115	0.00261096605744
41444	0.00522193211488
50661	0.00261096605744
23373	0.00261096605744
52711	0.00261096605744
8169	0.00261096605744
26602	0.00261096605744
46253	0.00522193211488
10920	0.00261096605744
25586	0.00522193211488
27128	0.00261096605744
32762	0.00261096605744
5116	0.00261096605744
1533	0.00261096605744
54782	0.00261096605744
2559	0.00261096605744
