13318	0.00684931506849
25098	0.00684931506849
52567	0.00684931506849
16910	0.00684931506849
60334	0.00684931506849
5145	0.00684931506849
17952	0.00684931506849
1064	0.00684931506849
38492	0.013698630137
30762	0.00684931506849
555	0.013698630137
33887	0.00684931506849
50240	0.00684931506849
16449	0.00684931506849
37961	0.013698630137
31306	0.00684931506849
18002	0.00684931506849
31830	0.00684931506849
30812	0.00684931506849
53342	0.00684931506849
1119	0.00684931506849
2144	0.00684931506849
23144	0.00684931506849
22121	0.00684931506849
49771	0.013698630137
5231	0.00684931506849
59506	0.00684931506849
18556	0.00684931506849
51839	0.00684931506849
53380	0.00684931506849
6789	0.00684931506849
23174	0.013698630137
13960	0.00684931506849
41098	0.00684931506849
3729	0.00684931506849
43667	0.00684931506849
4121	0.00684931506849
61081	0.00684931506849
28832	0.00684931506849
50851	0.00684931506849
51368	0.00684931506849
694	0.00684931506849
38584	0.00684931506849
8890	0.00684931506849
22716	0.00684931506849
20157	0.00684931506849
50885	0.00684931506849
50893	0.00684931506849
31440	0.00684931506849
34514	0.00684931506849
216	0.00684931506849
51418	0.00684931506849
23265	0.00684931506849
28387	0.00684931506849
35045	0.00684931506849
35563	0.00684931506849
38639	0.00684931506849
21745	0.013698630137
47097	0.00684931506849
28407	0.00684931506849
49403	0.00684931506849
44284	0.00684931506849
32516	0.00684931506849
30471	0.0205479452055
13064	0.00684931506849
2313	0.00684931506849
50964	0.00684931506849
2840	0.00684931506849
6427	0.00684931506849
2848	0.013698630137
289	0.00684931506849
41258	0.00684931506849
300	0.00684931506849
23688	0.00684931506849
22838	0.00684931506849
13111	0.027397260274
5432	0.00684931506849
34105	0.00684931506849
35136	0.00684931506849
41281	0.00684931506849
16194	0.00684931506849
8519	0.00684931506849
16204	0.00684931506849
29006	0.00684931506849
17720	0.00684931506849
49465	0.00684931506849
21336	0.00684931506849
19803	0.00684931506849
34652	0.00684931506849
7518	0.00684931506849
869	0.00684931506849
870	0.00684931506849
27537	0.013698630137
9586	0.00684931506849
6003	0.0205479452055
3957	0.00684931506849
50553	0.00684931506849
1422	0.00684931506849
27535	0.013698630137
37776	0.00684931506849
22929	0.00684931506849
18836	0.00684931506849
5528	0.00684931506849
22941	0.00684931506849
18846	0.00684931506849
43423	0.00684931506849
11169	0.013698630137
52132	0.00684931506849
4518	0.00684931506849
59822	0.00684931506849
34224	0.00684931506849
41403	0.00684931506849
44491	0.0205479452055
3025	0.00684931506849
41943	0.00684931506849
1503	0.00684931506849
21841	0.00684931506849
3561	0.00684931506849
39915	0.00684931506849
495	0.00684931506849
2033	0.00684931506849
11250	0.00684931506849
52726	0.00684931506849
5112	0.013698630137
11769	0.00684931506849
59901	0.00684931506849
