5643	0.00564971751412
51212	0.00564971751412
18960	0.00564971751412
42328	0.00564971751412
2070	0.00564971751412
4121	0.00564971751412
13339	0.00564971751412
27684	0.00564971751412
1062	0.00564971751412
41000	0.00564971751412
4137	0.00564971751412
4655	0.00564971751412
41010	0.00564971751412
2613	0.00564971751412
8246	0.0112994350282
12343	0.00564971751412
50868	0.00564971751412
47675	0.0112994350282
26760	0.00564971751412
23648	0.00564971751412
31307	0.0112994350282
4173	0.00564971751412
31312	0.0112994350282
25169	0.00564971751412
41555	0.00564971751412
41060	0.00564971751412
10844	0.0112994350282
9824	0.00564971751412
42081	0.00564971751412
4706	0.0112994350282
12388	0.00564971751412
41062	0.00564971751412
27238	0.00564971751412
4711	0.00564971751412
59836	0.00564971751412
7786	0.00564971751412
52332	0.00564971751412
42609	0.00564971751412
2164	0.00564971751412
5237	0.00564971751412
39546	0.00564971751412
29309	0.00564971751412
28290	0.00564971751412
47748	0.00564971751412
40982	0.00564971751412
3720	0.00564971751412
25738	0.00564971751412
51340	0.00564971751412
45715	0.00564971751412
3733	0.00564971751412
18584	0.00564971751412
61081	0.00564971751412
6812	0.00564971751412
670	0.00564971751412
6816	0.0282485875706
32418	0.00564971751412
19111	0.00564971751412
7340	0.00564971751412
9586	0.00564971751412
43700	0.00564971751412
31414	0.00564971751412
40121	0.00564971751412
5823	0.00564971751412
38080	0.0169491525424
41058	0.00564971751412
33990	0.00564971751412
52687	0.00564971751412
3280	0.00564971751412
41689	0.00564971751412
2778	0.00564971751412
18139	0.00564971751412
27358	0.00564971751412
39136	0.00564971751412
25323	0.00564971751412
4846	0.00564971751412
41712	0.00564971751412
50941	0.00564971751412
13056	0.0112994350282
1628	0.00564971751412
43272	0.00564971751412
51019	0.00564971751412
3858	0.00564971751412
6427	0.00564971751412
39709	0.00564971751412
26403	0.00564971751412
3369	0.00564971751412
41351	0.00564971751412
53040	0.00564971751412
13960	0.00564971751412
13111	0.0112994350282
55096	0.00564971751412
13114	0.00564971751412
38203	0.0112994350282
26940	0.00564971751412
13121	0.00564971751412
48452	0.00564971751412
32823	0.00564971751412
41808	0.00564971751412
16209	0.00564971751412
19288	0.00564971751412
859	0.00564971751412
15197	0.00564971751412
35728	0.00564971751412
869	0.045197740113
3436	0.00564971751412
1902	0.0112994350282
879	0.00564971751412
25457	0.00564971751412
22898	0.00564971751412
11123	0.00564971751412
887	0.00564971751412
893	0.00564971751412
14206	0.0169491525424
29055	0.00564971751412
25475	0.00564971751412
18311	0.00564971751412
41353	0.00564971751412
9104	0.0112994350282
28051	0.00564971751412
43927	0.00564971751412
51096	0.00564971751412
29596	0.00564971751412
43676	0.00564971751412
26531	0.00564971751412
35563	0.00564971751412
937	0.00564971751412
60331	0.00564971751412
42412	0.00564971751412
42414	0.00564971751412
59316	0.00564971751412
41398	0.00564971751412
42424	0.00564971751412
29628	0.00564971751412
20418	0.00564971751412
38987	0.0169491525424
28621	0.00564971751412
11727	0.00564971751412
43473	0.00564971751412
6612	0.00564971751412
2007	0.00564971751412
1503	0.00564971751412
4578	0.00564971751412
23011	0.00564971751412
41444	0.00564971751412
31313	0.00564971751412
51178	0.00564971751412
28651	0.00564971751412
2037	0.00564971751412
52459	0.00564971751412
