11655	0.0294117647059
25098	0.0294117647059
37392	0.0294117647059
44819	0.0294117647059
6036	0.0294117647059
41243	0.0294117647059
11297	0.0294117647059
13063	0.0294117647059
3250	0.0294117647059
13742	0.0294117647059
6194	0.0294117647059
13111	0.0294117647059
38584	0.0294117647059
29243	0.0294117647059
32188	0.0294117647059
31882	0.0294117647059
32318	0.0294117647059
19775	0.0294117647059
12998	0.0294117647059
49313	0.0294117647059
20808	0.0294117647059
22743	0.0294117647059
40976	0.0294117647059
11746	0.0294117647059
100	0.0294117647059
41061	0.0294117647059
44649	0.0294117647059
43371	0.0294117647059
1132	0.0294117647059
9200	0.0294117647059
2290	0.0294117647059
9588	0.0294117647059
29686	0.0294117647059
3198	0.0294117647059
