13313	0.005
11782	0.005
38925	0.005
49408	0.005
1553	0.005
40988	0.01
40994	0.005
13348	0.005
5157	0.005
4138	0.005
3250	0.005
4655	0.01
12849	0.005
51038	0.005
49417	0.005
22584	0.005
4153	0.005
35387	0.005
29756	0.005
3133	0.005
24126	0.005
8767	0.005
7745	0.005
30274	0.005
41030	0.005
41243	0.005
31312	0.005
18515	0.005
49749	0.005
8279	0.01
1119	0.005
40036	0.005
4711	0.005
52842	0.005
41070	0.005
13426	0.005
11381	0.005
35958	0.005
1144	0.005
2171	0.005
41084	0.005
29309	0.005
41088	0.015
26805	0.005
38019	0.005
644	0.005
31369	0.005
25738	0.005
7312	0.01
51345	0.005
29005	0.005
41519	0.005
5279	0.005
27809	0.005
23203	0.005
12969	0.005
23211	0.005
32370	0.005
5809	0.01
5810	0.01
41139	0.01
18613	0.005
50870	0.005
38078	0.005
38080	0.01
51660	0.005
50890	0.005
10443	0.005
22732	0.005
8397	0.005
17615	0.005
17616	0.005
27684	0.005
30927	0.005
22238	0.005
37599	0.005
53456	0.01
42213	0.005
34257	0.005
41705	0.01
52458	0.005
37104	0.005
4339	0.005
37111	0.005
761	0.005
37114	0.005
7419	0.005
41002	0.005
59646	0.005
47871	0.005
30464	0.005
2825	0.005
51470	0.005
33552	0.005
22804	0.005
36629	0.005
7300	0.005
6427	0.005
5918	0.005
40229	0.005
11558	0.005
2346	0.005
13099	0.005
4396	0.005
1328	0.005
22408	0.005
47922	0.005
4916	0.005
20789	0.005
13111	0.005
5432	0.005
28298	0.005
38206	0.01
34101	0.005
20800	0.005
1345	0.005
13124	0.03
52554	0.005
11746	0.005
15695	0.005
29010	0.005
29011	0.005
35162	0.005
41819	0.005
21854	0.005
27489	0.005
869	0.015
15720	0.005
39655	0.005
1389	0.005
34161	0.005
3445	0.005
51575	0.005
7545	0.005
31098	0.005
19519	0.005
15228	0.005
29055	0.005
17280	0.005
31105	0.005
52613	0.005
30529	0.005
5512	0.005
38793	0.005
38794	0.005
20875	0.005
42396	0.005
40351	0.005
43327	0.005
42401	0.005
31138	0.015
4518	0.005
5553	0.005
10680	0.005
37309	0.005
1476	0.01
16838	0.01
50849	0.005
24522	0.005
3531	0.005
31692	0.005
16846	0.015
1487	0.005
9681	0.005
16856	0.005
1503	0.01
41040	0.005
4578	0.005
38822	0.005
33125	0.005
51692	0.005
22510	0.005
16379	0.005
