41987	0.0054347826087
2053	0.0054347826087
52231	0.0054347826087
5643	0.0054347826087
1039	0.0054347826087
14352	0.0054347826087
1048	0.0054347826087
13317	0.0054347826087
51232	0.0054347826087
58715	0.0054347826087
1062	0.0054347826087
4137	0.0054347826087
26156	0.0054347826087
10162	0.0054347826087
36398	0.0054347826087
5170	0.0054347826087
51891	0.0054347826087
39483	0.0054347826087
34369	0.0054347826087
45636	0.0054347826087
52296	0.0054347826087
37961	0.0054347826087
31306	0.0054347826087
5218	0.0054347826087
2644	0.0054347826087
56590	0.0054347826087
51641	0.0054347826087
41316	0.0054347826087
27226	0.0054347826087
1118	0.0108695652174
869	0.0054347826087
18960	0.0054347826087
9826	0.0054347826087
2660	0.0108695652174
2152	0.0054347826087
41065	0.0054347826087
41068	0.0054347826087
41070	0.0054347826087
59507	0.0054347826087
2171	0.0054347826087
18556	0.0163043478261
51839	0.0054347826087
25732	0.0054347826087
12421	0.0054347826087
652	0.0271739130435
4749	0.0054347826087
19601	0.0054347826087
41111	0.0054347826087
17566	0.0054347826087
50337	0.0054347826087
58538	0.0054347826087
38063	0.0054347826087
47282	0.0108695652174
21683	0.0054347826087
18613	0.0054347826087
36022	0.0054347826087
33975	0.0054347826087
52255	0.0054347826087
17596	0.0108695652174
38078	0.0054347826087
41058	0.0054347826087
3273	0.0054347826087
42701	0.0054347826087
50901	0.0054347826087
22230	0.0054347826087
13015	0.0054347826087
52953	0.0054347826087
39642	0.0054347826087
5343	0.0054347826087
39136	0.0054347826087
45283	0.0054347826087
29308	0.0054347826087
5354	0.0054347826087
35563	0.0054347826087
41196	0.0054347826087
26863	0.0054347826087
18673	0.0054347826087
18679	0.0054347826087
5076	0.0054347826087
42746	0.0054347826087
60156	0.0054347826087
13056	0.0108695652174
3842	0.0054347826087
1286	0.0054347826087
28460	0.0054347826087
778	0.0054347826087
29453	0.0054347826087
5390	0.0108695652174
52496	0.0054347826087
43794	0.0054347826087
12057	0.0054347826087
6427	0.0054347826087
18205	0.0054347826087
51487	0.0054347826087
21795	0.0054347826087
52009	0.0054347826087
52522	0.0054347826087
5420	0.0054347826087
35631	0.0054347826087
24368	0.0054347826087
18228	0.0054347826087
309	0.0054347826087
13111	0.0108695652174
4920	0.0054347826087
38880	0.0108695652174
9538	0.0054347826087
23363	0.0054347826087
52549	0.0054347826087
14663	0.0054347826087
23370	0.0054347826087
18231	0.0054347826087
2898	0.0054347826087
19803	0.0054347826087
1375	0.0217391304348
34658	0.0054347826087
41019	0.0054347826087
1380	0.0054347826087
7525	0.0054347826087
37735	0.0054347826087
2409	0.0054347826087
28051	0.0108695652174
15228	0.0108695652174
21379	0.0054347826087
5000	0.0054347826087
38794	0.0108695652174
38287	0.0054347826087
35728	0.0054347826087
14739	0.0163043478261
51605	0.0054347826087
11165	0.0054347826087
2463	0.0108695652174
17315	0.0054347826087
932	0.0054347826087
4518	0.0054347826087
60327	0.0054347826087
41385	0.0054347826087
9642	0.0054347826087
27051	0.0054347826087
39342	0.0054347826087
9647	0.0054347826087
9138	0.0054347826087
1459	0.0054347826087
37302	0.0054347826087
18361	0.0054347826087
25930	0.0108695652174
43455	0.0054347826087
20416	0.0054347826087
34241	0.0054347826087
14275	0.0054347826087
4173	0.0054347826087
4563	0.0054347826087
12756	0.0054347826087
23001	0.0054347826087
11232	0.0054347826087
4578	0.0108695652174
1013	0.0054347826087
39415	0.0054347826087
5112	0.0054347826087
51709	0.0054347826087
