28545	0.0384615384615
12423	0.0384615384615
41098	0.0384615384615
13965	0.0384615384615
41243	0.0384615384615
11297	0.0384615384615
2722	0.0384615384615
59816	0.0384615384615
5231	0.0384615384615
4524	0.0384615384615
23983	0.0769230769231
3250	0.0384615384615
32318	0.0384615384615
40054	0.0384615384615
12998	0.0384615384615
43611	0.0384615384615
5728	0.0384615384615
869	0.0384615384615
12646	0.0384615384615
43371	0.0384615384615
41071	0.0384615384615
29686	0.0384615384615
3195	0.0384615384615
893	0.0384615384615
3198	0.0384615384615
