34304	0.00315457413249
52738	0.00315457413249
43179	0.00315457413249
52396	0.00315457413249
2058	0.00315457413249
5643	0.00315457413249
4620	0.00315457413249
37392	0.01261829653
52227	0.00315457413249
21012	0.00630914826498
40983	0.00315457413249
51738	0.00315457413249
46511	0.00315457413249
40988	0.00315457413249
43271	0.00315457413249
16929	0.00315457413249
24610	0.00315457413249
42536	0.00315457413249
50268	0.00630914826498
11307	0.00315457413249
15917	0.00315457413249
4655	0.00315457413249
20016	0.00315457413249
2610	0.00315457413249
34356	0.00315457413249
17462	0.00315457413249
41140	0.00315457413249
31440	0.00315457413249
5693	0.00315457413249
41313	0.00315457413249
32832	0.00315457413249
28737	0.00315457413249
14347	0.00315457413249
30789	0.00315457413249
34145	0.00315457413249
10824	0.00315457413249
51212	0.00315457413249
76	0.00315457413249
4174	0.0157728706625
38800	0.00315457413249
30802	0.00315457413249
5204	0.00315457413249
41558	0.00315457413249
26724	0.00315457413249
1628	0.00315457413249
7261	0.00315457413249
1118	0.00630914826498
1119	0.00946372239748
41056	0.00315457413249
52030	0.00315457413249
4708	0.00315457413249
33895	0.00315457413249
11368	0.00315457413249
41063	0.00315457413249
41068	0.00630914826498
23150	0.00630914826498
5231	0.00315457413249
23666	0.00315457413249
30835	0.00630914826498
36982	0.00315457413249
631	0.00315457413249
40569	0.00315457413249
26235	0.00315457413249
18556	0.00315457413249
32894	0.00315457413249
11391	0.00315457413249
6275	0.00315457413249
16516	0.00315457413249
5768	0.00315457413249
29325	0.00315457413249
7311	0.00315457413249
1680	0.00630914826498
3729	0.00315457413249
51346	0.00315457413249
451	0.00315457413249
3733	0.00946372239748
20630	0.00315457413249
18584	0.00315457413249
2202	0.00315457413249
22895	0.00315457413249
17566	0.00315457413249
49123	0.00315457413249
30880	0.00315457413249
7329	0.00315457413249
28443	0.00315457413249
11429	0.00315457413249
30886	0.00315457413249
2216	0.00315457413249
41129	0.00315457413249
38343	0.00315457413249
18604	0.00315457413249
46767	0.00315457413249
5809	0.00630914826498
30899	0.00315457413249
34996	0.00315457413249
7349	0.00315457413249
52421	0.00315457413249
2745	0.00315457413249
35516	0.01261829653
51049	0.00315457413249
4289	0.00315457413249
19139	0.00315457413249
8901	0.00315457413249
32861	0.00315457413249
10287	0.00315457413249
26828	0.00315457413249
14541	0.00315457413249
48221	0.00315457413249
23760	0.00315457413249
35537	0.00315457413249
15063	0.00315457413249
22744	0.0252365930599
27865	0.00315457413249
23688	0.00315457413249
51151	0.00315457413249
48861	0.00315457413249
13022	0.00315457413249
23333	0.00315457413249
2785	0.00315457413249
31458	0.00315457413249
17637	0.00315457413249
45948	0.00315457413249
15083	0.00315457413249
15596	0.00315457413249
30445	0.00315457413249
4846	0.00315457413249
21745	0.00315457413249
2290	0.00630914826498
33523	0.00630914826498
26356	0.00315457413249
51958	0.00315457413249
32895	0.00315457413249
18172	0.00946372239748
253	0.00315457413249
766	0.00315457413249
9471	0.00315457413249
29145	0.00630914826498
43051	0.00315457413249
5381	0.00315457413249
30471	0.00946372239748
22743	0.00315457413249
23822	0.00315457413249
22573	0.00315457413249
24336	0.00315457413249
7442	0.00315457413249
18563	0.00315457413249
41236	0.00315457413249
50883	0.00315457413249
28633	0.00315457413249
2840	0.00315457413249
7449	0.00315457413249
6427	0.00315457413249
18205	0.00315457413249
20256	0.00315457413249
34352	0.00315457413249
8482	0.00315457413249
13605	0.00315457413249
37670	0.00315457413249
29992	0.00315457413249
18311	0.00630914826498
47491	0.00315457413249
14898	0.00315457413249
17711	0.00315457413249
13960	0.00315457413249
14647	0.00315457413249
49465	0.00315457413249
38203	0.00630914826498
14142	0.00315457413249
52843	0.00315457413249
18759	0.00315457413249
16204	0.00315457413249
29005	0.00315457413249
41101	0.00315457413249
14672	0.00315457413249
16209	0.00315457413249
2898	0.00315457413249
23011	0.00315457413249
3925	0.00315457413249
57807	0.00315457413249
41031	0.00315457413249
34651	0.00315457413249
3933	0.00630914826498
18784	0.00315457413249
12432	0.00315457413249
869	0.00946372239748
49931	0.00315457413249
37737	0.00315457413249
14698	0.00315457413249
7533	0.00315457413249
22383	0.00315457413249
52371	0.00315457413249
4414	0.00315457413249
43412	0.00315457413249
14714	0.00315457413249
14716	0.00315457413249
893	0.00315457413249
18304	0.00315457413249
20354	0.00315457413249
18307	0.00315457413249
41110	0.00315457413249
42374	0.00315457413249
11655	0.00315457413249
41253	0.00630914826498
38793	0.00315457413249
38794	0.00315457413249
35723	0.00315457413249
1422	0.00315457413249
2448	0.00315457413249
28051	0.00315457413249
13204	0.00630914826498
52121	0.00315457413249
20376	0.00315457413249
921	0.00630914826498
35229	0.00315457413249
41029	0.00315457413249
8609	0.00315457413249
31138	0.00630914826498
40702	0.00315457413249
4518	0.00315457413249
29095	0.00315457413249
9130	0.00315457413249
30635	0.00315457413249
39340	0.00315457413249
51632	0.00315457413249
39325	0.00315457413249
1456	0.00315457413249
41032	0.00315457413249
51187	0.00315457413249
949	0.00315457413249
53174	0.00315457413249
17967	0.00315457413249
11706	0.00315457413249
6075	0.00315457413249
46014	0.00315457413249
23999	0.00315457413249
53186	0.00315457413249
3011	0.00315457413249
30625	0.00315457413249
13771	0.00315457413249
48076	0.00315457413249
3535	0.00630914826498
25554	0.00315457413249
2515	0.00315457413249
42399	0.00315457413249
37847	0.00315457413249
26584	0.00315457413249
1497	0.00630914826498
25051	0.00315457413249
3548	0.00315457413249
1503	0.00315457413249
41071	0.00315457413249
995	0.00315457413249
47770	0.00315457413249
35563	0.00315457413249
31208	0.00315457413249
51178	0.00315457413249
15851	0.00315457413249
37933	0.00630914826498
29680	0.00315457413249
31400	0.00315457413249
45237	0.00315457413249
3059	0.00315457413249
11765	0.00315457413249
37879	0.00315457413249
41044	0.00630914826498
44538	0.00315457413249
767	0.00315457413249
7509	0.00315457413249
