51456	0.00645161290323
40962	0.00645161290323
10250	0.00645161290323
5643	0.0129032258065
38925	0.00645161290323
9304	0.00645161290323
40978	0.00645161290323
40979	0.00645161290323
18456	0.00645161290323
25626	0.00645161290323
52392	0.00645161290323
51230	0.00645161290323
60960	0.00645161290323
5157	0.00645161290323
9254	0.00645161290323
34858	0.0129032258065
41223	0.00645161290323
4655	0.00645161290323
3120	0.00645161290323
2104	0.00645161290323
34367	0.00645161290323
5697	0.00645161290323
1098	0.0129032258065
9292	0.00645161290323
10328	0.00645161290323
3161	0.00645161290323
53342	0.00645161290323
14432	0.00645161290323
37993	0.00645161290323
5231	0.00645161290323
30835	0.00645161290323
39360	0.00645161290323
12423	0.00645161290323
5768	0.00645161290323
51565	0.00645161290323
3729	0.00645161290323
29845	0.00645161290323
6812	0.00645161290323
61245	0.00645161290323
29352	0.00645161290323
26805	0.00645161290323
19126	0.00645161290323
41147	0.00645161290323
3260	0.00645161290323
27840	0.00645161290323
45237	0.00645161290323
41160	0.00645161290323
3273	0.00645161290323
13005	0.00645161290323
206	0.00645161290323
31440	0.00645161290323
34241	0.00645161290323
23765	0.00645161290323
59607	0.00645161290323
22744	0.0129032258065
35039	0.00645161290323
50913	0.00645161290323
26850	0.00645161290323
2290	0.00645161290323
52979	0.00645161290323
28407	0.00645161290323
28408	0.00645161290323
35067	0.00645161290323
2816	0.00645161290323
49413	0.00645161290323
30849	0.0129032258065
14604	0.00645161290323
5593	0.00645161290323
2840	0.00645161290323
25376	0.00645161290323
48688	0.00645161290323
37154	0.00645161290323
6444	0.0129032258065
44847	0.00645161290323
31536	0.00645161290323
25125	0.00645161290323
31037	0.00645161290323
49985	0.00645161290323
9538	0.0129032258065
41799	0.00645161290323
42312	0.00645161290323
37198	0.00645161290323
4943	0.00645161290323
22864	0.00645161290323
25937	0.00645161290323
862	0.00645161290323
34145	0.0387096774194
51329	0.00645161290323
25453	0.0322580645161
34158	0.00645161290323
879	0.00645161290323
24958	0.00645161290323
35199	0.00645161290323
38793	0.0129032258065
40843	0.00645161290323
37274	0.00645161290323
15266	0.00645161290323
17318	0.0387096774194
60328	0.00645161290323
41391	0.0193548387097
2488	0.00645161290323
1984	0.00645161290323
11201	0.00645161290323
41411	0.00645161290323
41548	0.00645161290323
17355	0.00645161290323
5112	0.00645161290323
4430	0.0129032258065
47064	0.0709677419355
1497	0.00645161290323
40923	0.00645161290323
1503	0.0193548387097
14833	0.00645161290323
25586	0.00645161290323
9720	0.00645161290323
41467	0.0129032258065
19965	0.00645161290323
