20996	0.00420168067227
43164	0.00420168067227
34318	0.00420168067227
42001	0.00420168067227
47637	0.00420168067227
39447	0.00420168067227
1048	0.00420168067227
40987	0.0126050420168
35360	0.00420168067227
42531	0.00420168067227
11300	0.00420168067227
550	0.00420168067227
22059	0.00420168067227
4655	0.00420168067227
15921	0.00420168067227
26162	0.00420168067227
38835	0.00840336134454
41054	0.00420168067227
32823	0.00420168067227
17978	0.00420168067227
5179	0.00420168067227
51772	0.00420168067227
42931	0.00840336134454
17987	0.00840336134454
13898	0.00840336134454
38584	0.00420168067227
4280	0.00420168067227
26195	0.00420168067227
22614	0.00420168067227
33879	0.00420168067227
38492	0.00420168067227
1118	0.00420168067227
54880	0.00420168067227
27235	0.00840336134454
37993	0.00840336134454
13418	0.00420168067227
10349	0.00420168067227
11886	0.00420168067227
5231	0.00840336134454
6259	0.00420168067227
60020	0.00420168067227
631	0.00840336134454
42616	0.00420168067227
13952	0.00420168067227
39360	0.00420168067227
5768	0.00420168067227
26762	0.00840336134454
24717	0.00840336134454
17038	0.00420168067227
37520	0.00420168067227
33937	0.00420168067227
41618	0.00840336134454
23150	0.00420168067227
34073	0.00420168067227
14489	0.00420168067227
52891	0.00420168067227
4764	0.00420168067227
50845	0.00420168067227
4769	0.00420168067227
32418	0.00420168067227
51875	0.00420168067227
36517	0.00420168067227
2733	0.00420168067227
41134	0.00420168067227
9904	0.00420168067227
24242	0.00420168067227
12467	0.00420168067227
8888	0.00420168067227
43195	0.00420168067227
37052	0.00420168067227
23742	0.00420168067227
20675	0.00420168067227
31428	0.00420168067227
2757	0.00420168067227
51398	0.00420168067227
26296	0.00420168067227
31440	0.00840336134454
29394	0.0126050420168
22743	0.00840336134454
22744	0.00420168067227
22745	0.00420168067227
21210	0.00420168067227
39136	0.00420168067227
52450	0.00420168067227
8423	0.00420168067227
1257	0.00420168067227
49392	0.00420168067227
12017	0.00840336134454
2290	0.00420168067227
17652	0.00420168067227
28407	0.00420168067227
21242	0.00420168067227
17666	0.00420168067227
29444	0.00420168067227
15622	0.00420168067227
4876	0.00420168067227
43277	0.00420168067227
38701	0.00420168067227
6360	0.00420168067227
3861	0.00420168067227
17625	0.00420168067227
29465	0.00420168067227
6427	0.00420168067227
31962	0.00420168067227
33841	0.00420168067227
29743	0.00420168067227
45354	0.00420168067227
4396	0.00420168067227
37426	0.00420168067227
6958	0.00420168067227
34607	0.00420168067227
37680	0.00420168067227
37169	0.0168067226891
51506	0.00420168067227
52190	0.00420168067227
38793	0.0168067226891
5432	0.00420168067227
59869	0.00840336134454
38203	0.00420168067227
37181	0.00420168067227
38206	0.00420168067227
2367	0.00420168067227
9538	0.0168067226891
41283	0.00420168067227
51012	0.00840336134454
25414	0.00420168067227
44359	0.00420168067227
36686	0.0126050420168
2898	0.00840336134454
19598	0.00420168067227
33113	0.0126050420168
33627	0.00420168067227
4959	0.00420168067227
33634	0.00420168067227
37947	0.00420168067227
43364	0.00420168067227
869	0.00420168067227
22643	0.00420168067227
37737	0.00420168067227
3946	0.00420168067227
44663	0.00420168067227
42349	0.00420168067227
43376	0.00420168067227
31091	0.00420168067227
51575	0.00420168067227
34169	0.0126050420168
17275	0.00420168067227
893	0.00420168067227
50046	0.00420168067227
2945	0.00420168067227
18311	0.00420168067227
9609	0.00420168067227
40843	0.00420168067227
23438	0.00420168067227
21391	0.00420168067227
22929	0.00420168067227
41425	0.00420168067227
28051	0.00420168067227
9620	0.00420168067227
30923	0.00420168067227
41113	0.00420168067227
27033	0.00420168067227
11675	0.00420168067227
51102	0.00420168067227
26530	0.00420168067227
29603	0.00420168067227
34724	0.00420168067227
38822	0.00420168067227
41116	0.00420168067227
7084	0.00420168067227
36594	0.00420168067227
38191	0.00420168067227
33267	0.00420168067227
7095	0.00420168067227
9656	0.00420168067227
41403	0.00420168067227
7100	0.00420168067227
30794	0.00420168067227
34751	0.00840336134454
1984	0.00420168067227
52952	0.00420168067227
41122	0.00420168067227
27128	0.00420168067227
2515	0.00420168067227
29656	0.00420168067227
6906	0.00420168067227
11230	0.00420168067227
21983	0.00420168067227
992	0.00420168067227
3554	0.00420168067227
17891	0.00420168067227
7654	0.00420168067227
25064	0.00420168067227
10220	0.00420168067227
3059	0.00420168067227
31733	0.00420168067227
9206	0.00420168067227
5112	0.00420168067227
5113	0.00840336134454
51029	0.00420168067227
