18306	0.0333333333333
11655	0.0333333333333
32009	0.0333333333333
26584	0.0333333333333
38547	0.0333333333333
25240	0.0333333333333
8732	0.0333333333333
29603	0.0333333333333
41258	0.0333333333333
20789	0.0333333333333
37686	0.0333333333333
32974	0.0333333333333
24017	0.0333333333333
2898	0.0333333333333
51022	0.0333333333333
22744	0.0333333333333
6105	0.0333333333333
51037	0.0333333333333
52065	0.0333333333333
33634	0.0333333333333
51811	0.0333333333333
869	0.1
36203	0.0333333333333
41068	0.0333333333333
2290	0.0333333333333
3316	0.0333333333333
501	0.0333333333333
50296	0.0333333333333
