5120	0.00561797752809
46083	0.00561797752809
8198	0.00561797752809
17928	0.00561797752809
25098	0.00561797752809
15381	0.00561797752809
4630	0.00561797752809
18456	0.00561797752809
8732	0.00561797752809
60960	0.00561797752809
14369	0.00561797752809
4643	0.00561797752809
5157	0.00561797752809
23080	0.0112359550562
41223	0.00561797752809
33841	0.00561797752809
22579	0.0112359550562
17979	0.00561797752809
3133	0.00561797752809
18613	0.00561797752809
37952	0.00561797752809
52065	0.00561797752809
41037	0.00561797752809
41038	0.00561797752809
51792	0.0112359550562
10328	0.00561797752809
56164	0.00561797752809
38493	0.00561797752809
31329	0.00561797752809
51811	0.00561797752809
26218	0.00561797752809
58215	0.00561797752809
13933	0.00561797752809
41073	0.00561797752809
51838	0.0112359550562
28805	0.00561797752809
35467	0.00561797752809
25741	0.00561797752809
3214	0.00561797752809
7312	0.00561797752809
29845	0.00561797752809
2202	0.00561797752809
28830	0.00561797752809
43717	0.00561797752809
6304	0.00561797752809
27809	0.00561797752809
1700	0.00561797752809
34471	0.00561797752809
12969	0.00561797752809
4276	0.00561797752809
26805	0.00561797752809
10934	0.00561797752809
59984	0.00561797752809
18112	0.0112359550562
17355	0.00561797752809
2757	0.00561797752809
26830	0.00561797752809
31011	0.00561797752809
50894	0.00561797752809
21719	0.00561797752809
17625	0.00561797752809
45793	0.00561797752809
52458	0.00561797752809
41426	0.00561797752809
27890	0.00561797752809
41203	0.00561797752809
28407	0.0112359550562
31483	0.00561797752809
41213	0.00561797752809
30901	0.00561797752809
30980	0.00561797752809
30471	0.00561797752809
53000	0.00561797752809
2313	0.00561797752809
15114	0.00561797752809
3861	0.0112359550562
31705	0.00561797752809
6427	0.00561797752809
14115	0.00561797752809
7460	0.00561797752809
21797	0.00561797752809
5420	0.00561797752809
37169	0.0112359550562
13621	0.00561797752809
5432	0.00561797752809
52537	0.00561797752809
38203	0.00561797752809
34109	0.0112359550562
21310	0.0112359550562
49985	0.0112359550562
40843	0.00561797752809
37190	0.00561797752809
50913	0.00561797752809
4937	0.00561797752809
25930	0.00561797752809
51019	0.00561797752809
36686	0.00561797752809
2898	0.0112359550562
5774	0.00561797752809
34145	0.00561797752809
37947	0.00561797752809
32612	0.00561797752809
869	0.0224719101124
16231	0.0112359550562
51049	0.00561797752809
35178	0.00561797752809
22383	0.00561797752809
21875	0.00561797752809
23415	0.00561797752809
52602	0.00561797752809
41536	0.00561797752809
18307	0.00561797752809
38794	0.00561797752809
27019	0.00561797752809
26508	0.0112359550562
5012	0.00561797752809
25070	0.00561797752809
12182	0.00561797752809
22941	0.00561797752809
41374	0.00561797752809
4518	0.00561797752809
52647	0.00561797752809
9642	0.00561797752809
27051	0.00561797752809
32684	0.00561797752809
14253	0.00561797752809
4015	0.00561797752809
1975	0.00561797752809
39483	0.00561797752809
41410	0.00561797752809
4035	0.00561797752809
39366	0.00561797752809
8137	0.00561797752809
13258	0.00561797752809
3531	0.00561797752809
48076	0.00561797752809
41421	0.00561797752809
26065	0.00561797752809
21458	0.00561797752809
4563	0.00561797752809
42454	0.00561797752809
1497	0.00561797752809
25051	0.00561797752809
47585	0.0337078651685
4006	0.00561797752809
486	0.00561797752809
10729	0.0112359550562
22510	0.00561797752809
42482	0.00561797752809
6444	0.0112359550562
5112	0.0112359550562
15356	0.0112359550562
