5120	0.00485436893204
51211	0.00485436893204
8709	0.00485436893204
7425	0.00485436893204
22026	0.00485436893204
41483	0.00485436893204
35345	0.00485436893204
15381	0.0145631067961
18456	0.00485436893204
20506	0.00485436893204
41818	0.00485436893204
11294	0.00485436893204
37381	0.00485436893204
40482	0.00485436893204
3107	0.00485436893204
32775	0.00485436893204
21550	0.0388349514563
4655	0.00970873786408
34356	0.00485436893204
2613	0.00485436893204
566	0.00485436893204
33850	0.00485436893204
20542	0.00485436893204
1087	0.00485436893204
16449	0.00485436893204
52802	0.00485436893204
4675	0.00485436893204
51784	0.00485436893204
76	0.00485436893204
4174	0.00485436893204
25169	0.00485436893204
41042	0.00485436893204
29780	0.00485436893204
44117	0.0194174757282
7261	0.00485436893204
2142	0.00485436893204
41061	0.00485436893204
36967	0.00485436893204
41068	0.0145631067961
13935	0.00970873786408
5237	0.00485436893204
29306	0.00485436893204
39039	0.00485436893204
41090	0.00485436893204
16516	0.00485436893204
46616	0.00485436893204
59529	0.00485436893204
21528	0.00485436893204
41618	0.00485436893204
32406	0.00485436893204
18584	0.00485436893204
59547	0.00485436893204
17053	0.00485436893204
52383	0.00485436893204
43171	0.00485436893204
9898	0.00485436893204
685	0.00485436893204
43695	0.00485436893204
4276	0.00970873786408
22709	0.00485436893204
12998	0.0145631067961
26313	0.0194174757282
44236	0.00485436893204
31440	0.00485436893204
40995	0.00485436893204
1239	0.00485436893204
41693	0.00485436893204
50913	0.00485436893204
27874	0.00485436893204
31459	0.00485436893204
17640	0.00485436893204
35563	0.00485436893204
4846	0.00485436893204
893	0.00485436893204
2291	0.00485436893204
61173	0.00485436893204
30967	0.00485436893204
21754	0.00485436893204
253	0.00970873786408
1281	0.00485436893204
6920	0.00485436893204
2007	0.00485436893204
11533	0.00485436893204
14096	0.00485436893204
2321	0.00485436893204
3858	0.00485436893204
2326	0.00485436893204
27927	0.00485436893204
31001	0.00485436893204
17690	0.0194174757282
6427	0.00485436893204
53026	0.00485436893204
58147	0.00485436893204
33583	0.00485436893204
37680	0.00485436893204
4916	0.00485436893204
14140	0.00970873786408
1853	0.00485436893204
21321	0.00485436893204
4430	0.00485436893204
25937	0.00485436893204
21331	0.00485436893204
1364	0.00485436893204
48981	0.00485436893204
24922	0.00485436893204
16784	0.00485436893204
52067	0.00485436893204
869	0.00485436893204
22332	0.00485436893204
60392	0.00485436893204
52250	0.00485436893204
1399	0.00485436893204
4476	0.00485436893204
18813	0.00485436893204
33924	0.00485436893204
49899	0.00970873786408
900	0.00970873786408
5000	0.00485436893204
49546	0.00970873786408
59788	0.0145631067961
1422	0.00970873786408
9104	0.00485436893204
34798	0.00485436893204
4502	0.00485436893204
3991	0.00485436893204
921	0.00485436893204
28574	0.00970873786408
30625	0.00485436893204
28578	0.00485436893204
28579	0.00485436893204
4518	0.00485436893204
42926	0.00485436893204
34217	0.00485436893204
42414	0.00485436893204
4015	0.00970873786408
10173	0.00485436893204
34751	0.00485436893204
58313	0.00485436893204
42959	0.00485436893204
30675	0.00485436893204
51156	0.00485436893204
37198	0.00485436893204
25559	0.00485436893204
29145	0.00485436893204
31197	0.00485436893204
46558	0.00485436893204
4578	0.0145631067961
5603	0.00485436893204
26085	0.00485436893204
10727	0.00970873786408
12776	0.00485436893204
3565	0.00485436893204
18414	0.00485436893204
18420	0.00485436893204
2037	0.00485436893204
25078	0.0194174757282
28155	0.0388349514563
11262	0.00485436893204
