8709	0.00632911392405
16397	0.00632911392405
40976	0.0126582278481
39447	0.00632911392405
51225	0.00632911392405
29215	0.00632911392405
30246	0.00632911392405
16935	0.00632911392405
32302	0.00632911392405
4655	0.00632911392405
4153	0.00632911392405
41018	0.00632911392405
3644	0.00632911392405
4158	0.00632911392405
16447	0.0189873417722
16963	0.00632911392405
1605	0.00632911392405
27718	0.00632911392405
75	0.00632911392405
76	0.00632911392405
20834	0.00632911392405
27218	0.00632911392405
48212	0.00632911392405
41045	0.00632911392405
61029	0.00632911392405
41062	0.00632911392405
4711	0.00632911392405
24688	0.00632911392405
15986	0.00632911392405
5237	0.00632911392405
118	0.00632911392405
1655	0.00632911392405
26233	0.00632911392405
29818	0.00632911392405
14459	0.00632911392405
51989	0.00632911392405
53377	0.00632911392405
13955	0.00632911392405
59525	0.00632911392405
61069	0.00632911392405
42126	0.00632911392405
1680	0.0126582278481
19601	0.00632911392405
53909	0.00632911392405
21657	0.00632911392405
41116	0.00632911392405
17566	0.00632911392405
2725	0.00632911392405
45223	0.00632911392405
23211	0.00632911392405
41134	0.00632911392405
60083	0.00632911392405
48926	0.00632911392405
32441	0.00632911392405
21691	0.00632911392405
59581	0.00632911392405
48246	0.00632911392405
3273	0.00632911392405
35535	0.00632911392405
3280	0.00632911392405
29394	0.00632911392405
51927	0.00632911392405
26841	0.00632911392405
54342	0.00632911392405
39136	0.00632911392405
17446	0.00632911392405
23273	0.00632911392405
41710	0.00632911392405
30960	0.00632911392405
28405	0.00632911392405
59935	0.00632911392405
10492	0.00632911392405
7933	0.00632911392405
60191	0.00632911392405
16129	0.00632911392405
60174	0.00632911392405
41220	0.00632911392405
30982	0.00632911392405
2312	0.00632911392405
4396	0.00632911392405
2007	0.00632911392405
41228	0.00632911392405
22798	0.0126582278481
7442	0.00632911392405
40725	0.00632911392405
46870	0.00632911392405
36632	0.00632911392405
60186	0.00632911392405
5918	0.00632911392405
287	0.00632911392405
2344	0.00632911392405
6444	0.0126582278481
52016	0.0126582278481
25393	0.00632911392405
60731	0.00632911392405
37695	0.00632911392405
45381	0.00632911392405
49992	0.00632911392405
4578	0.00632911392405
4430	0.00632911392405
19792	0.00632911392405
52057	0.00632911392405
33634	0.00632911392405
37225	0.00632911392405
14698	0.00632911392405
34670	0.00632911392405
41833	0.00632911392405
17264	0.0126582278481
41329	0.00632911392405
38262	0.00632911392405
1399	0.00632911392405
30585	0.00632911392405
29053	0.00632911392405
40318	0.00632911392405
1921	0.00632911392405
39915	0.00632911392405
60295	0.00632911392405
31636	0.00632911392405
51013	0.00632911392405
46832	0.00632911392405
48910	0.00632911392405
55204	0.00632911392405
28742	0.00632911392405
17318	0.00632911392405
37800	0.00632911392405
28588	0.00632911392405
25519	0.00632911392405
28592	0.00632911392405
61046	0.00632911392405
949	0.00632911392405
50105	0.00632911392405
32700	0.00632911392405
45505	0.00632911392405
51146	0.00632911392405
15819	0.00632911392405
27087	0.00632911392405
58837	0.00632911392405
30679	0.00632911392405
29861	0.00632911392405
11746	0.00632911392405
4582	0.00632911392405
4075	0.00632911392405
44524	0.00632911392405
51965	0.00632911392405
60404	0.00632911392405
14839	0.00632911392405
47611	0.0126582278481
36348	0.00632911392405
52733	0.00632911392405
