24577	0.00307692307692
42912	0.00615384615385
13829	0.00307692307692
30209	0.00307692307692
17928	0.00307692307692
11	0.00307692307692
27535	0.00307692307692
42503	0.00307692307692
7186	0.00307692307692
1555	0.00307692307692
41492	0.00307692307692
20502	0.00307692307692
39447	0.00307692307692
5144	0.00307692307692
8729	0.00307692307692
42523	0.00307692307692
4124	0.00307692307692
33310	0.00307692307692
40965	0.00923076923077
11297	0.00307692307692
41074	0.00307692307692
52258	0.00307692307692
16420	0.00307692307692
19495	0.00307692307692
36392	0.00307692307692
36394	0.00307692307692
41003	0.00615384615385
22881	0.00307692307692
12848	0.00307692307692
4658	0.00307692307692
8755	0.00307692307692
28047	0.00307692307692
2613	0.00307692307692
7433	0.00307692307692
37603	0.00307692307692
49724	0.00307692307692
2110	0.00307692307692
34369	0.00307692307692
41139	0.00307692307692
40971	0.00307692307692
29252	0.00307692307692
2145	0.00307692307692
41034	0.00307692307692
27063	0.00615384615385
40546	0.00307692307692
3666	0.00307692307692
5204	0.00307692307692
31830	0.00307692307692
23481	0.00615384615385
19547	0.00307692307692
52666	0.00307692307692
1118	0.00615384615385
50553	0.00307692307692
41071	0.00307692307692
10337	0.00307692307692
9826	0.00307692307692
41059	0.00923076923077
41060	0.00307692307692
39013	0.00307692307692
41062	0.00307692307692
2152	0.00307692307692
106	0.00307692307692
2578	0.00307692307692
5230	0.00307692307692
5231	0.00307692307692
11378	0.00307692307692
23667	0.00307692307692
54902	0.00307692307692
41079	0.00615384615385
30484	0.00307692307692
29818	0.00307692307692
51838	0.00307692307692
39189	0.00307692307692
41088	0.00307692307692
14466	0.00307692307692
17027	0.00307692307692
9348	0.00307692307692
57366	0.00307692307692
7303	0.00307692307692
26760	0.00307692307692
17545	0.00307692307692
25738	0.00307692307692
44396	0.00307692307692
18061	0.00307692307692
19598	0.00307692307692
13933	0.00307692307692
1048	0.00307692307692
45714	0.00307692307692
17556	0.00307692307692
3733	0.00307692307692
14360	0.00307692307692
42135	0.00307692307692
21742	0.00307692307692
20591	0.00307692307692
670	0.00307692307692
41126	0.00307692307692
49878	0.00307692307692
40104	0.00307692307692
12969	0.00615384615385
47787	0.00307692307692
41132	0.00307692307692
3698	0.00307692307692
50863	0.00307692307692
41136	0.00307692307692
5809	0.00307692307692
12467	0.00307692307692
18613	0.00307692307692
32439	0.00307692307692
2745	0.00307692307692
50875	0.00307692307692
5311	0.00307692307692
41154	0.00307692307692
28356	0.00307692307692
50885	0.00307692307692
49350	0.00307692307692
17277	0.00307692307692
33994	0.00307692307692
1227	0.00307692307692
8397	0.00307692307692
53454	0.00307692307692
1743	0.00307692307692
25810	0.00307692307692
14550	0.00307692307692
50391	0.00615384615385
6360	0.00307692307692
17625	0.00307692307692
25295	0.00307692307692
27358	0.00307692307692
43231	0.00307692307692
6368	0.00307692307692
19835	0.00307692307692
41705	0.00307692307692
23786	0.00307692307692
15083	0.00307692307692
19182	0.00307692307692
4335	0.00307692307692
50626	0.00307692307692
18673	0.00307692307692
25555	0.00307692307692
52119	0.00307692307692
42232	0.00307692307692
21242	0.00307692307692
11519	0.00307692307692
47659	0.00307692307692
17668	0.00307692307692
773	0.00307692307692
53512	0.00615384615385
2825	0.00307692307692
18186	0.00307692307692
21772	0.00307692307692
41090	0.00307692307692
11536	0.00307692307692
27864	0.00307692307692
7442	0.00307692307692
41347	0.00307692307692
13076	0.00307692307692
22805	0.00307692307692
2326	0.00307692307692
41241	0.00307692307692
6427	0.00307692307692
1309	0.00307692307692
33840	0.00615384615385
51294	0.00307692307692
2340	0.00307692307692
52077	0.00307692307692
43348	0.00307692307692
23850	0.00307692307692
38279	0.00307692307692
39213	0.00307692307692
26416	0.00307692307692
11569	0.00307692307692
51762	0.00307692307692
17715	0.00307692307692
4916	0.00307692307692
13111	0.00307692307692
32058	0.00307692307692
14140	0.00307692307692
41098	0.00307692307692
37184	0.00307692307692
39136	0.00307692307692
44099	0.00307692307692
41355	0.00307692307692
51038	0.00307692307692
3401	0.00307692307692
37007	0.00307692307692
8015	0.00307692307692
41016	0.00615384615385
338	0.00307692307692
32995	0.00307692307692
4948	0.00307692307692
35157	0.00307692307692
52055	0.00307692307692
51545	0.00307692307692
3419	0.00307692307692
22877	0.00307692307692
41047	0.00307692307692
21345	0.00307692307692
34147	0.00615384615385
869	0.0153846153846
36701	0.00307692307692
15207	0.00307692307692
19601	0.00307692307692
21820	0.00307692307692
876	0.00307692307692
25453	0.00307692307692
1390	0.00307692307692
19314	0.00307692307692
2419	0.00307692307692
31608	0.00307692307692
34169	0.00923076923077
18340	0.00307692307692
893	0.00307692307692
23275	0.00615384615385
21142	0.00307692307692
11655	0.00307692307692
41864	0.00307692307692
38793	0.00307692307692
38794	0.00307692307692
28055	0.00307692307692
53342	0.00307692307692
52034	0.00307692307692
11662	0.00307692307692
5519	0.00307692307692
3474	0.00615384615385
28051	0.00615384615385
17301	0.00307692307692
53654	0.00307692307692
11673	0.00307692307692
40344	0.00307692307692
921	0.00307692307692
3994	0.00307692307692
26863	0.00307692307692
36252	0.00307692307692
60317	0.00307692307692
53396	0.00307692307692
4512	0.00307692307692
11169	0.00307692307692
38818	0.00307692307692
51099	0.00307692307692
932	0.00307692307692
19877	0.00307692307692
4518	0.0153846153846
43943	0.00307692307692
42408	0.00307692307692
15786	0.00307692307692
42925	0.00307692307692
9647	0.00307692307692
34224	0.00307692307692
44978	0.00307692307692
41392	0.00307692307692
29854	0.00307692307692
24503	0.00307692307692
9656	0.00307692307692
19897	0.00307692307692
8122	0.00307692307692
51059	0.00307692307692
11196	0.00307692307692
13247	0.00307692307692
16281	0.00307692307692
11201	0.00307692307692
6082	0.00307692307692
42947	0.00307692307692
13252	0.00307692307692
48582	0.00307692307692
46113	0.00307692307692
15306	0.00307692307692
3531	0.00307692307692
41934	0.00307692307692
38614	0.00307692307692
21458	0.00307692307692
4563	0.00615384615385
13782	0.00307692307692
26584	0.00307692307692
4057	0.00307692307692
22351	0.00307692307692
53115	0.00307692307692
5599	0.00307692307692
5089	0.00307692307692
52354	0.00307692307692
23011	0.00307692307692
17318	0.00307692307692
41446	0.00307692307692
35563	0.00307692307692
31720	0.00307692307692
2028	0.00307692307692
18414	0.00307692307692
9200	0.00307692307692
497	0.00307692307692
60404	0.00307692307692
29686	0.00307692307692
11769	0.00307692307692
42377	0.00307692307692
28415	0.00307692307692
41468	0.00307692307692
511	0.00307692307692
